   901    759
   902    759
   903    759
   901    760
   902    760
   900    761
   901    761
   902    761
   900    762
   901    762
   902    762
   900    763
   901    763
   902    763
   899    764
   900    764
   901    764
   902    764
   903    764
   899    765
   900    765
   901    765
   902    765
   899    766
   900    766
   901    766
   902    766
   903    766
   899    767
   900    767
   901    767
   902    767
   898    768
   899    768
   900    768
   901    768
   902    768
   903    768
   898    769
   899    769
   900    769
   901    769
   902    769
   903    769
   898    770
   899    770
   900    770
   901    770
   902    770
   903    770
   897    771
   898    771
   899    771
   900    771
   901    771
   902    771
   903    771
   897    772
   898    772
   899    772
   900    772
   901    772
   902    772
   903    772
   897    773
   898    773
   899    773
   900    773
   901    773
   902    773
   903    773
   904    773
   897    774
   898    774
   899    774
   900    774
   901    774
   902    774
   903    774
   904    774
   897    775
   898    775
   899    775
   900    775
   901    775
   902    775
   903    775
   904    775
   896    776
   897    776
   898    776
   899    776
   900    776
   901    776
   902    776
   903    776
   904    776
   896    777
   897    777
   898    777
   899    777
   900    777
   901    777
   902    777
   903    777
   904    777
   896    778
   897    778
   898    778
   899    778
   900    778
   901    778
   902    778
   903    778
   904    778
   896    779
   897    779
   898    779
   899    779
   900    779
   901    779
   902    779
   903    779
   895    780
   896    780
   897    780
   898    780
   899    780
   900    780
   901    780
   902    780
   903    780
   895    781
   896    781
   897    781
   898    781
   899    781
   900    781
   901    781
   902    781
   903    781
   895    782
   896    782
   897    782
   898    782
   899    782
   900    782
   901    782
   902    782
   903    782
   895    783
   896    783
   897    783
   898    783
   899    783
   900    783
   901    783
   902    783
   903    783
   895    784
   896    784
   897    784
   898    784
   899    784
   900    784
   901    784
   902    784
   895    785
   896    785
   897    785
   898    785
   899    785
   900    785
   901    785
   896    786
   897    786
   898    786
   899    786
   900    786
   901    786
   902    786
   899    787
   900    787
   901    787
