   901    693
   902    693
   900    694
   901    694
   902    694
   901    697
   902    697
   900    698
   901    698
   902    698
   900    699
   901    699
   902    699
   903    699
   904    699
   900    700
   901    700
   902    700
   903    700
   900    701
   901    701
   902    701
   903    701
   900    702
   901    702
   902    702
   900    703
   901    703
   902    703
   900    704
   901    704
   902    704
   903    704
   904    704
   900    705
   901    705
   902    705
   903    705
   904    705
   905    705
   900    706
   901    706
   902    706
   904    706
   900    707
   901    707
   902    707
   903    707
   900    708
   901    708
   902    708
   900    709
   901    709
   902    709
   903    709
   899    710
   900    710
   901    710
   902    710
   903    710
   899    711
   900    711
   901    711
   902    711
   903    711
   904    711
   899    712
   900    712
   901    712
   902    712
   903    712
   904    712
   899    713
   900    713
   901    713
   902    713
   903    713
   904    713
   905    713
   899    714
   900    714
   901    714
   902    714
   903    714
   904    714
   898    715
   899    715
   900    715
   901    715
   902    715
   903    715
   904    715
   899    716
   900    716
   901    716
   902    716
   903    716
   904    716
   899    717
   900    717
   901    717
   902    717
   903    717
   904    717
   899    718
   900    718
   901    718
   902    718
   903    718
   904    718
   898    719
   899    719
   900    719
   901    719
   902    719
   903    719
   898    720
   899    720
   900    720
   901    720
   902    720
   903    720
   904    720
   898    721
   899    721
   900    721
   901    721
   902    721
   903    721
   904    721
   898    722
   899    722
   900    722
   901    722
   902    722
   903    722
   904    722
   898    723
   899    723
   900    723
   901    723
   902    723
   903    723
   904    723
   897    724
   898    724
   899    724
   900    724
   901    724
   902    724
   903    724
   904    724
   898    725
   899    725
   900    725
   901    725
   902    725
   903    725
   904    725
   898    726
   899    726
   900    726
   901    726
   902    726
   903    726
   904    726
   897    727
   898    727
   899    727
   900    727
   901    727
   902    727
   903    727
   904    727
   897    728
   898    728
   899    728
   900    728
   901    728
   902    728
   903    728
   904    728
   905    728
   898    729
   899    729
   900    729
   901    729
   902    729
   903    729
   904    729
   898    730
   899    730
   900    730
   901    730
   902    730
   903    730
   904    730
   905    730
   897    731
   898    731
   899    731
   900    731
   901    731
   902    731
   903    731
   904    731
   897    732
   898    732
   899    732
   900    732
   901    732
   902    732
   903    732
   904    732
   905    732
   897    733
   898    733
   899    733
   900    733
   901    733
   902    733
   903    733
   904    733
   905    733
   897    734
   898    734
   899    734
   900    734
   901    734
   902    734
   903    734
   904    734
   905    734
   897    735
   898    735
   899    735
   900    735
   901    735
   902    735
   903    735
   904    735
   897    736
   898    736
   899    736
   900    736
   901    736
   902    736
   903    736
   897    737
   898    737
   899    737
   900    737
   901    737
   902    737
   903    737
   897    738
   898    738
   899    738
   900    738
   901    738
   902    738
   903    738
   897    739
   898    739
   899    739
   900    739
   901    739
   902    739
   897    740
   898    740
   899    740
   900    740
   901    740
   902    740
   897    741
   898    741
   899    741
   900    741
   901    741
   902    741
   900    742
   901    742
   902    742
