   900    698
   901    698
   902    698
   900    699
   901    699
   902    699
   903    699
   904    699
   900    700
   901    700
   902    700
   900    701
   901    701
   902    701
   900    702
   901    702
   902    702
   900    703
   901    703
   902    703
   903    703
   900    704
   901    704
   902    704
   903    704
   904    704
   900    705
   901    705
   902    705
   903    705
   904    705
   900    706
   901    706
   902    706
   903    706
   900    707
   901    707
   902    707
   903    707
   900    708
   901    708
   902    708
   903    708
   900    709
   901    709
   902    709
   903    709
   899    710
   900    710
   901    710
   902    710
   903    710
   899    711
   900    711
   901    711
   902    711
   903    711
   904    711
   899    712
   900    712
   901    712
   902    712
   903    712
   904    712
   899    713
   900    713
   901    713
   902    713
   903    713
   904    713
   899    714
   900    714
   901    714
   902    714
   903    714
   904    714
   898    715
   899    715
   900    715
   901    715
   902    715
   903    715
   904    715
   899    716
   900    716
   901    716
   902    716
   903    716
   904    716
   899    717
   900    717
   901    717
   902    717
   903    717
   904    717
   899    718
   900    718
   901    718
   902    718
   903    718
   904    718
   898    719
   899    719
   900    719
   901    719
   902    719
   903    719
   899    720
   900    720
   901    720
   902    720
   899    721
   900    721
   901    721
   902    721
   898    722
   899    722
   900    722
   901    722
   902    722
   898    723
   899    723
   900    723
   901    723
   902    723
   898    724
   899    724
   900    724
   901    724
   898    725
   899    725
   900    725
   901    725
