   903    697
   904    697
   905    697
   903    698
   904    698
   905    698
   906    698
   907    698
   903    699
   904    699
   905    699
   903    700
   904    700
   905    700
   903    701
   904    701
   905    701
   903    702
   904    702
   905    702
   903    703
   904    703
   905    703
   903    704
   904    704
   905    704
   903    705
   904    705
   905    705
   903    706
   904    706
   905    706
   902    707
   903    707
   904    707
   905    707
   906    707
   907    707
   908    707
   902    708
   903    708
   904    708
   905    708
   906    708
   907    708
   902    709
   903    709
   904    709
   905    709
   906    709
   907    709
   902    710
   903    710
   904    710
   905    710
   906    710
   907    710
   908    710
   902    711
   903    711
   904    711
   905    711
   906    711
   907    711
   902    712
   903    712
   904    712
   905    712
   906    712
   903    713
   904    713
   905    713
   906    713
   902    714
   903    714
   904    714
   905    714
   906    714
   902    715
   903    715
   904    715
   905    715
   906    715
   907    715
   902    716
   903    716
   904    716
   905    716
   906    716
   902    717
   903    717
   904    717
   905    717
   906    717
   902    718
   903    718
   904    718
   905    718
   906    718
   907    718
   901    719
   902    719
   903    719
   904    719
   905    719
   906    719
   907    719
   902    720
   903    720
   904    720
   905    720
   906    720
   907    720
   908    720
   909    720
   902    721
   903    721
   904    721
   905    721
   906    721
   907    721
   908    721
   901    722
   902    722
   903    722
   904    722
   905    722
   906    722
   907    722
   908    722
   902    723
   903    723
   904    723
   905    723
   906    723
   907    723
   908    723
   902    724
   903    724
   904    724
   905    724
   906    724
   907    724
   908    724
   901    725
   902    725
   903    725
   904    725
   905    725
   906    725
   907    725
   901    726
   902    726
   903    726
   904    726
   905    726
   906    726
   907    726
   908    726
   902    727
   903    727
   904    727
   905    727
   906    727
   907    727
   908    727
   901    728
   902    728
   903    728
   904    728
   905    728
   906    728
   907    728
   908    728
   909    728
   901    729
   902    729
   903    729
   904    729
   905    729
   906    729
   907    729
   908    729
   909    729
   901    730
   902    730
   903    730
   904    730
   905    730
   906    730
   907    730
   908    730
   909    730
   901    731
   902    731
   903    731
   904    731
   905    731
   906    731
   907    731
   908    731
   909    731
   901    732
   902    732
   903    732
   904    732
   905    732
   906    732
   907    732
   908    732
   909    732
   900    733
   901    733
   902    733
   903    733
   904    733
   905    733
   906    733
   907    733
   908    733
   909    733
   901    734
   902    734
   903    734
   904    734
   905    734
   906    734
   907    734
   908    734
   909    734
   901    735
   902    735
   903    735
   904    735
   905    735
   906    735
   907    735
   908    735
   909    735
   900    736
   901    736
   902    736
   903    736
   904    736
   905    736
   906    736
   907    736
   908    736
   900    737
   901    737
   902    737
   903    737
   904    737
   905    737
   906    737
   907    737
   908    737
   901    738
   902    738
   903    738
   904    738
   905    738
   906    738
   907    738
   908    738
   909    738
   900    739
   901    739
   902    739
   903    739
   904    739
   905    739
   906    739
   907    739
   908    739
   909    739
   900    740
   901    740
   902    740
   903    740
   904    740
   905    740
   906    740
   907    740
   908    740
   909    740
   900    741
   901    741
   902    741
   903    741
   904    741
   905    741
   906    741
   907    741
   908    741
   909    741
   899    742
   900    742
   901    742
   902    742
   903    742
   904    742
   905    742
   906    742
   907    742
   908    742
   909    742
   900    743
   901    743
   902    743
   903    743
   904    743
   905    743
   906    743
   907    743
   908    743
   909    743
   899    744
   900    744
   901    744
   902    744
   903    744
   904    744
   905    744
   906    744
   907    744
   908    744
   909    744
   900    745
   901    745
   902    745
   903    745
   904    745
   905    745
   906    745
   907    745
   908    745
   909    745
   900    746
   901    746
   902    746
   903    746
   904    746
   905    746
   906    746
   907    746
   908    746
   909    746
   900    747
   901    747
   902    747
   903    747
   904    747
   905    747
   906    747
   907    747
   908    747
   909    747
   900    748
   901    748
   902    748
   903    748
   904    748
   905    748
   906    748
   907    748
   908    748
   909    748
   900    749
   901    749
   902    749
   903    749
   904    749
   905    749
   906    749
   907    749
   908    749
   909    749
   900    750
   901    750
   902    750
   903    750
   904    750
   905    750
   906    750
   907    750
   908    750
   909    750
   900    751
   901    751
   902    751
   903    751
   904    751
   905    751
   906    751
   907    751
   908    751
   909    751
   900    752
   901    752
   902    752
   903    752
   904    752
   905    752
   906    752
   907    752
   908    752
   909    752
   910    752
   900    753
   901    753
   902    753
   903    753
   904    753
   905    753
   906    753
   907    753
   908    753
   909    753
   900    754
   901    754
   902    754
   903    754
   904    754
   905    754
   906    754
   907    754
   908    754
   909    754
   910    754
   900    755
   901    755
   902    755
   903    755
   904    755
   905    755
   906    755
   907    755
   908    755
   909    755
   910    755
   900    756
   901    756
   902    756
   903    756
   904    756
   905    756
   906    756
   907    756
   908    756
   909    756
   910    756
   900    757
   901    757
   902    757
   903    757
   904    757
   905    757
   906    757
   907    757
   908    757
   909    757
   910    757
   901    758
   902    758
   903    758
   904    758
   905    758
   906    758
   907    758
   908    758
   909    758
   910    758
   900    759
   901    759
   902    759
   903    759
   904    759
   905    759
   906    759
   907    759
   908    759
   909    759
   910    759
   900    760
   901    760
   902    760
   903    760
   904    760
   905    760
   906    760
   907    760
   908    760
   909    760
   910    760
   900    761
   901    761
   902    761
   903    761
   904    761
   905    761
   906    761
   907    761
   908    761
   909    761
   910    761
   900    762
   901    762
   902    762
   903    762
   904    762
   905    762
   906    762
   907    762
   908    762
   909    762
   910    762
   899    763
   900    763
   901    763
   902    763
   903    763
   904    763
   905    763
   906    763
   907    763
   908    763
   909    763
   910    763
   900    764
   901    764
   902    764
   903    764
   904    764
   905    764
   906    764
   907    764
   908    764
   909    764
   910    764
   900    765
   901    765
   902    765
   903    765
   904    765
   905    765
   906    765
   907    765
   908    765
   909    765
   910    765
   899    766
   900    766
   901    766
   902    766
   903    766
   904    766
   905    766
   906    766
   907    766
   908    766
   909    766
   910    766
   900    767
   901    767
   902    767
   903    767
   904    767
   905    767
   906    767
   907    767
   908    767
   909    767
   910    767
   900    768
   901    768
   902    768
   903    768
   904    768
   905    768
   906    768
   907    768
   908    768
   909    768
   910    768
   911    768
   900    769
   901    769
   902    769
   903    769
   904    769
   905    769
   906    769
   907    769
   908    769
   909    769
   910    769
   911    769
   900    770
   901    770
   902    770
   903    770
   904    770
   905    770
   906    770
   907    770
   908    770
   909    770
   910    770
   911    770
   900    771
   901    771
   902    771
   903    771
   904    771
   905    771
   906    771
   907    771
   908    771
   909    771
   910    771
   900    772
   901    772
   902    772
   903    772
   904    772
   905    772
   906    772
   907    772
   908    772
   909    772
   910    772
   900    773
   901    773
   902    773
   903    773
   904    773
   905    773
   906    773
   907    773
   908    773
   909    773
   910    773
   900    774
   901    774
   902    774
   903    774
   904    774
   905    774
   906    774
   907    774
   908    774
   909    774
   910    774
   900    775
   901    775
   902    775
   903    775
   904    775
   905    775
   906    775
   907    775
   908    775
   909    775
   910    775
   911    775
   900    776
   901    776
   902    776
   903    776
   904    776
   905    776
   906    776
   907    776
   908    776
   909    776
   910    776
   911    776
   900    777
   901    777
   902    777
   903    777
   904    777
   905    777
   906    777
   907    777
   908    777
   909    777
   910    777
   911    777
   899    778
   900    778
   901    778
   902    778
   903    778
   904    778
   905    778
   906    778
   907    778
   908    778
   909    778
   910    778
   911    778
   900    779
   901    779
   902    779
   903    779
   904    779
   905    779
   906    779
   907    779
   908    779
   909    779
   910    779
   900    780
   901    780
   902    780
   903    780
   904    780
   905    780
   906    780
   907    780
   908    780
   909    780
   897    781
   898    781
   899    781
   900    781
   901    781
   902    781
   903    781
   904    781
   905    781
   906    781
   907    781
   908    781
   901    782
   902    782
   903    782
   904    782
   905    782
   906    782
   907    782
   901    783
   902    783
   903    783
   904    783
   905    783
   906    783
   907    783
