   913    763
   914    763
   913    764
   914    764
   915    764
   912    765
   913    765
   914    765
   915    765
   912    766
   913    766
   914    766
   915    766
   916    766
   917    766
   911    767
   912    767
   913    767
   914    767
   915    767
   916    767
   911    768
   912    768
   913    768
   914    768
   915    768
   916    768
   917    768
   910    769
   911    769
   912    769
   913    769
   914    769
   915    769
   916    769
   917    769
   910    770
   911    770
   912    770
   913    770
   914    770
   915    770
   916    770
   917    770
   910    771
   911    771
   912    771
   913    771
   914    771
   915    771
   916    771
   917    771
   910    772
   911    772
   912    772
   913    772
   914    772
   915    772
   916    772
   917    772
   910    773
   911    773
   912    773
   913    773
   914    773
   915    773
   916    773
   917    773
   909    774
   910    774
   911    774
   912    774
   913    774
   914    774
   915    774
   916    774
   917    774
   909    775
   910    775
   911    775
   912    775
   913    775
   914    775
   915    775
   916    775
   917    775
   908    776
   909    776
   910    776
   911    776
   912    776
   913    776
   914    776
   915    776
   916    776
   917    776
   908    777
   909    777
   910    777
   911    777
   912    777
   913    777
   914    777
   915    777
   916    777
   917    777
   908    778
   909    778
   910    778
   911    778
   912    778
   913    778
   914    778
   915    778
   916    778
   917    778
   918    778
   907    779
   908    779
   909    779
   910    779
   911    779
   912    779
   913    779
   914    779
   915    779
   916    779
   917    779
   907    780
   908    780
   909    780
   910    780
   911    780
   912    780
   913    780
   914    780
   915    780
   916    780
   917    780
   918    780
   907    781
   908    781
   909    781
   910    781
   911    781
   912    781
   913    781
   914    781
   915    781
   916    781
   917    781
   918    781
   906    782
   907    782
   908    782
   909    782
   910    782
   911    782
   912    782
   913    782
   914    782
   915    782
   916    782
   917    782
   918    782
   907    783
   908    783
   909    783
   910    783
   911    783
   912    783
   913    783
   914    783
   915    783
   916    783
   917    783
   918    783
   906    784
   907    784
   908    784
   909    784
   910    784
   911    784
   912    784
   913    784
   914    784
   915    784
   916    784
   917    784
   918    784
   906    785
   907    785
   908    785
   909    785
   910    785
   911    785
   912    785
   913    785
   914    785
   915    785
   916    785
   917    785
   918    785
   906    786
   907    786
   908    786
   909    786
   910    786
   911    786
   912    786
   913    786
   914    786
   915    786
   916    786
   917    786
   918    786
   906    787
   907    787
   908    787
   909    787
   910    787
   911    787
   912    787
   913    787
   914    787
   915    787
   916    787
   907    788
   908    788
   909    788
   910    788
   911    788
   912    788
   913    788
   914    788
   915    788
   916    788
   910    789
   913    789
