   911    756
   912    756
   913    756
   911    757
   912    757
   913    757
   914    757
   911    758
   912    758
   913    758
   914    758
   910    759
   911    759
   912    759
   913    759
   914    759
   915    759
   910    760
   911    760
   912    760
   913    760
   914    760
   915    760
   910    761
   911    761
   912    761
   913    761
   914    761
   915    761
   916    761
   909    762
   910    762
   911    762
   912    762
   913    762
   914    762
   915    762
   916    762
   909    763
   910    763
   911    763
   912    763
   913    763
   914    763
   915    763
   916    763
   908    764
   909    764
   910    764
   911    764
   912    764
   913    764
   914    764
   915    764
   916    764
   908    765
   909    765
   910    765
   911    765
   912    765
   913    765
   914    765
   915    765
   916    765
   908    766
   909    766
   910    766
   911    766
   912    766
   913    766
   914    766
   915    766
   916    766
   908    767
   909    767
   910    767
   911    767
   912    767
   913    767
   914    767
   915    767
   916    767
   907    768
   908    768
   909    768
   910    768
   911    768
   912    768
   913    768
   914    768
   915    768
   916    768
   917    768
   907    769
   908    769
   909    769
   910    769
   911    769
   912    769
   913    769
   914    769
   915    769
   916    769
   917    769
   907    770
   908    770
   909    770
   910    770
   911    770
   912    770
   913    770
   914    770
   915    770
   916    770
   917    770
   907    771
   908    771
   909    771
   910    771
   911    771
   912    771
   913    771
   914    771
   915    771
   916    771
   917    771
   907    772
   908    772
   909    772
   910    772
   911    772
   912    772
   913    772
   914    772
   915    772
   916    772
   917    772
   918    772
   907    773
   908    773
   909    773
   910    773
   911    773
   912    773
   913    773
   914    773
   915    773
   916    773
   917    773
   907    774
   908    774
   909    774
   910    774
   911    774
   912    774
   913    774
   914    774
   915    774
   916    774
   917    774
   918    774
   906    775
   907    775
   908    775
   909    775
   910    775
   911    775
   912    775
   913    775
   914    775
   915    775
   916    775
   917    775
   907    776
   908    776
   909    776
   910    776
   911    776
   912    776
   913    776
   914    776
   915    776
   916    776
   917    776
   906    777
   907    777
   908    777
   909    777
   910    777
   911    777
   912    777
   913    777
   914    777
   915    777
   916    777
   917    777
   906    778
   907    778
   908    778
   909    778
   910    778
   911    778
   912    778
   913    778
   914    778
   915    778
   916    778
   917    778
   918    778
   907    779
   908    779
   909    779
   910    779
   911    779
   912    779
   913    779
   914    779
   915    779
   916    779
   917    779
   906    780
   907    780
   908    780
   909    780
   910    780
   911    780
   912    780
   913    780
   914    780
   915    780
   916    780
   917    780
   918    780
   906    781
   907    781
   908    781
   909    781
   910    781
   911    781
   912    781
   913    781
   914    781
   915    781
   916    781
   917    781
   906    782
   907    782
   908    782
   909    782
   910    782
   911    782
   912    782
   913    782
   914    782
   915    782
   916    782
   917    782
   918    782
   906    783
   907    783
   908    783
   909    783
   910    783
   911    783
   912    783
   913    783
   914    783
   915    783
   916    783
   917    783
   918    783
   906    784
   907    784
   908    784
   909    784
   910    784
   911    784
   912    784
   913    784
   914    784
   915    784
   916    784
   917    784
   918    784
   906    785
   907    785
   908    785
   909    785
   910    785
   911    785
   912    785
   913    785
   914    785
   915    785
   916    785
   917    785
   906    786
   907    786
   908    786
   909    786
   910    786
   911    786
   912    786
   913    786
   914    786
   915    786
   916    786
   917    786
   908    787
   909    787
   910    787
   911    787
   912    787
   913    787
   914    787
   908    788
   909    788
   910    788
   911    788
   912    788
   913    788
   914    788
   915    788
   916    788
