   909    768
   910    768
   911    768
   912    768
   913    768
   909    769
   910    769
   911    769
   912    769
   913    769
   914    769
   909    770
   910    770
   911    770
   912    770
   913    770
   909    771
   910    771
   911    771
   912    771
   913    771
   914    771
   909    772
   910    772
   911    772
   912    772
   913    772
   914    772
   908    773
   909    773
   910    773
   911    773
   912    773
   913    773
   914    773
   908    774
   909    774
   910    774
   911    774
   912    774
   913    774
   914    774
   908    775
   909    775
   910    775
   911    775
   912    775
   913    775
   914    775
   908    776
   909    776
   910    776
   911    776
   912    776
   913    776
   914    776
   908    777
   909    777
   910    777
   911    777
   912    777
   913    777
   914    777
   907    778
   908    778
   909    778
   910    778
   911    778
   912    778
   913    778
   914    778
   908    779
   909    779
   910    779
   911    779
   912    779
   907    780
   908    780
   909    780
   910    780
   911    780
   912    780
   913    780
   914    780
   915    780
   908    781
   909    781
   910    781
   911    781
   912    781
   913    781
   907    782
   908    782
   909    782
   910    782
   911    782
   912    782
   913    782
   907    783
   908    783
   909    783
   910    783
   911    783
   912    783
