   902    695
   903    695
   904    695
   902    696
   903    696
   902    697
   903    697
   902    698
   903    698
   904    698
   905    698
   906    698
   902    699
   903    699
   904    699
   905    699
   906    699
   899    700
   900    700
   901    700
   902    700
   903    700
   899    701
   900    701
   901    701
   902    701
   903    701
   902    702
   905    702
   906    702
   902    703
   903    703
   904    703
   905    703
   906    703
   902    704
   903    704
   904    704
   905    704
   906    704
   902    705
   903    705
   904    705
   905    705
   906    705
   901    706
   902    706
   903    706
   904    706
   905    706
   906    706
   907    706
   902    707
   903    707
   904    707
   905    707
   906    707
   902    708
   903    708
   904    708
   905    708
   906    708
   907    708
   901    709
   902    709
   903    709
   904    709
   905    709
   906    709
   902    710
   903    710
   904    710
   905    710
   906    710
   902    711
   903    711
   904    711
   905    711
   906    711
   907    711
   901    712
   902    712
   903    712
   904    712
   905    712
   906    712
   907    712
   901    713
   902    713
   903    713
   904    713
   905    713
   906    713
   907    713
   901    714
   902    714
   903    714
   904    714
   905    714
   906    714
   907    714
   902    715
   903    715
   904    715
   905    715
   906    715
   907    715
   901    716
   902    716
   903    716
   904    716
   905    716
   906    716
   907    716
   902    717
   903    717
   904    717
   905    717
   906    717
   907    717
   902    718
   903    718
   904    718
   905    718
   906    718
   907    718
   901    719
   902    719
   903    719
   904    719
   905    719
   906    719
   907    719
   901    720
   902    720
   903    720
   904    720
   905    720
   906    720
   907    720
   902    721
   903    721
   904    721
   905    721
   901    722
   902    722
   903    722
   904    722
   905    722
   906    722
   901    723
   902    723
   903    723
   904    723
   905    723
   906    723
   902    724
   903    724
   904    724
   905    724
   906    724
   901    725
   902    725
   903    725
   904    725
   905    725
