   901    695
   902    695
   901    696
   902    696
   901    697
   902    697
   900    698
   901    698
   902    698
   903    698
   904    698
   901    699
   902    699
   903    699
   904    699
   901    700
   902    700
   903    700
   900    701
   901    701
   902    701
   903    701
   904    701
   900    702
   901    702
   902    702
   900    703
   901    703
   902    703
   900    704
   901    704
   902    704
   900    705
   901    705
   902    705
   900    706
   901    706
   902    706
   900    707
   901    707
   900    708
   901    708
   902    708
   900    709
   901    709
   902    709
   900    710
   901    710
   902    710
   900    711
   901    711
   902    711
   900    712
   901    712
   902    712
   900    713
   901    713
   902    713
   903    713
   900    714
   901    714
   902    714
   903    714
   900    715
   901    715
   902    715
   900    716
   901    716
   902    716
   903    716
   899    717
   900    717
   901    717
   902    717
   903    717
   904    717
   900    718
   901    718
   902    718
   903    718
   904    718
