   902    691
   901    692
   902    692
   903    692
   900    694
   901    694
   900    698
   901    698
   899    700
   900    700
   901    700
   899    701
   900    701
   901    701
   903    703
   899    704
   900    704
   901    704
   899    705
   900    705
   901    705
   899    706
   900    706
   901    706
   899    707
   900    707
   901    707
   899    708
   900    708
   901    708
   898    709
   899    709
   900    709
   901    709
   898    710
   899    710
   900    710
   901    710
   898    711
   899    711
   900    711
   901    711
   898    712
   899    712
   900    712
   901    712
   898    713
   899    713
   900    713
   901    713
   897    714
   898    714
   899    714
   900    714
   901    714
   898    715
   899    715
   900    715
   901    715
   902    715
   898    716
   899    716
   900    716
   901    716
   902    716
   898    717
   899    717
   900    717
   901    717
   902    717
   898    718
   899    718
   900    718
   901    718
   902    718
   898    719
   899    719
   900    719
   901    719
   902    719
   898    720
   899    720
   900    720
   901    720
   897    721
   898    721
   899    721
   900    721
   901    721
   897    722
   898    722
   899    722
   900    722
   897    723
   898    723
   899    723
   900    723
   901    723
   897    724
   898    724
   899    724
   897    725
   898    725
