   901    772
   902    772
   901    773
   902    773
   901    774
   902    774
   901    775
   902    775
   903    775
   900    776
   901    776
   902    776
   903    776
   900    777
   901    777
   902    777
   903    777
   900    778
   901    778
   902    778
   903    778
   899    779
   900    779
   901    779
   902    779
   903    779
   900    780
   901    780
   902    780
   903    780
   899    781
   900    781
   901    781
   902    781
   903    781
   899    782
   900    782
   901    782
   902    782
   903    782
   899    783
   900    783
   901    783
   902    783
