   901    697
   902    697
   900    698
   901    698
   902    698
   900    700
   901    700
   900    701
   901    701
   900    703
   901    703
   902    703
   900    704
   901    704
   900    705
   901    705
   902    705
   900    706
   901    706
   902    706
   899    707
   900    707
   901    707
   899    708
   900    708
   901    708
   899    709
   900    709
   901    709
   902    709
   899    710
   900    710
   901    710
   899    711
   900    711
   901    711
   898    712
   899    712
   900    712
   901    712
   902    712
   898    713
   899    713
   900    713
   901    713
   903    713
   904    713
   899    714
   900    714
   901    714
   902    714
   903    714
   904    714
   898    715
   899    715
   900    715
   901    715
   902    715
   898    716
   899    716
   900    716
   901    716
   902    716
   898    717
   899    717
   900    717
   901    717
   902    717
   903    717
   898    718
   899    718
   900    718
   901    718
   902    718
   898    719
   899    719
   900    719
   901    719
   902    719
   903    719
   898    720
   899    720
   900    720
   901    720
   902    720
   903    720
   904    720
   898    721
   899    721
   900    721
   901    721
   902    721
   903    721
   904    721
   898    722
   899    722
   900    722
   901    722
   902    722
   903    722
   898    723
   899    723
   900    723
   901    723
   902    723
   903    723
   904    723
   898    724
   899    724
   900    724
   901    724
   902    724
   903    724
   904    724
   898    725
   899    725
   900    725
   901    725
   902    725
   903    725
   904    725
   898    726
   899    726
   900    726
   901    726
   902    726
   903    726
   897    727
   898    727
   899    727
   900    727
   901    727
   902    727
   903    727
   904    727
   897    728
   898    728
   899    728
   900    728
   901    728
   902    728
   903    728
   897    729
   898    729
   899    729
   900    729
   901    729
   902    729
   903    729
   904    729
   897    730
   898    730
   899    730
   900    730
   901    730
   902    730
   903    730
   904    730
   897    731
   898    731
   899    731
   900    731
   901    731
   902    731
   903    731
   897    732
   898    732
   899    732
   900    732
   901    732
   902    732
   903    732
   897    733
   898    733
   899    733
   900    733
   901    733
   902    733
   903    733
   897    734
   898    734
   899    734
   900    734
   901    734
   902    734
   903    734
   897    735
   898    735
   899    735
   900    735
   901    735
   902    735
   903    735
   896    736
   897    736
   898    736
   899    736
   900    736
   901    736
   902    736
   896    737
   897    737
   898    737
   899    737
   900    737
   901    737
   902    737
   897    738
   898    738
   899    738
   900    738
   901    738
   896    739
   897    739
   898    739
