   902    695
   903    695
   899    698
   900    698
   901    698
   899    699
   900    699
   905    699
   901    700
   902    700
   903    700
   904    700
   905    700
   901    701
   902    701
   903    701
   904    701
   905    701
   901    702
   902    702
   903    702
   904    702
   905    702
   901    703
   902    703
   903    703
   904    703
   905    703
   900    704
   901    704
   902    704
   903    704
   900    705
   901    705
   902    705
   903    705
   900    706
   901    706
   902    706
   903    706
   900    707
   901    707
   902    707
   903    707
   900    708
   901    708
   902    708
   903    708
   904    708
   900    709
   901    709
   902    709
   903    709
   900    710
   901    710
   902    710
   903    710
   900    711
   901    711
   902    711
   903    711
   904    711
   900    712
   901    712
   902    712
   903    712
   904    712
   899    713
   900    713
   901    713
   902    713
   903    713
   899    714
   900    714
   901    714
   902    714
   903    714
   904    714
   899    715
   900    715
   901    715
   902    715
   903    715
   904    715
   900    716
   901    716
   902    716
   903    716
   899    717
   900    717
   901    717
   902    717
   903    717
   899    718
   900    718
   901    718
   902    718
   903    718
   904    718
   899    719
   900    719
   901    719
   902    719
   903    719
   904    719
   899    720
   900    720
   901    720
   902    720
   903    720
   904    720
   905    720
   899    721
   900    721
   901    721
   902    721
   903    721
   904    721
   905    721
   898    722
   899    722
   900    722
   901    722
   902    722
   903    722
   904    722
   905    722
   899    723
   900    723
   901    723
   902    723
   903    723
   904    723
   905    723
   899    724
   900    724
   901    724
   902    724
   903    724
   904    724
   905    724
   899    725
   900    725
   901    725
   902    725
   903    725
   904    725
   905    725
   899    726
   900    726
   901    726
   902    726
   903    726
   904    726
   905    726
   906    726
   899    727
   900    727
   901    727
   902    727
   903    727
   904    727
   905    727
   898    728
   899    728
   900    728
   901    728
   902    728
   903    728
   904    728
   905    728
   898    729
   899    729
   900    729
   901    729
   902    729
   903    729
   904    729
   905    729
   898    730
   899    730
   900    730
   901    730
   902    730
   903    730
   904    730
   905    730
   898    731
   899    731
   900    731
   901    731
   902    731
   903    731
   904    731
   905    731
   898    732
   899    732
   900    732
   901    732
   902    732
   903    732
   904    732
   905    732
   898    733
   899    733
   900    733
   901    733
   902    733
   903    733
   904    733
   905    733
   897    734
   898    734
   899    734
   900    734
   901    734
   902    734
   903    734
   904    734
   905    734
   897    735
   898    735
   899    735
   900    735
   901    735
   902    735
   903    735
   904    735
   905    735
   897    736
   898    736
   899    736
   900    736
   901    736
   902    736
   903    736
   904    736
   905    736
   897    737
   898    737
   899    737
   900    737
   901    737
   902    737
   903    737
   904    737
   905    737
   897    738
   898    738
   899    738
   900    738
   901    738
   902    738
   903    738
   904    738
   897    739
   898    739
   899    739
   900    739
   901    739
   902    739
   903    739
   904    739
   905    739
   897    740
   898    740
   899    740
   900    740
   901    740
   902    740
   903    740
   904    740
   905    740
   897    741
   898    741
   899    741
   900    741
   901    741
   902    741
   903    741
   904    741
   905    741
   896    742
   897    742
   898    742
   899    742
   900    742
   901    742
   902    742
   903    742
   904    742
   905    742
   897    743
   898    743
   899    743
   900    743
   901    743
   902    743
   903    743
   904    743
   905    743
   897    744
   898    744
   899    744
   900    744
   901    744
   902    744
   903    744
   904    744
   905    744
   896    745
   897    745
   898    745
   899    745
   900    745
   901    745
   902    745
   903    745
   904    745
   905    745
   906    745
   897    746
   898    746
   899    746
   900    746
   901    746
   902    746
   903    746
   904    746
   905    746
   897    747
   898    747
   899    747
   900    747
   901    747
   902    747
   903    747
   904    747
   905    747
   906    747
   896    748
   897    748
   898    748
   899    748
   900    748
   901    748
   902    748
   903    748
   904    748
   905    748
   897    749
   898    749
   899    749
   900    749
   901    749
   902    749
   903    749
   904    749
   905    749
   906    749
   897    750
   898    750
   899    750
   900    750
   901    750
   902    750
   903    750
   904    750
   905    750
   906    750
   896    751
   897    751
   898    751
   899    751
   900    751
   901    751
   902    751
   903    751
   904    751
   905    751
   896    752
   897    752
   898    752
   899    752
   900    752
   901    752
   902    752
   903    752
   904    752
   897    753
   898    753
   899    753
   900    753
   901    753
   902    753
   903    753
   904    753
   896    754
   897    754
   898    754
   899    754
   900    754
   901    754
   902    754
   903    754
   904    754
   897    755
   898    755
   899    755
   900    755
   901    755
   902    755
   903    755
   904    755
   897    756
   898    756
   899    756
   900    756
   901    756
   902    756
   903    756
   904    756
   896    757
   897    757
   898    757
   899    757
   900    757
   901    757
   902    757
   903    757
   904    757
   897    758
   898    758
   899    758
   900    758
   901    758
   902    758
   903    758
   896    759
   897    759
   898    759
   899    759
   900    759
   901    759
   902    759
   896    760
   897    760
   898    760
   899    760
   900    760
   901    760
   902    760
   896    761
   897    761
   898    761
   899    761
   900    761
   901    761
   896    762
   897    762
   898    762
   899    762
   900    762
