   905    768
   904    769
   905    769
   906    769
   903    770
   904    770
   905    770
   903    771
   904    771
   905    771
   903    772
   904    772
   905    772
   906    772
   903    773
   904    773
   905    773
   902    774
   903    774
   904    774
   905    774
   902    775
   903    775
   904    775
   905    775
   902    776
   903    776
   904    776
   905    776
   906    776
   902    777
   903    777
   904    777
   905    777
   902    778
   903    778
   904    778
   905    778
   901    779
   902    779
   903    779
   904    779
   905    779
   901    780
   902    780
   903    780
   904    780
   905    780
   901    781
   902    781
   903    781
   904    781
   905    781
   901    782
   902    782
   903    782
   904    782
   901    783
   902    783
   903    783
   904    783
   905    783
