   902    696
   903    696
   902    698
   903    698
   904    698
   902    699
   903    699
   904    699
   900    700
   901    702
   902    702
   903    702
   901    703
   902    703
   903    703
   902    704
   903    704
   902    705
   903    705
   901    706
   902    706
   903    706
   901    707
   902    707
   903    707
   901    708
   902    708
   901    709
   902    709
   903    709
   901    710
   902    710
   903    710
   900    711
   901    711
   902    711
   903    711
   900    712
   901    712
   902    712
   903    712
   904    712
   900    713
   901    713
   902    713
   903    713
   904    713
   905    713
   906    713
   900    714
   901    714
   902    714
   903    714
   904    714
   905    714
   900    715
   901    715
   902    715
   903    715
   904    715
   905    715
   900    716
   901    716
   902    716
   903    716
   904    716
   905    716
   900    717
   901    717
   902    717
   903    717
   904    717
   905    717
   906    717
   900    718
   901    718
   902    718
   903    718
   904    718
   905    718
   900    719
   901    719
   902    719
   903    719
   904    719
   905    719
   900    720
   901    720
   902    720
   903    720
   904    720
   905    720
   906    720
   900    721
   901    721
   902    721
   903    721
   904    721
   905    721
   900    722
   901    722
   902    722
   903    722
   904    722
   905    722
   906    722
   899    723
   900    723
   901    723
   902    723
   903    723
   904    723
   905    723
   906    723
   899    724
   900    724
   901    724
   902    724
   903    724
   904    724
   905    724
   906    724
   899    725
   900    725
   901    725
   902    725
   903    725
   904    725
   905    725
   906    725
   899    726
   900    726
   901    726
   902    726
   903    726
   904    726
   905    726
   906    726
   899    727
   900    727
   901    727
   902    727
   903    727
   904    727
   905    727
   906    727
   899    728
   900    728
   901    728
   902    728
   903    728
   904    728
   905    728
   906    728
   899    729
   900    729
   901    729
   902    729
   903    729
   904    729
   905    729
   899    730
   900    730
   901    730
   902    730
   903    730
   904    730
   905    730
   906    730
   899    731
   900    731
   901    731
   902    731
   903    731
   904    731
   905    731
   906    731
   899    732
   900    732
   901    732
   902    732
   903    732
   904    732
   905    732
   899    733
   900    733
   901    733
   902    733
   903    733
   904    733
   905    733
   906    733
   899    734
   900    734
   901    734
   902    734
   903    734
   904    734
   905    734
   906    734
   898    735
   899    735
   900    735
   901    735
   902    735
   903    735
   904    735
   905    735
   898    736
   899    736
   900    736
   901    736
   902    736
   903    736
   904    736
   898    737
   899    737
   900    737
   901    737
   902    737
   903    737
   904    737
   898    738
   899    738
   900    738
   901    738
   902    738
   903    738
   904    738
   898    739
   899    739
   900    739
   901    739
   902    739
   903    739
   904    739
   897    740
   898    740
   899    740
   900    740
   901    740
   902    740
   903    740
   904    740
   898    741
   899    741
   900    741
   901    741
   902    741
   903    741
   904    741
   898    742
   899    742
   900    742
   901    742
   902    742
   903    742
   897    743
   898    743
   899    743
   900    743
   901    743
   902    743
   903    743
   898    744
   899    744
   900    744
   901    744
   902    744
