   905    701
   906    701
   905    702
   906    702
   902    703
   903    703
   902    704
   903    704
   904    704
   902    705
   903    705
   904    705
   901    706
   902    706
   903    706
   901    707
   902    707
   903    707
   901    708
   902    708
   903    708
   904    708
   901    709
   902    709
   903    709
   901    710
   902    710
   903    710
   901    711
   902    711
   903    711
   904    711
   901    712
   902    712
   903    712
   904    712
   901    713
   902    713
   903    713
   904    713
   901    714
   902    714
   903    714
   904    714
   901    715
   902    715
   903    715
   904    715
   901    716
   902    716
   903    716
   904    716
   905    716
   901    717
   902    717
   903    717
   904    717
   905    717
   900    718
   901    718
   902    718
   903    718
   904    718
   905    718
   900    719
   901    719
   902    719
   903    719
   904    719
   905    719
   900    720
   901    720
   902    720
   903    720
   904    720
   905    720
   906    720
   900    721
   901    721
   902    721
   903    721
   904    721
   905    721
   906    721
   900    722
   901    722
   902    722
   903    722
   904    722
   905    722
   906    722
   900    723
   901    723
   902    723
   903    723
   904    723
   905    723
   906    723
   900    724
   901    724
   902    724
   903    724
   904    724
   905    724
   906    724
   900    725
   901    725
   902    725
   903    725
   904    725
   905    725
   899    726
   900    726
   901    726
   902    726
   903    726
   904    726
   905    726
   906    726
   900    727
   901    727
   902    727
   903    727
   904    727
   905    727
   900    728
   901    728
   902    728
   903    728
   904    728
   905    728
   899    729
   900    729
   901    729
   902    729
   903    729
   904    729
   905    729
   900    730
   901    730
   902    730
   903    730
   904    730
   905    730
   900    731
   901    731
   902    731
   903    731
   904    731
   905    731
   900    732
   901    732
   902    732
   903    732
   904    732
   905    732
   900    733
   901    733
   902    733
   903    733
   904    733
   905    733
   906    733
   900    734
   901    734
   902    734
   903    734
   904    734
   905    734
   906    734
   899    735
   900    735
   901    735
   902    735
   903    735
   904    735
   905    735
   900    736
   901    736
   902    736
   903    736
   904    736
   905    736
   899    737
   900    737
   901    737
   902    737
   903    737
   904    737
   899    738
   900    738
   901    738
   902    738
   903    738
   904    738
   899    739
   900    739
   901    739
   902    739
   903    739
   899    740
   900    740
   901    740
   902    740
   903    740
   899    741
   900    741
   901    741
   902    741
