   901    700
   902    700
   903    700
   904    700
   900    701
   901    701
   902    701
   903    701
   904    701
   902    702
   903    702
   904    702
   902    703
   903    703
   902    704
   903    704
   904    704
   902    705
   903    705
   904    705
   902    706
   903    706
   904    706
   902    707
   903    707
   904    707
   902    708
   903    708
   904    708
   901    709
   902    709
   903    709
   901    710
   902    710
   903    710
   901    711
   902    711
   903    711
   901    712
   902    712
   903    712
   901    713
   902    713
   903    713
   901    714
   902    714
   903    714
   901    715
   902    715
   903    715
   901    716
   902    716
   903    716
   901    717
   902    717
   903    717
   901    718
   902    718
   903    718
   901    719
   902    719
