   905    757
   906    757
   904    758
   905    758
   906    758
   907    758
   904    759
   905    759
   906    759
   907    759
   904    760
   905    760
   906    760
   907    760
   904    761
   905    761
   906    761
   907    761
   903    762
   904    762
   905    762
   906    762
   907    762
   903    763
   904    763
   905    763
   906    763
   907    763
   908    763
   903    764
   904    764
   905    764
   906    764
   907    764
   903    765
   904    765
   905    765
   906    765
   907    765
   908    765
   903    766
   904    766
   905    766
   906    766
   907    766
   908    766
   909    766
   902    767
   903    767
   904    767
   905    767
   906    767
   907    767
   908    767
   902    768
   903    768
   904    768
   905    768
   906    768
   907    768
   908    768
   902    769
   903    769
   904    769
   905    769
   906    769
   907    769
   908    769
   901    770
   902    770
   903    770
   904    770
   905    770
   906    770
   907    770
   908    770
   909    770
   901    771
   902    771
   903    771
   904    771
   905    771
   906    771
   907    771
   908    771
   909    771
   901    772
   902    772
   903    772
   904    772
   905    772
   906    772
   907    772
   908    772
   909    772
   901    773
   902    773
   903    773
   904    773
   905    773
   906    773
   907    773
   908    773
   900    774
   901    774
   902    774
   903    774
   904    774
   905    774
   906    774
   907    774
   908    774
   909    774
   900    775
   901    775
   902    775
   903    775
   904    775
   905    775
   906    775
   907    775
   908    775
   909    775
   900    776
   901    776
   902    776
   903    776
   904    776
   905    776
   906    776
   907    776
   908    776
   909    776
   900    777
   901    777
   902    777
   903    777
   904    777
   905    777
   906    777
   907    777
   908    777
   909    777
   900    778
   901    778
   902    778
   903    778
   904    778
   905    778
   906    778
   907    778
   908    778
   909    778
   899    779
   900    779
   901    779
   902    779
   903    779
   904    779
   905    779
   906    779
   907    779
   908    779
   909    779
   899    780
   900    780
   901    780
   902    780
   903    780
   904    780
   905    780
   906    780
   907    780
   908    780
   909    780
   899    781
   900    781
   901    781
   902    781
   903    781
   904    781
   905    781
   906    781
   907    781
   908    781
   909    781
   899    782
   900    782
   901    782
   902    782
   903    782
   904    782
   905    782
   906    782
   907    782
   908    782
   909    782
   899    783
   900    783
   901    783
   902    783
   903    783
   904    783
   905    783
   906    783
   907    783
   908    783
   899    784
   900    784
   901    784
   902    784
   903    784
   904    784
   905    784
   906    784
   907    784
   898    785
   899    785
   900    785
   901    785
   902    785
   903    785
   904    785
   905    785
   902    786
   903    786
   904    786
   905    786
   902    787
   903    787
   904    787
