   906    763
   907    763
   905    764
   906    764
   907    764
   906    765
   907    765
   905    766
   906    766
   907    766
   905    767
   906    767
   907    767
   908    767
   904    768
   905    768
   906    768
   907    768
   908    768
   904    769
   905    769
   906    769
   907    769
   908    769
   903    770
   904    770
   905    770
   906    770
   907    770
   908    770
   903    771
   904    771
   905    771
   906    771
   907    771
   908    771
   903    772
   904    772
   905    772
   906    772
   907    772
   908    772
   903    773
   904    773
   905    773
   906    773
   907    773
   902    774
   903    774
   904    774
   905    774
   906    774
   907    774
   908    774
   902    775
   903    775
   904    775
   905    775
   906    775
   907    775
   908    775
   902    776
   903    776
   904    776
   905    776
   906    776
   907    776
   908    776
   902    777
   903    777
   904    777
   905    777
   906    777
   907    777
   908    777
   909    777
   902    778
   903    778
   904    778
   905    778
   906    778
   907    778
   908    778
   909    778
   901    779
   902    779
   903    779
   904    779
   905    779
   906    779
   907    779
   908    779
   909    779
   901    780
   902    780
   903    780
   904    780
   905    780
   906    780
   907    780
   908    780
   901    781
   902    781
   903    781
   904    781
   905    781
   906    781
   907    781
   908    781
   901    782
   902    782
   903    782
   904    782
   905    782
   906    782
   907    782
   908    782
   901    783
   902    783
   903    783
   904    783
   905    783
   906    783
   907    783
   908    783
   901    784
   902    784
   903    784
   904    784
   905    784
   906    784
   907    784
   900    785
   901    785
   902    785
   903    785
   904    785
   905    785
