   906    690
   907    690
   904    692
   905    692
   904    693
   905    693
   904    694
   905    694
   906    694
   904    695
   905    695
   906    695
   904    696
   905    696
   906    696
   907    696
   904    697
   905    697
   906    697
   907    697
   908    697
   903    698
   904    698
   905    698
   906    698
   907    698
   904    699
   905    699
   906    699
   907    699
   904    700
   905    700
   906    700
   907    700
   904    701
   905    701
   906    701
   907    701
   908    701
   903    702
   904    702
   905    702
   906    702
   907    702
   908    702
   904    703
   905    703
   906    703
   907    703
   908    703
   904    704
   905    704
   906    704
   907    704
   908    704
   903    705
   904    705
   905    705
   906    705
   907    705
   903    706
   904    706
   905    706
   906    706
   907    706
   903    707
   904    707
   905    707
   906    707
   907    707
   908    707
   903    708
   904    708
   905    708
   906    708
   907    708
   903    709
   904    709
   905    709
   906    709
   907    709
   903    710
   904    710
   905    710
   906    710
   907    710
   908    710
   903    711
   904    711
   905    711
   906    711
   907    711
   903    712
   904    712
   905    712
   906    712
   907    712
   903    713
   904    713
   905    713
   906    713
   902    714
   903    714
   904    714
   905    714
   906    714
   902    715
   903    715
   904    715
   905    715
   906    715
   903    716
   904    716
   905    716
   906    716
   902    717
   903    717
   904    717
   905    717
   903    718
   904    718
   905    718
   906    718
