   904    697
   905    697
   906    697
   904    698
   905    698
   906    698
   904    699
   905    699
   904    700
   905    700
   906    700
   904    701
   905    701
   906    701
   904    702
   905    702
   904    703
   905    703
   906    703
   904    704
   905    704
   906    704
   907    704
   908    704
   904    705
   905    705
   906    705
   907    705
   908    705
   904    706
   905    706
   906    706
   907    706
   908    706
   904    707
   905    707
   906    707
   907    707
   908    707
   903    708
   904    708
   905    708
   906    708
   907    708
   908    708
   903    709
   904    709
   905    709
   906    709
   907    709
   908    709
   903    710
   904    710
   905    710
   906    710
   907    710
   908    710
   903    711
   904    711
   905    711
   906    711
   907    711
   908    711
   909    711
   903    712
   904    712
   905    712
   906    712
   907    712
   908    712
   903    713
   904    713
   905    713
   906    713
   907    713
   908    713
   903    714
   904    714
   905    714
   906    714
   907    714
   908    714
   903    715
   904    715
   905    715
   906    715
   907    715
   908    715
   903    716
   904    716
   905    716
   906    716
   907    716
   908    716
   903    717
   904    717
   905    717
   906    717
   907    717
   908    717
   903    718
   904    718
   905    718
   906    718
   907    718
   908    718
   903    719
   904    719
   905    719
   906    719
   907    719
   908    719
   902    720
   903    720
   904    720
   905    720
   906    720
   907    720
   908    720
   909    720
   902    721
   903    721
   904    721
   905    721
   906    721
   907    721
   908    721
   903    722
   904    722
   905    722
   906    722
   907    722
   908    722
   909    722
   902    723
   903    723
   904    723
   905    723
   906    723
   907    723
   908    723
   909    723
   902    724
   903    724
   904    724
   905    724
   906    724
   907    724
   908    724
   909    724
   903    725
   904    725
   905    725
   906    725
   907    725
   908    725
   909    725
   902    726
   903    726
   904    726
   905    726
   906    726
   907    726
   908    726
   909    726
   902    727
   903    727
   904    727
   905    727
   906    727
   907    727
   908    727
   909    727
   902    728
   903    728
   904    728
   905    728
   906    728
   907    728
   908    728
   909    728
   902    729
   903    729
   904    729
   905    729
   906    729
   907    729
   908    729
   902    730
   903    730
   904    730
   905    730
   906    730
   907    730
   908    730
   909    730
   901    731
   902    731
   903    731
   904    731
   905    731
   906    731
   907    731
   908    731
   909    731
   902    732
   903    732
   904    732
   905    732
   906    732
   907    732
   908    732
   909    732
   902    733
   903    733
   904    733
   905    733
   906    733
   907    733
   908    733
   909    733
   901    734
   902    734
   903    734
   904    734
   905    734
   906    734
   907    734
   908    734
   909    734
   901    735
   902    735
   903    735
   904    735
   905    735
   906    735
   907    735
   908    735
   909    735
   902    736
   903    736
   904    736
   905    736
   906    736
   907    736
   908    736
   909    736
   901    737
   902    737
   903    737
   904    737
   905    737
   906    737
   907    737
   908    737
   901    738
   902    738
   903    738
   904    738
   905    738
   906    738
   907    738
   908    738
   909    738
   901    739
   902    739
   903    739
   904    739
   905    739
   906    739
   907    739
   908    739
   909    739
   901    740
   902    740
   903    740
   904    740
   905    740
   906    740
   907    740
   908    740
   909    740
   901    741
   902    741
   903    741
   904    741
   905    741
   906    741
   907    741
   908    741
   909    741
   901    742
   902    742
   903    742
   904    742
   905    742
   906    742
   907    742
   908    742
   909    742
   901    743
   902    743
   903    743
   904    743
   905    743
   906    743
   907    743
   908    743
   909    743
   901    744
   902    744
   903    744
   904    744
   905    744
   906    744
   907    744
   908    744
   909    744
   901    745
   902    745
   903    745
   904    745
   905    745
   906    745
   907    745
   908    745
   909    745
   901    746
   902    746
   903    746
   904    746
   905    746
   906    746
   907    746
   908    746
   909    746
   901    747
   902    747
   903    747
   904    747
   905    747
   906    747
   907    747
   908    747
   909    747
   900    748
   901    748
   902    748
   903    748
   904    748
   905    748
   906    748
   907    748
   908    748
   901    749
   902    749
   903    749
   904    749
   905    749
   906    749
   907    749
   900    750
   901    750
   902    750
   903    750
   904    750
   905    750
   906    750
   907    750
   908    750
   901    751
   902    751
   903    751
   904    751
   905    751
   906    751
   907    751
   901    752
   902    752
   903    752
   904    752
   905    752
   906    752
   900    753
   901    753
   902    753
   903    753
   904    753
   905    753
   901    754
   902    754
   903    754
   904    754
