   907    755
   906    756
   907    756
   908    756
   906    757
   907    757
   908    757
   906    758
   907    758
   908    758
   906    759
   907    759
   908    759
   909    759
   905    760
   906    760
   907    760
   908    760
   905    761
   906    761
   907    761
   908    761
   909    761
   905    762
   906    762
   907    762
   908    762
   909    762
   904    763
   905    763
   906    763
   907    763
   908    763
   909    763
   904    764
   905    764
   906    764
   907    764
   908    764
   909    764
   910    764
   904    765
   905    765
   906    765
   907    765
   908    765
   909    765
   910    765
   904    766
   905    766
   906    766
   907    766
   908    766
   909    766
   910    766
   903    767
   904    767
   905    767
   906    767
   907    767
   908    767
   909    767
   910    767
   911    767
   903    768
   904    768
   905    768
   906    768
   907    768
   908    768
   909    768
   910    768
   911    768
   903    769
   904    769
   905    769
   906    769
   907    769
   908    769
   909    769
   910    769
   911    769
   912    769
   903    770
   904    770
   905    770
   906    770
   907    770
   908    770
   909    770
   910    770
   911    770
   903    771
   904    771
   905    771
   906    771
   907    771
   908    771
   909    771
   910    771
   911    771
   912    771
   902    772
   903    772
   904    772
   905    772
   906    772
   907    772
   908    772
   909    772
   910    772
   911    772
   902    773
   903    773
   904    773
   905    773
   906    773
   907    773
   908    773
   909    773
   910    773
   911    773
   912    773
   902    774
   903    774
   904    774
   905    774
   906    774
   907    774
   908    774
   909    774
   910    774
   911    774
   912    774
   902    775
   903    775
   904    775
   905    775
   906    775
   907    775
   908    775
   909    775
   910    775
   911    775
   912    775
   901    776
   902    776
   903    776
   904    776
   905    776
   906    776
   907    776
   908    776
   909    776
   910    776
   911    776
   902    777
   903    777
   904    777
   905    777
   906    777
   907    777
   908    777
   909    777
   910    777
   911    777
   912    777
   902    778
   903    778
   904    778
   905    778
   906    778
   907    778
   908    778
   909    778
   910    778
   911    778
   901    779
   902    779
   903    779
   904    779
   905    779
   906    779
   907    779
   908    779
   909    779
   910    779
   911    779
   912    779
   901    780
   902    780
   903    780
   904    780
   905    780
   906    780
   907    780
   908    780
   909    780
   910    780
   911    780
   901    781
   902    781
   903    781
   904    781
   905    781
   906    781
   907    781
   908    781
   909    781
   910    781
   911    781
   901    782
   902    782
   903    782
   904    782
   905    782
   906    782
   907    782
   908    782
   909    782
   910    782
   911    782
   900    783
   901    783
   902    783
   903    783
   904    783
   905    783
   906    783
   907    783
   908    783
   909    783
   910    783
   911    783
   912    783
   901    784
   902    784
   903    784
   904    784
   905    784
   906    784
   907    784
   908    784
   909    784
   910    784
   911    784
   901    785
   902    785
   903    785
   904    785
   905    785
   906    785
   907    785
   908    785
   909    785
   910    785
   911    785
   912    785
   901    786
   902    786
   903    786
   904    786
   905    786
   906    786
   907    786
   908    786
   909    786
   910    786
   911    786
   904    787
   905    787
   906    787
   907    787
   908    787
   909    787
   910    787
   904    788
