   910    767
   911    767
   910    768
   911    768
   912    768
   909    769
   910    769
   911    769
   912    769
   913    769
   909    770
   910    770
   911    770
   912    770
   909    771
   910    771
   911    771
   912    771
   909    772
   910    772
   911    772
   912    772
   908    773
   909    773
   910    773
   911    773
   912    773
   913    773
   908    774
   909    774
   910    774
   911    774
   912    774
   907    775
   908    775
   909    775
   910    775
   911    775
   912    775
   913    775
   907    776
   908    776
   909    776
   910    776
   911    776
   912    776
   913    776
   907    777
   908    777
   909    777
   910    777
   911    777
   912    777
   913    777
   907    778
   908    778
   909    778
   910    778
   911    778
   912    778
   913    778
   907    779
   908    779
   909    779
   910    779
   911    779
   912    779
   913    779
   906    780
   907    780
   908    780
   909    780
   910    780
   911    780
   912    780
   913    780
   914    780
   906    781
   907    781
   908    781
   909    781
   910    781
   911    781
   912    781
   913    781
   914    781
   906    782
   907    782
   908    782
   909    782
   910    782
   911    782
   912    782
   913    782
   914    782
   906    783
   907    783
   908    783
   909    783
   910    783
   911    783
   912    783
   913    783
   914    783
   905    784
   906    784
   907    784
   908    784
   909    784
   910    784
   911    784
   912    784
   913    784
   914    784
   905    785
   906    785
   907    785
   908    785
   909    785
   910    785
   911    785
   912    785
   913    785
   914    785
   915    785
   905    786
   906    786
   907    786
   908    786
   909    786
   910    786
   911    786
   912    786
   913    786
   905    787
   906    787
   907    787
   908    787
   909    787
   910    787
   911    787
   912    787
   905    788
   906    788
   907    788
   908    788
   909    788
   910    788
   911    788
   906    789
   907    789
   908    789
   909    789
   910    789
   911    789
   912    789
   908    790
