   905    696
   905    698
   906    698
   905    699
   906    699
   905    702
   906    702
   904    703
   905    703
   906    703
   904    704
   905    704
   906    704
   907    704
   908    704
   909    704
   905    705
   906    705
   907    705
   908    705
   909    705
   904    706
   905    706
   906    706
   907    706
   908    706
   909    706
   904    707
   905    707
   906    707
   907    707
   908    707
   909    707
   904    708
   905    708
   906    708
   907    708
   908    708
   909    708
   904    709
   905    709
   906    709
   907    709
   904    710
   905    710
   906    710
   907    710
   908    710
   904    711
   905    711
   906    711
   907    711
   908    711
   909    711
   904    712
   905    712
   906    712
   907    712
   908    712
   909    712
   904    713
   905    713
   906    713
   907    713
   904    714
   905    714
   906    714
   907    714
   904    715
   905    715
   906    715
   907    715
   904    716
   905    716
   906    716
   907    716
   908    716
   904    717
   905    717
   906    717
   907    717
   904    718
   905    718
   906    718
   907    718
   904    719
   905    719
   906    719
   907    719
   908    719
   904    720
   905    720
   903    721
   904    721
   905    721
   904    723
   905    723
