   901    696
   902    696
   903    696
   901    697
   902    697
   903    697
   901    699
   902    699
   903    699
   901    701
   902    701
   903    701
   901    703
   902    703
   900    704
   901    704
   902    704
   903    704
   900    705
   901    705
   902    705
   900    706
   901    706
   902    706
   900    707
   901    707
   902    707
   900    708
   901    708
   902    708
   900    709
   901    709
   902    709
   900    710
   901    710
   900    711
   901    711
   900    712
   901    712
   900    713
   901    713
   901    717
   902    717
   903    717
