   901    703
   902    703
   900    704
   901    704
   902    704
   903    704
   900    705
   901    705
   902    705
   903    705
   904    705
   901    706
   902    706
   903    706
   901    707
   902    707
   903    707
   904    707
   900    708
   901    708
   902    708
   903    708
   904    708
   901    709
   902    709
   903    709
   901    710
   902    710
   903    710
   900    711
   901    711
   902    711
   903    711
   904    711
   900    712
   901    712
   902    712
   903    712
   904    712
   900    713
   901    713
   902    713
   903    713
   904    713
   900    714
   901    714
   902    714
   903    714
   904    714
   900    715
   901    715
   902    715
   903    715
   904    715
   900    716
   901    716
   902    716
   903    716
   904    716
   899    717
   900    717
   901    717
   902    717
   903    717
   904    717
   900    718
   901    718
   902    718
   903    718
   904    718
   900    719
   901    719
   902    719
   903    719
   899    720
   900    720
   901    720
   902    720
   903    720
   899    721
   900    721
   901    721
   902    721
   903    721
   899    722
   900    722
   901    722
   902    722
   903    722
   899    723
   900    723
   901    723
   902    723
   903    723
   904    723
   899    724
   900    724
   901    724
   902    724
   903    724
   904    724
   898    725
   899    725
   900    725
   901    725
   902    725
   903    725
   898    726
   899    726
   900    726
   901    726
   902    726
   903    726
   898    727
   899    727
   900    727
   901    727
   902    727
   903    727
   904    727
   898    728
   899    728
   900    728
   901    728
   902    728
   903    728
   904    728
   898    729
   899    729
   900    729
   901    729
   902    729
   903    729
   904    729
   898    730
   899    730
   900    730
   901    730
   902    730
   903    730
   904    730
   898    731
   899    731
   900    731
   901    731
   902    731
   903    731
   898    732
   899    732
   900    732
   901    732
   902    732
   903    732
   904    732
   898    733
   899    733
   900    733
   901    733
   902    733
   903    733
   904    733
   897    734
   898    734
   899    734
   900    734
   901    734
   902    734
   903    734
   904    734
   898    735
   899    735
   900    735
   901    735
   902    735
   903    735
   904    735
   898    736
   899    736
   900    736
   901    736
   902    736
   903    736
   904    736
   897    737
   898    737
   899    737
   900    737
   901    737
   902    737
   903    737
   904    737
   897    738
   898    738
   899    738
   900    738
   901    738
   902    738
   903    738
   904    738
   897    739
   898    739
   899    739
   900    739
   901    739
   902    739
   903    739
   904    739
   897    740
   898    740
   899    740
   900    740
   901    740
   902    740
   903    740
   904    740
   897    741
   898    741
   899    741
   900    741
   901    741
   902    741
   903    741
   904    741
   896    742
   897    742
   898    742
   899    742
   900    742
   901    742
   902    742
   903    742
   904    742
   896    743
   897    743
   898    743
   899    743
   900    743
   901    743
   902    743
   903    743
   904    743
   897    744
   898    744
   899    744
   900    744
   901    744
   902    744
   903    744
   904    744
   896    745
   897    745
   898    745
   899    745
   900    745
   901    745
   902    745
   903    745
   904    745
   896    746
   897    746
   898    746
   899    746
   900    746
   901    746
   902    746
   903    746
   904    746
   896    747
   897    747
   898    747
   899    747
   900    747
   901    747
   902    747
   903    747
   904    747
   905    747
   896    748
   897    748
   898    748
   899    748
   900    748
   901    748
   902    748
   903    748
   904    748
   896    749
   897    749
   898    749
   899    749
   900    749
   901    749
   902    749
   903    749
   904    749
   895    750
   896    750
   897    750
   898    750
   899    750
   900    750
   901    750
   902    750
   903    750
   904    750
   895    751
   896    751
   897    751
   898    751
   899    751
   900    751
   901    751
   902    751
   903    751
   904    751
   895    752
   896    752
   897    752
   898    752
   899    752
   900    752
   901    752
   902    752
   903    752
   904    752
   895    753
   896    753
   897    753
   898    753
   899    753
   900    753
   901    753
   902    753
   903    753
   904    753
   895    754
   896    754
   897    754
   898    754
   899    754
   900    754
   901    754
   902    754
   903    754
   904    754
   895    755
   896    755
   897    755
   898    755
   899    755
   900    755
   901    755
   902    755
   903    755
   904    755
   894    756
   895    756
   896    756
   897    756
   898    756
   899    756
   900    756
   901    756
   902    756
   903    756
   904    756
   894    757
   895    757
   896    757
   897    757
   898    757
   899    757
   900    757
   901    757
   902    757
   903    757
   904    757
   894    758
   895    758
   896    758
   897    758
   898    758
   899    758
   900    758
   901    758
   902    758
   903    758
   904    758
   894    759
   895    759
   896    759
   897    759
   898    759
   899    759
   900    759
   901    759
   902    759
   903    759
   904    759
   894    760
   895    760
   896    760
   897    760
   898    760
   899    760
   900    760
   901    760
   902    760
   903    760
   904    760
   894    761
   895    761
   896    761
   897    761
   898    761
   899    761
   900    761
   901    761
   902    761
   903    761
   904    761
   894    762
   895    762
   896    762
   897    762
   898    762
   899    762
   900    762
   901    762
   902    762
   903    762
   904    762
   894    763
   895    763
   896    763
   897    763
   898    763
   899    763
   900    763
   901    763
   902    763
   903    763
   904    763
   893    764
   894    764
   895    764
   896    764
   897    764
   898    764
   899    764
   900    764
   901    764
   902    764
   903    764
   904    764
   893    765
   894    765
   895    765
   896    765
   897    765
   898    765
   899    765
   900    765
   901    765
   902    765
   903    765
   893    766
   894    766
   895    766
   896    766
   897    766
   898    766
   899    766
   900    766
   901    766
   902    766
   903    766
   904    766
   893    767
   894    767
   895    767
   896    767
   897    767
   898    767
   899    767
   900    767
   901    767
   902    767
   903    767
   904    767
   893    768
   894    768
   895    768
   896    768
   897    768
   898    768
   899    768
   900    768
   901    768
   902    768
   903    768
   892    769
   893    769
   894    769
   895    769
   896    769
   897    769
   898    769
   899    769
   900    769
   901    769
   902    769
   903    769
   904    769
   893    770
   894    770
   895    770
   896    770
   897    770
   898    770
   899    770
   900    770
   901    770
   902    770
   903    770
   893    771
   894    771
   895    771
   896    771
   897    771
   898    771
   899    771
   900    771
   901    771
   902    771
   903    771
   892    772
   893    772
   894    772
   895    772
   896    772
   897    772
   898    772
   899    772
   900    772
   901    772
   902    772
   903    772
   892    773
   893    773
   894    773
   895    773
   896    773
   897    773
   898    773
   899    773
   900    773
   901    773
   902    773
   903    773
   892    774
   893    774
   894    774
   895    774
   896    774
   897    774
   898    774
   899    774
   900    774
   901    774
   902    774
   903    774
   904    774
   892    775
   893    775
   894    775
   895    775
   896    775
   897    775
   898    775
   899    775
   900    775
   901    775
   902    775
   903    775
   892    776
   893    776
   894    776
   895    776
   896    776
   897    776
   898    776
   899    776
   900    776
   901    776
   902    776
   903    776
   904    776
   891    777
   892    777
   893    777
   894    777
   895    777
   896    777
   897    777
   898    777
   899    777
   900    777
   901    777
   902    777
   903    777
   892    778
   893    778
   894    778
   895    778
   896    778
   897    778
   898    778
   899    778
   900    778
   901    778
   902    778
   903    778
   891    779
   892    779
   893    779
   894    779
   895    779
   896    779
   897    779
   898    779
   899    779
   900    779
   901    779
   902    779
   891    780
   892    780
   893    780
   894    780
   895    780
   896    780
   897    780
   898    780
   899    780
   900    780
   901    780
   902    780
   903    780
   892    781
   893    781
   894    781
   895    781
   896    781
   897    781
   898    781
   899    781
   900    781
   901    781
   891    782
   892    782
   893    782
   894    782
   895    782
   896    782
   897    782
   898    782
   899    782
   900    782
   901    782
   891    783
   892    783
   893    783
   894    783
   895    783
   896    783
   897    783
   898    783
   899    783
   900    783
