   902    747
   903    747
   901    748
   902    748
   903    748
   902    749
   903    749
   901    750
   902    750
   903    750
   901    751
   902    751
   903    751
   904    751
   901    752
   902    752
   903    752
   904    752
   900    753
   901    753
   902    753
   903    753
   904    753
   900    754
   901    754
   902    754
   903    754
   904    754
   900    755
   901    755
   902    755
   903    755
   904    755
   899    756
   900    756
   901    756
   902    756
   903    756
   904    756
   900    757
   901    757
   902    757
   903    757
   904    757
   899    758
   900    758
   901    758
   902    758
   903    758
   904    758
   899    759
   900    759
   901    759
   902    759
   903    759
   904    759
   898    760
   899    760
   900    760
   901    760
   902    760
   903    760
   904    760
   898    761
   899    761
   900    761
   901    761
   902    761
   903    761
   904    761
   898    762
   899    762
   900    762
   901    762
   902    762
   903    762
   904    762
   898    763
   899    763
   900    763
   901    763
   902    763
   903    763
   904    763
   898    764
   899    764
   900    764
   901    764
   902    764
   903    764
   904    764
   897    765
   898    765
   899    765
   900    765
   901    765
   902    765
   903    765
   897    766
   898    766
   899    766
   900    766
   901    766
   902    766
   903    766
   904    766
   898    767
   899    767
   900    767
   901    767
   902    767
   903    767
   904    767
   897    768
   898    768
   899    768
   900    768
   901    768
   902    768
   903    768
   897    769
   898    769
   899    769
   900    769
   901    769
   902    769
   903    769
   904    769
   896    770
   897    770
   898    770
   899    770
   900    770
   901    770
   902    770
   903    770
   896    771
   897    771
   898    771
   899    771
   900    771
   901    771
   902    771
   903    771
   896    772
   897    772
   898    772
   899    772
   900    772
   901    772
   902    772
   903    772
   896    773
   897    773
   898    773
   899    773
   900    773
   901    773
   902    773
   903    773
   896    774
   897    774
   898    774
   899    774
   900    774
   901    774
   902    774
   903    774
   904    774
   895    775
   896    775
   897    775
   898    775
   899    775
   900    775
   901    775
   902    775
   903    775
   895    776
   896    776
   897    776
   898    776
   899    776
   900    776
   901    776
   902    776
   903    776
   904    776
   895    777
   896    777
   897    777
   898    777
   899    777
   900    777
   901    777
   902    777
   903    777
   895    778
   896    778
   897    778
   898    778
   899    778
   900    778
   901    778
   902    778
   903    778
   895    779
   896    779
   897    779
   898    779
   899    779
   900    779
   901    779
   902    779
   895    780
   896    780
   897    780
   898    780
   899    780
