   906    694
   906    696
   905    698
   906    698
   907    698
   905    699
   906    699
   907    699
   905    700
   906    700
   907    700
   908    700
   909    700
   905    701
   906    701
   907    701
   908    701
   909    701
   905    702
   906    702
   907    702
   905    703
   906    703
   907    703
   905    704
   906    704
   907    704
   908    704
   909    704
   905    705
   906    705
   907    705
   908    705
   909    705
   904    706
   905    706
   906    706
   907    706
   908    706
   909    706
   904    707
   905    707
   906    707
   907    707
   908    707
   904    708
   905    708
   906    708
   907    708
   904    709
   905    709
   906    709
   907    709
   904    710
   905    710
   906    710
   907    710
   908    710
   909    710
   904    711
   905    711
   906    711
   907    711
   908    711
   909    711
   904    712
   905    712
   906    712
   907    712
   908    712
   909    712
   910    712
   904    713
   905    713
   906    713
   907    713
   908    713
   909    713
   904    714
   905    714
   906    714
   907    714
   908    714
   909    714
   904    715
   905    715
   906    715
   907    715
   908    715
   909    715
   904    716
   905    716
   906    716
   907    716
   908    716
   909    716
   904    717
   905    717
   906    717
   907    717
   908    717
   909    717
   904    718
   905    718
   906    718
   907    718
   908    718
   909    718
   910    718
   904    719
   905    719
   906    719
   907    719
   908    719
   909    719
   904    720
   905    720
   906    720
   907    720
   908    720
   909    720
   910    720
   904    721
   905    721
   906    721
   907    721
   908    721
   909    721
   910    721
   904    722
   905    722
   906    722
   907    722
   908    722
   909    722
   910    722
   904    723
   905    723
   906    723
   907    723
   908    723
   909    723
   910    723
   904    724
   905    724
   906    724
   907    724
   908    724
   909    724
   910    724
   904    725
   905    725
   906    725
   907    725
   908    725
   909    725
   910    725
   904    726
   905    726
   906    726
   907    726
   908    726
   909    726
   910    726
   903    727
   904    727
   905    727
   906    727
   907    727
   908    727
   909    727
   910    727
   903    728
   904    728
   905    728
   906    728
   907    728
   908    728
   909    728
   910    728
   903    729
   904    729
   905    729
   906    729
   907    729
   908    729
   909    729
   910    729
   903    730
   904    730
   905    730
   906    730
   907    730
   908    730
   909    730
   903    731
   904    731
   905    731
   906    731
   907    731
   908    731
   909    731
   903    732
   904    732
   905    732
   906    732
   907    732
   908    732
   903    733
   904    733
   905    733
   906    733
   907    733
   908    733
   903    734
   904    734
   905    734
   906    734
   907    734
   908    734
   903    735
   904    735
   905    735
   906    735
   907    735
   908    735
