   906    699
   907    699
   908    699
   907    700
   908    700
   907    701
   908    701
   907    703
   908    703
   907    704
   908    704
   909    704
   907    705
   908    705
   909    705
   910    705
   906    706
   907    706
   908    706
   909    706
   910    706
   906    707
   907    707
   908    707
   909    707
   906    708
   907    708
   908    708
   909    708
   910    708
   911    708
   906    709
   907    709
   908    709
   909    709
   910    709
   906    710
   907    710
   908    710
   909    710
   910    710
   906    711
   907    711
   908    711
   909    711
   910    711
   911    711
   906    712
   907    712
   908    712
   909    712
   910    712
   911    712
   906    713
   907    713
   908    713
   909    713
   910    713
   911    713
   906    714
   907    714
   908    714
   909    714
   910    714
   911    714
   906    715
   907    715
   908    715
   909    715
   910    715
   911    715
   906    716
   907    716
   908    716
   909    716
   910    716
   906    717
   907    717
   908    717
   909    717
   910    717
   906    718
   907    718
   908    718
   909    718
   910    718
   906    719
   907    719
   908    719
   909    719
   910    719
   911    719
   906    720
   907    720
   908    720
   909    720
   910    720
   911    720
   906    721
   907    721
   908    721
   909    721
   910    721
   911    721
   906    722
   907    722
   908    722
   909    722
   910    722
   911    722
   905    723
   906    723
   907    723
   908    723
   909    723
   910    723
   911    723
   906    724
   907    724
   908    724
   909    724
   910    724
   911    724
   906    725
   907    725
   908    725
   909    725
   910    725
   911    725
   912    725
   905    726
   906    726
   907    726
   908    726
   909    726
   910    726
   911    726
   912    726
   906    727
   907    727
   908    727
   909    727
   910    727
   911    727
   912    727
   906    728
   907    728
   908    728
   909    728
   910    728
   911    728
   912    728
   906    729
   907    729
   908    729
   909    729
   910    729
   911    729
   912    729
   906    730
   907    730
   908    730
   909    730
   910    730
   911    730
   912    730
   906    731
   907    731
   908    731
   909    731
   910    731
   911    731
   906    732
   907    732
   908    732
   909    732
   910    732
   911    732
   912    732
   906    733
   907    733
   908    733
   909    733
   910    733
   911    733
   912    733
   905    734
   906    734
   907    734
   908    734
   909    734
   910    734
   911    734
   912    734
   906    735
   907    735
   908    735
   909    735
   910    735
   911    735
   912    735
   906    736
   907    736
   908    736
   909    736
   910    736
   911    736
   912    736
   905    737
   906    737
   907    737
   908    737
   909    737
   910    737
   911    737
   906    738
   907    738
   908    738
   909    738
   910    738
   911    738
   906    739
   907    739
   908    739
   909    739
   910    739
   911    739
   905    740
   906    740
   907    740
   908    740
   909    740
   910    740
   911    740
   905    741
   906    741
   907    741
   908    741
   909    741
   910    741
   905    742
   906    742
   907    742
   908    742
   909    742
   910    742
   911    742
   905    743
   906    743
   907    743
   908    743
   909    743
   907    744
   908    744
   909    744
