   907    700
   908    700
   907    701
   908    701
   907    703
   908    703
   907    704
   908    704
   909    704
   907    705
   908    705
   909    705
   906    706
   907    706
   908    706
   909    706
   906    707
   907    707
   908    707
   909    707
   907    708
   908    708
   909    708
   910    708
   911    708
   906    709
   907    709
   908    709
   909    709
   910    709
   911    709
   906    710
   907    710
   908    710
   909    710
   910    710
   907    711
   908    711
   909    711
   910    711
   906    712
   907    712
   908    712
   909    712
   910    712
   906    713
   907    713
   908    713
   909    713
   910    713
   911    713
   906    714
   907    714
   908    714
   909    714
   910    714
   911    714
   906    715
   907    715
   908    715
   909    715
   910    715
   911    715
   906    716
   907    716
   908    716
   909    716
   910    716
   906    717
   907    717
   908    717
   909    717
   910    717
   906    718
   907    718
   908    718
   909    718
   910    718
   906    719
   907    719
   908    719
   909    719
   910    719
   911    719
   906    720
   907    720
   908    720
   909    720
   910    720
   906    721
   907    721
   908    721
   909    721
   910    721
   911    721
   906    722
   907    722
   908    722
   909    722
   910    722
   911    722
   905    723
   906    723
   907    723
   908    723
   909    723
   910    723
   911    723
   906    724
   907    724
   908    724
   909    724
   910    724
   911    724
   912    724
   906    725
   907    725
   908    725
   909    725
   910    725
   911    725
   912    725
   906    726
   907    726
   908    726
   909    726
   910    726
   911    726
   912    726
   906    727
   907    727
   908    727
   909    727
   910    727
   911    727
   912    727
   906    728
   907    728
   908    728
   909    728
   910    728
   911    728
   912    728
   906    729
   907    729
   908    729
   909    729
   910    729
   911    729
   912    729
   913    729
   906    730
   907    730
   908    730
   909    730
   910    730
   911    730
   912    730
   913    730
   906    731
   907    731
   908    731
   909    731
   910    731
   911    731
   912    731
   906    732
   907    732
   908    732
   909    732
   910    732
   911    732
   912    732
   913    732
   906    733
   907    733
   908    733
   909    733
   910    733
   911    733
   912    733
   906    734
   907    734
   908    734
   909    734
   910    734
   911    734
   912    734
   913    734
   906    735
   907    735
   908    735
   909    735
   910    735
   911    735
   912    735
   906    736
   907    736
   908    736
   909    736
   910    736
   911    736
   912    736
   906    737
   907    737
   908    737
   909    737
   910    737
   911    737
   912    737
   906    738
   907    738
   908    738
   909    738
   910    738
   911    738
   912    738
   906    739
   907    739
   908    739
   909    739
   910    739
   911    739
   912    739
   905    740
   906    740
   907    740
   908    740
   909    740
   910    740
   911    740
   912    740
   906    741
   907    741
   908    741
   909    741
   910    741
   911    741
   912    741
   906    742
   907    742
   908    742
   909    742
   910    742
   911    742
   912    742
   905    743
   906    743
   907    743
   908    743
   909    743
   910    743
   911    743
   912    743
   905    744
   906    744
   907    744
   908    744
   909    744
   910    744
   911    744
   912    744
   913    744
   905    745
   906    745
   907    745
   908    745
   909    745
   910    745
   911    745
   912    745
   913    745
   905    746
   906    746
   907    746
   908    746
   909    746
   910    746
   911    746
   912    746
   913    746
   905    747
   906    747
   907    747
   908    747
   909    747
   910    747
   911    747
   912    747
   913    747
   914    747
   905    748
   906    748
   907    748
   908    748
   909    748
   910    748
   911    748
   912    748
   913    748
   905    749
   906    749
   907    749
   908    749
   909    749
   910    749
   911    749
   912    749
   913    749
   914    749
   905    750
   906    750
   907    750
   908    750
   909    750
   910    750
   911    750
   912    750
   913    750
   905    751
   906    751
   907    751
   908    751
   909    751
   910    751
   911    751
   912    751
   913    751
   905    752
   906    752
   907    752
   908    752
   909    752
   910    752
   911    752
   912    752
   913    752
   905    753
   906    753
   907    753
   908    753
   909    753
   910    753
   911    753
   912    753
   913    753
   914    753
   905    754
   906    754
   907    754
   908    754
   909    754
   910    754
   911    754
   912    754
   913    754
   914    754
   905    755
   906    755
   907    755
   908    755
   909    755
   910    755
   911    755
   912    755
   913    755
   914    755
   905    756
   906    756
   907    756
   908    756
   909    756
   910    756
   911    756
   912    756
   913    756
   914    756
   905    757
   906    757
   907    757
   908    757
   909    757
   910    757
   911    757
   912    757
   913    757
   914    757
   905    758
   906    758
   907    758
   908    758
   909    758
   910    758
   911    758
   912    758
   913    758
   914    758
   905    759
   906    759
   907    759
   908    759
   909    759
   910    759
   911    759
   912    759
   913    759
   914    759
   905    760
   906    760
   907    760
   908    760
   909    760
   910    760
   911    760
   912    760
   913    760
   914    760
   905    761
   906    761
   907    761
   908    761
   909    761
   910    761
   911    761
   912    761
   913    761
   914    761
   915    761
   905    762
   906    762
   907    762
   908    762
   909    762
   910    762
   911    762
   912    762
   913    762
   914    762
   905    763
   906    763
   907    763
   908    763
   909    763
   910    763
   911    763
   912    763
   913    763
   914    763
   915    763
   905    764
   906    764
   907    764
   908    764
   909    764
   910    764
   911    764
   912    764
   913    764
   914    764
   915    764
   904    765
   905    765
   906    765
   907    765
   908    765
   909    765
   910    765
   911    765
   912    765
   913    765
   914    765
   915    765
   905    766
   906    766
   907    766
   908    766
   909    766
   910    766
   911    766
   912    766
   913    766
   914    766
   905    767
   906    767
   907    767
   908    767
   909    767
   910    767
   911    767
   912    767
   913    767
   914    767
   915    767
   904    768
   905    768
   906    768
   907    768
   908    768
   909    768
   910    768
   911    768
   912    768
   913    768
   914    768
   905    769
   906    769
   907    769
   908    769
   909    769
   910    769
   911    769
   912    769
   913    769
   914    769
   904    770
   905    770
   906    770
   907    770
   908    770
   909    770
   910    770
   911    770
   912    770
   913    770
   914    770
   915    770
   904    771
   905    771
   906    771
   907    771
   908    771
   909    771
   910    771
   911    771
   912    771
   913    771
   914    771
   904    772
   905    772
   906    772
   907    772
   908    772
   909    772
   910    772
   911    772
   912    772
   913    772
   914    772
   904    773
   905    773
   906    773
   907    773
   908    773
   909    773
   910    773
   911    773
   912    773
   913    773
   914    773
   905    774
   906    774
   907    774
   908    774
   909    774
   910    774
   911    774
   912    774
   913    774
   914    774
   904    775
   905    775
   906    775
   907    775
   908    775
   909    775
   910    775
   911    775
   912    775
   913    775
   914    775
   904    776
   905    776
   906    776
   907    776
   908    776
   909    776
   910    776
   911    776
   912    776
   913    776
   914    776
   904    777
   905    777
   906    777
   907    777
   908    777
   909    777
   910    777
   911    777
   912    777
   913    777
   914    777
   904    778
   905    778
   906    778
   907    778
   908    778
   909    778
   910    778
   911    778
   912    778
   913    778
   914    778
   915    778
   904    779
   905    779
   906    779
   907    779
   908    779
   909    779
   910    779
   911    779
   912    779
   913    779
   914    779
   904    780
   905    780
   906    780
   907    780
   908    780
   909    780
   910    780
   911    780
   912    780
   913    780
   914    780
   915    780
   904    781
   905    781
   906    781
   907    781
   908    781
   909    781
   910    781
   911    781
   912    781
   913    781
   914    781
   904    782
   905    782
   906    782
   907    782
   908    782
   909    782
   910    782
   911    782
   912    782
   913    782
   914    782
   904    783
   905    783
   906    783
   907    783
   908    783
   909    783
   910    783
   911    783
   912    783
   913    783
