   906    695
   907    695
   906    696
   907    696
   906    697
   907    697
   908    697
   906    698
   907    698
   906    700
   907    700
   908    700
   906    701
   907    701
   908    701
   906    702
   907    702
   908    702
   909    702
   910    702
   906    703
   907    703
   908    703
   906    704
   907    704
   908    704
   906    705
   907    705
   908    705
   906    706
   907    706
   908    706
   906    707
   907    707
   908    707
   906    708
   907    708
   908    708
   909    708
   906    709
   907    709
   908    709
   909    709
   906    710
   907    710
   908    710
   909    710
   910    710
   911    710
   905    711
   906    711
   907    711
   908    711
   909    711
   910    711
   906    712
   907    712
   908    712
   909    712
   910    712
   911    712
   906    713
   907    713
   908    713
   909    713
   910    713
   911    713
   906    714
   907    714
   908    714
   909    714
   910    714
   911    714
   906    715
   907    715
   908    715
   909    715
   910    715
   911    715
   906    716
   907    716
   908    716
   909    716
   910    716
   911    716
   905    717
   906    717
   907    717
   908    717
   909    717
   910    717
   911    717
   906    718
   907    718
   908    718
   909    718
   910    718
   911    718
   906    719
   907    719
   908    719
   909    719
   910    719
   911    719
   905    720
   906    720
   907    720
   908    720
   909    720
   910    720
   911    720
   912    720
   905    721
   906    721
   907    721
   908    721
   909    721
   910    721
   911    721
   906    722
   907    722
   908    722
   909    722
   910    722
   911    722
   912    722
   905    723
   906    723
   907    723
   908    723
   909    723
   910    723
   911    723
   905    724
   906    724
   907    724
   908    724
   909    724
   910    724
   911    724
   912    724
   905    725
   906    725
   907    725
   908    725
   909    725
   910    725
   911    725
   912    725
   905    726
   906    726
   907    726
   908    726
   909    726
   910    726
   911    726
   905    727
   906    727
   907    727
   908    727
   909    727
   910    727
   911    727
   912    727
   905    728
   906    728
   907    728
   908    728
   909    728
   910    728
   911    728
   912    728
   905    729
   906    729
   907    729
   908    729
   909    729
   910    729
   911    729
   912    729
   905    730
   906    730
   907    730
   908    730
   909    730
   910    730
   911    730
   912    730
   905    731
   906    731
   907    731
   908    731
   909    731
   910    731
   911    731
   912    731
   905    732
   906    732
   907    732
   908    732
   909    732
   910    732
   911    732
   912    732
   905    733
   906    733
   907    733
   908    733
   909    733
   910    733
   911    733
   912    733
   905    734
   906    734
   907    734
   908    734
   909    734
   910    734
   911    734
   912    734
   905    735
   906    735
   907    735
   908    735
   909    735
   910    735
   911    735
   912    735
   905    736
   906    736
   907    736
   908    736
   909    736
   910    736
   911    736
   912    736
   913    736
   905    737
   906    737
   907    737
   908    737
   909    737
   910    737
   911    737
   912    737
   905    738
   906    738
   907    738
   908    738
   909    738
   910    738
   911    738
   912    738
   913    738
   905    739
   906    739
   907    739
   908    739
   909    739
   910    739
   911    739
   912    739
   913    739
   905    740
   906    740
   907    740
   908    740
   909    740
   910    740
   911    740
   912    740
   905    741
   906    741
   907    741
   908    741
   909    741
   910    741
   911    741
   912    741
   905    742
   906    742
   907    742
   908    742
   909    742
   910    742
   911    742
   912    742
   913    742
   905    743
   906    743
   907    743
   908    743
   909    743
   910    743
   911    743
   912    743
   913    743
   905    744
   906    744
   907    744
   908    744
   909    744
   910    744
   911    744
   912    744
   913    744
   905    745
   906    745
   907    745
   908    745
   909    745
   910    745
   911    745
   912    745
   913    745
   905    746
   906    746
   907    746
   908    746
   909    746
   910    746
   911    746
   912    746
   913    746
   905    747
   906    747
   907    747
   908    747
   909    747
   910    747
   911    747
   912    747
   913    747
   905    748
   906    748
   907    748
   908    748
   909    748
   910    748
   911    748
   912    748
   913    748
   905    749
   906    749
   907    749
   908    749
   909    749
   910    749
   911    749
   912    749
   913    749
   905    750
   906    750
   907    750
   908    750
   909    750
   910    750
   911    750
   912    750
   913    750
   905    751
   906    751
   907    751
   908    751
   909    751
   910    751
   911    751
   912    751
   913    751
   905    752
   906    752
   907    752
   908    752
   909    752
   910    752
   911    752
   912    752
   913    752
   905    753
   906    753
   907    753
   908    753
   909    753
   910    753
   911    753
   912    753
   913    753
   914    753
   905    754
   906    754
   907    754
   908    754
   909    754
   910    754
   911    754
   912    754
   913    754
   914    754
   905    755
   906    755
   907    755
   908    755
   909    755
   910    755
   911    755
   912    755
   913    755
   914    755
   905    756
   906    756
   907    756
   908    756
   909    756
   910    756
   911    756
   912    756
   913    756
   914    756
   905    757
   906    757
   907    757
   908    757
   909    757
   910    757
   911    757
   912    757
   913    757
   914    757
   905    758
   906    758
   907    758
   908    758
   909    758
   910    758
   911    758
   912    758
   913    758
   914    758
   915    758
   905    759
   906    759
   907    759
   908    759
   909    759
   910    759
   911    759
   912    759
   913    759
   914    759
   915    759
   906    760
   907    760
   908    760
   909    760
   910    760
   911    760
   912    760
   913    760
   914    760
   915    760
   905    761
   906    761
   907    761
   908    761
   909    761
   910    761
   911    761
   912    761
   913    761
   914    761
   915    761
   906    762
   907    762
   908    762
   909    762
   910    762
   911    762
   912    762
   913    762
   914    762
   915    762
   905    763
   906    763
   907    763
   908    763
   909    763
   910    763
   911    763
   912    763
   913    763
   914    763
   915    763
   916    763
   906    764
   907    764
   908    764
   909    764
   910    764
   911    764
   912    764
   913    764
   914    764
   915    764
   906    765
   907    765
   908    765
   909    765
   910    765
   911    765
   912    765
   913    765
   914    765
   915    765
   916    765
   906    766
   907    766
   908    766
   909    766
   910    766
   911    766
   912    766
   913    766
   914    766
   915    766
   916    766
   906    767
   907    767
   908    767
   909    767
   910    767
   911    767
   912    767
   913    767
   914    767
   915    767
   916    767
   905    768
   906    768
   907    768
   908    768
   909    768
   910    768
   911    768
   912    768
   913    768
   914    768
   915    768
   916    768
   906    769
   907    769
   908    769
   909    769
   910    769
   911    769
   912    769
   913    769
   914    769
   915    769
   916    769
   905    770
   906    770
   907    770
   908    770
   909    770
   910    770
   911    770
   912    770
   913    770
   914    770
   915    770
   916    770
   905    771
   906    771
   907    771
   908    771
   909    771
   910    771
   911    771
   912    771
   913    771
   914    771
   915    771
   906    772
   907    772
   908    772
   909    772
   910    772
   911    772
   912    772
   913    772
   914    772
   915    772
   916    772
   905    773
   906    773
   907    773
   908    773
   909    773
   910    773
   911    773
   912    773
   913    773
   914    773
   915    773
   916    773
   906    774
   907    774
   908    774
   909    774
   910    774
   911    774
   912    774
   913    774
   914    774
   915    774
   916    774
   905    775
   906    775
   907    775
   908    775
   909    775
   910    775
   911    775
   912    775
   913    775
   914    775
   915    775
   916    775
   906    776
   907    776
   908    776
   909    776
   910    776
   911    776
   912    776
   913    776
   914    776
   915    776
   916    776
   906    777
   907    777
   908    777
   909    777
   910    777
   911    777
   912    777
   913    777
   914    777
   915    777
   916    777
   906    778
   907    778
   908    778
   909    778
   910    778
   911    778
   912    778
   913    778
   914    778
   915    778
   916    778
   917    778
   905    779
   906    779
   907    779
   908    779
   909    779
   910    779
   911    779
   912    779
   913    779
   914    779
   915    779
   916    779
   917    779
   906    780
   907    780
   908    780
   909    780
   910    780
   911    780
   912    780
   913    780
   914    780
   915    780
   916    780
   917    780
   906    781
   907    781
   908    781
   909    781
   910    781
   911    781
   912    781
   913    781
   914    781
   915    781
   916    781
   917    781
   906    782
   907    782
   908    782
   909    782
   910    782
   911    782
   912    782
   913    782
   914    782
   915    782
   916    782
   917    782
   918    782
   906    783
   907    783
   908    783
   909    783
   910    783
   911    783
   912    783
   913    783
   914    783
   915    783
   916    783
   917    783
   906    784
   907    784
   908    784
   909    784
   910    784
   911    784
   912    784
   913    784
   914    784
   915    784
   916    784
   917    784
   906    785
   907    785
   908    785
   909    785
   910    785
   911    785
   912    785
   913    785
   914    785
   915    785
   916    785
   905    786
   906    786
   907    786
   908    786
   909    786
   910    786
   911    786
   912    786
   913    786
   914    786
   915    786
   916    786
   908    787
   909    787
   910    787
   911    787
   912    787
   913    787
   914    787
   915    787
