   905    698
   906    698
   907    698
   905    699
   906    699
   907    699
   908    699
   909    699
   905    700
   906    700
   905    701
   906    701
   907    701
   905    702
   906    702
   907    702
   905    703
   906    703
   907    703
   905    704
   906    704
   907    704
   908    704
   909    704
   905    705
   906    705
   907    705
   908    705
   909    705
   905    706
   906    706
   907    706
   908    706
   909    706
   910    706
   905    707
   906    707
   907    707
   908    707
   909    707
   905    708
   906    708
   907    708
   908    708
   909    708
   910    708
   905    709
   906    709
   907    709
   908    709
   909    709
   910    709
   905    710
   906    710
   907    710
   908    710
   909    710
   910    710
   905    711
   906    711
   907    711
   908    711
   909    711
   910    711
   905    712
   906    712
   907    712
   908    712
   909    712
   910    712
   905    713
   906    713
   907    713
   908    713
   909    713
   910    713
   905    714
   906    714
   907    714
   908    714
   909    714
   905    715
   906    715
   907    715
   908    715
   909    715
   905    716
   906    716
   907    716
   908    716
   909    716
   905    717
   906    717
   907    717
   908    717
   909    717
   905    718
   906    718
   907    718
   908    718
   905    719
   906    719
   907    719
   908    719
