   909    768
   910    768
   911    768
   909    769
   910    769
   911    769
   909    770
   910    770
   911    770
   908    771
   909    771
   910    771
   911    771
   912    771
   908    772
   909    772
   910    772
   911    772
   908    773
   909    773
   910    773
   911    773
   912    773
   908    774
   909    774
   910    774
   911    774
   907    775
   908    775
   909    775
   910    775
   911    775
   912    775
   907    776
   908    776
   909    776
   910    776
   911    776
   912    776
   907    777
   908    777
   909    777
   910    777
   911    777
   912    777
   907    778
   908    778
   909    778
   910    778
   911    778
   907    779
   908    779
   909    779
   910    779
   911    779
   907    780
   908    780
