   909    751
   910    751
   908    752
   909    752
   910    752
   911    752
   908    753
   909    753
   910    753
   908    754
   909    754
   910    754
   911    754
   908    755
   909    755
   910    755
   911    755
   907    756
   908    756
   909    756
   910    756
   911    756
   907    757
   908    757
   909    757
   910    757
   911    757
   907    758
   908    758
   909    758
   910    758
   911    758
   906    759
   907    759
   908    759
   909    759
   910    759
   911    759
   906    760
   907    760
   908    760
   909    760
   910    760
   911    760
   906    761
   907    761
   908    761
   909    761
   910    761
   911    761
   906    762
   907    762
   908    762
   909    762
   910    762
   911    762
   905    763
   906    763
   907    763
   908    763
   909    763
   910    763
   911    763
   905    764
   906    764
   907    764
   908    764
   909    764
   910    764
   911    764
   912    764
   905    765
   906    765
   907    765
   908    765
   909    765
   910    765
   911    765
   905    766
   906    766
   907    766
   908    766
   909    766
   910    766
   911    766
   905    767
   906    767
   907    767
   908    767
   909    767
   910    767
   911    767
   912    767
   904    768
   905    768
   906    768
   907    768
   908    768
   909    768
   910    768
   911    768
   912    768
   904    769
   905    769
   906    769
   907    769
   908    769
   909    769
   910    769
   911    769
   912    769
   913    769
   904    770
   905    770
   906    770
   907    770
   908    770
   909    770
   910    770
   911    770
   912    770
   904    771
   905    771
   906    771
   907    771
   908    771
   909    771
   910    771
   911    771
   912    771
   904    772
   905    772
   906    772
   907    772
   908    772
   909    772
   910    772
   911    772
   912    772
   904    773
   905    773
   906    773
   907    773
   908    773
   909    773
   910    773
   911    773
   912    773
   903    774
   904    774
   905    774
   906    774
   907    774
   908    774
   909    774
   910    774
   911    774
   912    774
   903    775
   904    775
   905    775
   906    775
   907    775
   908    775
   909    775
   910    775
   911    775
   912    775
   904    776
   905    776
   906    776
   907    776
   908    776
   909    776
   910    776
   911    776
   912    776
   903    777
   904    777
   905    777
   906    777
   907    777
   908    777
   909    777
   910    777
   911    777
   912    777
   903    778
   904    778
   905    778
   906    778
   907    778
   908    778
   909    778
   910    778
   911    778
   912    778
   903    779
   904    779
   905    779
   906    779
   907    779
   908    779
   909    779
   910    779
   911    779
   912    779
   904    780
   905    780
   906    780
   908    781
   909    781
   910    781
   911    781
