   902    700
   903    700
   904    700
   905    700
   906    700
   902    701
   903    701
   904    701
   905    701
   906    701
   902    702
   903    702
   904    702
   905    702
   906    702
   902    703
   903    703
   905    703
   906    703
   902    704
   903    704
   904    704
   905    704
   906    704
   902    705
   903    705
   904    705
   905    705
   906    705
   907    705
   902    706
   903    706
   904    706
   905    706
   906    706
   907    706
   902    707
   903    707
   904    707
   905    707
   906    707
   907    707
   902    708
   903    708
   904    708
   905    708
   906    708
   907    708
   902    709
   903    709
   904    709
   905    709
   906    709
   907    709
   902    710
   903    710
   904    710
   905    710
   906    710
   902    711
   903    711
   904    711
   905    711
   906    711
   907    711
   901    712
   902    712
   903    712
   904    712
   905    712
   906    712
   907    712
   901    713
   902    713
   903    713
   904    713
   905    713
   906    713
   907    713
   901    714
   902    714
   903    714
   904    714
   905    714
   906    714
   907    714
   902    715
   903    715
   904    715
   905    715
   906    715
   907    715
   901    716
   902    716
   903    716
   904    716
   905    716
   906    716
   901    717
   902    717
   903    717
   904    717
   905    717
   906    717
   902    718
   903    718
   904    718
   905    718
   901    719
   902    719
   903    719
   904    719
   905    719
   901    720
   902    720
   903    720
   904    720
   905    720
   901    721
   902    721
   903    721
   904    721
   905    721
   901    722
   902    722
   903    722
   904    722
   905    722
   901    723
   902    723
   903    723
   904    723
   905    723
   901    724
   902    724
   903    724
   904    724
   905    724
   901    725
   902    725
   903    725
   904    725
   905    725
   906    725
   901    726
   902    726
   903    726
   904    726
   905    726
   906    726
   901    727
   902    727
   903    727
   904    727
   905    727
   901    728
   902    728
   903    728
   904    728
   905    728
   901    729
   902    729
   903    729
   904    729
   905    729
   900    730
   901    730
   902    730
   903    730
   904    730
   901    731
   902    731
