   903    692
   904    692
   903    693
   904    693
   905    693
   903    694
   904    694
   905    694
   906    694
   905    695
   906    695
   907    695
   901    696
   902    696
   901    697
   902    697
   903    697
   904    697
   905    697
   903    698
   904    698
   900    699
   901    699
   903    699
   904    699
   905    699
   906    699
   907    699
   902    700
   903    700
   904    700
   905    700
   906    700
   902    701
   903    701
   904    701
   905    701
   906    701
   902    702
   903    702
   904    702
   905    702
   906    702
   902    703
   903    703
   904    703
   905    703
   906    703
   902    704
   903    704
   904    704
   905    704
   906    704
   902    705
   903    705
   904    705
   905    705
   906    705
   902    706
   903    706
   904    706
   905    706
   906    706
   907    706
   902    707
   903    707
   904    707
   905    707
   906    707
   902    708
   903    708
   904    708
   905    708
   906    708
   901    709
   902    709
   903    709
   904    709
   905    709
   906    709
   907    709
   901    710
   902    710
   903    710
   904    710
   905    710
   906    710
   902    711
   903    711
   904    711
   905    711
   906    711
   901    712
   902    712
   903    712
   904    712
   905    712
   901    713
   902    713
   903    713
   904    713
   901    714
   902    714
   903    714
   904    714
   901    715
   902    715
   903    715
   904    715
   901    716
   902    716
   903    716
   901    717
   902    717
   903    717
   904    717
   902    718
   903    718
   904    718
   905    718
   901    719
   902    719
   903    719
