   904    746
   905    746
   903    747
   904    747
   905    747
   903    748
   904    748
   905    748
   903    749
   904    749
   905    749
   903    750
   904    750
   905    750
   906    750
   903    751
   904    751
   905    751
   902    752
   903    752
   904    752
   905    752
   906    752
   902    753
   903    753
   904    753
   905    753
   906    753
   907    753
   901    754
   902    754
   903    754
   904    754
   905    754
   906    754
   907    754
   901    755
   902    755
   903    755
   904    755
   905    755
   906    755
   907    755
   901    756
   902    756
   903    756
   904    756
   905    756
   906    756
   907    756
   901    757
   902    757
   903    757
   904    757
   905    757
   906    757
   907    757
   901    758
   902    758
   903    758
   904    758
   905    758
   906    758
   907    758
   900    759
   901    759
   902    759
   903    759
   904    759
   905    759
   906    759
   907    759
   900    760
   901    760
   902    760
   903    760
   904    760
   905    760
   906    760
   907    760
   899    761
   900    761
   901    761
   902    761
   903    761
   904    761
   905    761
   906    761
   907    761
   899    762
   900    762
   901    762
   902    762
   903    762
   904    762
   905    762
   906    762
   907    762
   899    763
   900    763
   901    763
   902    763
   903    763
   904    763
   905    763
   906    763
   907    763
   899    764
   900    764
   901    764
   902    764
   903    764
   904    764
   905    764
   906    764
   907    764
   899    765
   900    765
   901    765
   902    765
   903    765
   904    765
   905    765
   906    765
   907    765
   899    766
   900    766
   901    766
   902    766
   903    766
   904    766
   905    766
   906    766
   907    766
   899    767
   900    767
   901    767
   902    767
   903    767
   904    767
   905    767
   906    767
   907    767
   908    767
   898    768
   899    768
   900    768
   901    768
   902    768
   903    768
   904    768
   905    768
   906    768
   907    768
   908    768
   898    769
   899    769
   900    769
   901    769
   902    769
   903    769
   904    769
   905    769
   906    769
   907    769
   898    770
   899    770
   900    770
   901    770
   902    770
   903    770
   904    770
   905    770
   906    770
   907    770
   908    770
   898    771
   899    771
   900    771
   901    771
   902    771
   903    771
   904    771
   905    771
   906    771
   907    771
   898    772
   899    772
   900    772
   901    772
   902    772
   903    772
   904    772
   905    772
   906    772
   907    772
   908    772
   898    773
   899    773
   900    773
   901    773
   902    773
   903    773
   904    773
   905    773
   906    773
   907    773
   897    774
   898    774
   899    774
   900    774
   901    774
   902    774
   903    774
   904    774
   905    774
   906    774
   907    774
   908    774
   897    775
   898    775
   899    775
   900    775
   901    775
   902    775
   903    775
   904    775
   905    775
   906    775
   907    775
   897    776
   898    776
   899    776
   900    776
   901    776
   902    776
   903    776
   904    776
   905    776
   906    776
   907    776
   908    776
   897    777
   898    777
   899    777
   900    777
   901    777
   902    777
   903    777
   904    777
   905    777
   906    777
   907    777
   908    777
   897    778
   898    778
   899    778
   900    778
   901    778
   902    778
   903    778
   904    778
   905    778
   906    778
   897    779
   898    779
   899    779
   900    779
   901    779
   902    779
   903    779
   904    779
   905    779
   896    780
   897    780
   898    780
   899    780
   900    780
   901    780
   902    780
   903    780
   904    780
   901    781
   902    781
   903    781
   904    781
   901    782
   902    782
   903    782
