   904    763
   903    765
   904    765
   904    766
   905    766
   903    767
   904    767
   905    767
   906    767
   903    768
   904    768
   905    768
   906    768
   907    768
   908    768
   902    769
   903    769
   904    769
   905    769
   906    769
   907    769
   902    770
   903    770
   904    770
   905    770
   906    770
   907    770
   908    770
   902    771
   903    771
   904    771
   905    771
   906    771
   907    771
   901    772
   902    772
   903    772
   904    772
   905    772
   906    772
   907    772
   908    772
   901    773
   902    773
   903    773
   904    773
   905    773
   906    773
   907    773
   901    774
   902    774
   903    774
   904    774
   905    774
   906    774
   907    774
   908    774
   901    775
   902    775
   903    775
   904    775
   905    775
   906    775
   907    775
   901    776
   902    776
   903    776
   904    776
   905    776
   906    776
   907    776
   908    776
   901    777
   902    777
   903    777
   904    777
   905    777
   901    778
   902    778
   903    778
   904    778
   905    778
   900    779
   901    779
   902    779
   903    779
   904    779
   902    780
   903    780
   904    780
