   906    768
   907    768
   908    768
   906    769
   907    769
   908    769
   906    770
   907    770
   908    770
   906    771
   907    771
   908    771
   905    772
   906    772
   907    772
   908    772
   905    773
   906    773
   907    773
   908    773
   905    774
   906    774
   907    774
   908    774
   909    774
   910    774
   904    775
   905    775
   906    775
   907    775
   908    775
   909    775
   910    775
   904    776
   905    776
   906    776
   907    776
   908    776
   909    776
   910    776
   903    777
   904    777
   905    777
   906    777
   907    777
   908    777
   909    777
   910    777
   903    778
   904    778
   905    778
   906    778
   907    778
   908    778
   909    778
   910    778
   903    779
   904    779
   905    779
   906    779
   907    779
   908    779
   909    779
   910    779
   903    780
   904    780
   905    780
   906    780
   907    780
   908    780
   909    780
   903    781
   904    781
   905    781
   906    781
   907    781
   908    781
   909    781
   910    781
   903    782
   904    782
   905    782
   906    782
   907    782
   908    782
   909    782
   902    783
   903    783
   904    783
   905    783
   906    783
   907    783
   908    783
   909    783
   902    784
   903    784
   904    784
   905    784
   906    784
   907    784
   902    785
   903    785
   904    785
   905    785
   906    785
   907    785
   901    786
   902    786
   903    786
   904    786
