   905    698
   906    698
   907    698
   905    699
   906    699
   907    699
   905    700
   906    700
   905    701
   906    701
   905    702
   906    702
   907    702
   905    703
   906    703
   905    704
   906    704
   907    704
   905    705
   906    705
   907    705
   905    706
   906    706
   907    706
   905    707
   906    707
   907    707
   905    708
   906    708
   907    708
   904    709
   905    709
   906    709
   907    709
   905    710
   906    710
   907    710
   905    711
   906    711
   907    711
   905    712
   906    712
   907    712
   905    713
   906    713
   907    713
   905    714
   906    714
   907    714
   905    715
   906    715
   907    715
   904    716
   905    716
   906    716
   907    716
   904    717
   905    717
   906    717
   907    717
   904    718
   905    718
   906    718
   907    718
   908    718
   904    719
   905    719
   906    719
   907    719
   908    719
   904    720
   905    720
   906    720
