   907    746
   908    746
   906    747
   907    747
   908    747
   906    748
   907    748
   908    748
   906    749
   907    749
   908    749
   906    750
   907    750
   908    750
   905    751
   906    751
   907    751
   908    751
   905    752
   906    752
   907    752
   908    752
   905    753
   906    753
   907    753
   908    753
   909    753
   904    754
   905    754
   906    754
   907    754
   908    754
   909    754
   904    755
   905    755
   906    755
   907    755
   908    755
   909    755
   904    756
   905    756
   906    756
   907    756
   908    756
   909    756
   904    757
   905    757
   906    757
   907    757
   908    757
   909    757
   910    757
   904    758
   905    758
   906    758
   907    758
   908    758
   909    758
   910    758
   904    759
   905    759
   906    759
   907    759
   908    759
   909    759
   910    759
   903    760
   904    760
   905    760
   906    760
   907    760
   908    760
   909    760
   910    760
   903    761
   904    761
   905    761
   906    761
   907    761
   908    761
   909    761
   910    761
   903    762
   904    762
   905    762
   906    762
   907    762
   908    762
   909    762
   910    762
   903    763
   904    763
   905    763
   906    763
   907    763
   908    763
   909    763
   910    763
   902    764
   903    764
   904    764
   905    764
   906    764
   907    764
   908    764
   909    764
   910    764
   902    765
   903    765
   904    765
   905    765
   906    765
   907    765
   908    765
   909    765
   910    765
   902    766
   903    766
   904    766
   905    766
   906    766
   907    766
   908    766
   909    766
   910    766
   902    767
   903    767
   904    767
   905    767
   906    767
   907    767
   908    767
   909    767
   910    767
   902    768
   903    768
   904    768
   905    768
   906    768
   907    768
   908    768
   909    768
   910    768
   901    769
   902    769
   903    769
   904    769
   905    769
   906    769
   907    769
   908    769
   909    769
   910    769
   901    770
   902    770
   903    770
   904    770
   905    770
   906    770
   907    770
   908    770
   909    770
   910    770
   901    771
   902    771
   903    771
   904    771
   905    771
   906    771
   907    771
   908    771
   909    771
   910    771
   901    772
   902    772
   903    772
   904    772
   905    772
   906    772
   907    772
   908    772
   909    772
   910    772
   901    773
   902    773
   903    773
   904    773
   905    773
   906    773
   907    773
   908    773
   909    773
   910    773
   901    774
   902    774
   903    774
   904    774
   905    774
   906    774
   907    774
   908    774
   909    774
   910    774
   901    775
   902    775
   903    775
   904    775
   905    775
   906    775
   907    775
   908    775
   909    775
   910    775
   900    776
   901    776
   902    776
   903    776
   904    776
   905    776
   906    776
   907    776
   908    776
   909    776
   900    777
   901    777
   902    777
   903    777
   904    777
   905    777
   906    777
   907    777
   908    777
   909    777
   910    777
   900    778
   901    778
   902    778
   903    778
   904    778
   905    778
   906    778
   907    778
   908    778
   909    778
   900    779
   901    779
   902    779
   903    779
   904    779
   905    779
   906    779
   907    779
   908    779
   909    779
   900    780
   901    780
   902    780
   903    780
   904    780
   905    780
   906    780
   907    780
   908    780
   909    780
   900    781
   901    781
   902    781
   903    781
   904    781
   905    781
   906    781
   907    781
   908    781
   909    781
   900    782
   901    782
   902    782
   903    782
   904    782
   905    782
   906    782
   907    782
   908    782
   899    783
   900    783
   901    783
   902    783
   903    783
   904    783
   905    783
   906    783
   907    783
   908    783
   899    784
   900    784
   901    784
   902    784
   903    784
   904    784
   905    784
   906    784
