   905    759
   904    760
   905    760
   906    760
   904    761
   905    761
   906    761
   904    762
   905    762
   906    762
   904    763
   905    763
   906    763
   907    763
   904    764
   905    764
   906    764
   903    765
   904    765
   905    765
   906    765
   903    766
   904    766
   905    766
   906    766
   903    767
   904    767
   905    767
   906    767
   907    767
   903    768
   904    768
   905    768
   906    768
   907    768
   902    769
   903    769
   904    769
   905    769
   906    769
   907    769
   902    770
   903    770
   904    770
   905    770
   906    770
   907    770
   902    771
   903    771
   904    771
   905    771
   906    771
   907    771
   902    772
   903    772
   904    772
   905    772
   906    772
   907    772
   902    773
   903    773
   904    773
   905    773
   906    773
   907    773
   902    774
   903    774
   904    774
   905    774
   906    774
   907    774
   908    774
   902    775
   903    775
   904    775
   905    775
   906    775
   907    775
   901    776
   902    776
   903    776
   904    776
   905    776
   906    776
   907    776
   901    777
   902    777
   903    777
   904    777
   905    777
   906    777
   907    777
   908    777
   901    778
   902    778
   903    778
   904    778
   905    778
   906    778
   907    778
   901    779
   902    779
   903    779
   904    779
   905    779
   906    779
   907    779
   901    780
   902    780
   903    780
   904    780
   905    780
   906    780
   907    780
   901    781
   902    781
   903    781
   904    781
   905    781
   906    781
   907    781
   901    782
   902    782
   903    782
   904    782
   905    782
   906    782
   902    783
   903    783
   904    783
   905    783
   906    783
