   903    752
   904    752
   905    752
   906    752
   903    753
   904    753
   905    753
   906    753
   907    753
   908    753
   903    754
   904    754
   905    754
   906    754
   903    755
   904    755
   905    755
   906    755
   903    756
   904    756
   905    756
   906    756
   903    757
   904    757
   905    757
   906    757
   903    758
   904    758
   905    758
   906    758
   907    758
   902    759
   903    759
   904    759
   905    759
   906    759
   902    760
   903    760
   904    760
   905    760
   906    760
   907    760
   902    761
   903    761
   904    761
   905    761
   906    761
   907    761
   902    762
   903    762
   904    762
   905    762
   906    762
   907    762
   908    762
   902    763
   903    763
   904    763
   905    763
   906    763
   907    763
   908    763
   901    764
   902    764
   903    764
   904    764
   905    764
   906    764
   907    764
   908    764
   901    765
   902    765
   903    765
   904    765
   905    765
   906    765
   907    765
   908    765
   901    766
   902    766
   903    766
   904    766
   905    766
   906    766
   907    766
   901    767
   902    767
   903    767
   904    767
   905    767
   906    767
   907    767
   901    768
   902    768
   903    768
   904    768
   905    768
   906    768
   907    768
   908    768
   900    769
   901    769
   902    769
   903    769
   904    769
   905    769
   906    769
   907    769
   908    769
   909    769
   900    770
   901    770
   902    770
   903    770
   904    770
   905    770
   906    770
   907    770
   908    770
   900    771
   901    771
   902    771
   903    771
   904    771
   905    771
   906    771
   907    771
   900    772
   901    772
   902    772
   903    772
   904    772
   905    772
   906    772
   907    772
   908    772
   900    773
   901    773
   902    773
   903    773
   904    773
   905    773
   906    773
   907    773
   899    774
   900    774
   901    774
   902    774
   903    774
   904    774
   905    774
   906    774
   907    774
   908    774
   909    774
   899    775
   900    775
   901    775
   902    775
   903    775
   904    775
   905    775
   906    775
   907    775
   908    775
   899    776
   900    776
   901    776
   902    776
   903    776
   904    776
   905    776
   906    776
   907    776
   908    776
   899    777
   900    777
   901    777
   902    777
   903    777
   904    777
   905    777
   906    777
   907    777
   908    777
   899    778
   900    778
   901    778
   902    778
   903    778
   904    778
   905    778
   906    778
   907    778
   908    778
   909    778
   899    779
   900    779
   901    779
   902    779
   903    779
   904    779
   905    779
   906    779
   907    779
   899    780
   900    780
   901    780
   902    780
   903    780
   904    780
   905    780
   906    780
   907    780
   899    781
   900    781
   901    781
   902    781
   903    781
   904    781
   905    781
   906    781
   907    781
   899    782
   900    782
   901    782
   902    782
   903    782
   904    782
   905    782
   906    782
   900    783
   901    783
   902    783
   903    783
   904    783
   905    783
   906    783
   902    784
   903    784
