   904    697
   905    697
   906    697
   904    698
   905    698
   906    698
   904    699
   905    699
   904    700
   905    700
   906    700
   907    700
   908    700
   904    701
   905    701
   906    701
   907    701
   908    701
   903    702
   904    702
   905    702
   906    702
   907    702
   903    703
   904    703
   905    703
   906    703
   907    703
   903    704
   904    704
   905    704
   906    704
   907    704
   908    704
   903    705
   904    705
   905    705
   906    705
   907    705
   903    706
   904    706
   905    706
   906    706
   907    706
   903    707
   904    707
   905    707
   906    707
   907    707
   908    707
   903    708
   904    708
   905    708
   906    708
   907    708
   903    709
   904    709
   905    709
   906    709
   907    709
   902    710
   903    710
   904    710
   905    710
   906    710
   907    710
   908    710
   902    711
   903    711
   904    711
   905    711
   906    711
   907    711
   902    712
   903    712
   904    712
   905    712
   906    712
   907    712
   903    713
   904    713
   905    713
   906    713
   902    714
   903    714
   904    714
   905    714
   906    714
   907    714
   902    715
   903    715
   904    715
   905    715
   906    715
   907    715
   902    716
   903    716
   904    716
   905    716
   906    716
   907    716
   902    717
   903    717
   904    717
   905    717
   906    717
   907    717
   902    718
   903    718
   904    718
   905    718
   906    718
   907    718
   901    719
   902    719
   903    719
   904    719
   905    719
   906    719
   907    719
   908    719
   901    720
   902    720
   903    720
   904    720
   905    720
   906    720
   907    720
   902    721
   903    721
   904    721
   905    721
   906    721
   907    721
   901    722
   902    722
   903    722
   904    722
   905    722
   906    722
   907    722
   908    722
   901    723
   902    723
   903    723
   904    723
   905    723
   906    723
   907    723
   901    724
   902    724
   903    724
   904    724
   905    724
   906    724
   907    724
   901    725
   902    725
   903    725
   904    725
   905    725
   906    725
   907    725
   901    726
   902    726
   903    726
   904    726
   905    726
   906    726
   907    726
   900    727
   901    727
   902    727
   903    727
   904    727
   905    727
   906    727
   907    727
   900    728
   901    728
   902    728
   903    728
   904    728
   905    728
   906    728
   907    728
   901    729
   902    729
   903    729
   904    729
   905    729
   906    729
   907    729
   900    730
   901    730
   902    730
   903    730
   904    730
   905    730
   906    730
   907    730
   900    731
   901    731
   902    731
   903    731
   904    731
   905    731
   906    731
   907    731
   900    732
   901    732
   902    732
   903    732
   904    732
   905    732
   906    732
   907    732
   900    733
   901    733
   902    733
   903    733
   904    733
   905    733
   906    733
   900    734
   901    734
   902    734
   903    734
   904    734
   905    734
   906    734
   899    735
   900    735
   901    735
   902    735
   903    735
   904    735
   905    735
   906    735
   899    736
   900    736
   901    736
   902    736
   903    736
   904    736
   905    736
   899    737
   900    737
   901    737
   902    737
   903    737
   904    737
   899    738
   900    738
   901    738
   902    738
   903    738
   904    738
   905    738
   899    739
   900    739
   901    739
   902    739
   903    739
   904    739
   905    739
   900    740
   901    740
   902    740
   903    740
   904    740
   900    741
   901    741
   902    741
   903    741
   900    742
   901    742
   902    742
   903    742
