   903    767
   904    767
   905    767
   902    768
   903    768
   904    768
   905    768
   902    769
   903    769
   904    769
   905    769
   902    770
   903    770
   904    770
   905    770
   902    771
   903    771
   904    771
   905    771
   901    772
   902    772
   903    772
   904    772
   905    772
   901    773
   902    773
   903    773
   904    773
   905    773
   901    774
   902    774
   903    774
   904    774
   905    774
   901    775
   902    775
   903    775
   904    775
   905    775
   900    776
   901    776
   902    776
   903    776
   904    776
   905    776
   906    776
   900    777
   901    777
   902    777
   903    777
   904    777
   905    777
   906    777
   907    777
   900    778
   901    778
   902    778
   903    778
   904    778
   905    778
   906    778
   907    778
   900    779
   901    779
   902    779
   903    779
   904    779
   905    779
   906    779
   907    779
   900    780
   901    780
   902    780
   903    780
   904    780
   905    780
   906    780
   907    780
   900    781
   901    781
   902    781
   903    781
   904    781
   905    781
   906    781
   907    781
   900    782
   901    782
   902    782
   903    782
   904    782
   905    782
   906    782
   899    783
   900    783
   901    783
   902    783
   903    783
   904    783
   905    783
   906    783
   907    783
   899    784
   900    784
   901    784
   902    784
   903    784
   904    784
   905    784
   906    784
   899    785
   900    785
   901    785
   902    785
   903    785
   904    785
   905    785
   906    785
   907    785
   899    786
   900    786
   901    786
   902    786
   903    786
   904    786
   905    786
   906    786
   899    787
   900    787
   901    787
   902    787
   903    787
   904    787
   905    787
   906    787
   898    788
   899    788
   900    788
   901    788
   902    788
   903    788
   904    788
   905    788
   906    788
   898    789
   899    789
   900    789
   901    789
   902    789
   903    789
   904    789
   905    789
   906    789
   898    790
   899    790
   900    790
   901    790
   902    790
   903    790
   904    790
   905    790
   906    790
   898    791
   899    791
   900    791
   901    791
   902    791
   903    791
   904    791
   905    791
   906    791
   898    792
   899    792
   900    792
   901    792
   902    792
   903    792
