   904    698
   905    698
   906    698
   904    699
   905    699
   906    699
   907    699
   908    699
   904    700
   905    700
   906    700
   907    700
   908    700
   904    701
   905    701
   906    701
   907    701
   908    701
   904    702
   905    702
   906    702
   907    702
   908    702
   904    703
   905    703
   907    703
   904    704
   905    704
   903    705
   904    705
   905    705
   903    706
   904    706
   905    706
   906    706
   907    706
   908    706
   903    707
   904    707
   905    707
   903    708
   904    708
   905    708
   903    709
   904    709
   905    709
   906    709
   907    709
   908    709
   902    710
   903    710
   904    710
   905    710
   906    710
   907    710
   908    710
   902    711
   903    711
   904    711
   905    711
   907    711
   903    712
   904    712
   905    712
   906    712
   903    713
   904    713
   905    713
   906    713
   907    713
   908    713
   902    714
   903    714
   904    714
   905    714
   906    714
   907    714
   902    715
   903    715
   904    715
   905    715
   906    715
   907    715
   902    716
   903    716
   904    716
   905    716
   906    716
   907    716
   908    716
   902    717
   903    717
   904    717
   905    717
   906    717
   907    717
   902    718
   903    718
   904    718
   905    718
   906    718
   907    718
   901    719
   902    719
   903    719
   904    719
   905    719
   906    719
   907    719
   901    720
   902    720
   903    720
   904    720
   905    720
   906    720
   907    720
   901    721
   902    721
   903    721
   904    721
   905    721
   901    722
   902    722
   903    722
   904    722
   905    722
   906    722
   901    723
   902    723
   903    723
   904    723
   905    723
   901    724
   902    724
   903    724
   904    724
   905    724
   906    724
   901    725
   902    725
   903    725
   904    725
   905    725
   906    725
   901    726
   902    726
   903    726
   904    726
   905    726
   906    726
   901    727
   902    727
   903    727
   904    727
   905    727
   906    727
   901    728
   902    728
   903    728
   904    728
   905    728
   901    729
   902    729
   903    729
