   902    767
   903    767
   904    767
   902    768
   903    768
   904    768
   902    769
   903    769
   904    769
   905    769
   902    770
   903    770
   904    770
   902    771
   903    771
   904    771
   902    772
   903    772
   904    772
   905    772
   901    773
   902    773
   903    773
   904    773
   905    773
   901    774
   902    774
   903    774
   904    774
   905    774
   901    775
   902    775
   903    775
   904    775
   900    776
   901    776
   902    776
   903    776
   904    776
   905    776
   900    777
   901    777
   902    777
   903    777
   904    777
   905    777
   900    778
   901    778
   902    778
   903    778
   904    778
   905    778
   900    779
   901    779
   902    779
   903    779
   904    779
   905    779
   900    780
   901    780
   902    780
   903    780
   904    780
   905    780
   899    781
   900    781
   901    781
   902    781
   903    781
   904    781
   905    781
   900    782
   901    782
   902    782
   903    782
   904    782
   905    782
   899    783
   900    783
   901    783
   902    783
   903    783
   904    783
