   905    694
   906    694
   905    695
   906    695
   904    696
   905    696
   906    696
   905    697
   906    697
   905    698
   906    698
   905    699
   906    699
   905    702
   904    703
   905    703
   906    703
   904    704
   905    704
   906    704
   904    705
   905    705
   906    705
   907    705
   908    705
   909    705
   904    706
   905    706
   906    706
   904    707
   905    707
   906    707
   903    708
   904    708
   905    708
   906    708
   903    709
   904    709
   905    709
   906    709
   907    709
   908    709
   903    710
   904    710
   905    710
   906    710
   907    710
   908    710
   903    711
   904    711
   905    711
   906    711
   907    711
   903    712
   904    712
   905    712
   906    712
   908    712
   903    713
   904    713
   905    713
   906    713
   903    714
   904    714
   905    714
   906    714
   903    715
   904    715
   905    715
   906    715
   903    716
   904    716
   905    716
   906    716
   907    716
   908    716
   903    717
   904    717
   905    717
   906    717
   907    717
   908    717
   902    718
   903    718
   904    718
   905    718
   906    718
   907    718
   908    718
   903    719
   904    719
   905    719
   906    719
   907    719
   908    719
   902    720
   903    720
   904    720
   902    721
   903    721
   904    721
   902    722
   903    722
   904    723
   905    723
   902    724
   903    724
   904    724
   901    725
   902    725
   903    725
   902    726
   903    726
