   903    768
   904    768
   905    768
   903    769
   904    769
   905    769
   906    769
   907    769
   903    770
   904    770
   905    770
   903    771
   904    771
   905    771
   906    771
   903    772
   904    772
   905    772
   906    772
   907    772
   903    773
   904    773
   905    773
   902    774
   903    774
   904    774
   905    774
   902    775
   903    775
   904    775
   905    775
   901    776
   902    776
   903    776
   904    776
   905    776
   902    777
   903    777
   904    777
   902    778
   903    778
