   905    700
   906    700
   905    701
   906    701
   905    702
   906    702
   904    703
   905    703
   906    703
   904    704
   905    704
   906    704
   904    705
   905    705
   906    705
   907    705
   908    705
   909    705
   904    706
   905    706
   906    706
   904    707
   905    707
   906    707
   904    708
   905    708
   906    708
   907    708
   908    708
   909    708
   904    709
   905    709
   906    709
   904    710
   905    710
   906    710
   903    711
   904    711
   905    711
   906    711
   907    711
   903    712
   904    712
   905    712
   906    712
   907    712
   903    713
   904    713
   905    713
   906    713
   907    713
   903    714
   904    714
   905    714
   906    714
   907    714
   903    715
   904    715
   905    715
   906    715
   907    715
   908    715
   903    716
   904    716
   905    716
   906    716
   907    716
   908    716
   903    717
   904    717
   905    717
   906    717
   907    717
   908    717
   903    718
   904    718
   905    718
   906    718
   907    718
   908    718
   903    719
   904    719
   905    719
   906    719
   907    719
   902    720
   903    720
   904    720
   905    720
   906    720
   907    720
   902    721
   903    721
   904    721
   905    721
   906    721
   907    721
   902    722
   903    722
   904    722
   905    722
   906    722
   907    722
   908    722
   902    723
   903    723
   904    723
   905    723
   906    723
   907    723
   908    723
   902    724
   903    724
   904    724
   905    724
   906    724
   907    724
   908    724
   902    725
   903    725
   904    725
   905    725
   906    725
   907    725
   908    725
   902    726
   903    726
   904    726
   905    726
   906    726
   907    726
   908    726
   902    727
   903    727
   904    727
   905    727
   906    727
   907    727
   908    727
   901    728
   902    728
   903    728
   904    728
   905    728
   906    728
   907    728
   901    729
   902    729
   903    729
   904    729
   905    729
   906    729
   907    729
   901    730
   902    730
   903    730
   904    730
   905    730
   906    730
   901    731
   902    731
   903    731
   904    731
   905    731
   906    731
   901    732
   902    732
   903    732
   904    732
   905    732
   906    732
   907    732
   901    733
   902    733
   903    733
   904    733
   905    733
   906    733
   901    734
   902    734
   903    734
   904    734
   905    734
   906    734
   901    735
   902    735
   903    735
   904    735
   905    735
