   902    767
   903    767
   901    768
   902    768
   903    768
   901    769
   902    769
   903    769
   904    769
   901    770
   902    770
   903    770
   904    770
   900    771
   901    771
   902    771
   903    771
   904    771
   901    772
   902    772
   903    772
   904    772
   901    773
   902    773
   903    773
   904    773
   900    774
   901    774
   902    774
   903    774
   904    774
   901    775
   902    775
   903    775
   900    776
   901    776
   902    776
   901    777
