   902    749
   903    749
   904    749
   902    750
   903    750
   904    750
   902    751
   903    751
   904    751
   901    752
   902    752
   903    752
   904    752
   901    753
   902    753
   903    753
   904    753
   905    753
   901    754
   902    754
   903    754
   904    754
   905    754
   901    755
   902    755
   903    755
   904    755
   905    755
   900    756
   901    756
   902    756
   903    756
   904    756
   900    757
   901    757
   902    757
   903    757
   904    757
   905    757
   900    758
   901    758
   902    758
   903    758
   904    758
   905    758
   900    759
   901    759
   902    759
   903    759
   904    759
   900    760
   901    760
   902    760
   903    760
   904    760
   899    761
   900    761
   901    761
   902    761
   903    761
   904    761
   899    762
   900    762
   901    762
   902    762
   903    762
   904    762
   899    763
   900    763
   901    763
   902    763
   903    763
   904    763
   899    764
   900    764
   901    764
   902    764
   903    764
   904    764
   899    765
   900    765
   901    765
   902    765
   903    765
   898    766
   899    766
   900    766
   901    766
   902    766
   903    766
   904    766
   898    767
   899    767
   900    767
   901    767
   902    767
   903    767
   904    767
   898    768
   899    768
   900    768
   901    768
   902    768
   903    768
   904    768
   898    769
   899    769
   900    769
   901    769
   902    769
   903    769
   904    769
   898    770
   899    770
   900    770
   901    770
   902    770
   903    770
   898    771
   899    771
   900    771
   901    771
   902    771
   903    771
   904    771
   898    772
   899    772
   900    772
   901    772
   902    772
   903    772
   904    772
   897    773
   898    773
   899    773
   900    773
   901    773
   902    773
   903    773
   904    773
   897    774
   898    774
   899    774
   900    774
   901    774
   902    774
   903    774
   904    774
   897    775
   898    775
   899    775
   900    775
   901    775
   902    775
   903    775
   904    775
   897    776
   898    776
   899    776
   900    776
   901    776
   902    776
   903    776
   904    776
   897    777
   898    777
   899    777
   900    777
   901    777
   902    777
   903    777
   904    777
   896    778
   897    778
   898    778
   899    778
   900    778
   901    778
   902    778
   903    778
   904    778
   897    779
   898    779
   899    779
   900    779
   901    779
   902    779
   897    780
   898    780
   899    780
   900    780
   901    780
   902    780
   896    781
   897    781
   898    781
   899    781
   900    781
   901    781
   897    782
   898    782
   899    782
   900    782
   901    782
   901    783
   902    783
