   903    756
   904    756
   902    757
   903    757
   904    757
   902    758
   903    758
   904    758
   902    759
   903    759
   904    759
   902    760
   903    760
   904    760
   902    761
   903    761
   904    761
   901    762
   902    762
   903    762
   904    762
   901    763
   902    763
   903    763
   904    763
   901    764
   902    764
   903    764
   904    764
   905    764
   901    765
   902    765
   903    765
   904    765
   900    766
   901    766
   902    766
   903    766
   904    766
   905    766
   900    767
   901    767
   902    767
   903    767
   904    767
   905    767
   900    768
   901    768
   902    768
   903    768
   904    768
   900    769
   901    769
   902    769
   903    769
   904    769
   899    770
   900    770
   901    770
   902    770
   903    770
   904    770
   899    771
   900    771
   901    771
   902    771
   903    771
   904    771
   905    771
   899    772
   900    772
   901    772
   902    772
   903    772
   904    772
   905    772
   906    772
   899    773
   900    773
   901    773
   902    773
   903    773
   904    773
   905    773
   898    774
   899    774
   900    774
   901    774
   902    774
   903    774
   904    774
   905    774
   906    774
   898    775
   899    775
   900    775
   901    775
   902    775
   903    775
   904    775
   905    775
   898    776
   899    776
   900    776
   901    776
   902    776
   903    776
   904    776
   905    776
   898    777
   899    777
   900    777
   901    777
   902    777
   903    777
   904    777
   905    777
   897    778
   898    778
   899    778
   900    778
   901    778
   902    778
   903    778
   904    778
   905    778
   898    779
   899    779
   900    779
   901    779
   902    779
   903    779
   904    779
   905    779
   906    779
   898    780
   899    780
   900    780
   901    780
   902    780
   903    780
   904    780
   905    780
   897    781
   898    781
   899    781
   900    781
   901    781
   902    781
   903    781
   904    781
   905    781
   897    782
   898    782
   899    782
   900    782
   901    782
   902    782
   903    782
   904    782
   905    782
   897    783
   898    783
   899    783
   900    783
   901    783
   902    783
   903    783
   904    783
   897    784
   898    784
   899    784
   900    784
   901    784
   902    784
   903    784
   904    784
   905    784
   897    785
   898    785
   899    785
   900    785
   901    785
   902    785
   903    785
   904    785
   896    786
   897    786
   898    786
   899    786
   900    786
   901    786
   902    786
   903    786
   896    787
   897    787
   898    787
   899    787
   900    787
   901    787
