   905    773
   906    773
   905    774
   906    774
   907    774
   905    775
   906    775
   907    775
   905    776
   906    776
   907    776
   904    777
   905    777
   906    777
   907    777
   904    778
   905    778
   906    778
   907    778
   903    779
   904    779
   905    779
   906    779
   907    779
   904    780
   905    780
   906    780
   907    780
   903    781
   904    781
   905    781
   906    781
   907    781
   903    782
   904    782
   905    782
   906    782
   903    783
   904    783
   905    783
