   907    773
   908    773
   906    774
   907    774
   908    774
   906    775
   907    775
   908    775
   909    775
   906    776
   907    776
   908    776
   909    776
   905    777
   906    777
   907    777
   908    777
   909    777
   910    777
   905    778
   906    778
   907    778
   908    778
   909    778
   905    779
   906    779
   907    779
   908    779
   909    779
   905    780
   906    780
   907    780
   908    780
   909    780
   905    781
   906    781
   907    781
   908    781
   909    781
   904    782
   905    782
   906    782
   907    782
   908    782
   904    783
   905    783
   906    783
   907    783
