   908    701
   909    701
   910    702
   911    702
   912    702
   908    703
   909    703
   907    704
   908    704
   909    704
   907    705
   908    705
   909    705
   908    706
   909    706
   907    707
   908    707
   909    707
   907    708
   908    708
   909    708
   910    708
   911    708
   907    709
   908    709
   909    709
   910    709
   907    710
   908    710
   909    710
   907    711
   908    711
   909    711
   906    712
   907    712
   908    712
   909    712
   910    712
   911    712
   906    713
   907    713
   908    713
   909    713
   910    713
   911    713
   906    714
   907    714
   908    714
   909    714
   910    714
   911    714
   912    714
   906    715
   907    715
   908    715
   909    715
   910    715
   911    715
   906    716
   907    716
   908    716
   909    716
   910    716
   911    716
   912    716
   906    717
   907    717
   908    717
   909    717
   910    717
   911    717
   912    717
   906    718
   907    718
   908    718
   909    718
   910    718
   911    718
   906    719
   907    719
   908    719
   909    719
   910    719
   911    719
   912    719
   906    720
   907    720
   908    720
   909    720
   910    720
   911    720
   912    720
   906    721
   907    721
   908    721
   909    721
   910    721
   911    721
   912    721
   906    722
   907    722
   908    722
   909    722
   910    722
   911    722
   912    722
   905    723
   906    723
   907    723
   908    723
   909    723
   910    723
   911    723
   905    724
   906    724
   907    724
   908    724
   909    724
   910    724
   911    724
   912    724
   906    725
   907    725
   908    725
   909    725
   910    725
   911    725
   912    725
   905    726
   906    726
   907    726
   908    726
   909    726
   910    726
   911    726
   905    727
   906    727
   907    727
   908    727
   909    727
   910    727
   911    727
   905    728
   906    728
   907    728
   908    728
   909    728
   910    728
   905    729
   906    729
   907    729
   908    729
   909    729
   910    729
   911    729
   905    730
   906    730
   907    730
   908    730
   909    730
   910    730
   911    730
   905    731
   906    731
   907    731
   908    731
   909    731
   910    731
   911    731
   905    732
   906    732
   907    732
   908    732
   909    732
   910    732
   911    732
   905    733
   906    733
   907    733
   908    733
   909    733
   910    733
   911    733
   904    734
   905    734
   906    734
   907    734
   908    734
   909    734
   910    734
   911    734
   904    735
   905    735
   906    735
   907    735
   908    735
   909    735
   910    735
   911    735
   904    736
   905    736
   906    736
   907    736
   908    736
   909    736
   910    736
   911    736
   904    737
   905    737
   906    737
   907    737
   908    737
   909    737
   910    737
   911    737
   904    738
   905    738
   906    738
   907    738
   908    738
   909    738
   910    738
   911    738
   912    738
   904    739
   905    739
   906    739
   907    739
   908    739
   909    739
   910    739
   911    739
   904    740
   905    740
   906    740
   907    740
   908    740
   909    740
   910    740
   911    740
   903    741
   904    741
   905    741
   906    741
   907    741
   908    741
   909    741
   910    741
   911    741
   903    742
   904    742
   905    742
   906    742
   907    742
   908    742
   909    742
   910    742
   911    742
   904    743
   905    743
   906    743
   907    743
   908    743
   909    743
   910    743
   911    743
   903    744
   904    744
   905    744
   906    744
   907    744
   908    744
   909    744
   910    744
   903    745
   904    745
   905    745
   906    745
   907    745
   908    745
   909    745
   910    745
   911    745
   903    746
   904    746
   905    746
   906    746
   907    746
   908    746
   909    746
   910    746
   903    747
   904    747
   905    747
   906    747
   907    747
   908    747
   909    747
   910    747
   903    748
   904    748
   905    748
   906    748
   907    748
   908    748
   909    748
   910    748
   903    749
   904    749
   905    749
   906    749
   907    749
   908    749
   909    749
   910    749
   903    750
   904    750
   905    750
   906    750
   907    750
   908    750
   909    750
   910    750
   903    751
   904    751
   905    751
   906    751
   907    751
   908    751
   909    751
   910    751
   902    752
   903    752
   904    752
   905    752
   906    752
   907    752
   908    752
   909    752
   910    752
   903    753
   904    753
   905    753
   906    753
   907    753
   908    753
   909    753
   910    753
   902    754
   903    754
   904    754
   905    754
   906    754
   907    754
   908    754
   909    754
   910    754
   911    754
   902    755
   903    755
   904    755
   905    755
   906    755
   907    755
   908    755
   909    755
   910    755
   911    755
   902    756
   903    756
   904    756
   905    756
   906    756
   907    756
   908    756
   909    756
   910    756
   911    756
   902    757
   903    757
   904    757
   905    757
   906    757
   907    757
   908    757
   909    757
   910    757
   911    757
   902    758
   903    758
   904    758
   905    758
   906    758
   907    758
   908    758
   909    758
   910    758
   911    758
   902    759
   903    759
   904    759
   905    759
   906    759
   907    759
   908    759
   909    759
   910    759
   911    759
   902    760
   903    760
   904    760
   905    760
   906    760
   907    760
   908    760
   909    760
   910    760
   902    761
   903    761
   904    761
   905    761
   906    761
   907    761
   908    761
   909    761
   901    762
   902    762
   903    762
   904    762
   905    762
   906    762
   907    762
   908    762
   902    763
   903    763
   904    763
   905    763
   906    763
   907    763
   908    763
   901    764
   902    764
   903    764
   904    764
   905    764
   906    764
   907    764
   901    765
   902    765
   903    765
   904    765
   905    765
   906    765
   907    765
   901    766
   902    766
   903    766
   904    766
   905    766
   906    766
   901    767
   902    767
   903    767
   904    767
   905    767
