   908    703
   909    703
   910    703
   908    704
   909    704
   908    705
   909    705
   910    705
   908    706
   909    706
   910    706
   907    707
   908    707
   909    707
   907    708
   908    708
   909    708
   910    708
   908    709
   909    709
   910    709
   907    710
   908    710
   909    710
   910    710
   907    711
   908    711
   909    711
   910    711
   908    712
   909    712
   910    712
   907    713
   908    713
   909    713
   910    713
   907    714
   908    714
   909    714
   910    714
   907    715
   908    715
   909    715
   910    715
   911    715
   907    716
   908    716
   909    716
   910    716
   911    716
   907    717
   908    717
   909    717
   910    717
   911    717
   906    718
   907    718
   908    718
   909    718
   910    718
   911    718
   906    719
   907    719
   908    719
   909    719
   910    719
   911    719
   912    719
   907    720
   908    720
   909    720
   910    720
   911    720
   912    720
   906    721
   907    721
   908    721
   909    721
   910    721
   911    721
   912    721
   906    722
   907    722
   908    722
   909    722
   910    722
   911    722
   912    722
   907    723
   908    723
   909    723
   910    723
   911    723
   912    723
   906    724
   907    724
   908    724
   909    724
   910    724
   911    724
   912    724
   906    725
   907    725
   908    725
   909    725
   910    725
   911    725
   912    725
   906    726
   907    726
   908    726
   909    726
   910    726
   911    726
   912    726
   906    727
   907    727
   908    727
   909    727
   910    727
   911    727
   912    727
   906    728
   907    728
   908    728
   909    728
   910    728
   911    728
   912    728
   906    729
   907    729
   908    729
   909    729
   910    729
   911    729
   906    730
   907    730
   908    730
   909    730
   910    730
   911    730
   906    731
   907    731
   908    731
   909    731
   910    731
