   910    770
   911    770
   909    771
   910    771
   911    771
   909    772
   910    772
   911    772
   909    773
   910    773
   911    773
   909    774
   910    774
   911    774
   908    775
   909    775
   910    775
   911    775
   908    776
   909    776
   910    776
   911    776
   908    777
   909    777
   910    777
   911    777
   907    778
   908    778
   909    778
   910    778
   911    778
   907    779
   908    779
   909    779
   910    779
   911    779
   906    780
   907    780
   908    780
   909    780
   910    780
   911    780
   912    780
   906    781
   907    781
   908    781
   909    781
   910    781
   911    781
   912    781
   906    782
   907    782
   908    782
   909    782
   910    782
   911    782
   912    782
   906    783
   907    783
   908    783
   909    783
   910    783
   911    783
   906    784
   907    784
   908    784
   909    784
   910    784
   911    784
   906    785
   907    785
   908    785
   909    785
   907    786
   908    786
   909    786
   910    786
   911    786
   908    787
   909    787
