   909    701
   910    701
   909    702
   910    702
   909    703
   910    703
   909    704
   910    704
   908    705
   909    705
   910    705
   908    706
   909    706
   910    706
   909    707
   910    707
   911    707
   912    707
   908    708
   909    708
   910    708
   908    709
   909    709
   910    709
   911    709
   912    709
   913    709
   908    710
   909    710
   910    710
   908    711
   909    711
   910    711
   908    712
   909    712
   910    712
   912    712
   908    713
   909    713
   910    713
   908    714
   909    714
   910    714
   908    715
   909    715
   910    715
   911    715
   907    716
   908    716
   909    716
   910    716
   911    716
   907    717
   908    717
   909    717
   910    717
   911    717
   912    717
   907    718
   908    718
   909    718
   910    718
   911    718
   907    719
   908    719
   909    719
   910    719
   911    719
   912    719
   907    720
   908    720
   909    720
   910    720
   911    720
   912    720
   913    720
   907    721
   908    721
   909    721
   910    721
   911    721
   912    721
   913    721
   907    722
   908    722
   909    722
   910    722
   911    722
   912    722
   913    722
   907    723
   908    723
   909    723
   910    723
   911    723
   907    724
   908    724
   909    724
   910    724
   911    724
   912    724
   907    725
   908    725
   909    725
   910    725
   911    725
   912    725
   907    726
   908    726
   909    726
   910    726
   911    726
   907    727
   908    727
   909    727
   910    727
   911    727
   912    727
   907    728
   908    728
   909    728
   910    728
   911    728
   912    728
   913    728
   906    729
   907    729
   908    729
   909    729
   910    729
   911    729
   912    729
   906    730
   907    730
   908    730
   909    730
   910    730
   911    730
   912    730
   906    731
   907    731
   908    731
   909    731
   910    731
   911    731
   912    731
   913    731
   906    732
   907    732
   908    732
   909    732
   910    732
   911    732
   912    732
   913    732
   906    733
   907    733
   908    733
   909    733
   910    733
   911    733
   912    733
   906    734
   907    734
   908    734
   909    734
   910    734
   911    734
   912    734
   906    735
   907    735
   908    735
   909    735
   910    735
   911    735
   912    735
   913    735
   906    736
   907    736
   908    736
   909    736
   910    736
   911    736
   912    736
   913    736
   906    737
   907    737
   908    737
   909    737
   910    737
   911    737
   912    737
   913    737
   906    738
   907    738
   908    738
   909    738
   910    738
   911    738
   912    738
   913    738
   906    739
   907    739
   908    739
   909    739
   910    739
   911    739
   912    739
   913    739
   905    740
   906    740
   907    740
   908    740
   909    740
   910    740
   911    740
   912    740
   906    741
   907    741
   908    741
   909    741
   910    741
   911    741
   912    741
   906    742
   907    742
   908    742
   909    742
   910    742
   911    742
   912    742
   905    743
   906    743
   907    743
   908    743
   909    743
   910    743
   911    743
   912    743
   905    744
   906    744
   907    744
   908    744
   909    744
   910    744
   911    744
   912    744
   905    745
   906    745
   907    745
   908    745
   909    745
   910    745
   911    745
   912    745
   905    746
   906    746
   907    746
   908    746
   909    746
   910    746
   911    746
   912    746
   905    747
   906    747
   907    747
   908    747
   909    747
   910    747
   911    747
   912    747
   905    748
   906    748
   907    748
   908    748
   909    748
   910    748
   911    748
   905    749
   906    749
   907    749
   908    749
   909    749
   910    749
   911    749
   905    750
   906    750
   907    750
   908    750
   909    750
   910    750
   911    750
   905    751
   906    751
   907    751
   908    751
   909    751
   910    751
   905    752
   906    752
   907    752
