   912    772
   913    772
   911    773
   912    773
   913    773
   911    774
   912    774
   913    774
   911    775
   912    775
   913    775
   910    776
   911    776
   912    776
   913    776
   910    777
   911    777
   912    777
   913    777
   909    778
   910    778
   911    778
   912    778
   913    778
   909    779
   910    779
   911    779
   912    779
   913    779
   909    780
   910    780
   911    780
   912    780
   913    780
   914    780
   915    780
   916    780
   909    781
   910    781
   911    781
   912    781
   913    781
   914    781
   908    782
   909    782
   910    782
   911    782
   912    782
   913    782
   914    782
   915    782
   909    783
   910    783
   911    783
   912    783
   913    783
