   909    703
   910    703
   911    703
   909    704
   910    704
   911    704
   910    705
   911    705
   909    706
   910    706
   911    706
   909    707
   910    707
   911    707
   909    708
   910    708
   911    708
   912    708
   913    708
   914    708
   909    709
   910    709
   911    709
   912    709
   913    709
   909    710
   910    710
   911    710
   912    710
   913    710
   914    710
   909    711
   910    711
   911    711
   912    711
   913    711
   909    712
   910    712
   911    712
   912    712
   913    712
   909    713
   910    713
   911    713
   912    713
   913    713
   914    713
   908    714
   909    714
   910    714
   911    714
   912    714
   913    714
   909    715
   910    715
   911    715
   912    715
   913    715
   914    715
   909    716
   910    716
   911    716
   912    716
   913    716
   914    716
   908    717
   909    717
   910    717
   911    717
   912    717
   913    717
   909    718
   910    718
   911    718
   912    718
   913    718
   914    718
   909    719
   910    719
   911    719
   912    719
   913    719
   914    719
   908    720
   909    720
   910    720
   911    720
   912    720
   913    720
   914    720
   908    721
   909    721
   910    721
   911    721
   912    721
   913    721
   914    721
   908    722
   909    722
   910    722
   911    722
   912    722
   913    722
   908    723
   909    723
   910    723
   911    723
   912    723
   913    723
   908    724
   909    724
   910    724
   911    724
   912    724
   913    724
   908    725
   909    725
   910    725
   911    725
   912    725
   913    725
   908    726
   909    726
   910    726
   911    726
   912    726
   913    726
   907    727
   908    727
   909    727
   910    727
   911    727
   912    727
   913    727
   908    728
   909    728
   910    728
   911    728
   912    728
   913    728
   908    729
   909    729
   910    729
   911    729
   912    729
   913    729
   907    730
   908    730
   909    730
   910    730
   911    730
   912    730
   913    730
   908    731
   909    731
   910    731
   911    731
   912    731
   913    731
   908    732
   909    732
   910    732
   911    732
   912    732
   913    732
   907    733
   908    733
   909    733
   910    733
   911    733
   912    733
   913    733
   908    734
   909    734
   910    734
   911    734
   912    734
   913    734
   909    735
   910    735
   911    735
   912    735
