   910    698
   911    698
   912    698
   910    701
   911    701
   912    701
   910    702
   911    702
   912    702
   910    704
   911    704
   912    704
   910    705
   911    705
   912    705
   910    706
   911    706
   912    706
   910    707
   911    707
   912    707
   910    708
   911    708
   912    708
   910    709
   911    709
   912    709
   910    710
   911    710
   912    710
   910    711
   911    711
   912    711
   909    712
   910    712
   911    712
   913    712
   914    712
   910    713
   911    713
   912    713
   910    714
   911    714
   912    714
   914    714
   909    715
   910    715
   911    715
   912    715
   913    715
   914    715
   909    716
   910    716
   911    716
   912    716
   913    716
   914    716
   915    716
   910    717
   911    717
   912    717
   909    718
   910    718
   911    718
   912    718
   909    719
   910    719
   911    719
   912    719
   913    719
   914    719
   915    719
   910    720
   911    720
   912    720
   913    720
   914    720
   915    720
   909    721
   910    721
   911    721
   912    721
   913    721
   914    721
   909    722
   910    722
   911    722
   912    722
   913    722
   909    723
   910    723
   911    723
   912    723
   913    723
   914    723
   915    723
   909    724
   910    724
   911    724
   912    724
   913    724
   914    724
   915    724
   909    725
   910    725
   911    725
   912    725
   913    725
   914    725
   915    725
   909    726
   910    726
   911    726
   912    726
   913    726
   914    726
   909    727
   910    727
   911    727
   912    727
   913    727
   914    727
   915    727
   908    728
   909    728
   910    728
   911    728
   912    728
   913    728
   914    728
   915    728
   908    729
   909    729
   910    729
   911    729
   912    729
   913    729
   914    729
   915    729
   909    730
   910    730
   911    730
   912    730
   913    730
   914    730
   915    730
   908    731
   909    731
   910    731
   911    731
   912    731
   913    731
   914    731
   915    731
   908    732
   909    732
   910    732
   911    732
   912    732
   913    732
   914    732
   915    732
   909    733
   910    733
   911    733
   912    733
   913    733
   914    733
   915    733
   916    733
   908    734
   909    734
   910    734
   911    734
   912    734
   913    734
   914    734
   908    735
   909    735
   910    735
   911    735
   912    735
   913    735
   914    735
   915    735
   909    736
   910    736
   911    736
   912    736
   913    736
   914    736
   915    736
   916    736
   908    737
   909    737
   910    737
   911    737
   912    737
   913    737
   914    737
   915    737
   908    738
   909    738
   910    738
   911    738
   912    738
   913    738
   914    738
   915    738
   908    739
   909    739
   910    739
   911    739
   912    739
   913    739
   914    739
   915    739
   916    739
   908    740
   909    740
   910    740
   911    740
   912    740
   913    740
   914    740
   915    740
   916    740
   908    741
   909    741
   910    741
   911    741
   912    741
   913    741
   914    741
   915    741
   916    741
   908    742
   909    742
   910    742
   911    742
   912    742
   913    742
   914    742
   915    742
   916    742
   908    743
   909    743
   910    743
   911    743
   912    743
   913    743
   914    743
   915    743
   908    744
   909    744
   910    744
   911    744
   912    744
   913    744
   914    744
   915    744
   916    744
   908    745
   909    745
   910    745
   911    745
   912    745
   913    745
   914    745
   915    745
   907    746
   908    746
   909    746
   910    746
   911    746
   912    746
   913    746
   914    746
   915    746
   907    747
   908    747
   909    747
   910    747
   911    747
   912    747
   913    747
   914    747
   915    747
   908    748
   909    748
   910    748
   911    748
   912    748
   913    748
   914    748
   915    748
   907    749
   908    749
   909    749
   910    749
   911    749
   912    749
   913    749
   914    749
   915    749
   907    750
   908    750
   909    750
   910    750
   911    750
   912    750
   913    750
   914    750
   915    750
   908    751
   909    751
   910    751
   911    751
   912    751
   913    751
   914    751
   907    752
   908    752
   909    752
   910    752
   911    752
   912    752
   908    753
   909    753
   910    753
   911    753
   912    753
   910    754
   911    754
