   915    747
   916    747
   915    748
   916    748
   917    748
   918    748
   915    749
   916    749
   917    749
   918    749
   914    750
   915    750
   916    750
   917    750
   918    750
   914    751
   915    751
   916    751
   917    751
   918    751
   913    752
   914    752
   915    752
   916    752
   917    752
   918    752
   913    753
   914    753
   915    753
   916    753
   917    753
   918    753
   912    754
   913    754
   914    754
   915    754
   916    754
   917    754
   918    754
   919    754
   912    755
   913    755
   914    755
   915    755
   916    755
   917    755
   918    755
   919    755
   912    756
   913    756
   914    756
   915    756
   916    756
   917    756
   918    756
   919    756
   911    757
   912    757
   913    757
   914    757
   915    757
   916    757
   917    757
   918    757
   919    757
   911    758
   912    758
   913    758
   914    758
   915    758
   916    758
   917    758
   918    758
   919    758
   911    759
   912    759
   913    759
   914    759
   915    759
   916    759
   917    759
   918    759
   919    759
   910    760
   911    760
   912    760
   913    760
   914    760
   915    760
   916    760
   917    760
   918    760
   919    760
   911    761
   912    761
   913    761
   914    761
   915    761
   916    761
   917    761
   918    761
   919    761
   911    762
   912    762
   913    762
   914    762
   915    762
   916    762
   917    762
   918    762
   919    762
   910    763
   911    763
   912    763
   913    763
   914    763
   915    763
   916    763
   917    763
   918    763
   919    763
   910    764
   911    764
   912    764
   913    764
   914    764
   915    764
   916    764
   917    764
   918    764
   919    764
   910    765
   911    765
   912    765
   913    765
   914    765
   915    765
   916    765
   917    765
   918    765
   910    766
   911    766
   912    766
   913    766
   914    766
   915    766
   916    766
   917    766
   918    766
   919    766
   909    767
   910    767
   911    767
   912    767
   913    767
   914    767
   915    767
   916    767
   917    767
   918    767
   919    767
   909    768
   910    768
   911    768
   912    768
   913    768
   914    768
   915    768
   916    768
   917    768
   918    768
   919    768
   909    769
   910    769
   911    769
   912    769
   913    769
   914    769
   915    769
   916    769
   917    769
   918    769
   919    769
   920    769
   909    770
   910    770
   911    770
   912    770
   913    770
   914    770
   915    770
   916    770
   917    770
   918    770
   919    770
   920    770
   909    771
   910    771
   911    771
   912    771
   913    771
   914    771
   915    771
   916    771
   917    771
   918    771
   919    771
   920    771
   909    772
   910    772
   911    772
   912    772
   913    772
   914    772
   915    772
   916    772
   917    772
   918    772
   919    772
   920    772
   909    773
   910    773
   911    773
   912    773
   913    773
   914    773
   915    773
   916    773
   917    773
   918    773
   919    773
   920    773
   909    774
   910    774
   911    774
   912    774
   913    774
   914    774
   915    774
   916    774
   917    774
   918    774
   919    774
   920    774
   909    775
   910    775
   911    775
   912    775
   913    775
   914    775
   915    775
   916    775
   917    775
   918    775
   919    775
   920    775
   909    776
   910    776
   911    776
   912    776
   913    776
   914    776
   915    776
   916    776
   917    776
   918    776
   919    776
   920    776
   909    777
   910    777
   911    777
   912    777
   913    777
   914    777
   915    777
   916    777
   917    777
   918    777
   919    777
   920    777
   909    778
   910    778
   911    778
   912    778
   913    778
   914    778
   915    778
   916    778
   917    778
   918    778
   919    778
   920    778
   909    779
   910    779
   911    779
   912    779
   913    779
   914    779
   915    779
   916    779
   917    779
   918    779
   919    779
   920    779
   909    780
   910    780
   911    780
   912    780
   913    780
   914    780
   915    780
   916    780
   917    780
   918    780
   919    780
   920    780
   909    781
   910    781
   911    781
   912    781
   913    781
   914    781
   915    781
   916    781
   917    781
   918    781
   919    781
   920    781
   909    782
   910    782
   911    782
   912    782
   913    782
   914    782
   915    782
   916    782
   917    782
   918    782
   919    782
   920    782
   909    783
   910    783
   911    783
   912    783
   913    783
   914    783
   915    783
   916    783
   917    783
   918    783
   919    783
   920    783
   909    784
   910    784
   911    784
   912    784
   913    784
   914    784
   915    784
   916    784
   917    784
   918    784
   919    784
   920    784
   909    785
   910    785
   911    785
   912    785
   913    785
   914    785
   915    785
   916    785
   917    785
   918    785
   919    785
   920    785
   908    786
   909    786
   910    786
   911    786
   912    786
   913    786
   914    786
   915    786
   916    786
   917    786
   918    786
   919    786
   920    786
   911    787
   912    787
   913    787
   914    787
   915    787
   916    787
   917    787
   918    787
   911    788
   912    788
   913    788
   914    788
   915    788
   916    788
   917    788
   918    788
   919    788
