   910    704
   911    704
   912    704
   913    704
   914    704
   910    705
   911    705
   912    705
   913    705
   914    705
   910    706
   911    706
   912    706
   913    706
   914    706
   915    706
   910    707
   911    707
   912    707
   911    708
   912    708
   913    708
   914    708
   915    708
   911    709
   912    709
   913    709
   910    710
   911    710
   912    710
   913    710
   914    710
   915    710
   910    711
   911    711
   912    711
   913    711
   914    711
   915    711
   910    712
   911    712
   912    712
   914    712
   915    712
   910    713
   911    713
   912    713
   914    713
   910    714
   911    714
   912    714
   914    714
   915    714
   910    715
   911    715
   912    715
   910    716
   911    716
   912    716
   910    717
   911    717
   912    717
   914    717
   915    717
   910    718
   911    718
   912    718
   910    719
   911    719
   912    719
   910    720
   911    720
   912    720
   913    720
   910    721
   911    721
   912    721
   913    721
   914    721
   910    722
   911    722
   912    722
   913    722
   910    723
   911    723
   912    723
   913    723
   910    724
   911    724
   912    724
   913    724
   914    724
   910    725
   911    725
   912    725
   913    725
   910    726
   911    726
   912    726
   913    726
   914    726
   910    727
   911    727
   912    727
   913    727
   910    728
   911    728
   912    728
   913    728
   914    728
   915    728
   910    729
   911    729
   912    729
   913    729
   914    729
   910    730
   911    730
   912    730
   913    730
   910    731
   911    731
