   910    702
   911    702
   909    703
   910    703
   911    703
   910    704
   911    704
   910    705
   911    705
   912    705
   909    706
   910    706
   911    706
   910    707
   911    707
   910    708
   911    708
   912    708
   909    709
   910    709
   911    709
   910    710
   911    710
   912    710
   910    711
   911    711
   912    711
   913    711
   914    711
   909    712
   910    712
   911    712
   910    713
   911    713
   912    713
   910    714
   911    714
   912    714
   909    715
   910    715
   911    715
   912    715
   909    716
   910    716
   911    716
   912    716
   910    717
   911    717
   912    717
   909    718
   910    718
   911    718
   912    718
   913    718
   909    719
   910    719
   911    719
   912    719
   913    719
   914    719
   915    719
   909    720
   910    720
   911    720
   912    720
   913    720
   909    721
   910    721
   911    721
   912    721
   913    721
   914    721
   909    722
   910    722
   911    722
   912    722
   913    722
   909    723
   910    723
   911    723
   912    723
   913    723
   914    723
   909    724
   910    724
   911    724
   912    724
   913    724
   914    724
   909    725
   910    725
   911    725
   912    725
   913    725
   914    725
   909    726
   910    726
   911    726
   912    726
   913    726
   914    726
   909    727
   910    727
   911    727
   912    727
   913    727
   914    727
   915    727
   909    728
   910    728
   911    728
   912    728
   913    728
   914    728
   909    729
   910    729
   911    729
   912    729
   913    729
