   912    759
   913    759
   912    760
   913    760
   914    760
   911    761
   912    761
   913    761
   914    761
   911    762
   912    762
   913    762
   914    762
   915    762
   911    763
   912    763
   913    763
   914    763
   915    763
   911    764
   912    764
   913    764
   914    764
   911    765
   912    765
   913    765
   914    765
   911    766
   912    766
   913    766
   914    766
   910    767
   911    767
   912    767
   913    767
   914    767
   910    768
   911    768
   912    768
   913    768
   914    768
   915    768
   916    768
   910    769
   911    769
   912    769
   913    769
   914    769
   915    769
   916    769
   910    770
   911    770
   912    770
   913    770
   914    770
   915    770
   916    770
   909    771
   910    771
   911    771
   912    771
   913    771
   914    771
   915    771
   916    771
   909    772
   910    772
   911    772
   912    772
   913    772
   914    772
   915    772
   909    773
   910    773
   911    773
   912    773
   913    773
   914    773
   915    773
   909    774
   910    774
   911    774
   912    774
   913    774
   914    774
   915    774
   916    774
   909    775
   910    775
   911    775
   912    775
   913    775
   914    775
   915    775
   916    775
   909    776
   910    776
   911    776
   912    776
   913    776
   914    776
   915    776
   916    776
   917    776
   909    777
   910    777
   911    777
   912    777
   913    777
   914    777
   915    777
   916    777
   908    778
   909    778
   910    778
   911    778
   912    778
   913    778
   914    778
   915    778
   916    778
   909    779
   910    779
   911    779
   912    779
   913    779
   914    779
   915    779
   908    780
   909    780
   910    780
   911    780
   912    780
   913    780
   914    780
   915    780
   909    781
   910    781
   911    781
   912    781
   913    781
   914    781
   915    781
   908    782
   909    782
   910    782
   911    782
   912    782
   913    782
   914    782
   915    782
   909    783
   910    783
   911    783
   912    783
   913    783
   914    783
   915    783
