   907    692
   908    692
   909    692
   906    693
   907    693
   908    693
   909    693
   906    694
   907    694
   908    694
   909    694
   906    695
   907    695
   906    696
   907    696
   908    696
   909    696
   910    696
   906    697
   907    697
   908    697
   909    697
   910    697
   906    698
   907    698
   906    699
   907    699
   908    699
   909    699
   906    700
   907    700
   909    700
   905    701
   906    701
   907    701
   908    701
   905    702
   906    702
   907    702
   906    703
   907    703
   908    703
   905    704
   906    704
   907    704
   908    704
   909    704
   905    705
   906    705
   907    705
   908    705
   909    705
   905    706
   906    706
   907    706
   908    706
   909    706
   905    707
   906    707
   907    707
   908    707
   909    707
   905    708
   906    708
   907    708
   908    708
   909    708
   904    709
   905    709
   906    709
   907    709
   904    710
   905    710
   906    710
   907    710
   905    711
   906    711
   907    711
   905    712
   906    712
   907    712
   904    713
   905    713
   906    713
   904    714
   905    714
   906    714
   904    715
   905    715
   906    715
   907    715
   904    716
   905    716
   906    716
   904    717
   905    717
   906    717
   907    717
   904    718
   905    718
   906    718
   907    718
   904    719
   905    719
   906    719
   904    720
   905    720
   906    720
   903    721
   904    721
   905    721
   903    722
   904    722
   905    722
   906    722
   904    723
   905    723
