   906    688
   908    689
   907    690
   908    690
   909    690
   910    690
   907    691
   908    691
   909    691
   910    691
   905    692
   906    692
   907    692
   908    692
   909    692
   910    692
   904    693
   905    693
   906    693
   907    693
   908    693
   909    693
   904    694
   905    694
   906    694
   907    694
   908    694
   909    694
   904    695
   905    695
   906    695
   907    695
   908    695
   909    695
   910    695
   906    696
   907    696
   908    696
   909    696
   906    697
   907    697
   908    697
   909    697
   910    697
   906    698
   907    698
   908    698
   909    698
   906    699
   907    699
   908    699
   906    700
   907    700
   908    700
   909    700
   910    700
   905    701
   906    701
   907    701
   908    701
   905    702
   906    702
   907    702
   905    703
   906    703
   907    703
   905    704
   906    704
   907    704
   905    705
   906    705
   907    705
   905    706
   906    706
   907    706
   905    707
   906    707
   905    708
   906    708
   907    708
   904    709
   905    709
   906    709
   907    709
   904    710
   905    710
   906    710
   907    710
   908    710
   909    710
   904    711
   905    711
   906    711
   904    712
   905    712
   906    712
   904    713
   905    713
   906    713
   904    714
   905    714
   906    714
   905    715
   906    715
   904    716
   905    716
   906    716
   904    717
   905    717
   906    717
   904    718
   905    718
