   905    692
   906    692
   907    692
   908    692
   909    692
   904    693
   905    693
   906    693
   907    693
   908    693
   904    694
   905    694
   906    694
   907    694
   908    694
   904    695
   905    695
   906    695
   907    695
   908    695
   904    696
   905    696
   906    696
   907    696
   908    696
   909    696
   910    696
   904    697
   905    697
   906    697
   907    697
   908    697
   906    698
   907    698
   907    699
   907    700
   905    701
   906    701
   907    701
   908    701
   906    702
   907    702
   906    703
   907    703
   908    703
   909    703
   910    703
   905    704
   906    704
   907    704
   905    705
   906    705
   907    705
   905    706
   906    706
   907    706
   905    707
   906    707
   907    707
   905    708
   906    708
   907    708
   904    709
   905    709
   906    709
   907    709
   904    710
   905    710
   906    710
   907    710
   908    710
   904    711
   905    711
   906    711
   907    711
   908    711
   909    711
   904    712
   905    712
   906    712
   907    712
   908    712
   909    712
   904    713
   905    713
   906    713
   907    713
   908    713
   909    713
   904    714
   905    714
   906    714
   907    714
   908    714
   904    715
   905    715
   906    715
   907    715
   908    715
   909    715
   904    716
   905    716
   906    716
   907    716
   908    716
   909    716
   904    717
   905    717
   906    717
   907    717
   908    717
   909    717
   904    718
   905    718
   906    718
   907    718
   908    718
   909    718
   904    719
   905    719
   906    719
   907    719
   908    719
   909    719
   904    720
   905    720
   906    720
   907    720
   908    720
   909    720
   903    721
   904    721
   905    721
   906    721
   907    721
   908    721
   909    721
   903    722
   904    722
   905    722
   906    722
   907    722
   908    722
   909    722
   903    723
   904    723
   905    723
   906    723
   907    723
   908    723
   903    724
   904    724
   905    724
   906    724
   907    724
   908    724
   903    725
   904    725
   905    725
   906    725
   907    725
   903    726
   904    726
   905    726
   906    726
   907    726
   903    727
   904    727
   905    727
   906    727
   907    727
   903    728
   904    728
   905    728
   906    728
   907    728
   902    729
   903    729
   904    729
   905    729
   906    729
   907    729
   902    730
   903    730
   904    730
   905    730
   906    730
   902    731
   903    731
   904    731
   905    731
   906    731
   902    732
   903    732
   904    732
   905    732
   902    733
   903    733
   901    734
   902    734
   903    734
