   906    690
   907    690
   905    691
   906    691
   907    691
   908    691
   909    691
   906    692
   907    692
   905    693
   906    693
   907    693
   905    694
   906    694
   907    694
   908    694
   909    694
   910    694
   905    695
   906    695
   907    695
   908    695
   909    695
   905    696
   906    696
   907    696
   908    696
   909    696
   905    697
   907    697
   908    697
   904    698
   905    698
   906    698
   907    698
   908    698
   909    698
   906    699
   907    699
   908    699
   909    699
   910    699
   906    700
   907    700
   908    700
   909    700
   910    700
   906    701
   907    701
   908    701
   906    702
   907    702
   910    702
   906    703
   907    703
   908    703
   905    704
   906    704
   907    704
   908    704
   909    704
   910    704
   905    705
   906    705
   907    705
   908    705
   906    706
   907    706
   908    706
   909    706
   910    706
   905    707
   906    707
   907    707
   908    707
   909    707
   910    707
   905    708
   906    708
   907    708
   908    708
   909    708
   910    708
   905    709
   906    709
   907    709
   908    709
   905    710
   906    710
   907    710
   908    710
   909    710
   905    711
   906    711
   907    711
   908    711
   905    712
   906    712
   907    712
   908    712
   909    712
   910    712
   904    713
   905    713
   906    713
   907    713
   908    713
   904    714
   905    714
   906    714
   907    714
   908    714
   909    714
   905    715
   906    715
   907    715
   908    715
   904    716
   905    716
   906    716
   907    716
