   909    689
   910    689
   911    689
   909    690
   910    690
   911    690
   909    691
   910    691
   911    691
   909    692
   910    692
   911    692
   908    693
   909    693
   910    693
   911    693
   907    694
   908    694
   909    694
   910    694
   907    695
   908    695
   909    695
   910    695
   911    695
   905    696
   906    696
   907    696
   908    696
   909    696
   905    697
   906    697
   907    697
   908    697
   909    697
   905    698
   906    698
   907    698
   908    698
   909    698
   905    699
   906    699
   907    699
   908    699
   909    699
   904    700
   905    700
   906    700
   907    700
   908    700
   907    701
   908    701
   909    701
   906    702
   907    702
   908    702
   909    702
   906    703
   907    703
   908    703
   907    704
   908    704
   907    705
   908    705
   906    706
   907    706
   908    706
   906    707
   907    707
   908    707
   906    708
   907    708
   908    708
   906    709
   907    709
   908    709
   906    710
   907    710
   908    710
   909    710
   910    710
   911    710
   905    711
   906    711
   907    711
   908    711
   909    711
   910    711
   905    712
   906    712
   907    712
   908    712
   909    712
   910    712
   905    713
   906    713
   907    713
   908    713
   909    713
   910    713
   905    714
   906    714
   907    714
   908    714
   909    714
   910    714
   905    715
   906    715
   907    715
   908    715
   909    715
   910    715
   904    716
   905    716
   906    716
   907    716
   908    716
   909    716
   910    716
   911    716
   905    717
   906    717
   907    717
   908    717
   909    717
   910    717
   905    718
   906    718
   907    718
   908    718
   909    718
   910    718
   904    719
   905    719
   906    719
   907    719
   908    719
   909    719
   904    720
   905    720
   906    720
   907    720
   908    720
   909    720
   905    721
   906    721
   907    721
   908    721
   904    722
   905    722
   906    722
   907    722
   908    722
   909    722
   904    723
   905    723
   906    723
   907    723
   908    723
   909    723
   904    724
   905    724
   906    724
   907    724
   908    724
   909    724
   910    724
   904    725
   905    725
   906    725
   907    725
   908    725
   909    725
   910    725
   904    726
   905    726
   906    726
   907    726
   908    726
   909    726
   910    726
   903    727
   904    727
   905    727
   906    727
   907    727
   908    727
   909    727
   903    728
   904    728
   905    728
   906    728
   907    728
   908    728
   909    728
   903    729
   904    729
   905    729
   906    729
   907    729
   908    729
   909    729
   903    730
   904    730
   905    730
   906    730
   907    730
   908    730
   909    730
   903    731
   904    731
   905    731
   906    731
   907    731
   908    731
   909    731
   903    732
   904    732
   905    732
   906    732
   907    732
   908    732
   909    732
   910    732
   903    733
   904    733
   905    733
   906    733
   907    733
   908    733
   909    733
   910    733
   903    734
   904    734
   905    734
   906    734
   907    734
   908    734
   909    734
   902    735
   903    735
   904    735
   905    735
   906    735
   907    735
   908    735
   909    735
   902    736
   903    736
   904    736
   905    736
   906    736
   907    736
   908    736
   902    737
   903    737
   904    737
   905    737
   906    737
   907    737
   902    738
   903    738
   904    738
   905    738
   906    738
   907    738
   902    739
   903    739
   904    739
   905    739
   906    739
   901    740
   902    740
   903    740
   904    740
   905    740
   906    740
   902    741
   903    741
   904    741
   905    741
   903    742
   904    742
