   910    689
   911    689
   909    691
   908    693
   909    693
   910    693
   908    694
   909    694
   910    694
   908    695
   909    695
   907    696
   908    696
   909    696
   910    696
   907    697
   908    697
   909    697
   908    702
   910    702
   911    702
   907    703
   908    703
   909    703
   910    703
   911    703
   907    704
   908    704
   909    704
   907    705
   908    705
   909    705
   906    706
   907    706
   908    706
   909    706
   906    707
   907    707
   908    707
   909    707
   906    708
   907    708
   908    708
   909    708
   910    708
   911    708
   906    709
   907    709
   908    709
   906    710
   907    710
   908    710
   906    711
   907    711
   908    711
   906    712
   907    712
   908    712
   905    713
   906    713
   907    713
   908    713
   905    714
   906    714
   907    714
   905    715
   906    715
   907    715
   905    716
   906    716
   907    716
   905    717
   906    717
   907    717
   905    718
   906    718
   907    718
   908    718
