   906    689
   907    689
   908    689
   909    689
   906    690
   907    690
   908    690
   909    690
   906    691
   905    692
   906    692
   907    692
   908    692
   909    692
   905    693
   906    693
   907    693
   908    693
   909    693
   910    693
   905    694
   906    694
   907    694
   908    694
   909    694
   910    694
   911    694
   905    695
   906    695
   907    695
   908    695
   909    695
   910    695
   911    695
   905    696
   906    696
   907    696
   908    696
   909    696
   910    696
   905    697
   906    697
   907    697
   908    697
   909    697
   910    697
   911    697
   905    698
   906    698
   907    698
   908    698
   909    698
   910    698
   911    698
   905    699
   906    699
   907    699
   908    699
   909    699
   910    699
   911    699
   904    700
   905    700
   906    700
   907    700
   908    700
   909    700
   907    701
   908    701
   909    701
   906    702
   907    702
   908    702
   909    702
   907    703
   908    703
   909    703
   910    703
   911    703
   907    704
   908    704
   909    704
   910    704
   911    704
   904    705
   907    705
   908    705
   909    705
   910    705
   903    706
   904    706
   905    706
   906    706
   907    706
   908    706
   909    706
   910    706
   911    706
   906    707
   907    707
   908    707
   909    707
   910    707
   911    707
   906    708
   907    708
   908    708
   909    708
   910    708
   906    709
   907    709
   908    709
   909    709
   910    709
   906    710
   907    710
   908    710
   909    710
   910    710
   911    710
   905    711
   906    711
   907    711
   908    711
   909    711
   910    711
   905    712
   906    712
   907    712
   908    712
   909    712
   910    712
   911    712
   906    713
   907    713
   908    713
   909    713
   905    714
   906    714
   907    714
   908    714
   909    714
   910    714
   905    715
   906    715
   907    715
   908    715
   909    715
   905    716
   906    716
   907    716
   908    716
   909    716
   910    716
   905    717
   906    717
   907    717
   908    717
   909    717
   905    718
   906    718
   907    718
   908    718
   909    718
   910    718
   904    719
   905    719
   906    719
   907    719
   908    719
   909    719
   910    719
   904    720
   905    720
   906    720
   907    720
   908    720
   909    720
   910    720
   904    721
   905    721
   906    721
   907    721
   908    721
   909    721
   910    721
   904    722
   905    722
   906    722
   907    722
   908    722
   909    722
   910    722
   911    722
   904    723
   905    723
   906    723
   907    723
   908    723
   909    723
   910    723
   904    724
   905    724
   906    724
   907    724
   908    724
   909    724
   910    724
   911    724
   904    725
   905    725
   906    725
   907    725
   908    725
   909    725
   910    725
   904    726
   905    726
   906    726
   907    726
   908    726
   909    726
   910    726
   911    726
   904    727
   905    727
   906    727
   907    727
   908    727
   909    727
   910    727
   904    728
   905    728
   906    728
   907    728
   908    728
   909    728
   910    728
   904    729
   905    729
   906    729
   907    729
   908    729
   909    729
   910    729
   904    730
   905    730
   906    730
   907    730
   908    730
   909    730
   910    730
   904    731
   905    731
   906    731
   907    731
   908    731
   909    731
   910    731
   904    732
   905    732
   906    732
   907    732
   908    732
   909    732
   910    732
   911    732
   904    733
   905    733
   906    733
   907    733
   908    733
   909    733
   910    733
   904    734
   905    734
   906    734
   907    734
   908    734
   909    734
   910    734
   911    734
   904    735
   905    735
   906    735
   907    735
   908    735
   909    735
   910    735
   911    735
   903    736
   904    736
   905    736
   906    736
   907    736
   908    736
   909    736
   903    737
   904    737
   905    737
   906    737
   907    737
   908    737
   909    737
   903    738
   904    738
   905    738
   906    738
   907    738
   908    738
   909    738
   903    739
   904    739
   905    739
   906    739
   907    739
   908    739
   909    739
   903    740
   904    740
   905    740
   906    740
   907    740
   908    740
   909    740
   903    741
   904    741
   905    741
   906    741
   907    741
   908    741
   909    741
   903    742
   904    742
   905    742
   906    742
   907    742
   908    742
   909    742
   902    743
   903    743
   904    743
   905    743
   906    743
   907    743
   908    743
   909    743
   902    744
   903    744
   904    744
   905    744
   906    744
   907    744
   908    744
   909    744
   902    745
   903    745
   904    745
   905    745
   906    745
   907    745
   908    745
   909    745
   910    745
   902    746
   903    746
   904    746
   905    746
   906    746
   907    746
   908    746
   909    746
   910    746
   902    747
   903    747
   904    747
   905    747
   906    747
   907    747
   908    747
   909    747
   910    747
   902    748
   903    748
   904    748
   905    748
   906    748
   907    748
   908    748
   909    748
   902    749
   903    749
   904    749
   905    749
   906    749
   907    749
   908    749
   909    749
   910    749
   902    750
   903    750
   904    750
   905    750
   906    750
   907    750
   908    750
   909    750
   910    750
   902    751
   903    751
   904    751
   905    751
   906    751
   907    751
   908    751
   909    751
   910    751
   902    752
   903    752
   904    752
   905    752
   906    752
   907    752
   908    752
   909    752
   910    752
   902    753
   903    753
   904    753
   905    753
   906    753
   907    753
   908    753
   909    753
   901    754
   902    754
   903    754
   904    754
   905    754
   906    754
   907    754
   908    754
   909    754
   902    755
   903    755
   904    755
   905    755
   906    755
   907    755
   908    755
   901    756
   902    756
   903    756
   904    756
   905    756
   906    756
   907    756
   908    756
   901    757
   902    757
   903    757
   904    757
   905    757
   906    757
   901    758
   902    758
   903    758
   904    758
   905    758
   906    758
