   901    693
   902    693
   903    693
   904    693
   900    694
   901    694
   902    694
   903    694
   904    694
   900    695
   901    695
   902    695
   903    695
   904    695
   903    696
   904    696
   901    697
   902    697
   903    697
   904    697
   905    697
   906    697
   900    698
   901    698
   902    698
   903    698
   904    698
   905    698
   906    698
   900    699
   901    699
   903    699
   904    699
   905    699
   899    700
   900    700
   901    700
   902    700
   903    700
   904    700
   905    700
   906    700
   899    701
   900    701
   901    701
   902    701
   903    701
   904    701
   905    701
   906    701
   898    702
   899    702
   900    702
   901    702
   902    702
   903    702
   904    702
   905    702
   898    703
   899    703
   900    703
   901    703
   902    703
   903    703
   904    703
   905    703
   899    704
   900    704
   901    704
   902    704
   903    704
   904    704
   905    704
   906    704
   907    704
   908    704
   898    705
   899    705
   900    705
   901    705
   902    705
   903    705
   904    705
   905    705
   906    705
   907    705
   908    705
   900    706
   901    706
   902    706
   903    706
   904    706
   905    706
   901    707
   902    707
   903    707
   904    707
   905    707
   901    708
   902    708
   903    708
   904    708
   905    708
   906    708
   900    709
   901    709
   902    709
   903    709
   900    710
   901    710
   902    710
   903    710
   900    711
   901    711
   902    711
   900    712
   901    712
   902    712
   899    713
   900    713
   901    713
   899    714
   900    714
   901    714
   902    714
   899    715
   900    715
   901    715
   902    715
   899    716
   900    716
   901    716
   902    716
   903    716
   904    716
   905    716
   899    717
   900    717
   901    717
   902    717
   903    717
   904    717
   899    718
   900    718
   901    718
   902    718
   903    718
   904    718
   898    719
   899    719
   900    719
   901    719
   902    719
   903    719
   904    719
   898    720
   899    720
   900    720
   901    720
   902    720
   898    721
   899    721
   900    721
   901    721
   902    721
   898    722
   899    722
   900    722
   901    722
   902    722
   898    723
   899    723
   900    723
   901    723
   902    723
   897    724
   898    724
   899    724
   900    724
   901    724
   902    724
   903    724
   904    724
   897    725
   898    725
   899    725
   900    725
   901    725
   902    725
   903    725
   897    726
   898    726
   899    726
   900    726
   901    726
   902    726
   903    726
   897    727
   898    727
   899    727
   900    727
   901    727
   902    727
   903    727
   897    728
   898    728
   899    728
   900    728
   901    728
   902    728
   903    728
   897    729
   898    729
   899    729
   900    729
   901    729
   902    729
   896    730
   897    730
   898    730
   899    730
   900    730
   901    730
   902    730
   897    731
   898    731
   899    731
   900    731
   901    731
   902    731
   897    732
   898    732
   899    732
   900    732
   901    732
   896    733
   897    733
   898    733
   899    733
   900    733
   901    733
   896    734
   897    734
   898    734
   899    734
   900    734
   901    734
   902    734
   896    735
   897    735
   898    735
   899    735
   900    735
   901    735
