   899    696
   900    696
   901    696
   902    696
   898    697
   899    697
   901    697
   902    697
   897    698
   898    698
   899    698
   900    698
   901    698
   902    698
   903    698
   904    698
   900    699
   901    699
   902    699
   900    700
   901    700
   902    700
   903    700
   900    701
   901    701
   902    701
   900    702
   901    702
   902    702
   899    703
   900    703
   901    703
   902    703
   903    703
   896    704
   897    704
   898    704
   899    704
   900    704
   901    704
   902    704
   903    704
   896    705
   897    705
   899    705
   900    705
   901    705
   902    705
   896    706
   897    706
   899    706
   900    706
   901    706
   902    706
   903    706
   896    707
   899    707
   900    707
   901    707
   902    707
   903    707
   899    708
   900    708
   901    708
   902    708
   903    708
   895    709
   898    709
   899    709
   900    709
   901    709
   902    709
   903    709
   898    710
   899    710
   900    710
   901    710
   902    710
   903    710
   896    711
   897    711
   898    711
   899    711
   900    711
   901    711
   902    711
   903    711
   904    711
   895    712
   896    712
   897    712
   898    712
   899    712
   900    712
   901    712
   902    712
   897    713
   898    713
   899    713
   900    713
   901    713
   902    713
   903    713
   897    714
   898    714
   899    714
   900    714
   901    714
   902    714
   897    715
   898    715
   899    715
   900    715
   901    715
   902    715
   897    716
   898    716
   899    716
   900    716
   901    716
   902    716
   896    717
   897    717
   898    717
   899    717
   900    717
   901    717
   902    717
   896    718
   897    718
   898    718
   899    718
   900    718
   901    718
   902    718
   896    719
   897    719
   898    719
   899    719
   900    719
   901    719
   902    719
   896    720
   897    720
   898    720
   899    720
   900    720
   901    720
   895    721
   896    721
   897    721
   898    721
   899    721
   900    721
   901    721
   895    722
   896    722
   897    722
   898    722
   899    722
   900    722
   901    722
   895    723
   896    723
   897    723
   898    723
   899    723
   900    723
   901    723
   894    724
   895    724
   896    724
   897    724
   898    724
   899    724
   900    724
   901    724
   894    725
   895    725
   896    725
   897    725
   898    725
   899    725
   900    725
   901    725
   894    726
   895    726
   896    726
   897    726
   898    726
   899    726
   900    726
   894    727
   895    727
   896    727
   897    727
   898    727
   899    727
   900    727
   894    728
   895    728
   896    728
   897    728
   898    728
   899    728
   900    728
   894    729
   895    729
   896    729
   897    729
   898    729
   899    729
   900    729
   893    730
   894    730
   895    730
   896    730
   897    730
   898    730
   899    730
   900    730
   893    731
   894    731
   895    731
   896    731
   897    731
   898    731
   899    731
   900    731
   892    732
   893    732
   894    732
   895    732
   896    732
   897    732
   898    732
   899    732
   900    732
   892    733
   893    733
   894    733
   895    733
   896    733
   897    733
   898    733
   899    733
   892    734
   893    734
   894    734
   895    734
   896    734
   897    734
   898    734
   899    734
   892    735
   893    735
   894    735
   895    735
   896    735
   897    735
   898    735
   899    735
   891    736
   892    736
   893    736
   894    736
   895    736
   896    736
   897    736
   898    736
   899    736
   891    737
   892    737
   893    737
   894    737
   895    737
   896    737
   897    737
   898    737
   899    737
   891    738
   892    738
   893    738
   894    738
   895    738
   896    738
   897    738
   898    738
   891    739
   892    739
   893    739
   894    739
   895    739
   896    739
   897    739
   898    739
   891    740
   892    740
   893    740
   894    740
   895    740
   896    740
   897    740
   898    740
   899    740
   890    741
   891    741
   892    741
   893    741
   894    741
   895    741
   896    741
   897    741
   898    741
   890    742
   891    742
   892    742
   893    742
   894    742
   895    742
   896    742
   897    742
   898    742
   890    743
   891    743
   892    743
   893    743
   894    743
   895    743
   896    743
   897    743
   890    744
   891    744
   892    744
   893    744
   894    744
   895    744
   896    744
   897    744
   890    745
   891    745
   892    745
   893    745
   894    745
   895    745
   896    745
   897    745
   889    746
   890    746
   891    746
   892    746
   893    746
   894    746
   895    746
   896    746
   889    747
   890    747
   891    747
   892    747
   893    747
   894    747
   895    747
   896    747
   889    748
   890    748
   891    748
   892    748
   893    748
   894    748
   895    748
   888    749
   889    749
   890    749
   891    749
   892    749
   893    749
   894    749
   895    749
   888    750
   889    750
   890    750
   891    750
   892    750
   893    750
   894    750
   888    751
   889    751
   890    751
   891    751
   892    751
   893    751
   894    751
   888    752
   889    752
   890    752
   891    752
   892    752
