   901    735
   900    736
   901    736
   902    736
   899    737
   900    737
   901    737
   902    737
   899    738
   900    738
   901    738
   899    739
   900    739
   901    739
   902    739
   899    740
   900    740
   901    740
   898    741
   899    741
   900    741
   901    741
   898    742
   899    742
   900    742
   901    742
   898    743
   899    743
   900    743
   901    743
   898    744
   899    744
   900    744
   901    744
   898    745
   899    745
   900    745
   901    745
   902    745
   897    746
   898    746
   899    746
   900    746
   901    746
   897    747
   898    747
   899    747
   900    747
   901    747
   897    748
   898    748
   899    748
   900    748
   901    748
   896    749
   897    749
   898    749
   899    749
   900    749
   901    749
   896    750
   897    750
   898    750
   899    750
   900    750
   901    750
   902    750
   896    751
   897    751
   898    751
   899    751
   900    751
   901    751
   902    751
   896    752
   897    752
   898    752
   899    752
   900    752
   895    753
   896    753
   897    753
   898    753
   899    753
   900    753
   895    754
   896    754
   897    754
   898    754
   899    754
   900    754
   895    755
   896    755
   897    755
   898    755
   899    755
   900    755
   895    756
   896    756
   897    756
   898    756
   899    756
   900    756
   894    757
   895    757
   896    757
   897    757
   898    757
   899    757
   900    757
   894    758
   895    758
   896    758
   897    758
   898    758
   899    758
   900    758
   901    758
   894    759
   895    759
   896    759
   897    759
   898    759
   899    759
   900    759
   901    759
   894    760
   895    760
   896    760
   897    760
   898    760
   899    760
   900    760
   901    760
   893    761
   894    761
   895    761
   896    761
   897    761
   898    761
   899    761
   900    761
   901    761
   893    762
   894    762
   895    762
   896    762
   897    762
   898    762
   899    762
   900    762
   901    762
   893    763
   894    763
   895    763
   896    763
   897    763
   898    763
   899    763
   900    763
   901    763
   893    764
   894    764
   895    764
   896    764
   897    764
   898    764
   899    764
   900    764
   893    765
   894    765
   895    765
   896    765
   897    765
   898    765
   899    765
   900    765
   892    766
   893    766
   894    766
   895    766
   896    766
   897    766
   898    766
   899    766
   900    766
   892    767
   893    767
   894    767
   895    767
   896    767
   897    767
   898    767
   899    767
   892    768
   893    768
   894    768
   895    768
   896    768
   897    768
   898    768
   892    769
   893    769
   894    769
   895    769
   896    769
   897    769
   898    769
   892    770
   893    770
   894    770
   895    770
   896    770
   897    770
   898    770
   891    771
   892    771
   893    771
   894    771
   895    771
   896    771
   897    771
   898    771
   899    771
   891    772
   892    772
   893    772
   894    772
   895    772
   896    772
   897    772
   898    772
   899    772
   891    773
   892    773
   893    773
   894    773
   895    773
   896    773
   897    773
   898    773
   891    774
   892    774
   893    774
   894    774
   895    774
   896    774
   897    774
   898    774
   891    775
   892    775
   893    775
   894    775
   895    775
   896    775
   897    775
   898    775
   891    776
   892    776
   893    776
   894    776
   895    776
   896    776
   897    776
   898    776
   890    777
   891    777
   892    777
   893    777
   894    777
   895    777
   896    777
   897    777
   898    777
   890    778
   891    778
   892    778
   893    778
   894    778
   895    778
   896    778
   897    778
   898    778
   890    779
   891    779
   892    779
   893    779
   894    779
   895    779
   896    779
   897    779
   898    779
   890    780
   891    780
   892    780
   893    780
   894    780
   895    780
   896    780
   897    780
   898    780
   890    781
   891    781
   892    781
   893    781
   894    781
   895    781
   896    781
   897    781
   898    781
   889    782
   890    782
   891    782
   892    782
   893    782
   894    782
   895    782
   896    782
   897    782
   898    782
   890    783
   891    783
   892    783
   893    783
   894    783
   895    783
   896    783
   897    783
   898    783
   889    784
   890    784
   891    784
   892    784
   893    784
   894    784
   895    784
   896    784
   897    784
   898    784
