   902    697
   903    697
   904    697
   905    697
   906    697
   907    697
   904    698
   905    698
   906    698
   907    698
   901    699
   902    699
   904    699
   905    699
   906    699
   907    699
   904    700
   905    700
   906    700
   907    700
   904    701
   905    701
   906    701
   907    701
   908    701
   909    701
   903    702
   904    702
   905    702
   906    702
   907    702
   903    703
   904    703
   905    703
   906    703
   903    704
   904    704
   905    704
   906    704
   907    704
   903    705
   904    705
   905    705
   906    705
   907    705
   903    706
   904    706
   905    706
   906    706
   907    706
   902    707
   903    707
   904    707
   905    707
   906    707
   907    707
   902    708
   903    708
   904    708
   905    708
   906    708
   907    708
   902    709
   903    709
   904    709
   905    709
   906    709
   907    709
   902    710
   903    710
   904    710
   905    710
   906    710
   902    711
   903    711
   904    711
   905    711
   906    711
   901    712
   902    712
   903    712
   904    712
   905    712
   906    712
   907    712
   901    713
   902    713
   903    713
   904    713
   905    713
   906    713
   901    714
   902    714
   903    714
   904    714
   905    714
   906    714
   902    715
   903    715
   904    715
   905    715
   906    715
   907    715
   901    716
   902    716
   903    716
   904    716
   905    716
   906    716
   901    717
   902    717
   903    717
   904    717
   905    717
   906    717
   901    718
   902    718
   903    718
   904    718
   905    718
   906    718
   900    719
   901    719
   902    719
   903    719
   904    719
   905    719
   906    719
   900    720
   901    720
   902    720
   903    720
   904    720
   905    720
   929    720
   930    720
   936    720
   937    720
   938    720
   939    720
   940    720
   943    720
   944    720
   945    720
   900    721
   901    721
   902    721
   903    721
   904    721
   905    721
   939    721
   940    721
   941    721
   899    722
   900    722
   901    722
   902    722
   903    722
   904    722
   905    722
   912    722
   913    722
   916    722
   917    722
   920    722
   921    722
   925    722
   926    722
   927    722
   928    722
   929    722
   930    722
   931    722
   935    722
   936    722
   937    722
   899    723
   900    723
   901    723
   902    723
   903    723
   904    723
   905    723
   910    723
   911    723
   912    723
   914    723
   915    723
   916    723
   917    723
   918    723
   919    723
   920    723
   893    724
   894    724
   895    724
   896    724
   899    724
   900    724
   901    724
   902    724
   903    724
   904    724
   905    724
   910    724
   911    724
   912    724
   913    724
   914    724
   915    724
   916    724
   917    724
   918    724
   919    724
   920    724
   898    725
   899    725
   900    725
   901    725
   902    725
   903    725
   904    725
   905    725
   910    725
   911    725
   912    725
   913    725
   914    725
   915    725
   916    725
   917    725
   918    725
   892    726
   893    726
   894    726
   898    726
   899    726
   900    726
   901    726
   902    726
   903    726
   904    726
   911    726
   912    726
   913    726
   914    726
   890    727
   891    727
   895    727
   896    727
   898    727
   899    727
   900    727
   901    727
   902    727
   903    727
   904    727
   908    727
   909    727
   892    728
   893    728
   896    728
   897    728
   898    728
   899    728
   900    728
   901    728
   902    728
   903    728
   904    728
   905    728
   906    728
   907    728
   894    729
   895    729
   896    729
   897    729
   898    729
   899    729
   900    729
   901    729
   902    729
   903    729
   904    729
   905    729
   908    729
   909    729
   896    730
   897    730
   898    730
   899    730
   900    730
   901    730
   902    730
   903    730
   904    730
   905    730
   906    730
   907    730
   897    731
   898    731
   899    731
   900    731
   901    731
   902    731
   903    731
   904    731
   905    731
   898    732
   899    732
   900    732
   901    732
   902    732
   903    732
   904    732
   898    733
   899    733
   900    733
   901    733
   902    733
   903    733
   904    733
   905    733
   898    734
   899    734
   900    734
   901    734
   902    734
   903    734
   904    734
   898    735
   899    735
   900    735
   901    735
   902    735
   903    735
   904    735
   898    736
   899    736
   900    736
   901    736
   902    736
   903    736
   897    737
   898    737
   899    737
   900    737
   901    737
   902    737
   903    737
   897    738
   898    738
   899    738
   900    738
   901    738
   902    738
   903    738
   904    738
   897    739
   898    739
   899    739
   900    739
   901    739
   902    739
   903    739
   897    740
   898    740
   899    740
   900    740
   901    740
   902    740
   903    740
   897    741
   898    741
   899    741
   900    741
   901    741
   902    741
   903    741
   896    742
   897    742
   898    742
   899    742
   900    742
   901    742
   902    742
   903    742
   896    743
   897    743
   898    743
   899    743
   900    743
   901    743
   902    743
   903    743
   895    744
   896    744
   897    744
   898    744
   899    744
   900    744
   901    744
   902    744
   895    745
   896    745
   897    745
   898    745
   899    745
   900    745
   901    745
   902    745
   895    746
   896    746
   897    746
   898    746
   899    746
   900    746
   901    746
   902    746
   903    746
   895    747
   896    747
   897    747
   898    747
   899    747
   900    747
   901    747
   902    747
   903    747
   895    748
   896    748
   897    748
   898    748
   899    748
   900    748
   901    748
   902    748
   903    748
   895    749
   896    749
   897    749
   898    749
   899    749
   900    749
   901    749
   902    749
   903    749
   894    750
   895    750
   896    750
   897    750
   898    750
   899    750
   900    750
   901    750
   902    750
   903    750
   894    751
   895    751
   896    751
   897    751
   898    751
   899    751
   900    751
   901    751
   902    751
   903    751
   893    752
   894    752
   895    752
   896    752
   897    752
   898    752
   899    752
   900    752
   901    752
   902    752
   894    753
   895    753
   896    753
   897    753
   898    753
   899    753
   900    753
   901    753
   902    753
   903    753
   894    754
   895    754
   896    754
   897    754
   898    754
   899    754
   900    754
   901    754
   902    754
   903    754
   893    755
   894    755
   895    755
   896    755
   897    755
   898    755
   899    755
   900    755
   901    755
   902    755
   893    756
   894    756
   895    756
   896    756
   897    756
   898    756
   899    756
   900    756
   901    756
   902    756
   893    757
   894    757
   895    757
   896    757
   897    757
   898    757
   899    757
   900    757
   901    757
   902    757
   893    758
   894    758
   895    758
   896    758
   897    758
   898    758
   899    758
   900    758
   901    758
   902    758
   893    759
   894    759
   895    759
   896    759
   897    759
   898    759
   899    759
   900    759
   901    759
   902    759
   892    760
   893    760
   894    760
   895    760
   896    760
   897    760
   898    760
   899    760
   900    760
   901    760
   892    761
   893    761
   894    761
   895    761
   896    761
   897    761
   898    761
   899    761
   900    761
   901    761
   902    761
   892    762
   893    762
   894    762
   895    762
   896    762
   897    762
   898    762
   899    762
   900    762
   901    762
   902    762
   892    763
   893    763
   894    763
   895    763
   896    763
   897    763
   898    763
   899    763
   900    763
   901    763
   902    763
   891    764
   892    764
   893    764
   894    764
   895    764
   896    764
   897    764
   898    764
   899    764
   900    764
   901    764
   892    765
   893    765
   894    765
   895    765
   896    765
   897    765
   898    765
   899    765
   900    765
   901    765
   902    765
   891    766
   892    766
   893    766
   894    766
   895    766
   896    766
   897    766
   898    766
   899    766
   900    766
   901    766
   902    766
   891    767
   892    767
   893    767
   894    767
   895    767
   896    767
   897    767
   898    767
   899    767
   900    767
   901    767
   891    768
   892    768
   893    768
   894    768
   895    768
   896    768
   897    768
   898    768
   899    768
   900    768
   901    768
   891    769
   892    769
   893    769
   894    769
   895    769
   896    769
   897    769
   898    769
   899    769
   900    769
   901    769
   891    770
   892    770
   893    770
   894    770
   895    770
   896    770
   897    770
   898    770
   899    770
   900    770
   901    770
   890    771
   891    771
   892    771
   893    771
   894    771
   895    771
   896    771
   897    771
   898    771
   899    771
   900    771
   901    771
   902    771
   890    772
   891    772
   892    772
   893    772
   894    772
   895    772
   896    772
   897    772
   898    772
   899    772
   900    772
   901    772
   890    773
   891    773
   892    773
   893    773
   894    773
   895    773
   896    773
   897    773
   898    773
   899    773
   900    773
   901    773
   890    774
   891    774
   892    774
   893    774
   894    774
   895    774
   896    774
   897    774
   898    774
   899    774
   900    774
   901    774
   890    775
   891    775
   892    775
   893    775
   894    775
   895    775
   896    775
   897    775
   898    775
   899    775
   900    775
   901    775
   890    776
   891    776
   892    776
   893    776
   894    776
   895    776
   896    776
   897    776
   898    776
   899    776
   900    776
   889    777
   890    777
   891    777
   892    777
   893    777
   894    777
   895    777
   896    777
   897    777
   898    777
   899    777
   900    777
   890    778
   891    778
   892    778
   893    778
   894    778
   895    778
   896    778
   897    778
   891    779
   892    779
   893    779
   894    779
   895    779
