   904    700
   905    700
   906    700
   904    701
   905    701
   906    701
   907    701
   904    703
   905    703
   906    703
   905    704
   904    705
   905    705
   904    706
   905    706
   904    707
   905    707
   903    708
   904    708
   905    708
   903    709
   904    709
   905    709
   906    709
   907    709
   903    710
   904    710
   905    710
   906    710
   907    710
   902    711
   903    711
   904    711
   905    711
   906    711
   907    711
   903    712
   904    712
   905    712
   906    712
   907    712
   903    713
   904    713
   905    713
   906    713
   907    713
   902    714
   903    714
   904    714
   905    714
   906    714
   907    714
   902    715
   903    715
   904    715
   905    715
   906    715
   907    715
   902    716
   903    716
   904    716
   905    716
   906    716
   907    716
  1053    716
  1054    716
   902    717
   903    717
   904    717
   905    717
   906    717
   907    717
  1031    717
  1032    717
  1033    717
   902    718
   903    718
   904    718
   905    718
   906    718
   907    718
  1029    718
  1030    718
  1031    718
  1051    718
  1052    718
  1053    718
   902    719
   903    719
   904    719
   905    719
   906    719
  1010    719
  1016    719
  1017    719
  1018    719
  1030    719
  1045    719
  1046    719
  1047    719
   902    720
   903    720
   904    720
   905    720
   906    720
   907    720
   989    720
   990    720
   991    720
   992    720
   993    720
   994    720
   995    720
   996    720
   997    720
   998    720
   999    720
  1000    720
  1001    720
  1005    720
  1006    720
  1007    720
  1008    720
  1009    720
  1010    720
  1011    720
  1012    720
  1013    720
  1017    720
  1018    720
  1019    720
  1020    720
  1021    720
  1022    720
  1023    720
  1024    720
   902    721
   903    721
   904    721
   905    721
   906    721
   907    721
   987    721
   988    721
   989    721
   990    721
   991    721
   992    721
   993    721
   994    721
   998    721
   999    721
  1000    721
  1001    721
  1002    721
  1003    721
  1004    721
  1005    721
  1006    721
  1007    721
  1008    721
  1009    721
  1010    721
  1011    721
  1012    721
  1013    721
  1014    721
  1015    721
   901    722
   902    722
   903    722
   904    722
   905    722
   906    722
   986    722
   987    722
   991    722
   992    722
   993    722
  1007    722
  1008    722
  1009    722
   901    723
   902    723
   903    723
   904    723
   905    723
   906    723
   968    723
   969    723
   984    723
   985    723
   986    723
   901    724
   902    724
   903    724
   904    724
   905    724
   906    724
   907    724
   960    724
   961    724
   962    724
   963    724
   964    724
   965    724
   966    724
   967    724
   968    724
   969    724
   972    724
   973    724
   974    724
   986    724
   901    725
   902    725
   903    725
   904    725
   905    725
   906    725
   959    725
   967    725
   968    725
   969    725
   970    725
   971    725
   972    725
   973    725
   974    725
   990    725
   900    726
   901    726
   902    726
   903    726
   904    726
   905    726
   906    726
   945    726
   946    726
   947    726
   954    726
   955    726
   956    726
   966    726
   967    726
   968    726
   969    726
   900    727
   901    727
   902    727
   903    727
   904    727
   905    727
   906    727
   943    727
   944    727
   945    727
   946    727
   947    727
   948    727
   949    727
   950    727
   951    727
   952    727
   953    727
   954    727
   900    728
   901    728
   902    728
   903    728
   904    728
   905    728
   906    728
   926    728
   927    728
   928    728
   929    728
   930    728
   931    728
   934    728
   935    728
   944    728
   945    728
   946    728
   947    728
   948    728
   949    728
   950    728
   899    729
   900    729
   901    729
   902    729
   903    729
   904    729
   905    729
   919    729
   920    729
   921    729
   922    729
   923    729
   924    729
   925    729
   926    729
   930    729
   931    729
   932    729
   933    729
   934    729
   935    729
   936    729
   943    729
   944    729
   945    729
   946    729
   947    729
   948    729
   949    729
   950    729
   951    729
   952    729
   953    729
   954    729
   899    730
   900    730
   901    730
   902    730
   903    730
   904    730
   905    730
   916    730
   917    730
   918    730
   919    730
   920    730
   923    730
   924    730
   925    730
   926    730
   927    730
   928    730
   929    730
   930    730
   931    730
   932    730
   933    730
   934    730
   935    730
   936    730
   937    730
   938    730
   939    730
   942    730
   943    730
   944    730
   945    730
   946    730
   947    730
   948    730
   949    730
   950    730
   951    730
   898    731
   899    731
   900    731
   901    731
   902    731
   903    731
   904    731
   905    731
   911    731
   912    731
   913    731
   914    731
   918    731
   919    731
   920    731
   921    731
   922    731
   923    731
   924    731
   925    731
   926    731
   927    731
   928    731
   929    731
   930    731
   931    731
   932    731
   933    731
   934    731
   935    731
   936    731
   937    731
   938    731
   939    731
   940    731
   941    731
   942    731
   943    731
   898    732
   899    732
   900    732
   901    732
   902    732
   903    732
   904    732
   905    732
   911    732
   912    732
   913    732
   914    732
   915    732
   916    732
   917    732
   918    732
   919    732
   920    732
   921    732
   922    732
   923    732
   925    732
   926    732
   927    732
   928    732
   930    732
   931    732
   932    732
   933    732
   934    732
   935    732
   937    732
   938    732
   939    732
   899    733
   900    733
   901    733
   902    733
   903    733
   904    733
   905    733
   910    733
   911    733
   912    733
   913    733
   914    733
   915    733
   916    733
   917    733
   918    733
   919    733
   920    733
   921    733
   922    733
   923    733
   928    733
   929    733
   933    733
   934    733
   899    734
   900    734
   901    734
   902    734
   903    734
   904    734
   916    734
   917    734
   918    734
   919    734
   920    734
   923    734
   924    734
   898    735
   899    735
   900    735
   901    735
   902    735
   903    735
   904    735
   913    735
   914    735
   915    735
   916    735
   919    735
   920    735
   898    736
   899    736
   900    736
   901    736
   902    736
   903    736
   904    736
   905    736
   910    736
   911    736
   912    736
   917    736
   897    737
   898    737
   899    737
   900    737
   901    737
   902    737
   903    737
   904    737
   907    737
   908    737
   909    737
   910    737
   914    737
   897    738
   898    738
   899    738
   900    738
   901    738
   902    738
   903    738
   904    738
   905    738
   906    738
   907    738
   908    738
   909    738
   910    738
   911    738
   912    738
   896    739
   897    739
   898    739
   899    739
   900    739
   901    739
   902    739
   903    739
   904    739
   905    739
   906    739
   907    739
   908    739
   909    739
   910    739
   896    740
   897    740
   898    740
   899    740
   900    740
   901    740
   902    740
   903    740
   904    740
   905    740
   906    740
   907    740
   908    740
   897    741
   898    741
   899    741
   900    741
   901    741
   902    741
   903    741
   904    741
   905    741
   906    741
   907    741
   897    742
   898    742
   899    742
   900    742
   901    742
   902    742
   903    742
   904    742
   905    742
   897    743
   898    743
   899    743
   900    743
   901    743
   902    743
   903    743
   904    743
   905    743
   897    744
   898    744
   899    744
   900    744
   901    744
   902    744
   903    744
   904    744
   905    744
   897    745
   898    745
   899    745
   900    745
   901    745
   902    745
   903    745
   904    745
   897    746
   898    746
   899    746
   900    746
   901    746
   902    746
   903    746
   904    746
   897    747
   898    747
   899    747
   900    747
   901    747
   902    747
   903    747
   904    747
   896    748
   897    748
   898    748
   899    748
   900    748
   901    748
   902    748
   903    748
   904    748
   897    749
   898    749
   899    749
   900    749
   901    749
   902    749
   903    749
   904    749
   905    749
   897    750
   898    750
   899    750
   900    750
   901    750
   902    750
   903    750
   904    750
   896    751
   897    751
   898    751
   899    751
   900    751
   901    751
   902    751
   903    751
   904    751
   896    752
   897    752
   898    752
   899    752
   900    752
   901    752
   902    752
   903    752
   904    752
   896    753
   897    753
   898    753
   899    753
   900    753
   901    753
   902    753
   903    753
   896    754
   897    754
   898    754
   899    754
   900    754
   901    754
   902    754
   903    754
   904    754
   896    755
   897    755
   898    755
   899    755
   900    755
   901    755
   902    755
   903    755
   895    756
   896    756
   897    756
   898    756
   899    756
   900    756
   901    756
   902    756
   903    756
   904    756
   895    757
   896    757
   897    757
   898    757
   899    757
   900    757
   901    757
   902    757
   903    757
   904    757
   895    758
   896    758
   897    758
   898    758
   899    758
   900    758
   901    758
   902    758
   903    758
   895    759
   896    759
   897    759
   898    759
   899    759
   900    759
   901    759
   902    759
   903    759
   895    760
   896    760
   897    760
   898    760
   899    760
   900    760
   901    760
   902    760
   903    760
   894    761
   895    761
   896    761
   897    761
   898    761
   899    761
   900    761
   901    761
   902    761
   903    761
   894    762
   895    762
   896    762
   897    762
   898    762
   899    762
   900    762
   901    762
   902    762
   894    763
   895    763
   896    763
   897    763
   898    763
   899    763
   900    763
   901    763
   902    763
   903    763
   894    764
   895    764
   896    764
   897    764
   898    764
   899    764
   900    764
   901    764
   902    764
   903    764
   894    765
   895    765
   896    765
   897    765
   898    765
   899    765
   900    765
   901    765
   902    765
   893    766
   894    766
   895    766
   896    766
   897    766
   898    766
   899    766
   900    766
   901    766
   902    766
   903    766
   893    767
   894    767
   895    767
   896    767
   897    767
   898    767
   899    767
   900    767
   901    767
   902    767
   893    768
   894    768
   895    768
   896    768
   897    768
   898    768
   899    768
   900    768
   901    768
   902    768
   893    769
   894    769
   895    769
   896    769
   897    769
   898    769
   899    769
   900    769
   901    769
   902    769
   893    770
   894    770
   895    770
   896    770
   897    770
   898    770
   899    770
   900    770
   901    770
   902    770
   893    771
   894    771
   895    771
   896    771
   897    771
   898    771
   899    771
   900    771
   901    771
   902    771
   892    772
   893    772
   894    772
   895    772
   896    772
   897    772
   898    772
   899    772
   900    772
   901    772
   902    772
   892    773
   893    773
   894    773
   895    773
   896    773
   897    773
   898    773
   899    773
   900    773
   901    773
   902    773
   892    774
   893    774
   894    774
   895    774
   896    774
   897    774
   898    774
   899    774
   900    774
   901    774
   902    774
   892    775
   893    775
   894    775
   895    775
   896    775
   897    775
   898    775
   899    775
   900    775
   901    775
   902    775
   892    776
   893    776
   894    776
   895    776
   896    776
   897    776
   898    776
   899    776
   900    776
   901    776
   902    776
   892    777
   893    777
   894    777
   895    777
   896    777
   897    777
   898    777
   899    777
   900    777
   901    777
   892    778
   893    778
   894    778
   895    778
   896    778
   897    778
   898    778
   899    778
   900    778
   901    778
   892    779
   893    779
   894    779
   895    779
   896    779
   897    779
   898    779
   899    779
   900    779
   901    779
   892    780
   893    780
   894    780
   895    780
   896    780
   897    780
   898    780
   899    780
   900    780
   901    780
   892    781
   893    781
   894    781
   895    781
   896    781
   897    781
   898    781
   899    781
   892    782
   893    782
   894    782
   895    782
   896    782
   897    782
   898    782
   899    782
   900    782
   891    783
   892    783
   893    783
   894    783
   895    783
   896    783
   897    783
   898    783
   899    783
