   904    703
   905    703
   906    703
   904    704
   905    704
   906    704
   907    704
   908    704
   909    704
   904    705
   905    705
   906    705
   907    705
   908    705
   904    706
   905    706
   906    706
   907    706
   908    706
   904    707
   905    707
   906    707
   907    707
   908    707
   903    708
   904    708
   905    708
   906    708
   907    708
   908    708
   903    709
   904    709
   905    709
   906    709
   907    709
   908    709
   903    710
   904    710
   905    710
   906    710
   907    710
   908    710
   903    711
   904    711
   905    711
   906    711
   907    711
   903    712
   904    712
   905    712
   906    712
   907    712
   908    712
   903    713
   904    713
   905    713
   906    713
   907    713
   908    713
   902    714
   903    714
   904    714
   905    714
   906    714
   907    714
   902    715
   903    715
   904    715
   905    715
   906    715
   907    715
   908    715
   903    716
   904    716
   905    716
   906    716
   907    716
   908    716
  1052    716
  1053    716
  1054    716
  1055    716
  1073    716
   902    717
   903    717
   904    717
   905    717
   906    717
   907    717
   902    718
   903    718
   904    718
   905    718
   906    718
   907    718
  1066    718
  1067    718
  1068    718
  1069    718
  1070    718
  1071    718
  1074    718
   902    719
   903    719
   904    719
   905    719
   906    719
   907    719
  1050    719
  1051    719
  1052    719
  1053    719
  1054    719
  1055    719
  1056    719
  1057    719
  1058    719
  1059    719
   902    720
   903    720
   904    720
   905    720
   906    720
   907    720
  1023    720
  1024    720
  1025    720
  1026    720
  1027    720
  1036    720
  1037    720
  1038    720
  1039    720
  1040    720
  1041    720
   902    721
   903    721
   904    721
   905    721
   906    721
   907    721
  1016    721
  1017    721
  1018    721
  1019    721
  1020    721
  1021    721
  1022    721
  1023    721
  1024    721
  1025    721
  1026    721
  1027    721
  1030    721
  1031    721
  1032    721
  1038    721
  1039    721
  1040    721
  1055    721
  1060    721
  1061    721
   901    722
   902    722
   903    722
   904    722
   905    722
   906    722
   907    722
  1009    722
  1010    722
  1011    722
  1012    722
  1013    722
  1014    722
  1015    722
  1016    722
  1017    722
  1018    722
  1019    722
  1020    722
  1034    722
  1035    722
  1036    722
   902    723
   903    723
   904    723
   905    723
   906    723
   907    723
  1011    723
  1012    723
  1013    723
  1014    723
  1015    723
  1016    723
  1017    723
  1018    723
  1019    723
  1020    723
  1021    723
  1022    723
  1023    723
   902    724
   903    724
   904    724
   905    724
   906    724
   907    724
   992    724
   993    724
   994    724
   995    724
   996    724
   997    724
   998    724
   999    724
  1000    724
  1004    724
  1008    724
  1009    724
  1010    724
  1011    724
  1012    724
  1013    724
  1014    724
  1015    724
  1016    724
  1017    724
  1018    724
  1019    724
  1020    724
  1021    724
  1022    724
  1023    724
  1024    724
   901    725
   902    725
   903    725
   904    725
   905    725
   906    725
   907    725
   991    725
   992    725
   993    725
   998    725
   999    725
  1000    725
  1009    725
  1010    725
  1011    725
  1012    725
  1013    725
  1014    725
  1015    725
  1016    725
  1017    725
  1018    725
  1019    725
  1020    725
  1021    725
   901    726
   902    726
   903    726
   904    726
   905    726
   906    726
   907    726
   992    726
   993    726
   994    726
   995    726
   996    726
  1008    726
  1009    726
  1010    726
  1011    726
  1012    726
  1013    726
  1014    726
  1018    726
  1019    726
  1020    726
  1021    726
  1022    726
  1023    726
   900    727
   901    727
   902    727
   903    727
   904    727
   905    727
   906    727
   969    727
   970    727
   971    727
   972    727
   992    727
   993    727
   994    727
  1013    727
  1014    727
  1015    727
  1016    727
  1017    727
   900    728
   901    728
   902    728
   903    728
   904    728
   905    728
   906    728
   957    728
   958    728
   959    728
   960    728
   965    728
   966    728
   967    728
   975    728
   976    728
   977    728
   978    728
   995    728
   996    728
   900    729
   901    729
   902    729
   903    729
   904    729
   905    729
   906    729
   907    729
   950    729
   951    729
   952    729
   953    729
   959    729
   960    729
   961    729
   962    729
   963    729
   966    729
   967    729
   968    729
   899    730
   900    730
   901    730
   902    730
   903    730
   904    730
   905    730
   906    730
   954    730
   955    730
   956    730
   957    730
   958    730
   959    730
   960    730
   899    731
   900    731
   901    731
   902    731
   903    731
   904    731
   905    731
   906    731
   948    731
   949    731
   950    731
   953    731
   954    731
   955    731
   956    731
   957    731
   958    731
   899    732
   900    732
   901    732
   902    732
   903    732
   904    732
   905    732
   927    732
   928    732
   929    732
   930    732
   933    732
   935    732
   937    732
   938    732
   948    732
   949    732
   950    732
   951    732
   952    732
   953    732
   899    733
   900    733
   901    733
   902    733
   903    733
   904    733
   905    733
   924    733
   925    733
   926    733
   927    733
   932    733
   933    733
   934    733
   935    733
   936    733
   937    733
   938    733
   939    733
   945    733
   946    733
   947    733
   948    733
   949    733
   950    733
   951    733
   952    733
   953    733
   954    733
   955    733
   956    733
   957    733
   865    734
   866    734
   867    734
   899    734
   900    734
   901    734
   902    734
   903    734
   904    734
   905    734
   927    734
   928    734
   929    734
   930    734
   934    734
   935    734
   936    734
   938    734
   939    734
   940    734
   941    734
   942    734
   943    734
   944    734
   945    734
   946    734
   947    734
   948    734
   950    734
   951    734
   952    734
   953    734
   954    734
   864    735
   865    735
   898    735
   899    735
   900    735
   901    735
   902    735
   903    735
   904    735
   905    735
   923    735
   924    735
   929    735
   930    735
   931    735
   935    735
   936    735
   937    735
   938    735
   939    735
   940    735
   941    735
   942    735
   946    735
   947    735
   948    735
   949    735
   884    736
   898    736
   899    736
   900    736
   901    736
   902    736
   903    736
   904    736
   905    736
   918    736
   919    736
   920    736
   921    736
   922    736
   923    736
   924    736
   925    736
   926    736
   927    736
   930    736
   931    736
   936    736
   937    736
   938    736
   942    736
   943    736
   880    737
   881    737
   887    737
   888    737
   897    737
   898    737
   899    737
   900    737
   901    737
   902    737
   903    737
   904    737
   905    737
   918    737
   919    737
   920    737
   921    737
   922    737
   924    737
   925    737
   926    737
   927    737
   937    737
   938    737
   939    737
   877    738
   878    738
   883    738
   884    738
   885    738
   897    738
   898    738
   899    738
   900    738
   901    738
   902    738
   903    738
   904    738
   905    738
   912    738
   913    738
   914    738
   915    738
   916    738
   921    738
   922    738
   923    738
   924    738
   939    738
   940    738
   941    738
   879    739
   880    739
   881    739
   886    739
   887    739
   888    739
   889    739
   897    739
   898    739
   899    739
   900    739
   901    739
   902    739
   903    739
   904    739
   905    739
   917    739
   918    739
   919    739
   920    739
   921    739
   922    739
   923    739
   924    739
   925    739
   926    739
   883    740
   884    740
   889    740
   890    740
   891    740
   897    740
   898    740
   899    740
   900    740
   901    740
   902    740
   903    740
   904    740
   905    740
   913    740
   914    740
   915    740
   916    740
   917    740
   919    740
   920    740
   921    740
   922    740
   923    740
   885    741
   886    741
   890    741
   891    741
   892    741
   893    741
   897    741
   898    741
   899    741
   900    741
   901    741
   902    741
   903    741
   904    741
   905    741
   911    741
   912    741
   913    741
   914    741
   917    741
   918    741
   919    741
   920    741
   887    742
   888    742
   889    742
   890    742
   891    742
   892    742
   893    742
   894    742
   895    742
   896    742
   897    742
   898    742
   899    742
   900    742
   901    742
   902    742
   903    742
   904    742
   908    742
   909    742
   910    742
   911    742
   915    742
   916    742
   889    743
   890    743
   891    743
   892    743
   893    743
   894    743
   895    743
   896    743
   897    743
   898    743
   899    743
   900    743
   901    743
   902    743
   903    743
   904    743
   905    743
   906    743
   907    743
   908    743
   909    743
   910    743
   890    744
   891    744
   892    744
   893    744
   894    744
   895    744
   896    744
   897    744
   898    744
   899    744
   900    744
   901    744
   902    744
   903    744
   904    744
   905    744
   906    744
   907    744
   908    744
   909    744
   910    744
   911    744
   892    745
   893    745
   894    745
   895    745
   896    745
   897    745
   898    745
   899    745
   900    745
   901    745
   902    745
   903    745
   904    745
   905    745
   906    745
   907    745
   908    745
   909    745
   910    745
   893    746
   894    746
   895    746
   896    746
   897    746
   898    746
   899    746
   900    746
   901    746
   902    746
   903    746
   904    746
   905    746
   906    746
   907    746
   908    746
   909    746
   894    747
   895    747
   896    747
   897    747
   898    747
   899    747
   900    747
   901    747
   902    747
   903    747
   904    747
   905    747
   906    747
   907    747
   895    748
   896    748
   897    748
   898    748
   899    748
   900    748
   901    748
   902    748
   903    748
   904    748
   905    748
   906    748
   896    749
   897    749
   898    749
   899    749
   900    749
   901    749
   902    749
   903    749
   904    749
   905    749
   895    750
   896    750
   897    750
   898    750
   899    750
   900    750
   901    750
   902    750
   903    750
   904    750
   896    751
   897    751
   898    751
   899    751
   900    751
   901    751
   902    751
   903    751
   904    751
   905    751
   896    752
   897    752
   898    752
   899    752
   900    752
   901    752
   902    752
   903    752
   904    752
   905    752
   895    753
   896    753
   897    753
   898    753
   899    753
   900    753
   901    753
   902    753
   903    753
   904    753
   895    754
   896    754
   897    754
   898    754
   899    754
   900    754
   901    754
   902    754
   903    754
   904    754
   905    754
   896    755
   897    755
   898    755
   899    755
   900    755
   901    755
   902    755
   903    755
   904    755
   905    755
   895    756
   896    756
   897    756
   898    756
   899    756
   900    756
   901    756
   902    756
   903    756
   904    756
   905    756
   895    757
   896    757
   897    757
   898    757
   899    757
   900    757
   901    757
   902    757
   903    757
   904    757
   905    757
   895    758
   896    758
   897    758
   898    758
   899    758
   900    758
   901    758
   902    758
   903    758
   904    758
   905    758
   895    759
   896    759
   897    759
   898    759
   899    759
   900    759
   901    759
   902    759
   903    759
   904    759
   905    759
   895    760
   896    760
   897    760
   898    760
   899    760
   900    760
   901    760
   902    760
   903    760
   904    760
   895    761
   896    761
   897    761
   898    761
   899    761
   900    761
   901    761
   902    761
   903    761
   904    761
   895    762
   896    762
   897    762
   898    762
   899    762
   900    762
   901    762
   902    762
   903    762
   904    762
   895    763
   896    763
   897    763
   898    763
   899    763
   900    763
   901    763
   902    763
   903    763
   904    763
   894    764
   895    764
   896    764
   897    764
   898    764
   899    764
   900    764
   901    764
   902    764
   903    764
   904    764
   894    765
   895    765
   896    765
   897    765
   898    765
   899    765
   900    765
   901    765
   902    765
   903    765
   904    765
   894    766
   895    766
   896    766
   897    766
   898    766
   899    766
   900    766
   901    766
   902    766
   903    766
   904    766
   894    767
   895    767
   896    767
   897    767
   898    767
   899    767
   900    767
   901    767
   902    767
   903    767
   904    767
   894    768
   895    768
   896    768
   897    768
   898    768
   899    768
   900    768
   901    768
   902    768
   903    768
   893    769
   894    769
   895    769
   896    769
   897    769
   898    769
   899    769
   900    769
   901    769
   902    769
   903    769
   893    770
   894    770
   895    770
   896    770
   897    770
   898    770
   899    770
   900    770
   901    770
   902    770
   893    771
   894    771
   895    771
   896    771
   897    771
   898    771
   899    771
   900    771
   901    771
   902    771
   903    771
   892    772
   893    772
   894    772
   895    772
   896    772
   897    772
   898    772
   899    772
   900    772
   901    772
   902    772
   892    773
   893    773
   894    773
   895    773
   896    773
   897    773
   898    773
   899    773
   900    773
   901    773
   902    773
   903    773
   892    774
   893    774
   894    774
   895    774
   896    774
   897    774
   898    774
   899    774
   900    774
   901    774
   902    774
   903    774
   892    775
   893    775
   894    775
   895    775
   896    775
   897    775
   898    775
   899    775
   900    775
   901    775
   902    775
   903    775
   892    776
   893    776
   894    776
   895    776
   896    776
   897    776
   898    776
   899    776
   900    776
   901    776
   902    776
   903    776
   891    777
   892    777
   893    777
   894    777
   895    777
   896    777
   897    777
   898    777
   899    777
   900    777
   901    777
   902    777
   903    777
   891    778
   892    778
   893    778
   894    778
   895    778
   896    778
   897    778
   898    778
   899    778
   900    778
   901    778
   902    778
   903    778
   891    779
   892    779
   893    779
   894    779
   895    779
   896    779
   897    779
   898    779
   899    779
   900    779
   901    779
   902    779
   891    780
   892    780
   893    780
   894    780
   895    780
   896    780
   897    780
   898    780
   899    780
   900    780
   901    780
   902    780
   891    781
   892    781
   893    781
   894    781
   895    781
   896    781
   897    781
   898    781
   899    781
   900    781
   901    781
   890    782
   891    782
   892    782
   893    782
   894    782
   895    782
   896    782
   897    782
   898    782
   899    782
   900    782
   892    783
   893    783
   894    783
   895    783
   896    783
   897    783
   898    783
   899    783
