   905    699
   906    699
   907    699
   905    700
   906    700
   907    700
   908    700
   905    701
   906    701
   907    701
   908    701
   909    701
   905    702
   906    702
   907    702
   908    702
   909    702
   905    703
   906    703
   907    703
   908    703
   909    703
   904    704
   905    704
   906    704
   907    704
   908    704
   909    704
   902    705
   903    705
   904    705
   905    705
   906    705
   907    705
   908    705
   909    705
   910    705
   904    706
   905    706
   906    706
   907    706
   908    706
   904    707
   905    707
   906    707
   907    707
   908    707
   903    708
   904    708
   905    708
   906    708
   907    708
   908    708
   903    709
   904    709
   905    709
   906    709
   907    709
   908    709
   903    710
   904    710
   905    710
   906    710
   907    710
   908    710
   903    711
   904    711
   905    711
   906    711
   907    711
   908    711
   903    712
   904    712
   905    712
   906    712
   907    712
   908    712
   903    713
   904    713
   905    713
   906    713
   907    713
   908    713
   903    714
   904    714
   905    714
   906    714
   907    714
   908    714
   903    715
   904    715
   905    715
   906    715
   907    715
   908    715
   903    716
   904    716
   905    716
   906    716
   907    716
   908    716
   903    717
   904    717
   905    717
   906    717
   907    717
   908    717
   903    718
   904    718
   905    718
   906    718
   907    718
   908    718
   903    719
   904    719
   905    719
   906    719
   907    719
   908    719
   902    720
   903    720
   904    720
   905    720
   906    720
   907    720
   908    720
   902    721
   903    721
   904    721
   905    721
   906    721
   907    721
   908    721
   902    722
   903    722
   904    722
   905    722
   906    722
   907    722
   908    722
   902    723
   903    723
   904    723
   905    723
   906    723
   907    723
   902    724
   903    724
   904    724
   905    724
   906    724
   907    724
   908    724
   901    725
   902    725
   903    725
   904    725
   905    725
   906    725
   907    725
   901    726
   902    726
   903    726
   904    726
   905    726
   906    726
   907    726
   901    727
   902    727
   903    727
   904    727
   905    727
   906    727
   907    727
   901    728
   902    728
   903    728
   904    728
   905    728
   906    728
   907    728
   901    729
   902    729
   903    729
   904    729
   905    729
   906    729
   907    729
   900    730
   901    730
   902    730
   903    730
   904    730
   905    730
   906    730
   907    730
   900    731
   901    731
   902    731
   903    731
   904    731
   905    731
   906    731
   907    731
   899    732
   900    732
   901    732
   902    732
   903    732
   904    732
   905    732
   906    732
   907    732
   899    733
   900    733
   901    733
   902    733
   903    733
   904    733
   905    733
   906    733
   899    734
   900    734
   901    734
   902    734
   903    734
   904    734
   905    734
   906    734
   898    735
   899    735
   900    735
   901    735
   902    735
   903    735
   904    735
   905    735
   864    736
   865    736
   898    736
   899    736
   900    736
   901    736
   902    736
   903    736
   904    736
   905    736
   869    737
   870    737
   898    737
   899    737
   900    737
   901    737
   902    737
   903    737
   904    737
   905    737
   873    738
   874    738
   881    738
   882    738
   898    738
   899    738
   900    738
   901    738
   902    738
   903    738
   904    738
   905    738
   898    739
   899    739
   900    739
   901    739
   902    739
   903    739
   904    739
   905    739
   880    740
   881    740
   882    740
   883    740
   897    740
   898    740
   899    740
   900    740
   901    740
   902    740
   903    740
   904    740
   905    740
   878    741
   883    741
   884    741
   885    741
   886    741
   897    741
   898    741
   899    741
   900    741
   901    741
   902    741
   903    741
   904    741
   880    742
   881    742
   882    742
   883    742
   884    742
   885    742
   886    742
   887    742
   888    742
   889    742
   890    742
   897    742
   898    742
   899    742
   900    742
   901    742
   902    742
   903    742
   904    742
   883    743
   884    743
   885    743
   886    743
   887    743
   888    743
   889    743
   890    743
   891    743
   892    743
   897    743
   898    743
   899    743
   900    743
   901    743
   902    743
   903    743
   904    743
   885    744
   886    744
   887    744
   888    744
   889    744
   890    744
   891    744
   892    744
   893    744
   894    744
   897    744
   898    744
   899    744
   900    744
   901    744
   902    744
   903    744
   904    744
   887    745
   888    745
   889    745
   890    745
   891    745
   892    745
   893    745
   894    745
   895    745
   896    745
   897    745
   898    745
   899    745
   900    745
   901    745
   902    745
   903    745
   888    746
   889    746
   890    746
   891    746
   892    746
   893    746
   894    746
   895    746
   896    746
   897    746
   898    746
   899    746
   900    746
   901    746
   902    746
   903    746
   890    747
   891    747
   892    747
   893    747
   894    747
   895    747
   896    747
   897    747
   898    747
   899    747
   900    747
   901    747
   902    747
   892    748
   893    748
   894    748
   895    748
   896    748
   897    748
   898    748
   899    748
   900    748
   901    748
   893    749
   894    749
   895    749
   896    749
   897    749
   898    749
   899    749
   900    749
   901    749
   894    750
   895    750
   896    750
   897    750
   898    750
   899    750
   900    750
   895    751
   896    751
   897    751
   898    751
   899    751
