   905    701
   906    701
   907    701
   905    702
   906    702
   907    702
   902    703
   903    703
   905    703
   906    703
   902    704
   903    704
   904    704
   905    704
   906    704
   907    704
   902    705
   903    705
   904    705
   905    705
   906    705
   907    705
   904    706
   905    706
   906    706
   907    706
   908    706
   904    707
   905    707
   906    707
   907    707
   908    707
   903    708
   904    708
   905    708
   906    708
   907    708
   908    708
   904    709
   905    709
   906    709
   907    709
   908    709
   904    710
   905    710
   906    710
   907    710
   908    710
   903    711
   904    711
   905    711
   906    711
   907    711
   908    711
   903    712
   904    712
   905    712
   906    712
   907    712
   908    712
   903    713
   904    713
   905    713
   906    713
   907    713
   908    713
   903    714
   904    714
   905    714
   906    714
   907    714
   908    714
   903    715
   904    715
   905    715
   906    715
   907    715
   908    715
   903    716
   904    716
   905    716
   906    716
   907    716
   908    716
   903    717
   904    717
   905    717
   906    717
   907    717
   908    717
   903    718
   904    718
   905    718
   906    718
   907    718
   908    718
   903    719
   904    719
   905    719
   906    719
   907    719
   908    719
   902    720
   903    720
   904    720
   905    720
   906    720
   907    720
   908    720
  1062    720
  1063    720
  1064    720
  1065    720
  1066    720
  1067    720
  1068    720
  1069    720
  1070    720
  1071    720
  1072    720
   902    721
   903    721
   904    721
   905    721
   906    721
   907    721
   908    721
  1047    721
  1048    721
  1049    721
  1052    721
  1053    721
   902    722
   903    722
   904    722
   905    722
   906    722
   907    722
   908    722
  1022    722
  1023    722
  1024    722
  1025    722
  1026    722
  1064    722
  1065    722
  1066    722
  1067    722
  1068    722
  1069    722
  1070    722
  1071    722
   902    723
   903    723
   904    723
   905    723
   906    723
   907    723
  1018    723
  1019    723
  1020    723
  1021    723
  1022    723
  1023    723
  1024    723
  1025    723
  1026    723
  1043    723
  1044    723
   902    724
   903    724
   904    724
   905    724
   906    724
   907    724
   908    724
  1024    724
  1025    724
  1026    724
  1027    724
  1028    724
  1029    724
  1030    724
  1031    724
  1035    724
  1036    724
  1037    724
  1038    724
   902    725
   903    725
   904    725
   905    725
   906    725
   907    725
  1011    725
  1012    725
  1013    725
  1014    725
  1015    725
  1016    725
  1017    725
  1018    725
  1019    725
  1020    725
  1021    725
  1022    725
  1023    725
  1024    725
  1025    725
  1026    725
  1027    725
  1028    725
  1029    725
  1030    725
  1031    725
  1037    725
  1038    725
  1039    725
  1040    725
  1041    725
  1042    725
   902    726
   903    726
   904    726
   905    726
   906    726
   907    726
  1008    726
  1009    726
  1010    726
  1011    726
  1012    726
  1013    726
  1014    726
  1015    726
  1016    726
  1017    726
  1018    726
  1019    726
  1020    726
  1021    726
  1022    726
  1023    726
  1024    726
  1025    726
  1026    726
  1027    726
  1028    726
   902    727
   903    727
   904    727
   905    727
   906    727
   907    727
   908    727
  1009    727
  1015    727
  1016    727
  1017    727
  1018    727
  1019    727
  1020    727
  1021    727
  1022    727
  1023    727
  1024    727
   901    728
   902    728
   903    728
   904    728
   905    728
   906    728
   907    728
   977    728
   978    728
   979    728
   980    728
   995    728
   996    728
   997    728
  1012    728
  1013    728
  1014    728
  1015    728
  1018    728
  1019    728
  1020    728
  1021    728
  1022    728
  1023    728
   901    729
   902    729
   903    729
   904    729
   905    729
   906    729
   960    729
   961    729
   962    729
   963    729
   964    729
   965    729
   966    729
   967    729
   900    730
   901    730
   902    730
   903    730
   904    730
   905    730
   906    730
   960    730
   961    730
   962    730
   963    730
   976    730
   977    730
   978    730
   979    730
   980    730
   981    730
   982    730
   983    730
   900    731
   901    731
   902    731
   903    731
   904    731
   905    731
   906    731
   953    731
   954    731
   969    731
   970    731
   971    731
   972    731
   973    731
   974    731
   975    731
   976    731
   977    731
   978    731
   979    731
   980    731
   981    731
   982    731
   983    731
   900    732
   901    732
   902    732
   903    732
   904    732
   905    732
   906    732
   907    732
   958    732
   959    732
   960    732
   969    732
   970    732
   971    732
   972    732
   973    732
   974    732
   975    732
   976    732
   977    732
   978    732
   979    732
   980    732
   981    732
   982    732
   899    733
   900    733
   901    733
   902    733
   903    733
   904    733
   905    733
   906    733
   950    733
   951    733
   952    733
   953    733
   954    733
   955    733
   956    733
   957    733
   958    733
   959    733
   970    733
   971    733
   972    733
   973    733
   974    733
   975    733
   976    733
   899    734
   900    734
   901    734
   902    734
   903    734
   904    734
   905    734
   906    734
   950    734
   951    734
   952    734
   953    734
   954    734
   955    734
   956    734
   957    734
   958    734
   959    734
   960    734
   899    735
   900    735
   901    735
   902    735
   903    735
   904    735
   905    735
   928    735
   929    735
   930    735
   937    735
   938    735
   939    735
   940    735
   941    735
   949    735
   950    735
   951    735
   952    735
   953    735
   954    735
   955    735
   956    735
   957    735
   898    736
   899    736
   900    736
   901    736
   902    736
   903    736
   904    736
   905    736
   929    736
   930    736
   931    736
   932    736
   933    736
   934    736
   935    736
   936    736
   937    736
   938    736
   939    736
   940    736
   941    736
   942    736
   943    736
   944    736
   945    736
   946    736
   947    736
   948    736
   949    736
   950    736
   951    736
   952    736
   957    736
   958    736
   959    736
   868    737
   898    737
   899    737
   900    737
   901    737
   902    737
   903    737
   904    737
   905    737
   906    737
   917    737
   918    737
   919    737
   920    737
   921    737
   926    737
   927    737
   928    737
   929    737
   930    737
   931    737
   932    737
   933    737
   934    737
   935    737
   938    737
   939    737
   940    737
   941    737
   942    737
   943    737
   944    737
   945    737
   946    737
   950    737
   951    737
   952    737
   953    737
   864    738
   865    738
   866    738
   898    738
   899    738
   900    738
   901    738
   902    738
   903    738
   904    738
   905    738
   921    738
   922    738
   923    738
   924    738
   926    738
   927    738
   928    738
   929    738
   930    738
   934    738
   935    738
   936    738
   937    738
   938    738
   939    738
   940    738
   941    738
   942    738
   946    738
   947    738
   948    738
   953    738
   954    738
   898    739
   899    739
   900    739
   901    739
   902    739
   903    739
   904    739
   905    739
   917    739
   918    739
   919    739
   920    739
   921    739
   922    739
   923    739
   924    739
   925    739
   930    739
   931    739
   935    739
   936    739
   937    739
   942    739
   943    739
   944    739
   949    739
   880    740
   881    740
   897    740
   898    740
   899    740
   900    740
   901    740
   902    740
   903    740
   904    740
   905    740
   919    740
   920    740
   921    740
   925    740
   926    740
   927    740
   928    740
   933    740
   937    740
   938    740
   939    740
   882    741
   883    741
   884    741
   885    741
   897    741
   898    741
   899    741
   900    741
   901    741
   902    741
   903    741
   904    741
   905    741
   913    741
   914    741
   915    741
   921    741
   922    741
   923    741
   924    741
   925    741
   941    741
   942    741
   880    742
   881    742
   882    742
   884    742
   885    742
   886    742
   887    742
   888    742
   889    742
   897    742
   898    742
   899    742
   900    742
   901    742
   902    742
   903    742
   904    742
   905    742
   918    742
   919    742
   920    742
   925    742
   926    742
   927    742
   883    743
   884    743
   885    743
   886    743
   887    743
   888    743
   889    743
   890    743
   891    743
   897    743
   898    743
   899    743
   900    743
   901    743
   902    743
   903    743
   904    743
   905    743
   914    743
   915    743
   916    743
   884    744
   885    744
   886    744
   887    744
   888    744
   889    744
   890    744
   891    744
   892    744
   893    744
   897    744
   898    744
   899    744
   900    744
   901    744
   902    744
   903    744
   904    744
   905    744
   912    744
   913    744
   914    744
   886    745
   887    745
   888    745
   889    745
   890    745
   891    745
   892    745
   893    745
   894    745
   895    745
   896    745
   897    745
   898    745
   899    745
   900    745
   901    745
   902    745
   903    745
   904    745
   905    745
   909    745
   910    745
   911    745
   912    745
   888    746
   889    746
   890    746
   891    746
   892    746
   893    746
   894    746
   895    746
   896    746
   897    746
   898    746
   899    746
   900    746
   901    746
   902    746
   903    746
   904    746
   905    746
   906    746
   907    746
   908    746
   909    746
   910    746
   911    746
   912    746
   890    747
   891    747
   892    747
   893    747
   894    747
   895    747
   896    747
   897    747
   898    747
   899    747
   900    747
   901    747
   902    747
   903    747
   904    747
   905    747
   906    747
   907    747
   908    747
   909    747
   910    747
   911    747
   912    747
   891    748
   892    748
   893    748
   894    748
   895    748
   896    748
   897    748
   898    748
   899    748
   900    748
   901    748
   902    748
   903    748
   904    748
   905    748
   906    748
   907    748
   908    748
   909    748
   910    748
   911    748
   912    748
   893    749
   894    749
   895    749
   896    749
   897    749
   898    749
   899    749
   900    749
   901    749
   902    749
   903    749
   904    749
   905    749
   906    749
   907    749
   908    749
   909    749
   910    749
   894    750
   895    750
   896    750
   897    750
   898    750
   899    750
   900    750
   901    750
   902    750
   903    750
   904    750
   905    750
   906    750
   907    750
   908    750
   895    751
   896    751
   897    751
   898    751
   899    751
   900    751
   901    751
   902    751
   903    751
   904    751
   905    751
   906    751
   907    751
   908    751
   895    752
   896    752
   897    752
   898    752
   899    752
   900    752
   901    752
   902    752
   903    752
   904    752
   905    752
   895    753
   896    753
   897    753
   898    753
   899    753
   900    753
   901    753
   902    753
   903    753
   904    753
   896    754
   897    754
   898    754
   899    754
   900    754
   901    754
   902    754
   903    754
   904    754
   896    755
   897    755
   898    755
   899    755
   900    755
   901    755
   902    755
   903    755
   904    755
   896    756
   897    756
   898    756
   899    756
   900    756
   901    756
   902    756
   903    756
   904    756
   896    757
   897    757
   898    757
   899    757
   900    757
   901    757
   902    757
   903    757
   904    757
   896    758
   897    758
   898    758
   899    758
   900    758
   901    758
   902    758
   903    758
   904    758
   895    759
   896    759
   897    759
   898    759
   899    759
   900    759
   901    759
   902    759
   903    759
   904    759
   896    760
   897    760
   898    760
   899    760
   900    760
   901    760
   902    760
   903    760
   904    760
   896    761
   897    761
   898    761
   899    761
   900    761
   901    761
   902    761
   903    761
   904    761
   895    762
   896    762
   897    762
   898    762
   899    762
   900    762
   901    762
   902    762
   903    762
   904    762
   895    763
   896    763
   897    763
   898    763
   899    763
   900    763
   901    763
   902    763
   903    763
   904    763
   895    764
   896    764
   897    764
   898    764
   899    764
   900    764
   901    764
   902    764
   903    764
   904    764
   895    765
   896    765
   897    765
   898    765
   899    765
   900    765
   901    765
   902    765
   903    765
   904    765
   895    766
   896    766
   897    766
   898    766
   899    766
   900    766
   901    766
   902    766
   903    766
   904    766
   895    767
   896    767
   897    767
   898    767
   899    767
   900    767
   901    767
   902    767
   903    767
   904    767
   895    768
   896    768
   897    768
   898    768
   899    768
   900    768
   901    768
   902    768
   903    768
   904    768
   895    769
   896    769
   897    769
   898    769
   899    769
   900    769
   901    769
   902    769
   903    769
   904    769
   894    770
   895    770
   896    770
   897    770
   898    770
   899    770
   900    770
   901    770
   902    770
   903    770
   894    771
   895    771
   896    771
   897    771
   898    771
   899    771
   900    771
   901    771
   902    771
   903    771
   904    771
   894    772
   895    772
   896    772
   897    772
   898    772
   899    772
   900    772
   901    772
   902    772
   903    772
   894    773
   895    773
   896    773
   897    773
   898    773
   899    773
   900    773
   901    773
   902    773
   903    773
   904    773
   894    774
   895    774
   896    774
   897    774
   898    774
   899    774
   900    774
   901    774
   902    774
   903    774
   904    774
   893    775
   894    775
   895    775
   896    775
   897    775
   898    775
   899    775
   900    775
   901    775
   902    775
   903    775
   904    775
   893    776
   894    776
   895    776
   896    776
   897    776
   898    776
   899    776
   900    776
   901    776
   902    776
   903    776
   904    776
   893    777
   894    777
   895    777
   896    777
   897    777
   898    777
   899    777
   900    777
   901    777
   902    777
   903    777
   892    778
   893    778
   894    778
   895    778
   896    778
   897    778
   898    778
   899    778
   900    778
   901    778
   902    778
   903    778
   904    778
   892    779
   893    779
   894    779
   895    779
   896    779
   897    779
   898    779
   899    779
   900    779
   901    779
   902    779
   903    779
   892    780
   893    780
   894    780
   895    780
   896    780
   897    780
   898    780
   899    780
   900    780
   901    780
   902    780
   903    780
   892    781
   893    781
   894    781
   895    781
   896    781
   897    781
   898    781
   899    781
   900    781
   901    781
   902    781
   903    781
   891    782
   892    782
   893    782
   894    782
   895    782
   896    782
   897    782
   898    782
   899    782
   900    782
   901    782
   902    782
   903    782
   891    783
   892    783
   893    783
   894    783
   895    783
   896    783
   897    783
   898    783
   899    783
   900    783
   901    783
   902    783
   903    783
   892    784
   893    784
   894    784
   895    784
   896    784
   897    784
   898    784
   899    784
   900    784
   901    784
   895    785
   896    785
   897    785
   898    785
   899    785
   900    785
   895    786
   896    786
   897    786
   898    786
   896    787
   897    787
