   906    700
   907    700
   908    700
   906    701
   907    701
   908    701
   906    702
   907    702
   906    703
   907    703
   908    703
   909    703
   905    704
   906    704
   907    704
   908    704
   909    704
   905    705
   906    705
   907    705
   908    705
   905    706
   906    706
   907    706
   908    706
   909    706
   910    706
   905    707
   906    707
   907    707
   908    707
   909    707
   905    708
   906    708
   907    708
   908    708
   909    708
   904    709
   905    709
   906    709
   907    709
   908    709
   909    709
   904    710
   905    710
   906    710
   907    710
   908    710
   909    710
   904    711
   905    711
   906    711
   907    711
   908    711
   909    711
   904    712
   905    712
   906    712
   907    712
   908    712
   909    712
   904    713
   905    713
   906    713
   907    713
   908    713
   909    713
   904    714
   905    714
   906    714
   907    714
   908    714
   909    714
   903    715
   904    715
   905    715
   906    715
   907    715
   908    715
   909    715
   903    716
   904    716
   905    716
   906    716
   907    716
   908    716
   909    716
   903    717
   904    717
   905    717
   906    717
   907    717
   908    717
   909    717
   903    718
   904    718
   905    718
   906    718
   907    718
   908    718
   903    719
   904    719
   905    719
   906    719
   907    719
   908    719
   903    720
   904    720
   905    720
   906    720
   907    720
   908    720
   909    720
   903    721
   904    721
   905    721
   906    721
   907    721
   908    721
   903    722
   904    722
   905    722
   906    722
   907    722
   908    722
   902    723
   903    723
   904    723
   905    723
   906    723
   907    723
   908    723
   909    723
   902    724
   903    724
   904    724
   905    724
   906    724
   907    724
   908    724
   903    725
   904    725
   905    725
   906    725
   907    725
   908    725
   902    726
   903    726
   904    726
   905    726
   906    726
   907    726
   908    726
   902    727
   903    727
   904    727
   905    727
   906    727
   907    727
   908    727
   902    728
   903    728
   904    728
   905    728
   906    728
   907    728
   908    728
   902    729
   903    729
   904    729
   905    729
   906    729
   907    729
   908    729
   902    730
   903    730
   904    730
   905    730
   906    730
   907    730
   908    730
   901    731
   902    731
   903    731
   904    731
   905    731
   906    731
   907    731
   908    731
   901    732
   902    732
   903    732
   904    732
   905    732
   906    732
   907    732
   908    732
   900    733
   901    733
   902    733
   903    733
   904    733
   905    733
   906    733
   907    733
   908    733
   900    734
   901    734
   902    734
   903    734
   904    734
   905    734
   906    734
   907    734
   900    735
   901    735
   902    735
   903    735
   904    735
   905    735
   906    735
   907    735
   908    735
   900    736
   901    736
   902    736
   903    736
   904    736
   905    736
   906    736
   907    736
   899    737
   900    737
   901    737
   902    737
   903    737
   904    737
   905    737
   906    737
   907    737
   899    738
   900    738
   901    738
   902    738
   903    738
   904    738
   905    738
   906    738
   899    739
   900    739
   901    739
   902    739
   903    739
   904    739
   905    739
   906    739
   862    740
   863    740
   899    740
   900    740
   901    740
   902    740
   903    740
   904    740
   905    740
   906    740
   898    741
   899    741
   900    741
   901    741
   902    741
   903    741
   904    741
   905    741
   906    741
   863    742
   864    742
   865    742
   871    742
   872    742
   898    742
   899    742
   900    742
   901    742
   902    742
   903    742
   904    742
   905    742
   906    742
   898    743
   899    743
   900    743
   901    743
   902    743
   903    743
   904    743
   905    743
   878    744
   879    744
   898    744
   899    744
   900    744
   901    744
   902    744
   903    744
   904    744
   905    744
   874    745
   875    745
   881    745
   882    745
   898    745
   899    745
   900    745
   901    745
   902    745
   903    745
   904    745
   877    746
   878    746
   884    746
   885    746
   886    746
   897    746
   898    746
   899    746
   900    746
   901    746
   902    746
   903    746
   904    746
   905    746
   879    747
   880    747
   881    747
   882    747
   885    747
   886    747
   887    747
   888    747
   889    747
   897    747
   898    747
   899    747
   900    747
   901    747
   902    747
   903    747
   904    747
   905    747
   882    748
   883    748
   884    748
   885    748
   886    748
   887    748
   888    748
   889    748
   890    748
   891    748
   897    748
   898    748
   899    748
   900    748
   901    748
   902    748
   903    748
   904    748
   905    748
   883    749
   884    749
   885    749
   886    749
   887    749
   888    749
   889    749
   890    749
   891    749
   892    749
   893    749
   897    749
   898    749
   899    749
   900    749
   901    749
   902    749
   903    749
   904    749
   905    749
   885    750
   886    750
   887    750
   888    750
   889    750
   890    750
   891    750
   892    750
   893    750
   894    750
   897    750
   898    750
   899    750
   900    750
   901    750
   902    750
   903    750
   904    750
   905    750
   887    751
   888    751
   889    751
   890    751
   891    751
   892    751
   893    751
   894    751
   895    751
   896    751
   897    751
   898    751
   899    751
   900    751
   901    751
   902    751
   903    751
   904    751
   905    751
   888    752
   889    752
   890    752
   891    752
   892    752
   893    752
   894    752
   895    752
   896    752
   897    752
   898    752
   899    752
   900    752
   901    752
   902    752
   903    752
   904    752
   890    753
   891    753
   892    753
   893    753
   894    753
   895    753
   896    753
   897    753
   898    753
   899    753
   900    753
   901    753
   902    753
   903    753
   904    753
   891    754
   892    754
   893    754
   894    754
   895    754
   896    754
   897    754
   898    754
   899    754
   900    754
   901    754
   902    754
   903    754
   904    754
   893    755
   894    755
   895    755
   896    755
   897    755
   898    755
   899    755
   900    755
   901    755
   902    755
   903    755
   894    756
   895    756
   896    756
   897    756
   898    756
   899    756
   900    756
   901    756
   902    756
   895    757
   896    757
   897    757
   898    757
   899    757
   900    757
   901    757
   895    758
   896    758
   897    758
   898    758
   899    758
   900    758
   898    759
