   909    701
   906    702
   907    702
   906    703
   907    703
   908    703
   905    704
   906    704
   907    704
   908    704
   909    704
   904    705
   905    705
   906    705
   907    705
   908    705
   909    705
   910    705
   904    706
   905    706
   906    706
   907    706
   908    706
   909    706
   905    707
   906    707
   907    707
   908    707
   909    707
   905    708
   906    708
   907    708
   908    708
   909    708
   904    709
   905    709
   906    709
   907    709
   908    709
   909    709
   904    710
   905    710
   906    710
   907    710
   908    710
   909    710
   904    711
   905    711
   906    711
   907    711
   908    711
   909    711
   904    712
   905    712
   906    712
   907    712
   908    712
   904    713
   905    713
   906    713
   907    713
   908    713
   909    713
   904    714
   905    714
   906    714
   907    714
   908    714
   909    714
   903    715
   904    715
   905    715
   906    715
   907    715
   908    715
   903    716
   904    716
   905    716
   906    716
   907    716
   908    716
   903    717
   904    717
   905    717
   906    717
   907    717
   908    717
   909    717
   903    718
   904    718
   905    718
   906    718
   907    718
   908    718
   903    719
   904    719
   905    719
   906    719
   907    719
   908    719
   903    720
   904    720
   905    720
   906    720
   907    720
   908    720
   903    721
   904    721
   905    721
   906    721
   907    721
   908    721
   903    722
   904    722
   905    722
   906    722
   907    722
   908    722
   902    723
   903    723
   904    723
   905    723
   906    723
   907    723
   908    723
   902    724
   903    724
   904    724
   905    724
   906    724
   907    724
   908    724
   903    725
   904    725
   905    725
   906    725
   907    725
   908    725
   902    726
   903    726
   904    726
   905    726
   906    726
   907    726
   908    726
   902    727
   903    727
   904    727
   905    727
   906    727
   907    727
   908    727
   902    728
   903    728
   904    728
   905    728
   906    728
   907    728
   908    728
   902    729
   903    729
   904    729
   905    729
   906    729
   907    729
   908    729
   902    730
   903    730
   904    730
   905    730
   906    730
   907    730
   908    730
   901    731
   902    731
   903    731
   904    731
   905    731
   906    731
   907    731
   908    731
   901    732
   902    732
   903    732
   904    732
   905    732
   906    732
   907    732
   908    732
   900    733
   901    733
   902    733
   903    733
   904    733
   905    733
   906    733
   907    733
   908    733
   975    733
   976    733
   977    733
   978    733
   979    733
   980    733
   981    733
   986    733
   987    733
   900    734
   901    734
   902    734
   903    734
   904    734
   905    734
   906    734
   907    734
   967    734
   968    734
   969    734
   970    734
   971    734
   975    734
   976    734
   977    734
   978    734
   979    734
   980    734
   981    734
   982    734
   983    734
   984    734
   985    734
   900    735
   901    735
   902    735
   903    735
   904    735
   905    735
   906    735
   907    735
   958    735
   959    735
   960    735
   961    735
   966    735
   975    735
   976    735
   977    735
   978    735
   979    735
   980    735
   981    735
   982    735
   983    735
   899    736
   900    736
   901    736
   902    736
   903    736
   904    736
   905    736
   906    736
   907    736
   954    736
   955    736
   956    736
   957    736
   958    736
   959    736
   960    736
   961    736
   962    736
   963    736
   964    736
   965    736
   974    736
   975    736
   976    736
   977    736
   978    736
   979    736
   980    736
   899    737
   900    737
   901    737
   902    737
   903    737
   904    737
   905    737
   906    737
   953    737
   954    737
   955    737
   956    737
   957    737
   958    737
   959    737
   960    737
   961    737
   962    737
   963    737
   899    738
   900    738
   901    738
   902    738
   903    738
   904    738
   905    738
   906    738
   940    738
   941    738
   942    738
   943    738
   944    738
   951    738
   952    738
   953    738
   954    738
   955    738
   956    738
   957    738
   958    738
   959    738
   960    738
   961    738
   861    739
   862    739
   899    739
   900    739
   901    739
   902    739
   903    739
   904    739
   905    739
   906    739
   927    739
   935    739
   936    739
   937    739
   938    739
   939    739
   940    739
   941    739
   942    739
   943    739
   946    739
   947    739
   948    739
   949    739
   950    739
   951    739
   952    739
   953    739
   954    739
   959    739
   960    739
   961    739
   962    739
   859    740
   860    740
   866    740
   867    740
   899    740
   900    740
   901    740
   902    740
   903    740
   904    740
   905    740
   906    740
   929    740
   930    740
   931    740
   932    740
   933    740
   934    740
   935    740
   936    740
   937    740
   938    740
   943    740
   944    740
   945    740
   946    740
   947    740
   948    740
   949    740
   950    740
   955    740
   956    740
   957    740
   958    740
   863    741
   864    741
   870    741
   871    741
   898    741
   899    741
   900    741
   901    741
   902    741
   903    741
   904    741
   905    741
   906    741
   923    741
   924    741
   925    741
   926    741
   927    741
   928    741
   929    741
   930    741
   931    741
   932    741
   933    741
   938    741
   939    741
   940    741
   941    741
   942    741
   943    741
   944    741
   945    741
   946    741
   950    741
   951    741
   952    741
   956    741
   957    741
   958    741
   867    742
   868    742
   874    742
   875    742
   898    742
   899    742
   900    742
   901    742
   902    742
   903    742
   904    742
   905    742
   906    742
   920    742
   921    742
   922    742
   923    742
   924    742
   925    742
   926    742
   927    742
   928    742
   932    742
   933    742
   934    742
   935    742
   936    742
   937    742
   938    742
   939    742
   940    742
   941    742
   946    742
   947    742
   948    742
   953    742
   878    743
   879    743
   898    743
   899    743
   900    743
   901    743
   902    743
   903    743
   904    743
   905    743
   915    743
   916    743
   917    743
   918    743
   919    743
   920    743
   921    743
   922    743
   923    743
   924    743
   929    743
   930    743
   931    743
   932    743
   933    743
   934    743
   935    743
   936    743
   937    743
   941    743
   942    743
   943    743
   944    743
   948    743
   949    743
   882    744
   883    744
   897    744
   898    744
   899    744
   900    744
   901    744
   902    744
   903    744
   904    744
   905    744
   916    744
   917    744
   918    744
   919    744
   920    744
   924    744
   925    744
   926    744
   927    744
   928    744
   932    744
   933    744
   938    744
   939    744
   940    744
   883    745
   884    745
   885    745
   886    745
   898    745
   899    745
   900    745
   901    745
   902    745
   903    745
   904    745
   905    745
   913    745
   914    745
   915    745
   921    745
   922    745
   923    745
   924    745
   925    745
   930    745
   937    745
   940    745
   941    745
   880    746
   881    746
   882    746
   886    746
   887    746
   888    746
   897    746
   898    746
   899    746
   900    746
   901    746
   902    746
   903    746
   904    746
   905    746
   918    746
   919    746
   920    746
   921    746
   922    746
   923    746
   924    746
   925    746
   926    746
   927    746
   882    747
   883    747
   884    747
   885    747
   886    747
   887    747
   888    747
   889    747
   890    747
   891    747
   897    747
   898    747
   899    747
   900    747
   901    747
   902    747
   903    747
   904    747
   905    747
   916    747
   917    747
   918    747
   919    747
   920    747
   921    747
   922    747
   923    747
   924    747
   884    748
   885    748
   886    748
   887    748
   888    748
   889    748
   890    748
   891    748
   892    748
   893    748
   897    748
   898    748
   899    748
   900    748
   901    748
   902    748
   903    748
   904    748
   905    748
   913    748
   914    748
   915    748
   919    748
   920    748
   921    748
   886    749
   887    749
   888    749
   889    749
   890    749
   891    749
   892    749
   893    749
   894    749
   895    749
   897    749
   898    749
   899    749
   900    749
   901    749
   902    749
   903    749
   904    749
   905    749
   910    749
   911    749
   912    749
   913    749
   914    749
   918    749
   919    749
   887    750
   888    750
   889    750
   890    750
   891    750
   892    750
   893    750
   894    750
   895    750
   896    750
   897    750
   898    750
   899    750
   900    750
   901    750
   902    750
   903    750
   904    750
   905    750
   908    750
   909    750
   910    750
   911    750
   912    750
   913    750
   914    750
   915    750
   916    750
   917    750
   889    751
   890    751
   891    751
   892    751
   893    751
   894    751
   895    751
   896    751
   897    751
   898    751
   899    751
   900    751
   901    751
   902    751
   903    751
   904    751
   905    751
   906    751
   907    751
   908    751
   909    751
   910    751
   911    751
   912    751
   913    751
   914    751
   915    751
   891    752
   892    752
   893    752
   894    752
   895    752
   896    752
   897    752
   898    752
   899    752
   900    752
   901    752
   902    752
   903    752
   904    752
   905    752
   906    752
   907    752
   908    752
   909    752
   910    752
   911    752
   912    752
   913    752
   892    753
   893    753
   894    753
   895    753
   896    753
   897    753
   898    753
   899    753
   900    753
   901    753
   902    753
   903    753
   904    753
   905    753
   906    753
   907    753
   908    753
   909    753
   910    753
   911    753
   912    753
   893    754
   894    754
   895    754
   896    754
   897    754
   898    754
   899    754
   900    754
   901    754
   902    754
   903    754
   904    754
   905    754
   906    754
   907    754
   908    754
   909    754
   910    754
   894    755
   895    755
   896    755
   897    755
   898    755
   899    755
   900    755
   901    755
   902    755
   903    755
   904    755
   905    755
   906    755
   907    755
   908    755
   909    755
   895    756
   896    756
   897    756
   898    756
   899    756
   900    756
   901    756
   902    756
   903    756
   904    756
   905    756
   906    756
   907    756
   908    756
   895    757
   896    757
   897    757
   898    757
   899    757
   900    757
   901    757
   902    757
   903    757
   904    757
   905    757
   906    757
   896    758
   897    758
   898    758
   899    758
   900    758
   901    758
   902    758
   903    758
   904    758
   905    758
   896    759
   897    759
   898    759
   899    759
   900    759
   901    759
   902    759
   903    759
   904    759
   905    759
   896    760
   897    760
   898    760
   899    760
   900    760
   901    760
   902    760
   903    760
   904    760
   905    760
   896    761
   897    761
   898    761
   899    761
   900    761
   901    761
   902    761
   903    761
   904    761
   905    761
   896    762
   897    762
   898    762
   899    762
   900    762
   901    762
   902    762
   903    762
   904    762
   905    762
   896    763
   897    763
   898    763
   899    763
   900    763
   901    763
   902    763
   903    763
   904    763
   905    763
   895    764
   896    764
   897    764
   898    764
   899    764
   900    764
   901    764
   902    764
   903    764
   904    764
   905    764
   896    765
   897    765
   898    765
   899    765
   900    765
   901    765
   902    765
   903    765
   904    765
   896    766
   897    766
   898    766
   899    766
   900    766
   901    766
   902    766
   903    766
   904    766
   905    766
   895    767
   896    767
   897    767
   898    767
   899    767
   900    767
   901    767
   902    767
   903    767
   904    767
   905    767
   895    768
   896    768
   897    768
   898    768
   899    768
   900    768
   901    768
   902    768
   903    768
   904    768
   895    769
   896    769
   897    769
   898    769
   899    769
   900    769
   901    769
   902    769
   903    769
   904    769
   895    770
   896    770
   897    770
   898    770
   899    770
   900    770
   901    770
   902    770
   903    770
   904    770
   895    771
   896    771
   897    771
   898    771
   899    771
   900    771
   901    771
   902    771
   903    771
   904    771
   894    772
   895    772
   896    772
   897    772
   898    772
   899    772
   900    772
   901    772
   902    772
   903    772
   904    772
   905    772
   895    773
   896    773
   897    773
   898    773
   899    773
   900    773
   901    773
   902    773
   903    773
   904    773
   895    774
   896    774
   897    774
   898    774
   899    774
   900    774
   901    774
   902    774
   903    774
   904    774
   894    775
   895    775
   896    775
   897    775
   898    775
   899    775
   900    775
   901    775
   902    775
   903    775
   904    775
   894    776
   895    776
   896    776
   897    776
   898    776
   899    776
   900    776
   901    776
   902    776
   903    776
   904    776
   894    777
   895    777
   896    777
   897    777
   898    777
   899    777
   900    777
   901    777
   902    777
   903    777
   904    777
   894    778
   895    778
   896    778
   897    778
   898    778
   899    778
   900    778
   901    778
   902    778
   903    778
   904    778
   894    779
   895    779
   896    779
   897    779
   898    779
   899    779
   900    779
   901    779
   902    779
   903    779
   894    780
   895    780
   896    780
   897    780
   898    780
   899    780
   900    780
   901    780
   902    780
   894    781
   895    781
   896    781
   897    781
   898    781
   899    781
   900    781
   901    781
   896    782
   897    782
   898    782
   899    782
