   906    701
   907    701
   908    701
   906    702
   907    702
   906    703
   907    703
   905    704
   906    704
   907    704
   908    704
   909    704
   905    705
   906    705
   907    705
   908    705
   909    705
   910    705
   905    706
   906    706
   907    706
   908    706
   909    706
   910    706
   905    707
   906    707
   907    707
   908    707
   909    707
   905    708
   906    708
   907    708
   908    708
   909    708
   904    709
   905    709
   906    709
   907    709
   908    709
   909    709
   904    710
   905    710
   906    710
   907    710
   908    710
   909    710
   904    711
   905    711
   906    711
   907    711
   908    711
   909    711
   904    712
   905    712
   906    712
   907    712
   908    712
   909    712
   904    713
   905    713
   906    713
   907    713
   908    713
   909    713
   904    714
   905    714
   906    714
   907    714
   908    714
   909    714
   903    715
   904    715
   905    715
   906    715
   907    715
   908    715
   909    715
   904    716
   905    716
   906    716
   907    716
   908    716
   909    716
   904    717
   905    717
   906    717
   907    717
   908    717
   909    717
   903    718
   904    718
   905    718
   906    718
   907    718
   908    718
   903    719
   904    719
   905    719
   906    719
   907    719
   908    719
   909    719
   904    720
   905    720
   906    720
   907    720
   908    720
   909    720
   903    721
   904    721
   905    721
   906    721
   907    721
   908    721
  1086    721
  1087    721
  1088    721
  1092    721
   903    722
   904    722
   905    722
   906    722
   907    722
   908    722
  1079    722
  1080    722
  1081    722
  1082    722
  1083    722
  1084    722
  1085    722
  1086    722
  1087    722
  1088    722
  1089    722
  1090    722
  1091    722
  1092    722
   903    723
   904    723
   905    723
   906    723
   907    723
   908    723
   909    723
  1067    723
  1068    723
  1069    723
  1070    723
  1071    723
  1072    723
  1073    723
   903    724
   904    724
   905    724
   906    724
   907    724
   908    724
  1056    724
  1057    724
  1058    724
  1070    724
  1071    724
  1072    724
  1074    724
  1075    724
  1076    724
  1077    724
  1078    724
  1079    724
  1080    724
   903    725
   904    725
   905    725
   906    725
   907    725
   908    725
  1071    725
  1072    725
  1074    725
  1075    725
  1076    725
   902    726
   903    726
   904    726
   905    726
   906    726
   907    726
   908    726
  1052    726
  1053    726
   902    727
   903    727
   904    727
   905    727
   906    727
   907    727
   908    727
  1028    727
  1029    727
  1030    727
  1031    727
  1032    727
  1033    727
  1034    727
  1035    727
  1036    727
  1052    727
  1053    727
  1054    727
   902    728
   903    728
   904    728
   905    728
   906    728
   907    728
   908    728
  1005    728
  1006    728
  1021    728
  1022    728
  1023    728
  1024    728
  1025    728
  1026    728
  1027    728
  1028    728
  1029    728
  1030    728
  1031    728
  1032    728
  1033    728
  1034    728
  1035    728
  1036    728
  1037    728
  1038    728
   902    729
   903    729
   904    729
   905    729
   906    729
   907    729
   908    729
  1002    729
  1003    729
  1017    729
  1018    729
  1019    729
  1022    729
  1023    729
  1024    729
  1025    729
  1026    729
  1027    729
  1028    729
  1029    729
  1030    729
  1031    729
  1032    729
  1033    729
  1034    729
  1035    729
  1038    729
  1039    729
  1040    729
   902    730
   903    730
   904    730
   905    730
   906    730
   907    730
   908    730
  1008    730
  1009    730
  1016    730
  1017    730
  1018    730
  1019    730
  1020    730
  1021    730
  1022    730
  1023    730
  1024    730
  1025    730
  1026    730
  1027    730
  1028    730
  1029    730
  1030    730
  1031    730
  1032    730
  1033    730
  1034    730
  1035    730
  1036    730
  1037    730
  1038    730
  1039    730
   901    731
   902    731
   903    731
   904    731
   905    731
   906    731
   907    731
   908    731
  1002    731
  1003    731
  1004    731
  1005    731
  1006    731
  1007    731
  1008    731
  1009    731
  1019    731
  1023    731
  1024    731
  1033    731
   901    732
   902    732
   903    732
   904    732
   905    732
   906    732
   907    732
   908    732
  1005    732
  1006    732
  1007    732
  1008    732
   901    733
   902    733
   903    733
   904    733
   905    733
   906    733
   907    733
   908    733
  1002    733
  1003    733
  1004    733
  1005    733
   901    734
   902    734
   903    734
   904    734
   905    734
   906    734
   907    734
   908    734
   979    734
   980    734
   981    734
   982    734
   983    734
   986    734
   987    734
   988    734
   989    734
   990    734
   991    734
   992    734
   993    734
  1001    734
  1002    734
  1003    734
  1005    734
  1006    734
  1007    734
   901    735
   902    735
   903    735
   904    735
   905    735
   906    735
   907    735
   908    735
   972    735
   976    735
   977    735
   978    735
   979    735
   980    735
   981    735
   982    735
   983    735
   984    735
   985    735
   991    735
   992    735
   993    735
  1003    735
  1004    735
  1005    735
   900    736
   901    736
   902    736
   903    736
   904    736
   905    736
   906    736
   907    736
   964    736
   965    736
   966    736
   975    736
   976    736
   977    736
   978    736
   979    736
   980    736
   981    736
   982    736
   983    736
   984    736
   985    736
   986    736
   987    736
   900    737
   901    737
   902    737
   903    737
   904    737
   905    737
   906    737
   907    737
   954    737
   955    737
   956    737
   957    737
   958    737
   959    737
   960    737
   961    737
   962    737
   963    737
   964    737
   965    737
   966    737
   967    737
   976    737
   977    737
   978    737
   979    737
   980    737
   899    738
   900    738
   901    738
   902    738
   903    738
   904    738
   905    738
   906    738
   944    738
   945    738
   955    738
   956    738
   957    738
   960    738
   961    738
   962    738
   963    738
   964    738
   980    738
   981    738
   899    739
   900    739
   901    739
   902    739
   903    739
   904    739
   905    739
   906    739
   955    739
   956    739
   957    739
   958    739
   959    739
   960    739
   961    739
   962    739
   963    739
   964    739
   899    740
   900    740
   901    740
   902    740
   903    740
   904    740
   905    740
   906    740
   927    740
   928    740
   929    740
   930    740
   931    740
   938    740
   939    740
   940    740
   941    740
   942    740
   943    740
   944    740
   945    740
   949    740
   950    740
   951    740
   952    740
   953    740
   954    740
   955    740
   956    740
   957    740
   958    740
   959    740
   899    741
   900    741
   901    741
   902    741
   903    741
   904    741
   905    741
   906    741
   921    741
   922    741
   923    741
   924    741
   925    741
   932    741
   933    741
   934    741
   935    741
   936    741
   937    741
   938    741
   939    741
   940    741
   941    741
   944    741
   945    741
   946    741
   947    741
   948    741
   949    741
   950    741
   951    741
   952    741
   953    741
   958    741
   959    741
   960    741
   961    741
   962    741
   866    742
   867    742
   868    742
   898    742
   899    742
   900    742
   901    742
   902    742
   903    742
   904    742
   905    742
   906    742
   928    742
   929    742
   930    742
   931    742
   932    742
   933    742
   934    742
   935    742
   936    742
   941    742
   942    742
   943    742
   944    742
   945    742
   946    742
   947    742
   948    742
   949    742
   954    742
   955    742
   956    742
   957    742
   960    742
   961    742
   864    743
   898    743
   899    743
   900    743
   901    743
   902    743
   903    743
   904    743
   905    743
   906    743
   923    743
   924    743
   925    743
   926    743
   927    743
   928    743
   929    743
   930    743
   931    743
   932    743
   936    743
   937    743
   938    743
   939    743
   940    743
   941    743
   942    743
   943    743
   944    743
   945    743
   950    743
   951    743
   876    744
   898    744
   899    744
   900    744
   901    744
   902    744
   903    744
   904    744
   905    744
   906    744
   919    744
   920    744
   921    744
   922    744
   923    744
   924    744
   925    744
   926    744
   927    744
   931    744
   932    744
   933    744
   934    744
   935    744
   937    744
   938    744
   939    744
   940    744
   945    744
   946    744
   947    744
   948    744
   952    744
   953    744
   878    745
   879    745
   880    745
   898    745
   899    745
   900    745
   901    745
   902    745
   903    745
   904    745
   905    745
   906    745
   914    745
   915    745
   916    745
   917    745
   918    745
   919    745
   920    745
   921    745
   922    745
   923    745
   924    745
   927    745
   928    745
   929    745
   930    745
   931    745
   932    745
   934    745
   935    745
   936    745
   937    745
   942    745
   943    745
   944    745
   945    745
   948    745
   949    745
   950    745
   880    746
   881    746
   882    746
   883    746
   897    746
   898    746
   899    746
   900    746
   901    746
   902    746
   903    746
   904    746
   905    746
   915    746
   916    746
   917    746
   918    746
   919    746
   924    746
   925    746
   926    746
   927    746
   928    746
   932    746
   933    746
   934    746
   940    746
   881    747
   882    747
   883    747
   884    747
   885    747
   886    747
   887    747
   897    747
   898    747
   899    747
   900    747
   901    747
   902    747
   903    747
   904    747
   905    747
   921    747
   922    747
   923    747
   924    747
   925    747
   926    747
   927    747
   928    747
   929    747
   930    747
   879    748
   880    748
   881    748
   882    748
   883    748
   884    748
   885    748
   886    748
   887    748
   888    748
   889    748
   897    748
   898    748
   899    748
   900    748
   901    748
   902    748
   903    748
   904    748
   905    748
   919    748
   920    748
   921    748
   922    748
   924    748
   925    748
   926    748
   927    748
   882    749
   883    749
   884    749
   885    749
   886    749
   887    749
   888    749
   889    749
   890    749
   891    749
   897    749
   898    749
   899    749
   900    749
   901    749
   902    749
   903    749
   904    749
   905    749
   916    749
   917    749
   918    749
   919    749
   922    749
   923    749
   924    749
   883    750
   884    750
   885    750
   886    750
   887    750
   888    750
   889    750
   890    750
   891    750
   892    750
   893    750
   897    750
   898    750
   899    750
   900    750
   901    750
   902    750
   903    750
   904    750
   905    750
   913    750
   914    750
   915    750
   916    750
   917    750
   918    750
   885    751
   886    751
   887    751
   888    751
   889    751
   890    751
   891    751
   892    751
   893    751
   894    751
   895    751
   897    751
   898    751
   899    751
   900    751
   901    751
   902    751
   903    751
   904    751
   905    751
   911    751
   912    751
   913    751
   914    751
   915    751
   918    751
   919    751
   887    752
   888    752
   889    752
   890    752
   891    752
   892    752
   893    752
   894    752
   895    752
   896    752
   897    752
   898    752
   899    752
   900    752
   901    752
   902    752
   903    752
   904    752
   905    752
   908    752
   909    752
   910    752
   911    752
   912    752
   916    752
   917    752
   888    753
   889    753
   890    753
   891    753
   892    753
   893    753
   894    753
   895    753
   896    753
   897    753
   898    753
   899    753
   900    753
   901    753
   902    753
   903    753
   904    753
   905    753
   906    753
   907    753
   908    753
   909    753
   910    753
   911    753
   912    753
   914    753
   915    753
   890    754
   891    754
   892    754
   893    754
   894    754
   895    754
   896    754
   897    754
   898    754
   899    754
   900    754
   901    754
   902    754
   903    754
   904    754
   905    754
   906    754
   907    754
   908    754
   909    754
   910    754
   911    754
   912    754
   913    754
   914    754
   891    755
   892    755
   893    755
   894    755
   895    755
   896    755
   897    755
   898    755
   899    755
   900    755
   901    755
   902    755
   903    755
   904    755
   905    755
   906    755
   907    755
   908    755
   909    755
   910    755
   911    755
   912    755
   893    756
   894    756
   895    756
   896    756
   897    756
   898    756
   899    756
   900    756
   901    756
   902    756
   903    756
   904    756
   905    756
   906    756
   907    756
   908    756
   909    756
   910    756
   911    756
   894    757
   895    757
   896    757
   897    757
   898    757
   899    757
   900    757
   901    757
   902    757
   903    757
   904    757
   905    757
   906    757
   907    757
   908    757
   909    757
   910    757
   894    758
   895    758
   896    758
   897    758
   898    758
   899    758
   900    758
   901    758
   902    758
   903    758
   904    758
   905    758
   906    758
   907    758
   908    758
   909    758
   895    759
   896    759
   897    759
   898    759
   899    759
   900    759
   901    759
   902    759
   903    759
   904    759
   905    759
   906    759
   907    759
   896    760
   897    760
   898    760
   899    760
   900    760
   901    760
   902    760
   903    760
   904    760
   905    760
   896    761
   897    761
   898    761
   899    761
   900    761
   901    761
   902    761
   903    761
   904    761
   905    761
   896    762
   897    762
   898    762
   899    762
   900    762
   901    762
   902    762
   903    762
   904    762
   905    762
   896    763
   897    763
   898    763
   899    763
   900    763
   901    763
   902    763
   903    763
   904    763
   905    763
   896    764
   897    764
   898    764
   899    764
   900    764
   901    764
   902    764
   903    764
   904    764
   905    764
   896    765
   897    765
   898    765
   899    765
   900    765
   901    765
   902    765
   903    765
   904    765
   905    765
   906    765
   896    766
   897    766
   898    766
   899    766
   900    766
   901    766
   902    766
   903    766
   904    766
   905    766
   895    767
   896    767
   897    767
   898    767
   899    767
   900    767
   901    767
   902    767
   903    767
   904    767
   905    767
   906    767
   895    768
   896    768
   897    768
   898    768
   899    768
   900    768
   901    768
   902    768
   903    768
   904    768
   896    769
   897    769
   898    769
   899    769
   900    769
   901    769
   902    769
   903    769
   904    769
   895    770
   896    770
   897    770
   898    770
   899    770
   900    770
   901    770
   902    770
   903    770
   904    770
   895    771
   896    771
   897    771
   898    771
   899    771
   900    771
   901    771
   902    771
   903    771
   904    771
   895    772
   896    772
   897    772
   898    772
   899    772
   900    772
   901    772
   902    772
   903    772
   904    772
   895    773
   896    773
   897    773
   898    773
   899    773
   900    773
   901    773
   902    773
   903    773
   904    773
   895    774
   896    774
   897    774
   898    774
   899    774
   900    774
   901    774
   902    774
   903    774
   904    774
   905    774
   895    775
   896    775
   897    775
   898    775
   899    775
   900    775
   901    775
   902    775
   903    775
   904    775
   895    776
   896    776
   897    776
   898    776
   899    776
   900    776
   901    776
   902    776
   903    776
   904    776
   894    777
   895    777
   896    777
   897    777
   898    777
   899    777
   900    777
   901    777
   902    777
   903    777
   904    777
   894    778
   895    778
   896    778
   897    778
   898    778
   899    778
   900    778
   901    778
   902    778
   903    778
   904    778
   896    779
   897    779
   898    779
   899    779
   900    779
   901    779
   902    779
   903    779
   895    780
   896    780
   897    780
   898    780
   899    780
   900    780
   901    780
   902    780
   903    780
