  1087    723
  1088    723
  1089    723
  1093    723
  1071    724
  1072    724
  1073    724
  1074    724
  1075    724
  1076    724
  1077    724
  1078    724
  1079    724
  1080    724
  1081    724
  1082    724
  1083    724
  1084    724
  1067    725
  1075    725
  1076    725
  1077    725
  1078    725
  1079    725
  1071    726
  1072    726
  1073    726
  1075    726
  1076    726
  1077    726
  1035    727
  1036    727
  1057    727
  1058    727
  1051    728
  1052    728
  1057    728
  1058    728
  1027    729
  1028    729
  1029    729
  1030    729
  1031    729
  1032    729
  1033    729
  1034    729
  1035    729
  1036    729
  1037    729
  1038    729
  1039    729
  1053    729
  1054    729
  1055    729
  1022    730
  1023    730
  1024    730
  1025    730
  1026    730
  1027    730
  1028    730
  1029    730
  1030    730
  1031    730
  1032    730
  1033    730
  1034    730
  1035    730
  1036    730
  1037    730
  1038    730
  1039    730
  1040    730
  1041    730
  1007    731
  1008    731
  1009    731
  1016    731
  1017    731
  1018    731
  1019    731
  1020    731
  1021    731
  1022    731
  1023    731
  1024    731
  1025    731
  1026    731
  1027    731
  1028    731
  1029    731
  1030    731
  1031    731
  1032    731
  1033    731
  1034    731
  1035    731
  1039    731
  1040    731
  1006    732
  1007    732
  1008    732
  1009    732
  1010    732
  1011    732
  1012    732
  1013    732
  1018    732
  1019    732
  1020    732
  1021    732
  1022    732
  1023    732
  1024    732
  1025    732
  1026    732
  1027    732
  1028    732
  1029    732
  1030    732
  1034    732
  1035    732
  1036    732
  1037    732
  1038    732
  1039    732
  1006    733
  1007    733
  1008    733
  1009    733
  1010    733
  1011    733
  1012    733
  1013    733
  1022    733
  1023    733
  1024    733
  1025    733
  1026    733
  1027    733
  1028    733
  1029    733
  1030    733
  1031    733
  1032    733
  1033    733
  1034    733
  1035    733
  1036    733
  1007    734
  1008    734
  1009    734
  1003    735
  1004    735
  1006    735
  1007    735
  1008    735
   979    736
   980    736
   981    736
   982    736
   983    736
   984    736
   985    736
   986    736
   987    736
   988    736
   989    736
   990    736
   991    736
   992    736
   993    736
   994    736
   995    736
   973    737
   974    737
   978    737
   979    737
   980    737
   981    737
   982    737
   983    737
   984    737
   985    737
   986    737
   987    737
   988    737
   991    737
   992    737
   993    737
   994    737
   996    737
   997    737
   998    737
   965    738
   966    738
   967    738
   968    738
   975    738
   976    738
   978    738
   979    738
   980    738
   981    738
   982    738
   983    738
   984    738
   985    738
   986    738
   987    738
   988    738
   992    738
   993    738
   994    738
   956    739
   957    739
   958    739
   959    739
   960    739
   961    739
   962    739
   963    739
   964    739
   965    739
   966    739
   967    739
   968    739
   969    739
   970    739
   971    739
   972    739
   973    739
   982    739
   983    739
   984    739
   987    739
   988    739
   956    740
   957    740
   958    740
   959    740
   963    740
   964    740
   965    740
   966    740
   967    740
   968    740
   937    741
   938    741
   939    741
   959    741
   960    741
   961    741
   962    741
   963    741
   964    741
   965    741
   966    741
   967    741
   941    742
   942    742
   943    742
   944    742
   945    742
   946    742
   947    742
   953    742
   954    742
   955    742
   956    742
   957    742
   958    742
   959    742
   960    742
   961    742
   962    742
   937    743
   938    743
   939    743
   940    743
   941    743
   942    743
   943    743
   944    743
   945    743
   946    743
   947    743
   948    743
   949    743
   950    743
   951    743
   952    743
   953    743
   954    743
   955    743
   956    743
   957    743
   958    743
   963    743
   964    743
   931    744
   932    744
   933    744
   934    744
   935    744
   936    744
   937    744
   938    744
   939    744
   940    744
   944    744
   945    744
   946    744
   947    744
   948    744
   949    744
   950    744
   951    744
   952    744
   953    744
   958    744
   959    744
   960    744
   961    744
   927    745
   928    745
   929    745
   930    745
   931    745
   932    745
   933    745
   934    745
   935    745
   940    745
   941    745
   942    745
   943    745
   944    745
   945    745
   946    745
   947    745
   948    745
   953    745
   954    745
   955    745
   956    745
   957    745
   958    745
   923    746
   924    746
   925    746
   926    746
   927    746
   928    746
   929    746
   930    746
   931    746
   936    746
   937    746
   938    746
   939    746
   940    746
   941    746
   942    746
   943    746
   944    746
   945    746
   950    746
   951    746
   952    746
   953    746
   954    746
   955    746
   956    746
   957    746
   904    747
   919    747
   920    747
   921    747
   922    747
   923    747
   924    747
   925    747
   926    747
   927    747
   932    747
   933    747
   934    747
   935    747
   936    747
   937    747
   938    747
   939    747
   940    747
   941    747
   946    747
   947    747
   948    747
   949    747
   950    747
   951    747
   952    747
   953    747
   954    747
   903    748
   904    748
   917    748
   918    748
   919    748
   920    748
   921    748
   922    748
   923    748
   928    748
   929    748
   930    748
   931    748
   932    748
   935    748
   936    748
   942    748
   943    748
   944    748
   948    748
   949    748
   950    748
   903    749
   904    749
   905    749
   914    749
   915    749
   916    749
   917    749
   918    749
   925    749
   926    749
   927    749
   928    749
   929    749
   930    749
   931    749
   932    749
   933    749
   934    749
   945    749
   946    749
   947    749
   903    750
   904    750
   913    750
   914    750
   915    750
   922    750
   923    750
   924    750
   925    750
   926    750
   929    750
   930    750
   931    750
   903    751
   904    751
   905    751
   919    751
   920    751
   921    751
   922    751
   923    751
   925    751
   926    751
   927    751
   928    751
   902    752
   903    752
   904    752
   905    752
   906    752
   917    752
   918    752
   919    752
   920    752
   925    752
   926    752
   902    753
   903    753
   904    753
   905    753
   906    753
   914    753
   915    753
   916    753
   917    753
   918    753
   922    753
   923    753
   901    754
   902    754
   903    754
   904    754
   905    754
   906    754
   911    754
   912    754
   913    754
   914    754
   915    754
   916    754
   917    754
   919    754
   920    754
   921    754
   901    755
   902    755
   903    755
   904    755
   905    755
   906    755
   909    755
   910    755
   911    755
   912    755
   913    755
   914    755
   915    755
   916    755
   917    755
   918    755
   919    755
   901    756
   902    756
   903    756
   904    756
   905    756
   906    756
   907    756
   908    756
   909    756
   910    756
   911    756
   912    756
   913    756
   914    756
   915    756
   916    756
   917    756
   901    757
   902    757
   903    757
   904    757
   905    757
   906    757
   907    757
   908    757
   909    757
   910    757
   911    757
   912    757
   913    757
   914    757
   915    757
   901    758
   902    758
   903    758
   904    758
   905    758
   906    758
   907    758
   908    758
   909    758
   910    758
   911    758
   912    758
   913    758
   914    758
   900    759
   901    759
   902    759
   903    759
   904    759
   905    759
   906    759
   907    759
   908    759
   909    759
   910    759
   911    759
   912    759
   900    760
   901    760
   902    760
   903    760
   904    760
   905    760
   906    760
   907    760
   908    760
   909    760
   910    760
   911    760
   899    761
   900    761
   901    761
   902    761
   903    761
   904    761
   905    761
   906    761
   907    761
   908    761
   909    761
   910    761
   899    762
   900    762
   901    762
   902    762
   903    762
   904    762
   905    762
   906    762
   907    762
   908    762
   909    762
   899    763
   900    763
   901    763
   902    763
   903    763
   904    763
   905    763
   906    763
   907    763
   908    763
   899    764
   900    764
   901    764
   902    764
   903    764
   904    764
   905    764
   906    764
   899    765
   900    765
   901    765
   902    765
   903    765
   904    765
   905    765
   906    765
   899    766
   900    766
   901    766
   902    766
   903    766
   904    766
   905    766
   906    766
   898    767
   899    767
   900    767
   901    767
   902    767
   903    767
   904    767
   905    767
   906    767
   898    768
   899    768
   900    768
   901    768
   902    768
   903    768
   904    768
   905    768
   898    769
   899    769
   900    769
   901    769
   902    769
   903    769
   904    769
   905    769
   898    770
   899    770
   900    770
   901    770
   902    770
   903    770
   904    770
   905    770
   898    771
   899    771
   900    771
   901    771
   902    771
   903    771
   904    771
   905    771
   897    772
   898    772
   899    772
   900    772
   901    772
   902    772
   903    772
   904    772
   905    772
   897    773
   898    773
   899    773
   900    773
   901    773
   902    773
   903    773
   904    773
   905    773
   897    774
   898    774
   899    774
   900    774
   901    774
   902    774
   903    774
   904    774
   905    774
   906    774
   896    775
   897    775
   898    775
   899    775
   900    775
   901    775
   902    775
   903    775
   904    775
   905    775
   896    776
   897    776
   898    776
   899    776
   900    776
   901    776
   902    776
   903    776
   904    776
   905    776
   906    776
   896    777
   897    777
   898    777
   899    777
   900    777
   901    777
   902    777
   903    777
   904    777
   905    777
   906    777
   896    778
   897    778
   898    778
   899    778
   900    778
   901    778
   902    778
   903    778
   904    778
   905    778
   906    778
   896    779
   897    779
   898    779
   899    779
   900    779
   901    779
   902    779
   903    779
   904    779
   905    779
   906    779
   896    780
   897    780
   898    780
   899    780
   900    780
   901    780
   902    780
   903    780
   904    780
   905    780
   896    781
   897    781
   898    781
   899    781
   900    781
   901    781
   902    781
   903    781
   904    781
   905    781
   896    782
   897    782
   898    782
   899    782
   900    782
   901    782
   902    782
   903    782
   904    782
   895    783
   896    783
   897    783
   898    783
   899    783
   900    783
   901    783
   902    783
   903    783
   904    783
   895    784
   896    784
   897    784
   898    784
   899    784
   900    784
   901    784
   902    784
   903    784
   904    784
   896    785
   897    785
