   907    700
   908    700
   907    701
   908    701
   906    702
   907    702
   908    702
   909    702
   910    702
   906    703
   907    703
   908    703
   909    703
   910    703
   906    704
   907    704
   908    704
   909    704
   910    704
   905    705
   906    705
   907    705
   908    705
   909    705
   910    705
   905    706
   906    706
   907    706
   908    706
   909    706
   910    706
   905    707
   906    707
   907    707
   908    707
   909    707
   910    707
   905    708
   906    708
   907    708
   908    708
   909    708
   905    709
   906    709
   907    709
   908    709
   909    709
   910    709
   905    710
   906    710
   907    710
   908    710
   909    710
   905    711
   906    711
   907    711
   908    711
   909    711
   905    712
   906    712
   907    712
   908    712
   909    712
   910    712
   904    713
   905    713
   906    713
   907    713
   908    713
   909    713
   904    714
   905    714
   906    714
   907    714
   908    714
   909    714
   904    715
   905    715
   906    715
   907    715
   908    715
   909    715
   904    716
   905    716
   906    716
   907    716
   908    716
   909    716
   904    717
   905    717
   906    717
   907    717
   908    717
   909    717
   904    718
   905    718
   906    718
   907    718
   908    718
   909    718
   904    719
   905    719
   906    719
   907    719
   908    719
   909    719
   904    720
   905    720
   906    720
   907    720
   908    720
   909    720
   903    721
   904    721
   905    721
   906    721
   907    721
   908    721
   909    721
   904    722
   905    722
   906    722
   907    722
   908    722
   909    722
  1096    722
  1097    722
  1098    722
  1099    722
   904    723
   905    723
   906    723
   907    723
   908    723
   909    723
  1086    723
   903    724
   904    724
   905    724
   906    724
   907    724
   908    724
  1073    724
  1074    724
  1075    724
  1076    724
  1077    724
  1078    724
  1079    724
  1080    724
  1081    724
  1082    724
  1083    724
  1084    724
   903    725
   904    725
   905    725
   906    725
   907    725
   908    725
   909    725
  1076    725
  1077    725
  1078    725
  1079    725
  1080    725
  1081    725
  1082    725
  1083    725
  1086    725
  1087    725
   903    726
   904    726
   905    726
   906    726
   907    726
   908    726
  1058    726
  1059    726
  1060    726
  1061    726
  1072    726
  1073    726
  1074    726
  1075    726
  1076    726
  1077    726
   903    727
   904    727
   905    727
   906    727
   907    727
   908    727
   909    727
   903    728
   904    728
   905    728
   906    728
   907    728
   908    728
   909    728
  1037    728
  1038    728
  1039    728
  1040    728
  1041    728
  1042    728
  1043    728
  1051    728
  1052    728
  1053    728
  1058    728
  1059    728
   903    729
   904    729
   905    729
   906    729
   907    729
   908    729
  1030    729
  1031    729
  1032    729
  1033    729
  1034    729
  1035    729
  1036    729
  1037    729
  1038    729
  1039    729
  1040    729
  1041    729
  1042    729
  1048    729
  1049    729
  1050    729
  1051    729
  1052    729
  1053    729
  1054    729
  1055    729
   903    730
   904    730
   905    730
   906    730
   907    730
   908    730
  1024    730
  1025    730
  1026    730
  1027    730
  1028    730
  1029    730
  1030    730
  1031    730
  1032    730
  1033    730
  1034    730
  1035    730
  1036    730
  1037    730
  1038    730
  1039    730
  1040    730
  1043    730
  1044    730
  1045    730
  1046    730
   903    731
   904    731
   905    731
   906    731
   907    731
   908    731
   909    731
  1018    731
  1019    731
  1021    731
  1022    731
  1023    731
  1024    731
  1025    731
  1026    731
  1027    731
  1028    731
  1029    731
  1030    731
  1031    731
  1032    731
  1033    731
  1034    731
  1035    731
  1041    731
  1042    731
   902    732
   903    732
   904    732
   905    732
   906    732
   907    732
   908    732
  1008    732
  1009    732
  1010    732
  1011    732
  1012    732
  1013    732
  1014    732
  1015    732
  1016    732
  1017    732
  1018    732
  1019    732
  1020    732
  1021    732
  1022    732
  1023    732
  1024    732
  1025    732
  1026    732
  1027    732
  1028    732
  1033    732
  1034    732
  1035    732
  1036    732
  1037    732
   902    733
   903    733
   904    733
   905    733
   906    733
   907    733
   908    733
   909    733
  1007    733
  1008    733
  1009    733
  1010    733
  1011    733
  1012    733
  1013    733
  1014    733
  1015    733
  1016    733
  1022    733
  1023    733
  1024    733
  1027    733
  1028    733
  1029    733
  1034    733
  1035    733
   901    734
   902    734
   903    734
   904    734
   905    734
   906    734
   907    734
   908    734
   909    734
  1006    734
  1007    734
  1008    734
  1009    734
  1010    734
  1011    734
  1024    734
  1025    734
  1026    734
   901    735
   902    735
   903    735
   904    735
   905    735
   906    735
   907    735
   908    735
  1005    735
  1006    735
  1009    735
  1010    735
  1011    735
   901    736
   902    736
   903    736
   904    736
   905    736
   906    736
   907    736
   908    736
   981    736
   982    736
   983    736
   984    736
   985    736
   986    736
   992    736
   993    736
   994    736
   995    736
   996    736
   901    737
   902    737
   903    737
   904    737
   905    737
   906    737
   907    737
   908    737
   976    737
   977    737
   980    737
   981    737
   982    737
   983    737
   984    737
   985    737
   986    737
   987    737
   988    737
   994    737
   995    737
   996    737
   901    738
   902    738
   903    738
   904    738
   905    738
   906    738
   907    738
   908    738
   967    738
   968    738
   969    738
   970    738
   977    738
   978    738
   979    738
   980    738
   981    738
   982    738
   994    738
   900    739
   901    739
   902    739
   903    739
   904    739
   905    739
   906    739
   907    739
   958    739
   959    739
   960    739
   961    739
   962    739
   963    739
   964    739
   965    739
   966    739
   967    739
   968    739
   969    739
   970    739
   971    739
   972    739
   981    739
   982    739
   986    739
   900    740
   901    740
   902    740
   903    740
   904    740
   905    740
   906    740
   907    740
   957    740
   958    740
   959    740
   960    740
   961    740
   962    740
   965    740
   966    740
   967    740
   968    740
   899    741
   900    741
   901    741
   902    741
   903    741
   904    741
   905    741
   906    741
   907    741
   937    741
   938    741
   939    741
   960    741
   961    741
   962    741
   963    741
   964    741
   965    741
   966    741
   967    741
   968    741
   969    741
   899    742
   900    742
   901    742
   902    742
   903    742
   904    742
   905    742
   906    742
   907    742
   942    742
   943    742
   944    742
   945    742
   946    742
   947    742
   948    742
   954    742
   955    742
   956    742
   957    742
   958    742
   959    742
   960    742
   961    742
   962    742
   963    742
   964    742
   899    743
   900    743
   901    743
   902    743
   903    743
   904    743
   905    743
   906    743
   907    743
   929    743
   930    743
   931    743
   938    743
   939    743
   940    743
   941    743
   942    743
   943    743
   944    743
   945    743
   949    743
   950    743
   951    743
   952    743
   953    743
   954    743
   955    743
   956    743
   957    743
   958    743
   963    743
   964    743
   965    743
   966    743
   899    744
   900    744
   901    744
   902    744
   903    744
   904    744
   905    744
   906    744
   933    744
   934    744
   935    744
   936    744
   937    744
   938    744
   939    744
   940    744
   941    744
   945    744
   946    744
   947    744
   948    744
   949    744
   950    744
   951    744
   952    744
   953    744
   959    744
   960    744
   961    744
   962    744
   966    744
   899    745
   900    745
   901    745
   902    745
   903    745
   904    745
   905    745
   906    745
   928    745
   929    745
   930    745
   931    745
   932    745
   933    745
   934    745
   935    745
   936    745
   937    745
   942    745
   943    745
   944    745
   945    745
   946    745
   947    745
   948    745
   949    745
   950    745
   955    745
   956    745
   957    745
   958    745
   961    745
   962    745
   963    745
   871    746
   872    746
   898    746
   899    746
   900    746
   901    746
   902    746
   903    746
   904    746
   905    746
   906    746
   923    746
   924    746
   925    746
   926    746
   927    746
   928    746
   929    746
   930    746
   931    746
   932    746
   936    746
   937    746
   938    746
   939    746
   940    746
   941    746
   942    746
   943    746
   944    746
   945    746
   946    746
   951    746
   952    746
   953    746
   954    746
   956    746
   957    746
   958    746
   959    746
   874    747
   875    747
   898    747
   899    747
   900    747
   901    747
   902    747
   903    747
   904    747
   905    747
   906    747
   919    747
   920    747
   921    747
   922    747
   923    747
   924    747
   925    747
   926    747
   927    747
   928    747
   933    747
   934    747
   935    747
   936    747
   937    747
   938    747
   939    747
   940    747
   941    747
   947    747
   948    747
   949    747
   950    747
   953    747
   954    747
   955    747
   871    748
   872    748
   876    748
   877    748
   878    748
   879    748
   880    748
   898    748
   899    748
   900    748
   901    748
   902    748
   903    748
   904    748
   905    748
   906    748
   919    748
   920    748
   921    748
   922    748
   923    748
   924    748
   928    748
   929    748
   930    748
   931    748
   932    748
   933    748
   934    748
   935    748
   936    748
   937    748
   938    748
   943    748
   944    748
   945    748
   946    748
   950    748
   951    748
   873    749
   874    749
   875    749
   878    749
   879    749
   880    749
   881    749
   882    749
   898    749
   899    749
   900    749
   901    749
   902    749
   903    749
   904    749
   905    749
   906    749
   917    749
   918    749
   919    749
   920    749
   926    749
   927    749
   928    749
   929    749
   930    749
   933    749
   934    749
   935    749
   947    749
   948    749
   882    750
   883    750
   884    750
   885    750
   898    750
   899    750
   900    750
   901    750
   902    750
   903    750
   904    750
   905    750
   906    750
   923    750
   924    750
   925    750
   926    750
   927    750
   928    750
   930    750
   931    750
   932    750
   880    751
   882    751
   883    751
   887    751
   888    751
   897    751
   898    751
   899    751
   900    751
   901    751
   902    751
   903    751
   904    751
   905    751
   906    751
   920    751
   921    751
   922    751
   923    751
   924    751
   925    751
   926    751
   927    751
   928    751
   929    751
   881    752
   882    752
   883    752
   884    752
   885    752
   886    752
   887    752
   888    752
   889    752
   890    752
   897    752
   898    752
   899    752
   900    752
   901    752
   902    752
   903    752
   904    752
   905    752
   906    752
   917    752
   918    752
   919    752
   920    752
   924    752
   925    752
   926    752
   882    753
   883    753
   884    753
   885    753
   886    753
   887    753
   888    753
   889    753
   890    753
   891    753
   892    753
   897    753
   898    753
   899    753
   900    753
   901    753
   902    753
   903    753
   904    753
   905    753
   906    753
   914    753
   915    753
   916    753
   917    753
   918    753
   919    753
   884    754
   885    754
   886    754
   887    754
   888    754
   889    754
   890    754
   891    754
   892    754
   893    754
   894    754
   897    754
   898    754
   899    754
   900    754
   901    754
   902    754
   903    754
   904    754
   905    754
   912    754
   913    754
   914    754
   915    754
   916    754
   917    754
   918    754
   921    754
   885    755
   886    755
   887    755
   888    755
   889    755
   890    755
   891    755
   892    755
   893    755
   894    755
   895    755
   897    755
   898    755
   899    755
   900    755
   901    755
   902    755
   903    755
   904    755
   905    755
   906    755
   910    755
   911    755
   912    755
   913    755
   914    755
   915    755
   916    755
   917    755
   918    755
   919    755
   887    756
   888    756
   889    756
   890    756
   891    756
   892    756
   893    756
   894    756
   895    756
   896    756
   897    756
   898    756
   899    756
   900    756
   901    756
   902    756
   903    756
   904    756
   905    756
   907    756
   908    756
   909    756
   910    756
   911    756
   912    756
   913    756
   914    756
   915    756
   916    756
   917    756
   889    757
   890    757
   891    757
   892    757
   893    757
   894    757
   895    757
   896    757
   897    757
   898    757
   899    757
   900    757
   901    757
   902    757
   903    757
   904    757
   905    757
   906    757
   907    757
   908    757
   909    757
   910    757
   911    757
   912    757
   913    757
   914    757
   915    757
   916    757
   890    758
   891    758
   892    758
   893    758
   894    758
   895    758
   896    758
   897    758
   898    758
   899    758
   900    758
   901    758
   902    758
   903    758
   904    758
   905    758
   906    758
   907    758
   908    758
   909    758
   910    758
   911    758
   912    758
   913    758
   914    758
   892    759
   893    759
   894    759
   895    759
   896    759
   897    759
   898    759
   899    759
   900    759
   901    759
   902    759
   903    759
   904    759
   905    759
   906    759
   907    759
   908    759
   909    759
   910    759
   911    759
   912    759
   913    759
   892    760
   893    760
   894    760
   895    760
   896    760
   897    760
   898    760
   899    760
   900    760
   901    760
   902    760
   903    760
   904    760
   905    760
   906    760
   907    760
   908    760
   909    760
   910    760
   911    760
   912    760
   893    761
   894    761
   895    761
   896    761
   897    761
   898    761
   899    761
   900    761
   901    761
   902    761
   903    761
   904    761
   905    761
   906    761
   907    761
   908    761
   909    761
   910    761
   894    762
   895    762
   896    762
   897    762
   898    762
   899    762
   900    762
   901    762
   902    762
   903    762
   904    762
   905    762
   906    762
   907    762
   908    762
   909    762
   895    763
   896    763
   897    763
   898    763
   899    763
   900    763
   901    763
   902    763
   903    763
   904    763
   905    763
   906    763
   907    763
   908    763
   909    763
   895    764
   896    764
   897    764
   898    764
   899    764
   900    764
   901    764
   902    764
   903    764
   904    764
   905    764
   906    764
   895    765
   896    765
   897    765
   898    765
   899    765
   900    765
   901    765
   902    765
   903    765
   904    765
   905    765
   906    765
   896    766
   897    766
   898    766
   899    766
   900    766
   901    766
   902    766
   903    766
   904    766
   905    766
   906    766
   895    767
   896    767
   897    767
   898    767
   899    767
   900    767
   901    767
   902    767
   903    767
   904    767
   905    767
   906    767
   896    768
   897    768
   898    768
   899    768
   900    768
   901    768
   902    768
   903    768
   904    768
   905    768
   906    768
   896    769
   897    769
   898    769
   899    769
   900    769
   901    769
   902    769
   903    769
   904    769
   905    769
   906    769
   896    770
   897    770
   898    770
   899    770
   900    770
   901    770
   902    770
   903    770
   904    770
   905    770
   906    770
   896    771
   897    771
   898    771
   899    771
   900    771
   901    771
   902    771
   903    771
   904    771
   905    771
   906    771
   895    772
   896    772
   897    772
   898    772
   899    772
   900    772
   901    772
   902    772
   903    772
   904    772
   905    772
   906    772
   895    773
   896    773
   897    773
   898    773
   899    773
   900    773
   901    773
   902    773
   903    773
   904    773
   905    773
   906    773
   895    774
   896    774
   897    774
   898    774
   899    774
   900    774
   901    774
   902    774
   903    774
   904    774
   905    774
   895    775
   896    775
   897    775
   898    775
   899    775
   900    775
   901    775
   902    775
   903    775
   904    775
   905    775
   895    776
   896    776
   897    776
   898    776
   899    776
   900    776
   901    776
   902    776
   903    776
   904    776
   905    776
   895    777
   896    777
   897    777
   898    777
   899    777
   900    777
   901    777
   902    777
   903    777
   904    777
   895    778
   896    778
   897    778
   898    778
   899    778
   900    778
   901    778
   902    778
   903    778
   904    778
   905    778
   895    779
   896    779
   897    779
   898    779
   899    779
   900    779
   901    779
   902    779
   903    779
   904    779
   905    779
   895    780
   896    780
   897    780
   898    780
   899    780
   900    780
   901    780
   902    780
   903    780
   904    780
   905    780
   895    781
   896    781
   897    781
   898    781
   899    781
   900    781
   901    781
   902    781
   903    781
   904    781
   905    781
   892    782
   893    782
   894    782
   895    782
   896    782
   897    782
   898    782
   899    782
   900    782
   901    782
   902    782
   903    782
   904    782
   894    783
   895    783
   896    783
   897    783
   898    783
   899    783
   900    783
   901    783
   902    783
   903    783
   904    783
   895    784
   896    784
   897    784
   898    784
   899    784
   900    784
   901    784
   902    784
   903    784
