   907    698
   908    698
   907    699
   908    699
   909    699
   907    700
   908    700
   907    701
   908    701
   909    701
   910    701
   906    702
   907    702
   908    702
   909    702
   910    702
   906    703
   907    703
   908    703
   909    703
   910    703
   906    704
   907    704
   908    704
   909    704
   910    704
   906    705
   907    705
   908    705
   909    705
   910    705
   906    706
   907    706
   908    706
   909    706
   910    706
   905    707
   906    707
   907    707
   908    707
   909    707
   910    707
   905    708
   906    708
   907    708
   908    708
   909    708
   910    708
   905    709
   906    709
   907    709
   908    709
   909    709
   910    709
   905    710
   906    710
   907    710
   908    710
   909    710
   905    711
   906    711
   907    711
   908    711
   909    711
   910    711
   905    712
   906    712
   907    712
   908    712
   909    712
   910    712
   905    713
   906    713
   907    713
   908    713
   909    713
   905    714
   906    714
   907    714
   908    714
   909    714
   910    714
   905    715
   906    715
   907    715
   908    715
   909    715
   910    715
   904    716
   905    716
   906    716
   907    716
   908    716
   909    716
   904    717
   905    717
   906    717
   907    717
   908    717
   909    717
   910    717
   904    718
   905    718
   906    718
   907    718
   908    718
   909    718
   910    718
   904    719
   905    719
   906    719
   907    719
   908    719
   909    719
   904    720
   905    720
   906    720
   907    720
   908    720
   909    720
   903    721
   904    721
   905    721
   906    721
   907    721
   908    721
   909    721
   904    722
   905    722
   906    722
   907    722
   908    722
   909    722
   904    723
   905    723
   906    723
   907    723
   908    723
   909    723
  1098    723
  1099    723
  1100    723
  1101    723
  1102    723
   903    724
   904    724
   905    724
   906    724
   907    724
   908    724
   909    724
  1087    724
  1088    724
  1089    724
  1090    724
  1091    724
  1092    724
  1093    724
  1094    724
  1095    724
  1096    724
  1097    724
  1098    724
  1099    724
  1100    724
  1101    724
  1102    724
   903    725
   904    725
   905    725
   906    725
   907    725
   908    725
   909    725
  1075    725
  1076    725
  1077    725
  1078    725
  1079    725
  1080    725
  1081    725
  1082    725
  1083    725
  1084    725
  1088    725
  1089    725
  1090    725
  1091    725
  1092    725
  1093    725
  1094    725
  1095    725
  1096    725
  1097    725
  1098    725
  1099    725
  1100    725
   904    726
   905    726
   906    726
   907    726
   908    726
   909    726
  1078    726
  1079    726
  1080    726
  1081    726
  1082    726
  1083    726
  1084    726
  1095    726
  1096    726
   903    727
   904    727
   905    727
   906    727
   907    727
   908    727
   909    727
  1061    727
  1062    727
  1076    727
  1077    727
  1080    727
  1081    727
  1082    727
  1085    727
  1086    727
   903    728
   904    728
   905    728
   906    728
   907    728
   908    728
   909    728
  1059    728
  1060    728
  1061    728
   903    729
   904    729
   905    729
   906    729
   907    729
   908    729
   909    729
  1042    729
  1043    729
  1044    729
  1045    729
  1046    729
  1047    729
  1053    729
  1060    729
  1061    729
   903    730
   904    730
   905    730
   906    730
   907    730
   908    730
   909    730
  1035    730
  1036    730
  1037    730
  1038    730
  1039    730
  1040    730
  1041    730
  1042    730
  1043    730
  1044    730
  1045    730
  1046    730
  1047    730
  1049    730
  1052    730
  1053    730
  1054    730
  1058    730
  1059    730
   903    731
   904    731
   905    731
   906    731
   907    731
   908    731
   909    731
  1025    731
  1026    731
  1027    731
  1028    731
  1029    731
  1030    731
  1031    731
  1032    731
  1033    731
  1034    731
  1035    731
  1036    731
  1037    731
  1038    731
  1039    731
  1040    731
  1041    731
  1042    731
  1046    731
  1047    731
  1048    731
  1049    731
  1050    731
  1051    731
  1052    731
  1053    731
  1054    731
   902    732
   903    732
   904    732
   905    732
   906    732
   907    732
   908    732
   909    732
  1024    732
  1025    732
  1026    732
  1027    732
  1028    732
  1029    732
  1030    732
  1031    732
  1032    732
  1033    732
  1034    732
  1035    732
  1036    732
  1042    732
  1043    732
  1044    732
  1045    732
  1046    732
  1047    732
  1048    732
  1049    732
  1050    732
   902    733
   903    733
   904    733
   905    733
   906    733
   907    733
   908    733
   909    733
  1007    733
  1008    733
  1009    733
  1013    733
  1014    733
  1015    733
  1020    733
  1021    733
  1022    733
  1024    733
  1025    733
  1026    733
  1027    733
  1028    733
  1031    733
  1032    733
  1036    733
  1037    733
  1038    733
  1039    733
   902    734
   903    734
   904    734
   905    734
   906    734
   907    734
   908    734
   909    734
  1007    734
  1008    734
  1009    734
  1010    734
  1011    734
  1012    734
  1013    734
  1014    734
  1015    734
  1016    734
  1017    734
  1019    734
  1020    734
  1021    734
  1025    734
  1026    734
  1027    734
  1037    734
  1038    734
  1039    734
   902    735
   903    735
   904    735
   905    735
   906    735
   907    735
   908    735
  1013    735
  1014    735
  1015    735
   902    736
   903    736
   904    736
   905    736
   906    736
   907    736
   908    736
   909    736
  1008    736
  1009    736
  1010    736
  1014    736
   901    737
   902    737
   903    737
   904    737
   905    737
   906    737
   907    737
   908    737
   986    737
   987    737
   988    737
   989    737
   993    737
   994    737
   998    737
   999    737
  1009    737
   901    738
   902    738
   903    738
   904    738
   905    738
   906    738
   907    738
   908    738
   978    738
   979    738
   980    738
   981    738
   982    738
   983    738
   984    738
   985    738
   986    738
   987    738
   988    738
   989    738
   990    738
   991    738
   992    738
   993    738
   900    739
   901    739
   902    739
   903    739
   904    739
   905    739
   906    739
   907    739
   908    739
   972    739
   973    739
   974    739
   976    739
   977    739
   978    739
   979    739
   980    739
   981    739
   982    739
   983    739
   984    739
   985    739
   986    739
   987    739
   988    739
   989    739
   990    739
   991    739
   992    739
   900    740
   901    740
   902    740
   903    740
   904    740
   905    740
   906    740
   907    740
   908    740
   963    740
   964    740
   965    740
   966    740
   967    740
   968    740
   971    740
   972    740
   973    740
   974    740
   975    740
   976    740
   977    740
   978    740
   979    740
   980    740
   981    740
   982    740
   983    740
   984    740
   985    740
   986    740
   987    740
   990    740
   991    740
   992    740
   899    741
   900    741
   901    741
   902    741
   903    741
   904    741
   905    741
   906    741
   907    741
   908    741
   958    741
   959    741
   960    741
   961    741
   962    741
   963    741
   964    741
   965    741
   966    741
   970    741
   971    741
   972    741
   973    741
   979    741
   980    741
   983    741
   984    741
   985    741
   986    741
   899    742
   900    742
   901    742
   902    742
   903    742
   904    742
   905    742
   906    742
   907    742
   965    742
   966    742
   967    742
   968    742
   969    742
   970    742
   971    742
   972    742
   973    742
   974    742
   899    743
   900    743
   901    743
   902    743
   903    743
   904    743
   905    743
   906    743
   907    743
   958    743
   959    743
   960    743
   961    743
   962    743
   963    743
   964    743
   965    743
   966    743
   967    743
   968    743
   855    744
   856    744
   899    744
   900    744
   901    744
   902    744
   903    744
   904    744
   905    744
   906    744
   941    744
   942    744
   943    744
   944    744
   947    744
   948    744
   949    744
   953    744
   954    744
   955    744
   956    744
   957    744
   958    744
   959    744
   960    744
   961    744
   962    744
   968    744
   859    745
   860    745
   899    745
   900    745
   901    745
   902    745
   903    745
   904    745
   905    745
   906    745
   907    745
   927    745
   928    745
   929    745
   936    745
   937    745
   938    745
   939    745
   940    745
   941    745
   942    745
   943    745
   944    745
   945    745
   949    745
   950    745
   951    745
   952    745
   953    745
   954    745
   955    745
   956    745
   957    745
   958    745
   963    745
   964    745
   965    745
   857    746
   858    746
   863    746
   864    746
   865    746
   898    746
   899    746
   900    746
   901    746
   902    746
   903    746
   904    746
   905    746
   906    746
   932    746
   933    746
   934    746
   935    746
   936    746
   937    746
   938    746
   939    746
   940    746
   945    746
   946    746
   947    746
   948    746
   949    746
   950    746
   951    746
   952    746
   953    746
   954    746
   958    746
   959    746
   960    746
   961    746
   966    746
   967    746
   861    747
   862    747
   867    747
   868    747
   869    747
   876    747
   877    747
   878    747
   898    747
   899    747
   900    747
   901    747
   902    747
   903    747
   904    747
   905    747
   906    747
   927    747
   928    747
   929    747
   930    747
   931    747
   932    747
   933    747
   934    747
   935    747
   936    747
   941    747
   942    747
   943    747
   944    747
   945    747
   946    747
   947    747
   948    747
   949    747
   950    747
   954    747
   955    747
   956    747
   957    747
   958    747
   959    747
   962    747
   963    747
   864    748
   865    748
   871    748
   872    748
   873    748
   898    748
   899    748
   900    748
   901    748
   902    748
   903    748
   904    748
   905    748
   906    748
   922    748
   923    748
   924    748
   925    748
   926    748
   927    748
   928    748
   929    748
   930    748
   931    748
   936    748
   937    748
   938    748
   939    748
   940    748
   941    748
   942    748
   943    748
   944    748
   945    748
   950    748
   951    748
   952    748
   953    748
   954    748
   956    748
   957    748
   958    748
   959    748
   867    749
   868    749
   874    749
   875    749
   876    749
   898    749
   899    749
   900    749
   901    749
   902    749
   903    749
   904    749
   905    749
   906    749
   919    749
   920    749
   921    749
   922    749
   923    749
   924    749
   925    749
   926    749
   927    749
   928    749
   933    749
   934    749
   935    749
   936    749
   937    749
   938    749
   939    749
   940    749
   941    749
   942    749
   947    749
   948    749
   949    749
   950    749
   951    749
   953    749
   954    749
   955    749
   956    749
   870    750
   871    750
   872    750
   877    750
   878    750
   879    750
   898    750
   899    750
   900    750
   901    750
   902    750
   903    750
   904    750
   905    750
   906    750
   919    750
   920    750
   921    750
   922    750
   923    750
   924    750
   929    750
   930    750
   931    750
   932    750
   933    750
   936    750
   937    750
   938    750
   939    750
   943    750
   944    750
   945    750
   946    750
   947    750
   950    750
   951    750
   952    750
   874    751
   875    751
   880    751
   881    751
   882    751
   883    751
   897    751
   898    751
   899    751
   900    751
   901    751
   902    751
   903    751
   904    751
   905    751
   906    751
   917    751
   918    751
   919    751
   926    751
   927    751
   928    751
   929    751
   935    751
   946    751
   947    751
   948    751
   949    751
   880    752
   881    752
   882    752
   883    752
   884    752
   885    752
   886    752
   897    752
   898    752
   899    752
   900    752
   901    752
   902    752
   903    752
   904    752
   905    752
   906    752
   923    752
   924    752
   925    752
   926    752
   927    752
   878    753
   879    753
   880    753
   881    753
   882    753
   883    753
   884    753
   885    753
   886    753
   887    753
   888    753
   897    753
   898    753
   899    753
   900    753
   901    753
   902    753
   903    753
   904    753
   905    753
   906    753
   921    753
   922    753
   923    753
   924    753
   925    753
   928    753
   929    753
   930    753
   880    754
   881    754
   882    754
   883    754
   884    754
   885    754
   886    754
   887    754
   888    754
   889    754
   890    754
   897    754
   898    754
   899    754
   900    754
   901    754
   902    754
   903    754
   904    754
   905    754
   906    754
   918    754
   919    754
   920    754
   921    754
   922    754
   923    754
   924    754
   925    754
   926    754
   927    754
   882    755
   883    755
   884    755
   885    755
   886    755
   887    755
   888    755
   889    755
   890    755
   891    755
   892    755
   897    755
   898    755
   899    755
   900    755
   901    755
   902    755
   903    755
   904    755
   905    755
   906    755
   915    755
   916    755
   917    755
   918    755
   919    755
   920    755
   921    755
   922    755
   923    755
   924    755
   883    756
   884    756
   885    756
   886    756
   887    756
   888    756
   889    756
   890    756
   891    756
   892    756
   893    756
   897    756
   898    756
   899    756
   900    756
   901    756
   902    756
   903    756
   904    756
   905    756
   906    756
   913    756
   914    756
   915    756
   916    756
   917    756
   918    756
   919    756
   920    756
   921    756
   922    756
   885    757
   886    757
   887    757
   888    757
   889    757
   890    757
   891    757
   892    757
   893    757
   894    757
   895    757
   896    757
   897    757
   898    757
   899    757
   900    757
   901    757
   902    757
   903    757
   904    757
   905    757
   906    757
   911    757
   912    757
   913    757
   914    757
   915    757
   916    757
   917    757
   918    757
   919    757
   920    757
   921    757
   886    758
   887    758
   888    758
   889    758
   890    758
   891    758
   892    758
   893    758
   894    758
   895    758
   896    758
   897    758
   898    758
   899    758
   900    758
   901    758
   902    758
   903    758
   904    758
   905    758
   906    758
   909    758
   910    758
   911    758
   912    758
   913    758
   914    758
   915    758
   916    758
   917    758
   918    758
   919    758
   888    759
   889    759
   890    759
   891    759
   892    759
   893    759
   894    759
   895    759
   896    759
   897    759
   898    759
   899    759
   900    759
   901    759
   902    759
   903    759
   904    759
   905    759
   906    759
   907    759
   908    759
   909    759
   910    759
   911    759
   912    759
   913    759
   914    759
   915    759
   916    759
   917    759
   889    760
   890    760
   891    760
   892    760
   893    760
   894    760
   895    760
   896    760
   897    760
   898    760
   899    760
   900    760
   901    760
   902    760
   903    760
   904    760
   905    760
   906    760
   907    760
   908    760
   909    760
   910    760
   911    760
   912    760
   913    760
   914    760
   915    760
   891    761
   892    761
   893    761
   894    761
   895    761
   896    761
   897    761
   898    761
   899    761
   900    761
   901    761
   902    761
   903    761
   904    761
   905    761
   906    761
   907    761
   908    761
   909    761
   910    761
   911    761
   912    761
   913    761
   914    761
   892    762
   893    762
   894    762
   895    762
   896    762
   897    762
   898    762
   899    762
   900    762
   901    762
   902    762
   903    762
   904    762
   905    762
   906    762
   907    762
   908    762
   909    762
   910    762
   911    762
   912    762
   913    762
   892    763
   893    763
   894    763
   895    763
   896    763
   897    763
   898    763
   899    763
   900    763
   901    763
   902    763
   903    763
   904    763
   905    763
   906    763
   907    763
   908    763
   909    763
   910    763
   911    763
   894    764
   895    764
   896    764
   897    764
   898    764
   899    764
   900    764
   901    764
   902    764
   903    764
   904    764
   905    764
   906    764
   907    764
   908    764
   909    764
   910    764
   895    765
   896    765
   897    765
   898    765
   899    765
   900    765
   901    765
   902    765
   903    765
   904    765
   905    765
   906    765
   907    765
   908    765
   909    765
   895    766
   896    766
   897    766
   898    766
   899    766
   900    766
   901    766
   902    766
   903    766
   904    766
   905    766
   906    766
   907    766
   895    767
   896    767
   897    767
   898    767
   899    767
   900    767
   901    767
   902    767
   903    767
   904    767
   905    767
   906    767
   907    767
   896    768
   897    768
   898    768
   899    768
   900    768
   901    768
   902    768
   903    768
   904    768
   905    768
   906    768
   896    769
   897    769
   898    769
   899    769
   900    769
   901    769
   902    769
   903    769
   904    769
   905    769
   906    769
   896    770
   897    770
   898    770
   899    770
   900    770
   901    770
   902    770
   903    770
   904    770
   905    770
   906    770
   896    771
   897    771
   898    771
   899    771
   900    771
   901    771
   902    771
   903    771
   904    771
   905    771
   906    771
   896    772
   897    772
   898    772
   899    772
   900    772
   901    772
   902    772
   903    772
   904    772
   905    772
   906    772
   896    773
   897    773
   898    773
   899    773
   900    773
   901    773
   902    773
   903    773
   904    773
   905    773
   906    773
   896    774
   897    774
   898    774
   899    774
   900    774
   901    774
   902    774
   903    774
   904    774
   905    774
   895    775
   896    775
   897    775
   898    775
   899    775
   900    775
   901    775
   902    775
   903    775
   904    775
   905    775
   895    776
   896    776
   897    776
   898    776
   899    776
   900    776
   901    776
   902    776
   903    776
   904    776
   905    776
   906    776
   895    777
   896    777
   897    777
   898    777
   899    777
   900    777
   901    777
   902    777
   903    777
   904    777
   905    777
   895    778
   896    778
   897    778
   898    778
   899    778
   900    778
   901    778
   902    778
   903    778
   904    778
   905    778
   906    778
   895    779
   896    779
   897    779
   898    779
   899    779
   900    779
   901    779
   902    779
   903    779
   904    779
   905    779
   906    779
   895    780
   896    780
   897    780
   898    780
   899    780
   900    780
   901    780
   902    780
   903    780
   904    780
   905    780
   895    781
   896    781
   897    781
   898    781
   899    781
   900    781
   901    781
   902    781
   903    781
   904    781
   905    781
   895    782
   896    782
   897    782
   898    782
   899    782
   900    782
   901    782
   902    782
   903    782
   904    782
   905    782
   895    783
   896    783
   897    783
   898    783
   899    783
   900    783
   901    783
   902    783
   903    783
   904    783
   905    783
   894    784
   895    784
   896    784
   897    784
   898    784
   899    784
   900    784
   901    784
   902    784
   903    784
   894    785
   895    785
   896    785
   897    785
   898    785
   899    785
   900    785
   901    785
   902    785
   903    785
   895    786
   896    786
   897    786
   898    786
   899    786
   901    786
   902    786
   903    786
