   907    700
   908    700
   907    701
   908    701
   909    701
   906    702
   907    702
   908    702
   909    702
   910    702
   906    703
   907    703
   908    703
   906    704
   907    704
   908    704
   909    704
   910    704
   907    705
   908    705
   909    705
   910    705
   906    706
   907    706
   908    706
   909    706
   910    706
   905    707
   906    707
   907    707
   908    707
   909    707
   910    707
   905    708
   906    708
   907    708
   908    708
   909    708
   910    708
   905    709
   906    709
   907    709
   908    709
   909    709
   910    709
   906    710
   907    710
   908    710
   909    710
   905    711
   906    711
   907    711
   908    711
   909    711
   910    711
   905    712
   906    712
   907    712
   908    712
   909    712
   910    712
   905    713
   906    713
   907    713
   908    713
   909    713
   905    714
   906    714
   907    714
   908    714
   909    714
   910    714
   905    715
   906    715
   907    715
   908    715
   909    715
   910    715
   904    716
   905    716
   906    716
   907    716
   908    716
   909    716
   904    717
   905    717
   906    717
   907    717
   908    717
   909    717
   910    717
   904    718
   905    718
   906    718
   907    718
   908    718
   909    718
   910    718
   904    719
   905    719
   906    719
   907    719
   908    719
   909    719
   904    720
   905    720
   906    720
   907    720
   908    720
   909    720
   904    721
   905    721
   906    721
   907    721
   908    721
   909    721
   910    721
   904    722
   905    722
   906    722
   907    722
   908    722
   909    722
   904    723
   905    723
   906    723
   907    723
   908    723
   909    723
   910    723
   904    724
   905    724
   906    724
   907    724
   908    724
   909    724
   904    725
   905    725
   906    725
   907    725
   908    725
   909    725
   904    726
   905    726
   906    726
   907    726
   908    726
   909    726
   903    727
   904    727
   905    727
   906    727
   907    727
   908    727
   909    727
   903    728
   904    728
   905    728
   906    728
   907    728
   908    728
   909    728
   903    729
   904    729
   905    729
   906    729
   907    729
   908    729
   909    729
  1064    729
  1065    729
  1066    729
   903    730
   904    730
   905    730
   906    730
   907    730
   908    730
   909    730
  1058    730
  1059    730
  1060    730
  1061    730
   903    731
   904    731
   905    731
   906    731
   907    731
   908    731
   909    731
  1040    731
  1041    731
  1042    731
  1051    731
  1052    731
  1053    731
  1054    731
  1059    731
  1060    731
  1061    731
  1062    731
  1063    731
  1064    731
  1065    731
   902    732
   903    732
   904    732
   905    732
   906    732
   907    732
   908    732
   909    732
  1039    732
  1040    732
  1041    732
  1042    732
  1043    732
  1047    732
  1048    732
  1052    732
  1053    732
  1054    732
   903    733
   904    733
   905    733
   906    733
   907    733
   908    733
   909    733
  1025    733
  1026    733
  1027    733
  1032    733
  1033    733
  1034    733
  1037    733
  1038    733
  1039    733
  1040    733
  1041    733
  1042    733
  1043    733
  1049    733
  1050    733
   903    734
   904    734
   905    734
   906    734
   907    734
   908    734
   909    734
  1018    734
  1019    734
  1020    734
  1021    734
  1022    734
  1023    734
  1024    734
  1025    734
  1026    734
  1027    734
  1028    734
  1029    734
  1030    734
  1031    734
  1032    734
  1033    734
  1034    734
  1035    734
  1036    734
  1037    734
  1038    734
  1039    734
  1043    734
  1044    734
  1045    734
   902    735
   903    735
   904    735
   905    735
   906    735
   907    735
   908    735
   909    735
  1017    735
  1018    735
  1019    735
  1020    735
  1021    735
  1022    735
  1023    735
  1024    735
  1025    735
  1030    735
  1031    735
  1036    735
  1037    735
  1038    735
   902    736
   903    736
   904    736
   905    736
   906    736
   907    736
   908    736
   909    736
  1011    736
  1012    736
  1013    736
  1014    736
  1018    736
  1019    736
   902    737
   903    737
   904    737
   905    737
   906    737
   907    737
   908    737
   909    737
   902    738
   903    738
   904    738
   905    738
   906    738
   907    738
   908    738
   909    738
   991    738
   992    738
   993    738
   994    738
   995    738
   996    738
   997    738
  1006    738
  1007    738
  1008    738
   901    739
   902    739
   903    739
   904    739
   905    739
   906    739
   907    739
   908    739
   909    739
   985    739
   986    739
   987    739
   988    739
   990    739
   991    739
   992    739
   993    739
   994    739
   995    739
   996    739
   997    739
   998    739
   901    740
   902    740
   903    740
   904    740
   905    740
   906    740
   907    740
   908    740
   978    740
   979    740
   980    740
   981    740
   983    740
   984    740
   985    740
   986    740
   987    740
   988    740
   989    740
   990    740
   991    740
   992    740
   993    740
   994    740
   995    740
   996    740
   901    741
   902    741
   903    741
   904    741
   905    741
   906    741
   907    741
   908    741
   969    741
   970    741
   971    741
   972    741
   973    741
   974    741
   976    741
   977    741
   978    741
   979    741
   980    741
   981    741
   982    741
   983    741
   984    741
   985    741
   986    741
   987    741
   988    741
   989    741
   990    741
   991    741
   992    741
   993    741
   994    741
   995    741
   996    741
   900    742
   901    742
   902    742
   903    742
   904    742
   905    742
   906    742
   907    742
   908    742
   964    742
   965    742
   966    742
   967    742
   968    742
   969    742
   970    742
   971    742
   972    742
   973    742
   978    742
   979    742
   980    742
   984    742
   985    742
   986    742
   991    742
   992    742
   993    742
   994    742
   900    743
   901    743
   902    743
   903    743
   904    743
   905    743
   906    743
   907    743
   908    743
   959    743
   960    743
   961    743
   962    743
   963    743
   964    743
   965    743
   966    743
   967    743
   972    743
   973    743
   974    743
   980    743
   981    743
   985    743
   986    743
   899    744
   900    744
   901    744
   902    744
   903    744
   904    744
   905    744
   906    744
   907    744
   965    744
   966    744
   967    744
   968    744
   969    744
   970    744
   971    744
   972    744
   973    744
   974    744
   975    744
   899    745
   900    745
   901    745
   902    745
   903    745
   904    745
   905    745
   906    745
   907    745
   939    745
   940    745
   941    745
   960    745
   961    745
   962    745
   963    745
   964    745
   965    745
   966    745
   967    745
   968    745
   969    745
   853    746
   854    746
   899    746
   900    746
   901    746
   902    746
   903    746
   904    746
   905    746
   906    746
   907    746
   933    746
   934    746
   935    746
   943    746
   944    746
   945    746
   946    746
   947    746
   948    746
   949    746
   950    746
   951    746
   952    746
   955    746
   956    746
   957    746
   958    746
   959    746
   960    746
   961    746
   962    746
   963    746
   964    746
   971    746
   972    746
   858    747
   859    747
   899    747
   900    747
   901    747
   902    747
   903    747
   904    747
   905    747
   906    747
   907    747
   930    747
   938    747
   939    747
   940    747
   941    747
   942    747
   943    747
   944    747
   945    747
   946    747
   947    747
   951    747
   952    747
   953    747
   954    747
   955    747
   956    747
   957    747
   958    747
   959    747
   960    747
   966    747
   967    747
   968    747
   899    748
   900    748
   901    748
   902    748
   903    748
   904    748
   905    748
   906    748
   907    748
   923    748
   924    748
   925    748
   926    748
   927    748
   933    748
   934    748
   935    748
   936    748
   937    748
   938    748
   939    748
   940    748
   941    748
   942    748
   947    748
   948    748
   949    748
   950    748
   951    748
   952    748
   953    748
   954    748
   955    748
   956    748
   961    748
   962    748
   963    748
   964    748
   865    749
   866    749
   867    749
   898    749
   899    749
   900    749
   901    749
   902    749
   903    749
   904    749
   905    749
   906    749
   907    749
   929    749
   930    749
   931    749
   932    749
   933    749
   934    749
   935    749
   936    749
   937    749
   943    749
   944    749
   945    749
   946    749
   947    749
   948    749
   949    749
   950    749
   951    749
   952    749
   957    749
   958    749
   959    749
   960    749
   961    749
   964    749
   965    749
   966    749
   869    750
   870    750
   898    750
   899    750
   900    750
   901    750
   902    750
   903    750
   904    750
   905    750
   906    750
   907    750
   925    750
   926    750
   927    750
   928    750
   929    750
   930    750
   931    750
   932    750
   933    750
   938    750
   939    750
   940    750
   941    750
   942    750
   943    750
   944    750
   945    750
   946    750
   947    750
   948    750
   949    750
   953    750
   954    750
   955    750
   956    750
   957    750
   961    750
   962    750
   865    751
   866    751
   867    751
   898    751
   899    751
   900    751
   901    751
   902    751
   903    751
   904    751
   905    751
   906    751
   921    751
   922    751
   923    751
   924    751
   925    751
   926    751
   927    751
   928    751
   929    751
   930    751
   935    751
   936    751
   937    751
   938    751
   939    751
   940    751
   941    751
   942    751
   943    751
   944    751
   945    751
   950    751
   951    751
   952    751
   953    751
   954    751
   958    751
   959    751
   875    752
   876    752
   877    752
   898    752
   899    752
   900    752
   901    752
   902    752
   903    752
   904    752
   905    752
   906    752
   923    752
   924    752
   925    752
   926    752
   927    752
   932    752
   933    752
   934    752
   935    752
   936    752
   939    752
   940    752
   941    752
   947    752
   948    752
   949    752
   950    752
   954    752
   955    752
   871    753
   872    753
   877    753
   878    753
   879    753
   880    753
   881    753
   898    753
   899    753
   900    753
   901    753
   902    753
   903    753
   904    753
   905    753
   906    753
   918    753
   919    753
   920    753
   921    753
   922    753
   923    753
   929    753
   930    753
   931    753
   932    753
   933    753
   936    753
   937    753
   938    753
   945    753
   951    753
   952    753
   873    754
   874    754
   875    754
   876    754
   878    754
   879    754
   880    754
   881    754
   882    754
   883    754
   897    754
   898    754
   899    754
   900    754
   901    754
   902    754
   903    754
   904    754
   905    754
   906    754
   926    754
   927    754
   928    754
   929    754
   930    754
   931    754
   934    754
   935    754
   876    755
   877    755
   878    755
   879    755
   880    755
   881    755
   882    755
   883    755
   884    755
   885    755
   886    755
   897    755
   898    755
   899    755
   900    755
   901    755
   902    755
   903    755
   904    755
   905    755
   906    755
   923    755
   924    755
   925    755
   926    755
   927    755
   928    755
   931    755
   932    755
   933    755
   878    756
   879    756
   880    756
   881    756
   882    756
   883    756
   884    756
   885    756
   886    756
   887    756
   888    756
   897    756
   898    756
   899    756
   900    756
   901    756
   902    756
   903    756
   904    756
   905    756
   906    756
   921    756
   922    756
   923    756
   924    756
   925    756
   926    756
   927    756
   929    756
   930    756
   880    757
   881    757
   882    757
   883    757
   884    757
   885    757
   886    757
   887    757
   888    757
   889    757
   890    757
   897    757
   898    757
   899    757
   900    757
   901    757
   902    757
   903    757
   904    757
   905    757
   906    757
   918    757
   919    757
   920    757
   921    757
   922    757
   923    757
   924    757
   925    757
   926    757
   927    757
   881    758
   882    758
   883    758
   884    758
   885    758
   886    758
   887    758
   888    758
   889    758
   890    758
   891    758
   897    758
   898    758
   899    758
   900    758
   901    758
   902    758
   903    758
   904    758
   905    758
   906    758
   916    758
   917    758
   918    758
   919    758
   920    758
   921    758
   922    758
   923    758
   924    758
   925    758
   883    759
   884    759
   885    759
   886    759
   887    759
   888    759
   889    759
   890    759
   891    759
   892    759
   893    759
   897    759
   898    759
   899    759
   900    759
   901    759
   902    759
   903    759
   904    759
   905    759
   906    759
   914    759
   915    759
   916    759
   917    759
   918    759
   919    759
   920    759
   921    759
   922    759
   923    759
   884    760
   885    760
   886    760
   887    760
   888    760
   889    760
   890    760
   891    760
   892    760
   893    760
   894    760
   895    760
   897    760
   898    760
   899    760
   900    760
   901    760
   902    760
   903    760
   904    760
   905    760
   906    760
   912    760
   913    760
   914    760
   915    760
   916    760
   917    760
   918    760
   919    760
   920    760
   921    760
   886    761
   887    761
   888    761
   889    761
   890    761
   891    761
   892    761
   893    761
   894    761
   895    761
   896    761
   897    761
   898    761
   899    761
   900    761
   901    761
   902    761
   903    761
   904    761
   905    761
   906    761
   910    761
   911    761
   912    761
   913    761
   914    761
   915    761
   916    761
   917    761
   918    761
   919    761
   887    762
   888    762
   889    762
   890    762
   891    762
   892    762
   893    762
   894    762
   895    762
   896    762
   897    762
   898    762
   899    762
   900    762
   901    762
   902    762
   903    762
   904    762
   905    762
   906    762
   907    762
   908    762
   909    762
   910    762
   911    762
   912    762
   913    762
   914    762
   915    762
   916    762
   917    762
   918    762
   889    763
   890    763
   891    763
   892    763
   893    763
   894    763
   895    763
   896    763
   897    763
   898    763
   899    763
   900    763
   901    763
   902    763
   903    763
   904    763
   905    763
   906    763
   907    763
   908    763
   909    763
   910    763
   911    763
   912    763
   913    763
   914    763
   915    763
   916    763
   890    764
   891    764
   892    764
   893    764
   894    764
   895    764
   896    764
   897    764
   898    764
   899    764
   900    764
   901    764
   902    764
   903    764
   904    764
   905    764
   906    764
   907    764
   908    764
   909    764
   910    764
   911    764
   912    764
   913    764
   914    764
   915    764
   891    765
   892    765
   893    765
   894    765
   895    765
   896    765
   897    765
   898    765
   899    765
   900    765
   901    765
   902    765
   903    765
   904    765
   905    765
   906    765
   907    765
   908    765
   909    765
   910    765
   911    765
   912    765
   913    765
   914    765
   892    766
   893    766
   894    766
   895    766
   896    766
   897    766
   898    766
   899    766
   900    766
   901    766
   902    766
   903    766
   904    766
   905    766
   906    766
   907    766
   908    766
   909    766
   910    766
   911    766
   912    766
   893    767
   894    767
   895    767
   896    767
   897    767
   898    767
   899    767
   900    767
   901    767
   902    767
   903    767
   904    767
   905    767
   906    767
   907    767
   908    767
   909    767
   910    767
   911    767
   912    767
   894    768
   895    768
   896    768
   897    768
   898    768
   899    768
   900    768
   901    768
   902    768
   903    768
   904    768
   905    768
   906    768
   907    768
   908    768
   909    768
   910    768
   895    769
   896    769
   897    769
   898    769
   899    769
   900    769
   901    769
   902    769
   903    769
   904    769
   905    769
   906    769
   907    769
   908    769
   909    769
   895    770
   896    770
   897    770
   898    770
   899    770
   900    770
   901    770
   902    770
   903    770
   904    770
   905    770
   906    770
   907    770
   895    771
   896    771
   897    771
   898    771
   899    771
   900    771
   901    771
   902    771
   903    771
   904    771
   905    771
   906    771
   895    772
   896    772
   897    772
   898    772
   899    772
   900    772
   901    772
   902    772
   903    772
   904    772
   905    772
   906    772
   896    773
   897    773
   898    773
   899    773
   900    773
   901    773
   902    773
   903    773
   904    773
   905    773
   906    773
   896    774
   897    774
   898    774
   899    774
   900    774
   901    774
   902    774
   903    774
   904    774
   905    774
   906    774
   895    775
   896    775
   897    775
   898    775
   899    775
   900    775
   901    775
   902    775
   903    775
   904    775
   905    775
   896    776
   897    776
   898    776
   899    776
   900    776
   901    776
   902    776
   903    776
   904    776
   905    776
   896    777
   897    777
   898    777
   899    777
   900    777
   901    777
   902    777
   903    777
   904    777
   905    777
   896    778
   897    778
   898    778
   899    778
   900    778
   901    778
   902    778
   903    778
   904    778
   905    778
   896    779
   897    779
   898    779
   899    779
   900    779
   901    779
   902    779
   903    779
   904    779
   905    779
   895    780
   896    780
   897    780
   898    780
   899    780
   900    780
   901    780
   902    780
   903    780
   904    780
   905    780
   895    781
   896    781
   897    781
   898    781
   899    781
   900    781
   901    781
   902    781
   903    781
   904    781
   905    781
   895    782
   896    782
   897    782
   898    782
   899    782
   900    782
   901    782
   902    782
   903    782
   904    782
   895    783
   896    783
   897    783
   898    783
   899    783
   900    783
   901    783
   902    783
   903    783
   904    783
   905    783
   896    784
   897    784
   898    784
   903    784
