   907    700
   908    700
   909    700
   907    701
   908    701
   909    701
   907    702
   908    702
   909    702
   907    703
   908    703
   909    703
   904    704
   905    704
   907    704
   908    704
   909    704
   910    704
   911    704
   907    705
   908    705
   909    705
   910    705
   911    705
   906    706
   907    706
   908    706
   909    706
   910    706
   911    706
   905    707
   906    707
   907    707
   908    707
   909    707
   910    707
   911    707
   912    707
   906    708
   907    708
   908    708
   909    708
   910    708
   911    708
   906    709
   907    709
   908    709
   909    709
   910    709
   906    710
   907    710
   908    710
   909    710
   910    710
   911    710
   906    711
   907    711
   908    711
   909    711
   910    711
   906    712
   907    712
   908    712
   909    712
   910    712
   911    712
   906    713
   907    713
   908    713
   909    713
   910    713
   911    713
   906    714
   907    714
   908    714
   909    714
   910    714
   906    715
   907    715
   908    715
   909    715
   910    715
   911    715
   906    716
   907    716
   908    716
   909    716
   910    716
   911    716
   905    717
   906    717
   907    717
   908    717
   909    717
   910    717
   905    718
   906    718
   907    718
   908    718
   909    718
   910    718
   911    718
   905    719
   906    719
   907    719
   908    719
   909    719
   910    719
   911    719
   905    720
   906    720
   907    720
   908    720
   909    720
   910    720
   905    721
   906    721
   907    721
   908    721
   909    721
   910    721
   904    722
   905    722
   906    722
   907    722
   908    722
   909    722
   910    722
   905    723
   906    723
   907    723
   908    723
   909    723
   910    723
   905    724
   906    724
   907    724
   908    724
   909    724
   910    724
   904    725
   905    725
   906    725
   907    725
   908    725
   909    725
   910    725
   904    726
   905    726
   906    726
   907    726
   908    726
   909    726
   910    726
  1116    726
  1117    726
  1118    726
  1119    726
   905    727
   906    727
   907    727
   908    727
   909    727
   910    727
  1105    727
  1106    727
  1107    727
  1108    727
  1109    727
  1110    727
  1111    727
  1112    727
  1113    727
  1114    727
  1115    727
  1116    727
  1117    727
  1118    727
  1119    727
  1120    727
   904    728
   905    728
   906    728
   907    728
   908    728
   909    728
   910    728
  1095    728
  1096    728
  1097    728
  1098    728
  1099    728
  1100    728
  1101    728
  1102    728
  1103    728
  1104    728
  1105    728
  1106    728
  1113    728
  1114    728
  1115    728
  1116    728
  1117    728
   904    729
   905    729
   906    729
   907    729
   908    729
   909    729
   910    729
  1088    729
  1089    729
  1090    729
  1091    729
  1092    729
  1093    729
  1094    729
  1095    729
  1096    729
  1097    729
  1098    729
  1099    729
  1100    729
  1101    729
  1102    729
  1103    729
  1104    729
  1105    729
  1106    729
  1107    729
  1108    729
  1109    729
  1110    729
  1111    729
  1113    729
  1114    729
  1115    729
  1116    729
  1117    729
  1118    729
   904    730
   905    730
   906    730
   907    730
   908    730
   909    730
   910    730
  1072    730
  1073    730
  1074    730
  1075    730
  1080    730
  1081    730
  1082    730
  1083    730
  1094    730
  1095    730
  1096    730
  1097    730
  1098    730
  1099    730
  1100    730
  1101    730
  1103    730
  1104    730
   904    731
   905    731
   906    731
   907    731
   908    731
   909    731
   910    731
  1075    731
  1076    731
  1077    731
  1079    731
  1090    731
  1091    731
  1093    731
  1094    731
  1095    731
  1096    731
  1099    731
  1100    731
  1101    731
   904    732
   905    732
   906    732
   907    732
   908    732
   909    732
   910    732
  1075    732
  1076    732
  1077    732
   903    733
   904    733
   905    733
   906    733
   907    733
   908    733
   909    733
   910    733
  1057    733
  1058    733
  1059    733
  1069    733
  1070    733
  1074    733
  1075    733
  1076    733
   904    734
   905    734
   906    734
   907    734
   908    734
   909    734
   910    734
  1047    734
  1048    734
  1049    734
  1050    734
  1055    734
  1056    734
  1057    734
  1058    734
  1059    734
  1060    734
  1061    734
  1062    734
  1067    734
  1068    734
  1071    734
  1072    734
  1073    734
  1074    734
  1076    734
  1077    734
  1078    734
   904    735
   905    735
   906    735
   907    735
   908    735
   909    735
   910    735
  1042    735
  1043    735
  1049    735
  1050    735
  1051    735
  1052    735
  1056    735
  1057    735
  1058    735
  1059    735
  1061    735
  1062    735
  1063    735
  1067    735
  1068    735
   903    736
   904    736
   905    736
   906    736
   907    736
   908    736
   909    736
   910    736
  1022    736
  1023    736
  1024    736
  1025    736
  1035    736
  1036    736
  1037    736
  1038    736
  1039    736
  1040    736
  1041    736
  1042    736
  1043    736
  1044    736
  1045    736
  1050    736
  1051    736
  1052    736
  1053    736
  1054    736
  1055    736
  1056    736
  1069    736
  1070    736
   903    737
   904    737
   905    737
   906    737
   907    737
   908    737
   909    737
   910    737
  1020    737
  1021    737
  1029    737
  1030    737
  1031    737
  1032    737
  1034    737
  1035    737
  1036    737
  1037    737
  1038    737
  1041    737
  1042    737
  1043    737
  1044    737
  1045    737
  1046    737
  1047    737
  1048    737
  1049    737
  1050    737
   902    738
   903    738
   904    738
   905    738
   906    738
   907    738
   908    738
   909    738
   910    738
  1023    738
  1024    738
  1025    738
  1026    738
  1027    738
  1028    738
  1029    738
  1030    738
  1031    738
  1032    738
  1036    738
  1037    738
  1038    738
  1039    738
  1040    738
  1041    738
  1042    738
  1043    738
  1049    738
  1050    738
  1051    738
   903    739
   904    739
   905    739
   906    739
   907    739
   908    739
   909    739
   910    739
  1018    739
  1019    739
  1020    739
  1021    739
  1022    739
  1023    739
  1024    739
  1025    739
  1026    739
  1027    739
  1031    739
  1032    739
  1037    739
  1038    739
  1039    739
  1043    739
  1044    739
  1045    739
   903    740
   904    740
   905    740
   906    740
   907    740
   908    740
   909    740
  1023    740
  1024    740
  1025    740
  1026    740
  1027    740
  1028    740
  1044    740
  1045    740
   902    741
   903    741
   904    741
   905    741
   906    741
   907    741
   908    741
   909    741
   910    741
  1020    741
  1021    741
  1022    741
  1023    741
  1024    741
  1025    741
  1026    741
  1027    741
  1028    741
   902    742
   903    742
   904    742
   905    742
   906    742
   907    742
   908    742
   909    742
   910    742
   999    742
  1000    742
  1001    742
  1002    742
  1003    742
  1004    742
  1019    742
  1020    742
  1021    742
  1022    742
   902    743
   903    743
   904    743
   905    743
   906    743
   907    743
   908    743
   909    743
   993    743
   994    743
   995    743
   996    743
   997    743
   998    743
  1000    743
  1001    743
  1002    743
  1003    743
  1006    743
  1007    743
  1008    743
  1021    743
  1022    743
  1023    743
   902    744
   903    744
   904    744
   905    744
   906    744
   907    744
   908    744
   909    744
   910    744
   987    744
   988    744
   989    744
   990    744
   991    744
   992    744
   993    744
   994    744
   995    744
   996    744
  1001    744
  1002    744
  1003    744
  1006    744
  1007    744
  1008    744
  1009    744
   901    745
   902    745
   903    745
   904    745
   905    745
   906    745
   907    745
   908    745
   909    745
   910    745
   979    745
   980    745
   981    745
   982    745
   983    745
   984    745
   985    745
   986    745
   987    745
   988    745
   989    745
   994    745
   995    745
   996    745
   997    745
   998    745
   999    745
  1000    745
  1001    745
  1002    745
  1003    745
  1009    745
  1010    745
  1011    745
   901    746
   902    746
   903    746
   904    746
   905    746
   906    746
   907    746
   908    746
   909    746
   964    746
   972    746
   973    746
   974    746
   975    746
   976    746
   977    746
   978    746
   979    746
   980    746
   981    746
   982    746
   983    746
   987    746
   988    746
   989    746
   990    746
   991    746
   992    746
   993    746
   994    746
   995    746
   996    746
   997    746
  1002    746
  1003    746
  1004    746
  1005    746
  1009    746
  1010    746
  1011    746
   901    747
   902    747
   903    747
   904    747
   905    747
   906    747
   907    747
   908    747
   909    747
   967    747
   968    747
   969    747
   970    747
   971    747
   972    747
   973    747
   974    747
   975    747
   976    747
   983    747
   984    747
   989    747
   990    747
   991    747
   997    747
   998    747
  1005    747
   900    748
   901    748
   902    748
   903    748
   904    748
   905    748
   906    748
   907    748
   908    748
   963    748
   964    748
   965    748
   966    748
   967    748
   968    748
   969    748
   970    748
   971    748
   972    748
   977    748
   978    748
   979    748
   991    748
   992    748
   998    748
   999    748
  1000    748
   900    749
   901    749
   902    749
   903    749
   904    749
   905    749
   906    749
   907    749
   908    749
   971    749
   972    749
   973    749
   974    749
   975    749
   976    749
   977    749
   978    749
   979    749
   980    749
   981    749
   995    749
   842    750
   843    750
   844    750
   900    750
   901    750
   902    750
   903    750
   904    750
   905    750
   906    750
   907    750
   908    750
   966    750
   967    750
   968    750
   969    750
   970    750
   971    750
   972    750
   973    750
   974    750
   975    750
   900    751
   901    751
   902    751
   903    751
   904    751
   905    751
   906    751
   907    751
   908    751
   938    751
   939    751
   948    751
   949    751
   950    751
   953    751
   954    751
   955    751
   956    751
   961    751
   962    751
   963    751
   964    751
   965    751
   966    751
   967    751
   968    751
   969    751
   970    751
   971    751
   852    752
   853    752
   854    752
   855    752
   900    752
   901    752
   902    752
   903    752
   904    752
   905    752
   906    752
   907    752
   908    752
   934    752
   935    752
   936    752
   943    752
   944    752
   945    752
   946    752
   947    752
   948    752
   949    752
   950    752
   951    752
   952    752
   953    752
   958    752
   959    752
   960    752
   961    752
   962    752
   963    752
   964    752
   965    752
   966    752
   967    752
   974    752
   975    752
   855    753
   856    753
   857    753
   858    753
   859    753
   899    753
   900    753
   901    753
   902    753
   903    753
   904    753
   905    753
   906    753
   907    753
   908    753
   939    753
   940    753
   941    753
   942    753
   943    753
   944    753
   945    753
   946    753
   947    753
   948    753
   954    753
   955    753
   956    753
   957    753
   958    753
   959    753
   960    753
   961    753
   962    753
   963    753
   964    753
   969    753
   970    753
   971    753
   972    753
   853    754
   854    754
   862    754
   863    754
   899    754
   900    754
   901    754
   902    754
   903    754
   904    754
   905    754
   906    754
   907    754
   936    754
   937    754
   938    754
   939    754
   940    754
   941    754
   942    754
   943    754
   944    754
   950    754
   951    754
   952    754
   953    754
   954    754
   955    754
   956    754
   957    754
   958    754
   959    754
   960    754
   965    754
   966    754
   967    754
   968    754
   969    754
   855    755
   856    755
   857    755
   864    755
   865    755
   899    755
   900    755
   901    755
   902    755
   903    755
   904    755
   905    755
   906    755
   907    755
   908    755
   931    755
   932    755
   933    755
   934    755
   935    755
   936    755
   937    755
   938    755
   939    755
   940    755
   946    755
   947    755
   948    755
   949    755
   950    755
   951    755
   952    755
   953    755
   954    755
   955    755
   956    755
   962    755
   963    755
   964    755
   965    755
   966    755
   970    755
   971    755
   866    756
   867    756
   868    756
   869    756
   899    756
   900    756
   901    756
   902    756
   903    756
   904    756
   905    756
   906    756
   907    756
   908    756
   927    756
   928    756
   929    756
   930    756
   931    756
   932    756
   933    756
   934    756
   935    756
   936    756
   937    756
   942    756
   943    756
   944    756
   945    756
   946    756
   948    756
   949    756
   950    756
   951    756
   952    756
   953    756
   959    756
   960    756
   966    756
   967    756
   862    757
   863    757
   864    757
   868    757
   869    757
   870    757
   871    757
   872    757
   899    757
   900    757
   901    757
   902    757
   903    757
   904    757
   905    757
   906    757
   907    757
   924    757
   925    757
   926    757
   927    757
   928    757
   929    757
   930    757
   931    757
   932    757
   933    757
   934    757
   939    757
   940    757
   941    757
   942    757
   943    757
   947    757
   948    757
   949    757
   956    757
   957    757
   958    757
   964    757
   965    757
   865    758
   866    758
   867    758
   873    758
   874    758
   875    758
   898    758
   899    758
   900    758
   901    758
   902    758
   903    758
   904    758
   905    758
   906    758
   907    758
   920    758
   921    758
   922    758
   923    758
   924    758
   925    758
   926    758
   927    758
   928    758
   929    758
   930    758
   936    758
   937    758
   938    758
   939    758
   940    758
   945    758
   946    758
   952    758
   953    758
   954    758
   955    758
   868    759
   869    759
   876    759
   877    759
   898    759
   899    759
   900    759
   901    759
   902    759
   903    759
   904    759
   905    759
   906    759
   907    759
   922    759
   923    759
   924    759
   925    759
   926    759
   927    759
   932    759
   933    759
   934    759
   935    759
   936    759
   937    759
   942    759
   943    759
   949    759
   950    759
   951    759
   957    759
   958    759
   959    759
   876    760
   877    760
   878    760
   879    760
   898    760
   899    760
   900    760
   901    760
   902    760
   903    760
   904    760
   905    760
   906    760
   907    760
   920    760
   921    760
   922    760
   923    760
   924    760
   930    760
   931    760
   932    760
   933    760
   934    760
   935    760
   936    760
   940    760
   872    761
   873    761
   876    761
   877    761
   878    761
   879    761
   880    761
   881    761
   882    761
   883    761
   898    761
   899    761
   900    761
   901    761
   902    761
   903    761
   904    761
   905    761
   906    761
   907    761
   928    761
   929    761
   930    761
   931    761
   932    761
   933    761
   934    761
   935    761
   936    761
   937    761
   938    761
   874    762
   875    762
   876    762
   877    762
   878    762
   879    762
   880    762
   881    762
   882    762
   883    762
   884    762
   885    762
   898    762
   899    762
   900    762
   901    762
   902    762
   903    762
   904    762
   905    762
   906    762
   907    762
   925    762
   926    762
   927    762
   928    762
   929    762
   930    762
   931    762
   932    762
   933    762
   934    762
   935    762
   936    762
   876    763
   877    763
   878    763
   879    763
   880    763
   881    763
   882    763
   883    763
   884    763
   885    763
   886    763
   887    763
   897    763
   898    763
   899    763
   900    763
   901    763
   902    763
   903    763
   904    763
   905    763
   906    763
   907    763
   923    763
   924    763
   925    763
   926    763
   927    763
   928    763
   929    763
   930    763
   931    763
   932    763
   933    763
   934    763
   878    764
   879    764
   880    764
   881    764
   882    764
   883    764
   884    764
   885    764
   886    764
   887    764
   888    764
   889    764
   897    764
   898    764
   899    764
   900    764
   901    764
   902    764
   903    764
   904    764
   905    764
   906    764
   907    764
   921    764
   922    764
   923    764
   924    764
   925    764
   926    764
   927    764
   928    764
   929    764
   930    764
   931    764
   879    765
   880    765
   881    765
   882    765
   883    765
   884    765
   885    765
   886    765
   887    765
   888    765
   889    765
   890    765
   897    765
   898    765
   899    765
   900    765
   901    765
   902    765
   903    765
   904    765
   905    765
   906    765
   907    765
   919    765
   920    765
   921    765
   922    765
   923    765
   924    765
   925    765
   926    765
   927    765
   928    765
   929    765
   881    766
   882    766
   883    766
   884    766
   885    766
   886    766
   887    766
   888    766
   889    766
   890    766
   891    766
   897    766
   898    766
   899    766
   900    766
   901    766
   902    766
   903    766
   904    766
   905    766
   906    766
   907    766
   917    766
   918    766
   919    766
   920    766
   921    766
   922    766
   923    766
   924    766
   925    766
   926    766
   927    766
   882    767
   883    767
   884    767
   885    767
   886    767
   887    767
   888    767
   889    767
   890    767
   891    767
   892    767
   893    767
   897    767
   898    767
   899    767
   900    767
   901    767
   902    767
   903    767
   904    767
   905    767
   906    767
   907    767
   915    767
   916    767
   917    767
   918    767
   919    767
   920    767
   921    767
   922    767
   923    767
   924    767
   925    767
   884    768
   885    768
   886    768
   887    768
   888    768
   889    768
   890    768
   891    768
   892    768
   893    768
   894    768
   897    768
   898    768
   899    768
   900    768
   901    768
   902    768
   903    768
   904    768
   905    768
   906    768
   913    768
   914    768
   915    768
   916    768
   917    768
   918    768
   919    768
   920    768
   921    768
   922    768
   923    768
   924    768
   884    769
   885    769
   886    769
   887    769
   888    769
   889    769
   890    769
   891    769
   892    769
   893    769
   894    769
   895    769
   896    769
   897    769
   898    769
   899    769
   900    769
   901    769
   902    769
   903    769
   904    769
   905    769
   906    769
   907    769
   911    769
   912    769
   913    769
   914    769
   915    769
   916    769
   917    769
   918    769
   919    769
   920    769
   921    769
   922    769
   886    770
   887    770
   888    770
   889    770
   890    770
   891    770
   892    770
   893    770
   894    770
   895    770
   896    770
   897    770
   898    770
   899    770
   900    770
   901    770
   902    770
   903    770
   904    770
   905    770
   906    770
   907    770
   910    770
   911    770
   912    770
   913    770
   914    770
   915    770
   916    770
   917    770
   918    770
   919    770
   920    770
   887    771
   888    771
   889    771
   890    771
   891    771
   892    771
   893    771
   894    771
   895    771
   896    771
   897    771
   898    771
   899    771
   900    771
   901    771
   902    771
   903    771
   904    771
   905    771
   906    771
   907    771
   909    771
   910    771
   911    771
   912    771
   913    771
   914    771
   915    771
   916    771
   917    771
   918    771
   919    771
   888    772
   889    772
   890    772
   891    772
   892    772
   893    772
   894    772
   895    772
   896    772
   897    772
   898    772
   899    772
   900    772
   901    772
   902    772
   903    772
   904    772
   905    772
   906    772
   907    772
   908    772
   909    772
   910    772
   911    772
   912    772
   913    772
   914    772
   915    772
   916    772
   917    772
   918    772
   890    773
   891    773
   892    773
   893    773
   894    773
   895    773
   896    773
   897    773
   898    773
   899    773
   900    773
   901    773
   902    773
   903    773
   904    773
   905    773
   906    773
   907    773
   908    773
   909    773
   910    773
   911    773
   912    773
   913    773
   914    773
   915    773
   916    773
   917    773
   890    774
   891    774
   892    774
   893    774
   894    774
   895    774
   896    774
   897    774
   898    774
   899    774
   900    774
   901    774
   902    774
   903    774
   904    774
   905    774
   906    774
   907    774
   908    774
   909    774
   910    774
   911    774
   912    774
   913    774
   914    774
   915    774
   916    774
   891    775
   892    775
   893    775
   894    775
   895    775
   896    775
   897    775
   898    775
   899    775
   900    775
   901    775
   902    775
   903    775
   904    775
   905    775
   906    775
   907    775
   908    775
   909    775
   910    775
   911    775
   912    775
   913    775
   914    775
   892    776
   893    776
   894    776
   895    776
   896    776
   897    776
   898    776
   899    776
   900    776
   901    776
   902    776
   903    776
   904    776
   905    776
   906    776
   907    776
   908    776
   909    776
   910    776
   911    776
   912    776
   893    777
   894    777
   895    777
   896    777
   897    777
   898    777
   899    777
   900    777
   901    777
   902    777
   903    777
   904    777
   905    777
   906    777
   907    777
   908    777
   909    777
   910    777
   911    777
   912    777
   894    778
   895    778
   896    778
   897    778
   898    778
   899    778
   900    778
   901    778
   902    778
   903    778
   904    778
   905    778
   906    778
   907    778
   908    778
   909    778
   910    778
   911    778
   894    779
   895    779
   896    779
   897    779
   898    779
   899    779
   900    779
   901    779
   902    779
   903    779
   904    779
   905    779
   906    779
   907    779
   908    779
   909    779
   910    779
   911    779
   895    780
   896    780
   897    780
   898    780
   899    780
   900    780
   901    780
   902    780
   903    780
   904    780
   905    780
   906    780
   907    780
   908    780
   909    780
   910    780
   895    781
   896    781
   897    781
   898    781
   899    781
   900    781
   901    781
   902    781
   903    781
   904    781
   905    781
   906    781
   907    781
   894    782
   895    782
   896    782
   897    782
   898    782
   899    782
   900    782
   901    782
   902    782
   903    782
   904    782
   905    782
   906    782
   907    782
   895    783
   896    783
   897    783
   898    783
   899    783
   900    783
   901    783
   902    783
   903    783
   904    783
   905    783
   906    783
