   910    702
   911    702
   908    703
   909    703
   910    703
   911    703
   907    704
   908    704
   909    704
   910    704
   911    704
   907    705
   908    705
   909    705
   910    705
   911    705
   907    706
   908    706
   909    706
   910    706
   911    706
   907    707
   908    707
   909    707
   910    707
   911    707
   907    708
   908    708
   909    708
   910    708
   911    708
   912    708
   907    709
   908    709
   909    709
   910    709
   911    709
   907    710
   908    710
   909    710
   910    710
   911    710
   907    711
   908    711
   909    711
   910    711
   911    711
   906    712
   907    712
   908    712
   909    712
   910    712
   911    712
   906    713
   907    713
   908    713
   909    713
   910    713
   911    713
   906    714
   907    714
   908    714
   909    714
   910    714
   911    714
   906    715
   907    715
   908    715
   909    715
   910    715
   911    715
   906    716
   907    716
   908    716
   909    716
   910    716
   911    716
   906    717
   907    717
   908    717
   909    717
   910    717
   911    717
   906    718
   907    718
   908    718
   909    718
   910    718
   911    718
   906    719
   907    719
   908    719
   909    719
   910    719
   911    719
   905    720
   906    720
   907    720
   908    720
   909    720
   910    720
   911    720
   905    721
   906    721
   907    721
   908    721
   909    721
   910    721
   911    721
   906    722
   907    722
   908    722
   909    722
   910    722
   911    722
   905    723
   906    723
   907    723
   908    723
   909    723
   910    723
   911    723
   905    724
   906    724
   907    724
   908    724
   909    724
   910    724
   911    724
   905    725
   906    725
   907    725
   908    725
   909    725
   910    725
   911    725
   905    726
   906    726
   907    726
   908    726
   909    726
   910    726
   911    726
   905    727
   906    727
   907    727
   908    727
   909    727
   910    727
   911    727
   905    728
   906    728
   907    728
   908    728
   909    728
   910    728
   911    728
  1124    728
  1125    728
  1126    728
  1127    728
  1128    728
  1129    728
  1130    728
  1136    728
   905    729
   906    729
   907    729
   908    729
   909    729
   910    729
   911    729
  1115    729
  1116    729
  1117    729
  1118    729
  1119    729
  1120    729
  1121    729
  1122    729
  1123    729
  1124    729
  1125    729
  1126    729
  1127    729
  1128    729
  1129    729
  1130    729
  1131    729
   905    730
   906    730
   907    730
   908    730
   909    730
   910    730
   911    730
  1105    730
  1106    730
  1107    730
  1108    730
  1109    730
  1110    730
  1111    730
  1112    730
  1113    730
  1114    730
  1115    730
  1116    730
  1117    730
  1118    730
  1119    730
  1120    730
  1121    730
  1122    730
  1123    730
  1124    730
  1125    730
  1126    730
  1127    730
  1128    730
  1135    730
  1136    730
   905    731
   906    731
   907    731
   908    731
   909    731
   910    731
   911    731
  1098    731
  1099    731
  1100    731
  1101    731
  1102    731
  1103    731
  1104    731
  1105    731
  1106    731
  1107    731
  1108    731
  1109    731
  1110    731
  1111    731
  1112    731
  1113    731
  1114    731
  1115    731
  1116    731
  1117    731
  1119    731
  1120    731
  1121    731
  1122    731
  1123    731
  1124    731
  1125    731
  1126    731
  1127    731
  1128    731
  1129    731
  1130    731
   905    732
   906    732
   907    732
   908    732
   909    732
   910    732
   911    732
  1082    732
  1083    732
  1084    732
  1090    732
  1091    732
  1092    732
  1093    732
  1094    732
  1095    732
  1096    732
  1100    732
  1101    732
  1102    732
  1103    732
  1104    732
  1105    732
  1106    732
  1107    732
  1108    732
  1109    732
  1110    732
  1111    732
  1112    732
  1113    732
  1114    732
  1115    732
  1116    732
  1123    732
  1124    732
   905    733
   906    733
   907    733
   908    733
   909    733
   910    733
   911    733
  1083    733
  1084    733
  1085    733
  1086    733
  1087    733
  1088    733
  1089    733
  1090    733
  1091    733
  1092    733
  1093    733
  1100    733
  1101    733
  1102    733
  1103    733
  1104    733
  1105    733
  1106    733
  1107    733
  1108    733
  1109    733
  1110    733
  1111    733
  1112    733
  1113    733
   904    734
   905    734
   906    734
   907    734
   908    734
   909    734
   910    734
   911    734
  1087    734
  1088    734
  1089    734
  1090    734
  1091    734
  1105    734
  1106    734
  1107    734
   904    735
   905    735
   906    735
   907    735
   908    735
   909    735
   910    735
   911    735
  1081    735
  1082    735
  1083    735
  1084    735
  1085    735
  1086    735
  1087    735
  1088    735
  1089    735
  1090    735
   904    736
   905    736
   906    736
   907    736
   908    736
   909    736
   910    736
  1061    736
  1062    736
  1063    736
  1064    736
  1067    736
  1068    736
  1074    736
  1075    736
  1080    736
  1081    736
   904    737
   905    737
   906    737
   907    737
   908    737
   909    737
   910    737
   911    737
  1054    737
  1055    737
  1056    737
  1062    737
  1063    737
  1064    737
  1068    737
  1069    737
  1070    737
  1074    737
  1075    737
  1081    737
  1082    737
   904    738
   905    738
   906    738
   907    738
   908    738
   909    738
   910    738
   911    738
  1048    738
  1049    738
  1050    738
  1051    738
  1052    738
  1053    738
  1054    738
  1055    738
  1056    738
  1057    738
  1058    738
  1059    738
  1063    738
  1064    738
  1065    738
  1066    738
  1067    738
  1068    738
  1069    738
  1070    738
  1071    738
  1075    738
  1076    738
  1083    738
   904    739
   905    739
   906    739
   907    739
   908    739
   909    739
   910    739
   911    739
  1041    739
  1042    739
  1043    739
  1044    739
  1045    739
  1046    739
  1047    739
  1048    739
  1049    739
  1050    739
  1055    739
  1056    739
  1057    739
  1058    739
  1059    739
  1060    739
  1061    739
  1062    739
  1063    739
  1064    739
  1070    739
  1071    739
   904    740
   905    740
   906    740
   907    740
   908    740
   909    740
   910    740
   911    740
  1037    740
  1038    740
  1039    740
  1040    740
  1041    740
  1042    740
  1043    740
  1044    740
  1049    740
  1050    740
  1051    740
  1052    740
  1053    740
  1054    740
  1055    740
  1056    740
  1057    740
  1063    740
  1064    740
  1065    740
  1066    740
   903    741
   904    741
   905    741
   906    741
   907    741
   908    741
   909    741
   910    741
  1031    741
  1032    741
  1033    741
  1034    741
  1035    741
  1036    741
  1037    741
  1038    741
  1039    741
  1040    741
  1045    741
  1046    741
  1047    741
  1048    741
  1049    741
  1050    741
  1051    741
  1052    741
  1057    741
  1058    741
  1059    741
  1060    741
  1061    741
  1062    741
   903    742
   904    742
   905    742
   906    742
   907    742
   908    742
   909    742
   910    742
   911    742
  1026    742
  1027    742
  1028    742
  1029    742
  1030    742
  1031    742
  1032    742
  1033    742
  1034    742
  1035    742
  1040    742
  1041    742
  1042    742
  1045    742
  1046    742
  1047    742
  1052    742
  1053    742
  1054    742
  1059    742
  1060    742
   903    743
   904    743
   905    743
   906    743
   907    743
   908    743
   909    743
   910    743
   911    743
  1033    743
  1034    743
  1035    743
  1036    743
  1040    743
  1041    743
  1042    743
   903    744
   904    744
   905    744
   906    744
   907    744
   908    744
   909    744
   910    744
  1028    744
  1029    744
  1030    744
  1031    744
  1032    744
  1033    744
  1034    744
  1035    744
  1036    744
  1037    744
   903    745
   904    745
   905    745
   906    745
   907    745
   908    745
   909    745
   910    745
   911    745
  1022    745
  1023    745
  1024    745
  1025    745
  1026    745
  1027    745
  1028    745
  1029    745
  1030    745
  1031    745
   902    746
   903    746
   904    746
   905    746
   906    746
   907    746
   908    746
   909    746
   910    746
  1002    746
  1003    746
  1004    746
  1005    746
  1006    746
  1007    746
  1008    746
  1009    746
  1010    746
  1011    746
  1016    746
  1017    746
  1018    746
  1019    746
  1020    746
  1021    746
  1022    746
  1023    746
  1024    746
  1025    746
  1026    746
   902    747
   903    747
   904    747
   905    747
   906    747
   907    747
   908    747
   909    747
   910    747
   995    747
   996    747
   997    747
   998    747
   999    747
  1000    747
  1001    747
  1002    747
  1003    747
  1004    747
  1005    747
  1006    747
  1010    747
  1011    747
  1012    747
  1013    747
  1014    747
  1016    747
  1017    747
  1018    747
  1019    747
  1025    747
  1026    747
  1027    747
  1028    747
  1029    747
   901    748
   902    748
   903    748
   904    748
   905    748
   906    748
   907    748
   908    748
   909    748
   910    748
   990    748
   991    748
   992    748
   993    748
   994    748
   995    748
   996    748
   997    748
   998    748
   999    748
  1000    748
  1005    748
  1006    748
  1007    748
  1008    748
  1009    748
  1010    748
  1011    748
  1012    748
  1013    748
  1014    748
  1020    748
  1021    748
  1022    748
  1023    748
  1027    748
  1028    748
   901    749
   902    749
   903    749
   904    749
   905    749
   906    749
   907    749
   908    749
   909    749
   910    749
   974    749
   975    749
   984    749
   985    749
   986    749
   987    749
   990    749
   991    749
   992    749
   993    749
   994    749
  1000    749
  1001    749
  1002    749
  1003    749
  1004    749
  1005    749
  1006    749
  1007    749
  1008    749
  1009    749
  1015    749
  1016    749
  1017    749
  1018    749
   901    750
   902    750
   903    750
   904    750
   905    750
   906    750
   907    750
   908    750
   909    750
   910    750
   977    750
   978    750
   979    750
   980    750
   981    750
   982    750
   983    750
   984    750
   985    750
   986    750
   987    750
   988    750
   993    750
   994    750
   995    750
   996    750
   997    750
   998    750
   999    750
  1000    750
  1001    750
  1002    750
  1003    750
  1009    750
  1010    750
  1011    750
  1012    750
  1016    750
  1017    750
  1018    750
   901    751
   902    751
   903    751
   904    751
   905    751
   906    751
   907    751
   908    751
   909    751
   910    751
   973    751
   974    751
   975    751
   976    751
   977    751
   978    751
   979    751
   980    751
   981    751
   982    751
   983    751
   988    751
   989    751
   990    751
   991    751
   995    751
   996    751
   997    751
  1003    751
  1004    751
  1005    751
  1006    751
  1007    751
  1008    751
  1009    751
  1010    751
  1011    751
  1012    751
   901    752
   902    752
   903    752
   904    752
   905    752
   906    752
   907    752
   908    752
   909    752
   910    752
   967    752
   968    752
   969    752
   970    752
   971    752
   972    752
   973    752
   974    752
   975    752
   976    752
   977    752
   983    752
   984    752
   985    752
   986    752
   998    752
   999    752
  1006    752
  1007    752
   900    753
   901    753
   902    753
   903    753
   904    753
   905    753
   906    753
   907    753
   908    753
   909    753
   953    753
   954    753
   955    753
   956    753
   977    753
   978    753
   979    753
   980    753
   981    753
   982    753
   983    753
   984    753
   985    753
   986    753
   900    754
   901    754
   902    754
   903    754
   904    754
   905    754
   906    754
   907    754
   908    754
   909    754
   950    754
   951    754
   952    754
   972    754
   973    754
   974    754
   975    754
   976    754
   977    754
   979    754
   980    754
   981    754
   982    754
   983    754
   843    755
   844    755
   853    755
   854    755
   855    755
   900    755
   901    755
   902    755
   903    755
   904    755
   905    755
   906    755
   907    755
   908    755
   944    755
   945    755
   957    755
   958    755
   959    755
   968    755
   969    755
   970    755
   971    755
   972    755
   973    755
   974    755
   975    755
   976    755
   977    755
   978    755
   847    756
   848    756
   900    756
   901    756
   902    756
   903    756
   904    756
   905    756
   906    756
   907    756
   908    756
   909    756
   939    756
   940    756
   941    756
   942    756
   943    756
   950    756
   951    756
   952    756
   953    756
   954    756
   955    756
   956    756
   957    756
   958    756
   959    756
   965    756
   966    756
   967    756
   968    756
   969    756
   970    756
   971    756
   972    756
   973    756
   974    756
   975    756
   981    756
   982    756
   983    756
   843    757
   844    757
   850    757
   851    757
   852    757
   853    757
   900    757
   901    757
   902    757
   903    757
   904    757
   905    757
   906    757
   907    757
   908    757
   935    757
   936    757
   937    757
   938    757
   939    757
   946    757
   947    757
   948    757
   949    757
   951    757
   952    757
   953    757
   954    757
   955    757
   956    757
   961    757
   962    757
   963    757
   964    757
   965    757
   966    757
   967    757
   968    757
   969    757
   970    757
   971    757
   972    757
   978    757
   979    757
   852    758
   853    758
   854    758
   855    758
   856    758
   857    758
   899    758
   900    758
   901    758
   902    758
   903    758
   904    758
   905    758
   906    758
   907    758
   908    758
   932    758
   933    758
   934    758
   935    758
   942    758
   943    758
   944    758
   945    758
   946    758
   947    758
   948    758
   949    758
   950    758
   951    758
   957    758
   958    758
   959    758
   960    758
   961    758
   962    758
   963    758
   964    758
   965    758
   966    758
   967    758
   968    758
   974    758
   975    758
   976    758
   977    758
   850    759
   851    759
   852    759
   857    759
   858    759
   859    759
   899    759
   900    759
   901    759
   902    759
   903    759
   904    759
   905    759
   906    759
   907    759
   908    759
   909    759
   930    759
   931    759
   932    759
   933    759
   938    759
   939    759
   940    759
   941    759
   942    759
   943    759
   944    759
   945    759
   946    759
   947    759
   948    759
   954    759
   955    759
   956    759
   957    759
   958    759
   959    759
   960    759
   961    759
   962    759
   963    759
   964    759
   970    759
   971    759
   972    759
   973    759
   852    760
   853    760
   854    760
   855    760
   856    760
   857    760
   858    760
   859    760
   860    760
   861    760
   862    760
   863    760
   899    760
   900    760
   901    760
   902    760
   903    760
   904    760
   905    760
   906    760
   907    760
   908    760
   926    760
   927    760
   928    760
   929    760
   934    760
   935    760
   936    760
   937    760
   938    760
   939    760
   940    760
   941    760
   942    760
   943    760
   944    760
   945    760
   951    760
   952    760
   953    760
   954    760
   955    760
   956    760
   957    760
   958    760
   959    760
   960    760
   961    760
   968    760
   969    760
   970    760
   855    761
   856    761
   857    761
   858    761
   859    761
   860    761
   864    761
   865    761
   866    761
   899    761
   900    761
   901    761
   902    761
   903    761
   904    761
   905    761
   906    761
   907    761
   908    761
   931    761
   932    761
   933    761
   934    761
   935    761
   936    761
   937    761
   938    761
   939    761
   940    761
   941    761
   947    761
   948    761
   949    761
   950    761
   951    761
   952    761
   953    761
   954    761
   955    761
   956    761
   957    761
   958    761
   964    761
   965    761
   966    761
   967    761
   968    761
   859    762
   860    762
   861    762
   863    762
   864    762
   865    762
   866    762
   867    762
   868    762
   869    762
   899    762
   900    762
   901    762
   902    762
   903    762
   904    762
   905    762
   906    762
   907    762
   908    762
   928    762
   929    762
   930    762
   931    762
   932    762
   933    762
   934    762
   935    762
   936    762
   937    762
   938    762
   944    762
   945    762
   946    762
   947    762
   948    762
   949    762
   950    762
   952    762
   953    762
   954    762
   955    762
   961    762
   962    762
   963    762
   964    762
   965    762
   970    762
   971    762
   861    763
   862    763
   863    763
   864    763
   865    763
   866    763
   867    763
   868    763
   869    763
   870    763
   871    763
   899    763
   900    763
   901    763
   902    763
   903    763
   904    763
   905    763
   906    763
   907    763
   908    763
   925    763
   926    763
   927    763
   928    763
   929    763
   930    763
   931    763
   932    763
   933    763
   934    763
   935    763
   941    763
   942    763
   943    763
   944    763
   945    763
   946    763
   947    763
   950    763
   951    763
   959    763
   960    763
   961    763
   962    763
   963    763
   967    763
   968    763
   863    764
   864    764
   865    764
   866    764
   867    764
   868    764
   869    764
   870    764
   871    764
   872    764
   873    764
   874    764
   899    764
   900    764
   901    764
   902    764
   903    764
   904    764
   905    764
   906    764
   907    764
   908    764
   921    764
   922    764
   923    764
   924    764
   925    764
   926    764
   927    764
   928    764
   929    764
   930    764
   931    764
   932    764
   938    764
   939    764
   940    764
   941    764
   942    764
   943    764
   947    764
   948    764
   949    764
   955    764
   956    764
   957    764
   958    764
   959    764
   964    764
   965    764
   966    764
   866    765
   867    765
   868    765
   869    765
   870    765
   871    765
   872    765
   873    765
   874    765
   875    765
   876    765
   877    765
   899    765
   900    765
   901    765
   902    765
   903    765
   904    765
   905    765
   906    765
   907    765
   908    765
   923    765
   924    765
   925    765
   926    765
   927    765
   928    765
   929    765
   936    765
   937    765
   938    765
   939    765
   940    765
   941    765
   942    765
   943    765
   945    765
   946    765
   953    765
   954    765
   962    765
   963    765
   868    766
   869    766
   870    766
   871    766
   872    766
   873    766
   874    766
   875    766
   876    766
   877    766
   878    766
   879    766
   898    766
   899    766
   900    766
   901    766
   902    766
   903    766
   904    766
   905    766
   906    766
   907    766
   908    766
   933    766
   934    766
   935    766
   936    766
   937    766
   938    766
   939    766
   940    766
   941    766
   942    766
   943    766
   944    766
   956    766
   957    766
   958    766
   959    766
   960    766
   961    766
   870    767
   871    767
   872    767
   873    767
   874    767
   875    767
   876    767
   877    767
   878    767
   879    767
   880    767
   881    767
   898    767
   899    767
   900    767
   901    767
   902    767
   903    767
   904    767
   905    767
   906    767
   907    767
   908    767
   931    767
   932    767
   933    767
   934    767
   935    767
   936    767
   937    767
   938    767
   939    767
   940    767
   941    767
   942    767
   872    768
   873    768
   874    768
   875    768
   876    768
   877    768
   878    768
   879    768
   880    768
   881    768
   882    768
   883    768
   898    768
   899    768
   900    768
   901    768
   902    768
   903    768
   904    768
   905    768
   906    768
   907    768
   908    768
   928    768
   929    768
   930    768
   931    768
   932    768
   933    768
   934    768
   935    768
   936    768
   937    768
   938    768
   939    768
   940    768
   874    769
   875    769
   876    769
   877    769
   878    769
   879    769
   880    769
   881    769
   882    769
   883    769
   884    769
   885    769
   898    769
   899    769
   900    769
   901    769
   902    769
   903    769
   904    769
   905    769
   906    769
   907    769
   908    769
   926    769
   927    769
   928    769
   929    769
   930    769
   931    769
   932    769
   933    769
   934    769
   935    769
   936    769
   937    769
   938    769
   875    770
   876    770
   877    770
   878    770
   879    770
   880    770
   881    770
   882    770
   883    770
   884    770
   885    770
   886    770
   887    770
   897    770
   898    770
   899    770
   900    770
   901    770
   902    770
   903    770
   904    770
   905    770
   906    770
   907    770
   908    770
   925    770
   926    770
   927    770
   928    770
   929    770
   930    770
   931    770
   932    770
   933    770
   934    770
   935    770
   877    771
   878    771
   879    771
   880    771
   881    771
   882    771
   883    771
   884    771
   885    771
   886    771
   887    771
   888    771
   897    771
   898    771
   899    771
   900    771
   901    771
   902    771
   903    771
   904    771
   905    771
   906    771
   907    771
   908    771
   923    771
   924    771
   925    771
   926    771
   927    771
   928    771
   929    771
   930    771
   931    771
   932    771
   933    771
   879    772
   880    772
   881    772
   882    772
   883    772
   884    772
   885    772
   886    772
   887    772
   888    772
   889    772
   890    772
   897    772
   898    772
   899    772
   900    772
   901    772
   902    772
   903    772
   904    772
   905    772
   906    772
   907    772
   908    772
   921    772
   922    772
   923    772
   924    772
   925    772
   926    772
   927    772
   928    772
   929    772
   930    772
   931    772
   880    773
   881    773
   882    773
   883    773
   884    773
   885    773
   886    773
   887    773
   888    773
   889    773
   890    773
   891    773
   897    773
   898    773
   899    773
   900    773
   901    773
   902    773
   903    773
   904    773
   905    773
   906    773
   907    773
   908    773
   919    773
   920    773
   921    773
   922    773
   923    773
   924    773
   925    773
   926    773
   927    773
   928    773
   929    773
   930    773
   881    774
   882    774
   883    774
   884    774
   885    774
   886    774
   887    774
   888    774
   889    774
   890    774
   891    774
   892    774
   897    774
   898    774
   899    774
   900    774
   901    774
   902    774
   903    774
   904    774
   905    774
   906    774
   907    774
   908    774
   917    774
   918    774
   919    774
   920    774
   921    774
   922    774
   923    774
   924    774
   925    774
   926    774
   927    774
   928    774
   882    775
   883    775
   884    775
   885    775
   886    775
   887    775
   888    775
   889    775
   890    775
   891    775
   892    775
   893    775
   894    775
   897    775
   898    775
   899    775
   900    775
   901    775
   902    775
   903    775
   904    775
   905    775
   906    775
   907    775
   915    775
   916    775
   917    775
   918    775
   919    775
   920    775
   921    775
   922    775
   923    775
   924    775
   925    775
   926    775
   927    775
   883    776
   884    776
   885    776
   886    776
   887    776
   888    776
   889    776
   890    776
   891    776
   892    776
   893    776
   894    776
   895    776
   897    776
   898    776
   899    776
   900    776
   901    776
   902    776
   903    776
   904    776
   905    776
   906    776
   907    776
   908    776
   913    776
   914    776
   915    776
   916    776
   917    776
   918    776
   919    776
   920    776
   921    776
   922    776
   923    776
   924    776
   925    776
   885    777
   886    777
   887    777
   888    777
   889    777
   890    777
   891    777
   892    777
   893    777
   894    777
   895    777
   896    777
   897    777
   898    777
   899    777
   900    777
   901    777
   902    777
   903    777
   904    777
   905    777
   906    777
   907    777
   908    777
   912    777
   913    777
   914    777
   915    777
   916    777
   917    777
   918    777
   919    777
   920    777
   921    777
   922    777
   923    777
   885    778
   886    778
   887    778
   888    778
   889    778
   890    778
   891    778
   892    778
   893    778
   894    778
   895    778
   896    778
   897    778
   898    778
   899    778
   900    778
   901    778
   902    778
   903    778
   904    778
   905    778
   906    778
   907    778
   908    778
   910    778
   911    778
   912    778
   913    778
   914    778
   915    778
   916    778
   917    778
   918    778
   919    778
   920    778
   921    778
   922    778
   887    779
   888    779
   889    779
   890    779
   891    779
   892    779
   893    779
   894    779
   895    779
   896    779
   897    779
   898    779
   899    779
   900    779
   901    779
   902    779
   903    779
   904    779
   905    779
   906    779
   907    779
   908    779
   910    779
   911    779
   912    779
   913    779
   914    779
   915    779
   916    779
   917    779
   918    779
   919    779
   920    779
   921    779
   888    780
   889    780
   890    780
   891    780
   892    780
   893    780
   894    780
   895    780
   896    780
   897    780
   898    780
   899    780
   900    780
   901    780
   902    780
   903    780
   904    780
   905    780
   906    780
   907    780
   908    780
   909    780
   910    780
   911    780
   912    780
   913    780
   914    780
   915    780
   916    780
   917    780
   918    780
   919    780
   920    780
   889    781
   890    781
   891    781
   892    781
   893    781
   894    781
   895    781
   896    781
   897    781
   898    781
   899    781
   900    781
   901    781
   902    781
   903    781
   904    781
   905    781
   906    781
   907    781
   908    781
   909    781
   910    781
   911    781
   912    781
   913    781
   914    781
   915    781
   916    781
   917    781
   918    781
   919    781
   888    782
   889    782
   890    782
   891    782
   892    782
   893    782
   894    782
   895    782
   896    782
   897    782
   898    782
   899    782
   900    782
   901    782
   902    782
   903    782
   904    782
   905    782
   906    782
   907    782
   908    782
   909    782
   910    782
   911    782
   912    782
   913    782
   914    782
   915    782
   916    782
   917    782
   918    782
   891    783
   892    783
   893    783
   895    783
   896    783
   897    783
   898    783
   899    783
   900    783
   901    783
   902    783
   903    783
   904    783
   905    783
   906    783
   907    783
   908    783
   909    783
   910    783
   911    783
   912    783
   913    783
   914    783
   915    783
   916    783
   917    783
   895    784
   898    784
   899    784
   900    784
   901    784
   902    784
   903    784
   904    784
   905    784
   906    784
   907    784
   908    784
   909    784
   910    784
   911    784
   912    784
   913    784
   914    784
   915    784
   916    784
   896    785
   897    785
   898    785
   899    785
   900    785
   901    785
   902    785
   903    785
   904    785
   905    785
   906    785
   911    785
   912    785
   913    785
   914    785
   915    785
   904    786
   905    786
   906    786
   907    786
