   908    703
   904    704
   905    704
   907    704
   908    704
   909    704
   910    704
   911    704
   903    705
   904    705
   905    705
   907    705
   908    705
   909    705
   910    705
   911    705
   903    706
   904    706
   905    706
   907    706
   908    706
   909    706
   910    706
   911    706
   904    707
   905    707
   906    707
   907    707
   908    707
   909    707
   910    707
   911    707
   912    707
   907    708
   908    708
   909    708
   910    708
   911    708
   906    709
   907    709
   908    709
   909    709
   910    709
   911    709
   906    710
   907    710
   908    710
   909    710
   910    710
   911    710
   906    711
   907    711
   908    711
   909    711
   910    711
   911    711
   906    712
   907    712
   908    712
   909    712
   910    712
   911    712
   906    713
   907    713
   908    713
   909    713
   910    713
   911    713
   906    714
   907    714
   908    714
   909    714
   910    714
   906    715
   907    715
   908    715
   909    715
   910    715
   911    715
   906    716
   907    716
   908    716
   909    716
   910    716
   911    716
   905    717
   906    717
   907    717
   908    717
   909    717
   910    717
   905    718
   906    718
   907    718
   908    718
   909    718
   910    718
   911    718
   905    719
   906    719
   907    719
   908    719
   909    719
   910    719
   911    719
   905    720
   906    720
   907    720
   908    720
   909    720
   910    720
   905    721
   906    721
   907    721
   908    721
   909    721
   910    721
   905    722
   906    722
   907    722
   908    722
   909    722
   910    722
   905    723
   906    723
   907    723
   908    723
   909    723
   910    723
   905    724
   906    724
   907    724
   908    724
   909    724
   910    724
   911    724
   904    725
   905    725
   906    725
   907    725
   908    725
   909    725
   910    725
   905    726
   906    726
   907    726
   908    726
   909    726
   910    726
   905    727
   906    727
   907    727
   908    727
   909    727
   910    727
   911    727
  1110    727
  1111    727
  1112    727
  1113    727
  1114    727
  1115    727
  1116    727
  1117    727
  1118    727
  1119    727
  1120    727
  1121    727
  1122    727
   904    728
   905    728
   906    728
   907    728
   908    728
   909    728
   910    728
  1102    728
  1103    728
  1104    728
  1105    728
  1106    728
  1107    728
  1108    728
  1109    728
  1110    728
  1111    728
  1112    728
  1113    728
  1114    728
  1115    728
  1116    728
  1117    728
  1118    728
  1119    728
   904    729
   905    729
   906    729
   907    729
   908    729
   909    729
   910    729
  1090    729
  1091    729
  1092    729
  1093    729
  1094    729
  1095    729
  1096    729
  1097    729
  1098    729
  1099    729
  1100    729
  1101    729
  1102    729
  1103    729
  1104    729
  1105    729
  1106    729
  1107    729
  1108    729
  1109    729
  1110    729
  1111    729
  1112    729
  1113    729
  1114    729
   904    730
   905    730
   906    730
   907    730
   908    730
   909    730
   910    730
  1085    730
  1086    730
  1091    730
  1092    730
  1093    730
  1094    730
  1095    730
  1096    730
  1097    730
  1098    730
  1099    730
  1100    730
  1101    730
  1102    730
  1103    730
  1104    730
  1105    730
  1106    730
  1107    730
  1108    730
  1109    730
  1110    730
   904    731
   905    731
   906    731
   907    731
   908    731
   909    731
   910    731
  1074    731
  1075    731
  1076    731
  1078    731
  1079    731
  1080    731
  1081    731
  1095    731
  1096    731
  1097    731
  1098    731
  1099    731
  1100    731
  1101    731
  1102    731
  1104    731
  1105    731
  1106    731
   904    732
   905    732
   906    732
   907    732
   908    732
   909    732
   910    732
  1078    732
  1079    732
  1080    732
  1081    732
  1097    732
  1098    732
  1099    732
   904    733
   905    733
   906    733
   907    733
   908    733
   909    733
   910    733
  1073    733
  1074    733
  1075    733
  1076    733
  1077    733
  1078    733
  1079    733
  1080    733
  1081    733
   904    734
   905    734
   906    734
   907    734
   908    734
   909    734
   910    734
  1054    734
  1055    734
  1056    734
  1057    734
  1062    734
  1063    734
  1067    734
  1068    734
  1069    734
  1072    734
  1073    734
  1074    734
  1075    734
   904    735
   905    735
   906    735
   907    735
   908    735
   909    735
   910    735
  1045    735
  1046    735
  1047    735
  1048    735
  1049    735
  1050    735
  1051    735
  1053    735
  1054    735
  1055    735
  1056    735
  1057    735
  1058    735
  1061    735
  1062    735
  1063    735
  1068    735
  1069    735
  1073    735
  1074    735
  1075    735
  1076    735
  1077    735
  1078    735
  1079    735
   903    736
   904    736
   905    736
   906    736
   907    736
   908    736
   909    736
   910    736
  1040    736
  1041    736
  1042    736
  1043    736
  1044    736
  1045    736
  1046    736
  1047    736
  1048    736
  1049    736
  1050    736
  1051    736
  1054    736
  1055    736
  1056    736
  1057    736
  1058    736
  1059    736
  1060    736
  1061    736
  1062    736
   904    737
   905    737
   906    737
   907    737
   908    737
   909    737
   910    737
  1026    737
  1027    737
  1034    737
  1035    737
  1036    737
  1037    737
  1040    737
  1041    737
  1042    737
  1043    737
  1048    737
  1049    737
  1050    737
  1051    737
  1052    737
  1053    737
  1054    737
  1055    737
  1061    737
  1062    737
  1063    737
   903    738
   904    738
   905    738
   906    738
   907    738
   908    738
   909    738
   910    738
  1019    738
  1020    738
  1021    738
  1029    738
  1030    738
  1031    738
  1036    738
  1037    738
  1042    738
  1043    738
  1044    738
  1046    738
  1047    738
  1048    738
  1049    738
  1054    738
  1055    738
  1056    738
  1061    738
  1062    738
   903    739
   904    739
   905    739
   906    739
   907    739
   908    739
   909    739
   910    739
  1024    739
  1025    739
  1026    739
  1027    739
  1028    739
  1029    739
  1030    739
  1031    739
  1032    739
  1036    739
  1037    739
  1042    739
  1043    739
  1044    739
  1049    739
  1050    739
   903    740
   904    740
   905    740
   906    740
   907    740
   908    740
   909    740
   910    740
  1018    740
  1019    740
  1020    740
  1021    740
  1022    740
  1023    740
  1024    740
  1025    740
  1031    740
  1032    740
  1049    740
  1050    740
  1051    740
   903    741
   904    741
   905    741
   906    741
   907    741
   908    741
   909    741
   910    741
  1025    741
  1026    741
  1027    741
  1028    741
   903    742
   904    742
   905    742
   906    742
   907    742
   908    742
   909    742
   910    742
  1020    742
  1021    742
  1022    742
  1023    742
  1024    742
  1026    742
  1027    742
  1028    742
   902    743
   903    743
   904    743
   905    743
   906    743
   907    743
   908    743
   909    743
   910    743
   998    743
   999    743
  1000    743
  1001    743
  1002    743
  1003    743
  1004    743
  1005    743
  1006    743
  1019    743
  1020    743
  1021    743
  1022    743
   902    744
   903    744
   904    744
   905    744
   906    744
   907    744
   908    744
   909    744
   910    744
   992    744
   993    744
   994    744
   995    744
   996    744
   997    744
   998    744
   999    744
  1000    744
  1001    744
  1002    744
  1004    744
  1005    744
  1006    744
  1007    744
  1008    744
  1009    744
  1013    744
  1014    744
  1022    744
  1023    744
   901    745
   902    745
   903    745
   904    745
   905    745
   906    745
   907    745
   908    745
   909    745
   910    745
   986    745
   987    745
   988    745
   989    745
   990    745
   991    745
   992    745
   993    745
   994    745
   995    745
  1000    745
  1001    745
  1002    745
  1003    745
  1004    745
  1005    745
  1006    745
  1007    745
  1008    745
  1014    745
  1015    745
   901    746
   902    746
   903    746
   904    746
   905    746
   906    746
   907    746
   908    746
   909    746
   980    746
   981    746
   982    746
   983    746
   984    746
   985    746
   986    746
   987    746
   988    746
   989    746
   995    746
   996    746
   997    746
   998    746
   999    746
  1000    746
  1001    746
  1002    746
  1003    746
  1009    746
  1010    746
   901    747
   902    747
   903    747
   904    747
   905    747
   906    747
   907    747
   908    747
   909    747
   972    747
   973    747
   974    747
   975    747
   976    747
   977    747
   978    747
   979    747
   980    747
   981    747
   982    747
   983    747
   984    747
   989    747
   990    747
   991    747
   992    747
   993    747
   994    747
   995    747
   996    747
   997    747
   998    747
  1004    747
  1005    747
   900    748
   901    748
   902    748
   903    748
   904    748
   905    748
   906    748
   907    748
   908    748
   909    748
   966    748
   967    748
   968    748
   969    748
   970    748
   971    748
   972    748
   973    748
   974    748
   975    748
   976    748
   982    748
   983    748
   984    748
   985    748
   986    748
   997    748
   998    748
   999    748
  1000    748
   900    749
   901    749
   902    749
   903    749
   904    749
   905    749
   906    749
   907    749
   908    749
   909    749
   965    749
   966    749
   967    749
   968    749
   969    749
   970    749
   971    749
   977    749
   978    749
   979    749
   980    749
   981    749
   982    749
   985    749
   986    749
   999    749
  1000    749
   900    750
   901    750
   902    750
   903    750
   904    750
   905    750
   906    750
   907    750
   908    750
   971    750
   972    750
   973    750
   974    750
   975    750
   976    750
   977    750
   978    750
   979    750
   980    750
   981    750
   900    751
   901    751
   902    751
   903    751
   904    751
   905    751
   906    751
   907    751
   908    751
   966    751
   967    751
   968    751
   969    751
   970    751
   971    751
   972    751
   973    751
   974    751
   975    751
   976    751
   900    752
   901    752
   902    752
   903    752
   904    752
   905    752
   906    752
   907    752
   908    752
   949    752
   950    752
   951    752
   952    752
   953    752
   954    752
   955    752
   956    752
   957    752
   962    752
   963    752
   964    752
   965    752
   966    752
   967    752
   968    752
   969    752
   970    752
   971    752
   972    752
   899    753
   900    753
   901    753
   902    753
   903    753
   904    753
   905    753
   906    753
   907    753
   908    753
   934    753
   935    753
   936    753
   937    753
   945    753
   946    753
   947    753
   948    753
   949    753
   950    753
   951    753
   952    753
   953    753
   954    753
   959    753
   960    753
   961    753
   962    753
   963    753
   964    753
   965    753
   966    753
   967    753
   968    753
   975    753
   976    753
   899    754
   900    754
   901    754
   902    754
   903    754
   904    754
   905    754
   906    754
   907    754
   931    754
   932    754
   941    754
   942    754
   943    754
   944    754
   945    754
   946    754
   947    754
   948    754
   949    754
   955    754
   956    754
   957    754
   958    754
   959    754
   960    754
   961    754
   962    754
   963    754
   964    754
   965    754
   970    754
   971    754
   972    754
   973    754
   974    754
   899    755
   900    755
   901    755
   902    755
   903    755
   904    755
   905    755
   906    755
   907    755
   908    755
   936    755
   937    755
   938    755
   939    755
   940    755
   942    755
   943    755
   944    755
   945    755
   951    755
   952    755
   953    755
   954    755
   955    755
   956    755
   957    755
   958    755
   959    755
   960    755
   961    755
   967    755
   968    755
   969    755
   970    755
   899    756
   900    756
   901    756
   902    756
   903    756
   904    756
   905    756
   906    756
   907    756
   908    756
   932    756
   933    756
   934    756
   935    756
   936    756
   937    756
   938    756
   939    756
   940    756
   941    756
   948    756
   949    756
   950    756
   951    756
   952    756
   953    756
   954    756
   955    756
   956    756
   957    756
   958    756
   964    756
   965    756
   966    756
   967    756
   971    756
   972    756
   899    757
   900    757
   901    757
   902    757
   903    757
   904    757
   905    757
   906    757
   907    757
   908    757
   929    757
   930    757
   931    757
   932    757
   933    757
   934    757
   935    757
   936    757
   937    757
   938    757
   943    757
   944    757
   945    757
   946    757
   947    757
   948    757
   949    757
   950    757
   951    757
   952    757
   953    757
   954    757
   955    757
   960    757
   961    757
   962    757
   963    757
   964    757
   965    757
   968    757
   969    757
   899    758
   900    758
   901    758
   902    758
   903    758
   904    758
   905    758
   906    758
   907    758
   908    758
   926    758
   927    758
   928    758
   929    758
   930    758
   931    758
   932    758
   933    758
   934    758
   935    758
   940    758
   941    758
   942    758
   943    758
   944    758
   945    758
   946    758
   947    758
   948    758
   949    758
   950    758
   951    758
   957    758
   958    758
   959    758
   960    758
   961    758
   964    758
   965    758
   966    758
   967    758
   899    759
   900    759
   901    759
   902    759
   903    759
   904    759
   905    759
   906    759
   907    759
   922    759
   923    759
   924    759
   925    759
   926    759
   927    759
   928    759
   929    759
   930    759
   931    759
   937    759
   938    759
   939    759
   940    759
   941    759
   942    759
   943    759
   945    759
   946    759
   947    759
   948    759
   953    759
   954    759
   955    759
   956    759
   957    759
   958    759
   959    759
   961    759
   962    759
   963    759
   964    759
   898    760
   899    760
   900    760
   901    760
   902    760
   903    760
   904    760
   905    760
   906    760
   907    760
   923    760
   924    760
   925    760
   926    760
   927    760
   928    760
   929    760
   934    760
   935    760
   936    760
   937    760
   938    760
   939    760
   940    760
   944    760
   945    760
   951    760
   952    760
   953    760
   959    760
   960    760
   961    760
   898    761
   899    761
   900    761
   901    761
   902    761
   903    761
   904    761
   905    761
   906    761
   907    761
   908    761
   920    761
   921    761
   922    761
   923    761
   924    761
   925    761
   931    761
   932    761
   933    761
   934    761
   935    761
   936    761
   937    761
   938    761
   941    761
   942    761
   957    761
   898    762
   899    762
   900    762
   901    762
   902    762
   903    762
   904    762
   905    762
   906    762
   907    762
   929    762
   930    762
   931    762
   932    762
   933    762
   934    762
   935    762
   936    762
   937    762
   938    762
   939    762
   898    763
   899    763
   900    763
   901    763
   902    763
   903    763
   904    763
   905    763
   906    763
   907    763
   927    763
   928    763
   929    763
   930    763
   931    763
   932    763
   933    763
   934    763
   935    763
   936    763
   937    763
   898    764
   899    764
   900    764
   901    764
   902    764
   903    764
   904    764
   905    764
   906    764
   907    764
   925    764
   926    764
   927    764
   928    764
   929    764
   930    764
   931    764
   932    764
   933    764
   934    764
   935    764
   897    765
   898    765
   899    765
   900    765
   901    765
   902    765
   903    765
   904    765
   905    765
   906    765
   907    765
   922    765
   923    765
   924    765
   925    765
   926    765
   927    765
   928    765
   929    765
   930    765
   931    765
   932    765
   897    766
   898    766
   899    766
   900    766
   901    766
   902    766
   903    766
   904    766
   905    766
   906    766
   907    766
   920    766
   921    766
   922    766
   923    766
   924    766
   925    766
   926    766
   927    766
   928    766
   929    766
   930    766
   931    766
   886    767
   887    767
   889    767
   890    767
   891    767
   897    767
   898    767
   899    767
   900    767
   901    767
   902    767
   903    767
   904    767
   905    767
   906    767
   907    767
   918    767
   919    767
   920    767
   921    767
   922    767
   923    767
   924    767
   925    767
   926    767
   927    767
   928    767
   929    767
   886    768
   887    768
   888    768
   889    768
   890    768
   891    768
   892    768
   897    768
   898    768
   899    768
   900    768
   901    768
   902    768
   903    768
   904    768
   905    768
   906    768
   907    768
   917    768
   918    768
   919    768
   920    768
   921    768
   922    768
   923    768
   924    768
   925    768
   926    768
   927    768
   886    769
   887    769
   888    769
   889    769
   890    769
   891    769
   892    769
   893    769
   897    769
   898    769
   899    769
   900    769
   901    769
   902    769
   903    769
   904    769
   905    769
   906    769
   907    769
   915    769
   916    769
   917    769
   918    769
   919    769
   920    769
   921    769
   922    769
   923    769
   886    770
   887    770
   888    770
   889    770
   890    770
   891    770
   892    770
   893    770
   894    770
   895    770
   896    770
   897    770
   898    770
   899    770
   900    770
   901    770
   902    770
   903    770
   904    770
   905    770
   906    770
   907    770
   913    770
   914    770
   915    770
   916    770
   917    770
   918    770
   919    770
   920    770
   921    770
   922    770
   923    770
   924    770
   887    771
   888    771
   889    771
   890    771
   891    771
   892    771
   893    771
   894    771
   895    771
   896    771
   897    771
   898    771
   899    771
   900    771
   901    771
   902    771
   903    771
   904    771
   905    771
   906    771
   907    771
   911    771
   912    771
   913    771
   914    771
   915    771
   916    771
   917    771
   918    771
   919    771
   920    771
   921    771
   922    771
   887    772
   888    772
   889    772
   890    772
   891    772
   892    772
   893    772
   894    772
   895    772
   896    772
   897    772
   898    772
   899    772
   900    772
   901    772
   902    772
   903    772
   904    772
   905    772
   906    772
   907    772
   910    772
   911    772
   912    772
   913    772
   914    772
   915    772
   916    772
   917    772
   918    772
   919    772
   920    772
   887    773
   888    773
   889    773
   890    773
   891    773
   892    773
   893    773
   894    773
   895    773
   896    773
   897    773
   898    773
   899    773
   900    773
   901    773
   902    773
   903    773
   904    773
   905    773
   906    773
   907    773
   908    773
   909    773
   910    773
   911    773
   912    773
   913    773
   914    773
   915    773
   916    773
   917    773
   918    773
   919    773
   888    774
   889    774
   890    774
   891    774
   892    774
   893    774
   894    774
   895    774
   896    774
   897    774
   898    774
   899    774
   900    774
   901    774
   902    774
   903    774
   904    774
   905    774
   906    774
   907    774
   908    774
   909    774
   910    774
   911    774
   912    774
   913    774
   914    774
   915    774
   916    774
   917    774
   890    775
   891    775
   892    775
   893    775
   894    775
   895    775
   896    775
   897    775
   898    775
   899    775
   900    775
   901    775
   902    775
   903    775
   904    775
   905    775
   906    775
   907    775
   908    775
   909    775
   910    775
   911    775
   912    775
   913    775
   914    775
   915    775
   916    775
   891    776
   892    776
   893    776
   894    776
   895    776
   896    776
   897    776
   898    776
   899    776
   900    776
   901    776
   902    776
   903    776
   904    776
   905    776
   906    776
   907    776
   908    776
   909    776
   910    776
   911    776
   912    776
   913    776
   914    776
   915    776
   916    776
   891    777
   892    777
   893    777
   894    777
   895    777
   896    777
   897    777
   898    777
   899    777
   900    777
   901    777
   902    777
   903    777
   904    777
   905    777
   906    777
   907    777
   908    777
   909    777
   910    777
   911    777
   912    777
   913    777
   914    777
   915    777
   892    778
   893    778
   894    778
   895    778
   896    778
   897    778
   898    778
   899    778
   900    778
   901    778
   902    778
   903    778
   904    778
   905    778
   906    778
   907    778
   908    778
   909    778
   910    778
   911    778
   912    778
   913    778
   914    778
   893    779
   894    779
   895    779
   896    779
   897    779
   898    779
   899    779
   900    779
   901    779
   902    779
   903    779
   904    779
   905    779
   906    779
   907    779
   908    779
   909    779
   910    779
   911    779
   912    779
   913    779
   894    780
   895    780
   896    780
   897    780
   898    780
   899    780
   900    780
   901    780
   902    780
   903    780
   904    780
   905    780
   906    780
   907    780
   908    780
   909    780
   910    780
   911    780
   912    780
   894    781
   895    781
   896    781
   897    781
   898    781
   899    781
   900    781
   901    781
   902    781
   903    781
   904    781
   905    781
   906    781
   907    781
   908    781
   909    781
   910    781
   911    781
   895    782
   896    782
   897    782
   898    782
   899    782
   900    782
   901    782
   902    782
   903    782
   904    782
   905    782
   906    782
   907    782
   908    782
   909    782
   910    782
   894    783
   895    783
   896    783
   897    783
   898    783
   899    783
   900    783
   901    783
   902    783
   903    783
   904    783
   905    783
   906    783
   907    783
   908    783
   896    784
   897    784
   898    784
   899    784
   900    784
   901    784
   902    784
   903    784
   904    784
   905    784
   906    784
   896    785
   897    785
   898    785
   899    785
   900    785
   901    785
   902    785
