   908    710
   909    710
   908    711
   909    711
   908    712
   909    712
   910    712
   907    713
   908    713
   909    713
   907    714
   908    714
   909    714
   910    714
   911    714
   908    715
   909    715
   910    715
   911    715
   907    716
   908    716
   909    716
   910    716
   911    716
   907    717
   908    717
   909    717
   910    717
   911    717
   906    718
   907    718
   908    718
   909    718
   910    718
   911    718
   906    719
   907    719
   908    719
   909    719
   910    719
   911    719
   906    720
   907    720
   908    720
   909    720
   910    720
   906    721
   907    721
   908    721
   909    721
   910    721
   906    722
   907    722
   908    722
   909    722
   910    722
   911    722
   905    723
   906    723
   907    723
   908    723
   909    723
   910    723
   911    723
   906    724
   907    724
   908    724
   909    724
   910    724
   911    724
   906    725
   907    725
   908    725
   909    725
   910    725
   905    726
   906    726
   907    726
   908    726
   909    726
   910    726
   911    726
   905    727
   906    727
   907    727
   908    727
   909    727
   910    727
   911    727
   905    728
   906    728
   907    728
   908    728
   909    728
   910    728
   911    728
  1121    728
  1122    728
  1123    728
  1124    728
  1125    728
  1126    728
  1127    728
  1128    728
   905    729
   906    729
   907    729
   908    729
   909    729
   910    729
   911    729
  1114    729
  1115    729
  1116    729
  1117    729
  1118    729
  1119    729
  1120    729
  1121    729
  1122    729
  1123    729
  1124    729
  1125    729
  1126    729
  1127    729
  1128    729
   905    730
   906    730
   907    730
   908    730
   909    730
   910    730
   911    730
  1102    730
  1103    730
  1104    730
  1105    730
  1106    730
  1107    730
  1108    730
  1109    730
  1110    730
  1111    730
  1112    730
  1113    730
  1114    730
  1115    730
  1116    730
  1117    730
  1118    730
  1119    730
  1120    730
  1121    730
  1122    730
  1123    730
  1124    730
  1125    730
   905    731
   906    731
   907    731
   908    731
   909    731
   910    731
  1095    731
  1096    731
  1097    731
  1102    731
  1103    731
  1104    731
  1105    731
  1106    731
  1107    731
  1108    731
  1109    731
  1110    731
  1111    731
  1112    731
  1113    731
  1114    731
  1115    731
  1116    731
  1117    731
  1118    731
  1119    731
  1120    731
  1121    731
  1122    731
  1123    731
  1124    731
  1125    731
   905    732
   906    732
   907    732
   908    732
   909    732
   910    732
   911    732
  1081    732
  1088    732
  1089    732
  1090    732
  1091    732
  1092    732
  1093    732
  1094    732
  1099    732
  1100    732
  1101    732
  1102    732
  1103    732
  1104    732
  1106    732
  1107    732
  1108    732
  1109    732
  1110    732
  1111    732
  1112    732
  1113    732
   905    733
   906    733
   907    733
   908    733
   909    733
   910    733
  1082    733
  1083    733
  1084    733
  1085    733
  1086    733
  1087    733
  1088    733
  1089    733
  1090    733
  1091    733
  1096    733
  1097    733
  1098    733
  1099    733
  1103    733
  1104    733
  1105    733
  1106    733
  1107    733
  1108    733
  1109    733
   904    734
   905    734
   906    734
   907    734
   908    734
   909    734
   910    734
   911    734
  1083    734
  1084    734
  1085    734
  1086    734
  1087    734
  1088    734
   904    735
   905    735
   906    735
   907    735
   908    735
   909    735
   910    735
   911    735
  1078    735
  1082    735
  1083    735
  1084    735
  1085    735
  1086    735
   904    736
   905    736
   906    736
   907    736
   908    736
   909    736
   910    736
  1059    736
  1060    736
  1061    736
  1062    736
  1063    736
  1064    736
  1065    736
  1066    736
  1067    736
  1068    736
  1071    736
  1072    736
  1076    736
  1077    736
  1078    736
  1079    736
   904    737
   905    737
   906    737
   907    737
   908    737
   909    737
   910    737
   911    737
  1051    737
  1052    737
  1053    737
  1054    737
  1055    737
  1056    737
  1057    737
  1058    737
  1059    737
  1060    737
  1062    737
  1063    737
  1064    737
  1065    737
  1066    737
  1067    737
  1068    737
  1069    737
  1070    737
  1071    737
   904    738
   905    738
   906    738
   907    738
   908    738
   909    738
   910    738
   911    738
  1044    738
  1045    738
  1046    738
  1047    738
  1048    738
  1049    738
  1050    738
  1051    738
  1052    738
  1053    738
  1058    738
  1059    738
  1060    738
  1061    738
  1062    738
  1063    738
  1064    738
  1065    738
  1066    738
  1071    738
  1072    738
   904    739
   905    739
   906    739
   907    739
   908    739
   909    739
   910    739
   911    739
  1038    739
  1039    739
  1040    739
  1041    739
  1042    739
  1043    739
  1044    739
  1045    739
  1046    739
  1047    739
  1052    739
  1053    739
  1054    739
  1055    739
  1056    739
  1057    739
  1058    739
  1059    739
  1060    739
  1066    739
  1067    739
   904    740
   905    740
   906    740
   907    740
   908    740
   909    740
   910    740
   911    740
  1033    740
  1034    740
  1035    740
  1036    740
  1037    740
  1038    740
  1039    740
  1040    740
  1041    740
  1047    740
  1048    740
  1049    740
  1050    740
  1051    740
  1052    740
  1053    740
  1054    740
  1060    740
  1061    740
  1062    740
  1065    740
  1066    740
  1067    740
  1068    740
   903    741
   904    741
   905    741
   906    741
   907    741
   908    741
   909    741
   910    741
  1028    741
  1029    741
  1030    741
  1031    741
  1032    741
  1033    741
  1034    741
  1035    741
  1036    741
  1041    741
  1042    741
  1043    741
  1044    741
  1045    741
  1046    741
  1047    741
  1048    741
  1055    741
  1056    741
  1060    741
  1061    741
  1062    741
   903    742
   904    742
   905    742
   906    742
   907    742
   908    742
   909    742
   910    742
  1024    742
  1025    742
  1026    742
  1027    742
  1028    742
  1029    742
  1030    742
  1035    742
  1036    742
  1037    742
  1038    742
  1043    742
  1048    742
  1049    742
  1050    742
  1051    742
  1055    742
  1056    742
   903    743
   904    743
   905    743
   906    743
   907    743
   908    743
   909    743
   910    743
   911    743
  1030    743
  1031    743
  1032    743
  1033    743
  1034    743
   903    744
   904    744
   905    744
   906    744
   907    744
   908    744
   909    744
   910    744
  1025    744
  1026    744
  1027    744
  1028    744
  1029    744
  1030    744
  1031    744
  1032    744
  1033    744
  1034    744
   903    745
   904    745
   905    745
   906    745
   907    745
   908    745
   909    745
   910    745
  1019    745
  1020    745
  1021    745
  1023    745
  1024    745
  1025    745
  1026    745
  1027    745
  1028    745
  1029    745
   902    746
   903    746
   904    746
   905    746
   906    746
   907    746
   908    746
   909    746
   910    746
   997    746
   998    746
   999    746
  1000    746
  1001    746
  1002    746
  1003    746
  1004    746
  1005    746
  1006    746
  1007    746
  1008    746
  1009    746
  1010    746
  1011    746
  1012    746
  1013    746
  1014    746
  1015    746
  1019    746
  1020    746
  1021    746
  1027    746
  1028    746
  1029    746
  1030    746
  1031    746
  1032    746
   902    747
   903    747
   904    747
   905    747
   906    747
   907    747
   908    747
   909    747
   910    747
   992    747
   993    747
   994    747
   995    747
   996    747
   997    747
   998    747
   999    747
  1000    747
  1001    747
  1006    747
  1007    747
  1008    747
  1009    747
  1010    747
  1011    747
  1012    747
  1013    747
  1014    747
  1015    747
  1021    747
  1022    747
  1023    747
   901    748
   902    748
   903    748
   904    748
   905    748
   906    748
   907    748
   908    748
   909    748
   910    748
   986    748
   987    748
   988    748
   989    748
   990    748
   991    748
   992    748
   993    748
   994    748
   995    748
   996    748
  1001    748
  1002    748
  1003    748
  1004    748
  1005    748
  1006    748
  1007    748
  1008    748
  1009    748
  1010    748
  1016    748
  1017    748
  1018    748
   901    749
   902    749
   903    749
   904    749
   905    749
   906    749
   907    749
   908    749
   909    749
   910    749
   980    749
   981    749
   982    749
   983    749
   984    749
   985    749
   986    749
   987    749
   988    749
   989    749
   990    749
   996    749
   997    749
   998    749
   999    749
  1000    749
  1001    749
  1002    749
  1003    749
  1004    749
  1010    749
  1011    749
  1012    749
  1013    749
  1019    749
   901    750
   902    750
   903    750
   904    750
   905    750
   906    750
   907    750
   908    750
   909    750
   910    750
   975    750
   976    750
   977    750
   978    750
   979    750
   980    750
   981    750
   982    750
   983    750
   984    750
   990    750
   991    750
   992    750
   993    750
   994    750
   995    750
   996    750
   997    750
   998    750
   999    750
  1004    750
  1005    750
  1006    750
  1007    750
  1008    750
  1010    750
  1011    750
  1012    750
  1013    750
  1014    750
   901    751
   902    751
   903    751
   904    751
   905    751
   906    751
   907    751
   908    751
   909    751
   969    751
   970    751
   971    751
   972    751
   973    751
   974    751
   975    751
   976    751
   977    751
   978    751
   983    751
   984    751
   985    751
   986    751
   987    751
   992    751
   993    751
   998    751
   999    751
  1000    751
  1001    751
  1002    751
  1003    751
  1005    751
  1006    751
  1007    751
  1008    751
   901    752
   902    752
   903    752
   904    752
   905    752
   906    752
   907    752
   908    752
   967    752
   968    752
   969    752
   970    752
   971    752
   972    752
   973    752
   978    752
   979    752
   980    752
   981    752
   982    752
   983    752
   994    752
   995    752
   996    752
   997    752
  1002    752
  1003    752
   900    753
   901    753
   902    753
   903    753
   904    753
   905    753
   906    753
   907    753
   908    753
   974    753
   975    753
   976    753
   977    753
   978    753
   979    753
   980    753
   981    753
   982    753
   983    753
   984    753
   900    754
   901    754
   902    754
   903    754
   904    754
   905    754
   906    754
   907    754
   908    754
   909    754
   969    754
   970    754
   971    754
   972    754
   973    754
   974    754
   975    754
   976    754
   977    754
   978    754
   979    754
   900    755
   901    755
   902    755
   903    755
   904    755
   905    755
   906    755
   907    755
   908    755
   941    755
   942    755
   943    755
   944    755
   951    755
   952    755
   953    755
   954    755
   958    755
   959    755
   966    755
   967    755
   968    755
   969    755
   970    755
   971    755
   972    755
   973    755
   974    755
   975    755
   900    756
   901    756
   902    756
   903    756
   904    756
   905    756
   906    756
   907    756
   908    756
   938    756
   939    756
   947    756
   948    756
   949    756
   950    756
   951    756
   952    756
   953    756
   954    756
   955    756
   961    756
   962    756
   963    756
   964    756
   965    756
   966    756
   967    756
   968    756
   969    756
   970    756
   971    756
   977    756
   978    756
   979    756
   980    756
   900    757
   901    757
   902    757
   903    757
   904    757
   905    757
   906    757
   907    757
   908    757
   935    757
   936    757
   937    757
   938    757
   943    757
   944    757
   945    757
   946    757
   947    757
   948    757
   949    757
   950    757
   951    757
   952    757
   958    757
   959    757
   960    757
   961    757
   962    757
   963    757
   964    757
   965    757
   966    757
   967    757
   968    757
   974    757
   975    757
   976    757
   899    758
   900    758
   901    758
   902    758
   903    758
   904    758
   905    758
   906    758
   907    758
   908    758
   928    758
   929    758
   930    758
   939    758
   940    758
   941    758
   942    758
   943    758
   944    758
   945    758
   946    758
   947    758
   948    758
   955    758
   956    758
   957    758
   958    758
   959    758
   960    758
   961    758
   962    758
   963    758
   964    758
   965    758
   970    758
   971    758
   972    758
   973    758
   899    759
   900    759
   901    759
   902    759
   903    759
   904    759
   905    759
   906    759
   907    759
   908    759
   935    759
   936    759
   937    759
   938    759
   939    759
   940    759
   941    759
   942    759
   943    759
   944    759
   945    759
   950    759
   951    759
   952    759
   953    759
   954    759
   955    759
   956    759
   957    759
   958    759
   959    759
   960    759
   961    759
   967    759
   968    759
   969    759
   970    759
   971    759
   899    760
   900    760
   901    760
   902    760
   903    760
   904    760
   905    760
   906    760
   907    760
   908    760
   923    760
   924    760
   931    760
   932    760
   933    760
   934    760
   935    760
   936    760
   937    760
   938    760
   939    760
   940    760
   941    760
   947    760
   948    760
   949    760
   950    760
   951    760
   952    760
   953    760
   954    760
   955    760
   956    760
   957    760
   958    760
   964    760
   965    760
   966    760
   967    760
   968    760
   969    760
   899    761
   900    761
   901    761
   902    761
   903    761
   904    761
   905    761
   906    761
   907    761
   908    761
   928    761
   929    761
   930    761
   931    761
   932    761
   933    761
   934    761
   935    761
   936    761
   937    761
   938    761
   944    761
   945    761
   946    761
   947    761
   948    761
   949    761
   951    761
   952    761
   953    761
   954    761
   961    761
   962    761
   963    761
   964    761
   965    761
   966    761
   967    761
   969    761
   970    761
   971    761
   899    762
   900    762
   901    762
   902    762
   903    762
   904    762
   905    762
   906    762
   907    762
   908    762
   925    762
   926    762
   927    762
   928    762
   929    762
   930    762
   931    762
   932    762
   933    762
   934    762
   935    762
   940    762
   941    762
   942    762
   943    762
   944    762
   945    762
   946    762
   948    762
   949    762
   950    762
   951    762
   958    762
   959    762
   960    762
   961    762
   962    762
   963    762
   964    762
   965    762
   966    762
   967    762
   968    762
   898    763
   899    763
   900    763
   901    763
   902    763
   903    763
   904    763
   905    763
   906    763
   907    763
   908    763
   922    763
   923    763
   924    763
   925    763
   926    763
   927    763
   928    763
   929    763
   930    763
   931    763
   932    763
   938    763
   939    763
   940    763
   941    763
   942    763
   943    763
   944    763
   946    763
   947    763
   948    763
   949    763
   956    763
   957    763
   958    763
   959    763
   960    763
   961    763
   963    763
   964    763
   965    763
   898    764
   899    764
   900    764
   901    764
   902    764
   903    764
   904    764
   905    764
   906    764
   907    764
   908    764
   924    764
   925    764
   926    764
   927    764
   928    764
   935    764
   936    764
   937    764
   938    764
   939    764
   940    764
   941    764
   942    764
   943    764
   945    764
   946    764
   953    764
   954    764
   956    764
   957    764
   958    764
   959    764
   960    764
   961    764
   962    764
   898    765
   899    765
   900    765
   901    765
   902    765
   903    765
   904    765
   905    765
   906    765
   907    765
   908    765
   921    765
   922    765
   923    765
   924    765
   925    765
   932    765
   933    765
   934    765
   935    765
   936    765
   937    765
   938    765
   939    765
   940    765
   941    765
   942    765
   943    765
   944    765
   951    765
   952    765
   955    765
   956    765
   957    765
   958    765
   959    765
   960    765
   898    766
   899    766
   900    766
   901    766
   902    766
   903    766
   904    766
   905    766
   906    766
   907    766
   930    766
   931    766
   932    766
   933    766
   934    766
   935    766
   936    766
   937    766
   938    766
   939    766
   940    766
   941    766
   898    767
   899    767
   900    767
   901    767
   902    767
   903    767
   904    767
   905    767
   906    767
   907    767
   908    767
   929    767
   930    767
   931    767
   932    767
   933    767
   934    767
   935    767
   936    767
   937    767
   938    767
   939    767
   898    768
   899    768
   900    768
   901    768
   902    768
   903    768
   904    768
   905    768
   906    768
   907    768
   908    768
   926    768
   927    768
   928    768
   929    768
   930    768
   931    768
   932    768
   933    768
   934    768
   936    768
   937    768
   898    769
   899    769
   900    769
   901    769
   902    769
   903    769
   904    769
   905    769
   906    769
   907    769
   924    769
   925    769
   926    769
   927    769
   928    769
   929    769
   930    769
   931    769
   932    769
   933    769
   934    769
   897    770
   898    770
   899    770
   900    770
   901    770
   902    770
   903    770
   904    770
   905    770
   906    770
   907    770
   908    770
   922    770
   923    770
   924    770
   925    770
   926    770
   927    770
   928    770
   929    770
   930    770
   931    770
   932    770
   933    770
   897    771
   898    771
   899    771
   900    771
   901    771
   902    771
   903    771
   904    771
   905    771
   906    771
   907    771
   908    771
   920    771
   921    771
   922    771
   923    771
   924    771
   925    771
   926    771
   927    771
   928    771
   929    771
   930    771
   931    771
   897    772
   898    772
   899    772
   900    772
   901    772
   902    772
   903    772
   904    772
   905    772
   906    772
   907    772
   908    772
   919    772
   920    772
   921    772
   922    772
   923    772
   924    772
   925    772
   926    772
   927    772
   928    772
   929    772
   897    773
   898    773
   899    773
   900    773
   901    773
   902    773
   903    773
   904    773
   905    773
   906    773
   907    773
   908    773
   917    773
   918    773
   919    773
   920    773
   921    773
   922    773
   923    773
   924    773
   925    773
   926    773
   927    773
   897    774
   898    774
   899    774
   900    774
   901    774
   902    774
   903    774
   904    774
   905    774
   906    774
   907    774
   908    774
   915    774
   916    774
   917    774
   918    774
   919    774
   920    774
   921    774
   922    774
   923    774
   924    774
   925    774
   926    774
   897    775
   898    775
   899    775
   900    775
   901    775
   902    775
   903    775
   904    775
   905    775
   906    775
   907    775
   913    775
   914    775
   915    775
   916    775
   917    775
   918    775
   919    775
   920    775
   921    775
   922    775
   923    775
   924    775
   893    776
   894    776
   895    776
   896    776
   897    776
   898    776
   899    776
   900    776
   901    776
   902    776
   903    776
   904    776
   905    776
   906    776
   907    776
   911    776
   912    776
   913    776
   914    776
   915    776
   916    776
   917    776
   918    776
   919    776
   920    776
   921    776
   922    776
   923    776
   892    777
   893    777
   894    777
   895    777
   896    777
   897    777
   898    777
   899    777
   900    777
   901    777
   902    777
   903    777
   904    777
   905    777
   906    777
   907    777
   908    777
   910    777
   911    777
   912    777
   913    777
   914    777
   915    777
   916    777
   917    777
   918    777
   919    777
   920    777
   892    778
   893    778
   894    778
   895    778
   896    778
   897    778
   898    778
   899    778
   900    778
   901    778
   902    778
   903    778
   904    778
   905    778
   906    778
   907    778
   908    778
   909    778
   910    778
   911    778
   912    778
   913    778
   914    778
   915    778
   916    778
   917    778
   918    778
   919    778
   920    778
   892    779
   893    779
   894    779
   895    779
   896    779
   897    779
   898    779
   899    779
   900    779
   901    779
   902    779
   903    779
   904    779
   905    779
   906    779
   907    779
   908    779
   909    779
   910    779
   911    779
   912    779
   913    779
   914    779
   915    779
   916    779
   917    779
   918    779
   919    779
   892    780
   893    780
   894    780
   895    780
   896    780
   897    780
   898    780
   899    780
   900    780
   901    780
   902    780
   903    780
   904    780
   905    780
   906    780
   907    780
   908    780
   909    780
   910    780
   911    780
   912    780
   913    780
   914    780
   915    780
   916    780
   917    780
   918    780
   892    781
   893    781
   894    781
   895    781
   896    781
   897    781
   898    781
   899    781
   900    781
   901    781
   902    781
   903    781
   904    781
   905    781
   906    781
   907    781
   908    781
   909    781
   910    781
   911    781
   912    781
   913    781
   914    781
   915    781
   916    781
   917    781
   892    782
   893    782
   894    782
   895    782
   896    782
   897    782
   898    782
   899    782
   900    782
   901    782
   902    782
   903    782
   904    782
   905    782
   906    782
   907    782
   908    782
   909    782
   910    782
   911    782
   912    782
   913    782
   914    782
   915    782
   916    782
   892    783
   893    783
   894    783
   895    783
   896    783
   897    783
   898    783
   899    783
   900    783
   901    783
   902    783
   903    783
   904    783
   905    783
   906    783
   907    783
   908    783
   909    783
   910    783
   911    783
   912    783
   913    783
   914    783
   915    783
   896    784
   897    784
   898    784
   899    784
   900    784
   901    784
   902    784
   903    784
   904    784
   905    784
   906    784
   907    784
   908    784
   909    784
   910    784
   911    784
   912    784
   913    784
   914    784
   897    785
   898    785
   899    785
   900    785
   901    785
   902    785
   903    785
   904    785
   905    785
   906    785
   907    785
   908    785
   909    785
   910    785
   911    785
   912    785
   896    786
   897    786
   898    786
   899    786
   900    786
   901    786
   902    786
   903    786
   904    786
   905    786
   906    786
   910    786
   911    786
   899    787
   905    787
