   908    704
   909    704
   908    705
   909    705
   908    706
   909    706
   907    707
   908    707
   909    707
   910    707
   911    707
   912    707
   904    708
   905    708
   906    708
   907    708
   908    708
   909    708
   910    708
   906    709
   907    709
   908    709
   909    709
   910    709
   911    709
   907    710
   908    710
   909    710
   910    710
   911    710
   907    711
   908    711
   909    711
   910    711
   911    711
   906    712
   907    712
   908    712
   909    712
   910    712
   906    713
   907    713
   908    713
   909    713
   910    713
   911    713
   906    714
   907    714
   908    714
   909    714
   910    714
   906    715
   907    715
   908    715
   909    715
   910    715
   911    715
   906    716
   907    716
   908    716
   909    716
   910    716
   911    716
   906    717
   907    717
   908    717
   909    717
   910    717
   911    717
   912    717
   906    718
   907    718
   908    718
   909    718
   910    718
   911    718
   906    719
   907    719
   908    719
   909    719
   910    719
   911    719
   905    720
   906    720
   907    720
   908    720
   909    720
   910    720
   911    720
   905    721
   906    721
   907    721
   908    721
   909    721
   910    721
   911    721
   906    722
   907    722
   908    722
   909    722
   910    722
   911    722
   905    723
   906    723
   907    723
   908    723
   909    723
   910    723
   911    723
   905    724
   906    724
   907    724
   908    724
   909    724
   910    724
   911    724
   905    725
   906    725
   907    725
   908    725
   909    725
   910    725
   911    725
   905    726
   906    726
   907    726
   908    726
   909    726
   910    726
   911    726
   905    727
   906    727
   907    727
   908    727
   909    727
   910    727
   911    727
   905    728
   906    728
   907    728
   908    728
   909    728
   910    728
   911    728
   905    729
   906    729
   907    729
   908    729
   909    729
   910    729
   911    729
  1121    729
  1122    729
  1123    729
  1124    729
  1125    729
  1126    729
  1127    729
  1128    729
  1129    729
  1130    729
  1131    729
   905    730
   906    730
   907    730
   908    730
   909    730
   910    730
   911    730
  1113    730
  1114    730
  1115    730
  1116    730
  1117    730
  1118    730
  1119    730
  1120    730
  1121    730
  1122    730
  1123    730
  1124    730
  1125    730
  1126    730
  1127    730
  1128    730
  1129    730
  1130    730
  1131    730
  1132    730
  1133    730
   905    731
   906    731
   907    731
   908    731
   909    731
   910    731
   911    731
  1103    731
  1104    731
  1105    731
  1106    731
  1107    731
  1108    731
  1109    731
  1110    731
  1111    731
  1112    731
  1113    731
  1114    731
  1115    731
  1116    731
  1117    731
  1118    731
  1119    731
  1120    731
  1121    731
  1122    731
  1123    731
  1124    731
  1125    731
  1126    731
  1127    731
  1128    731
  1129    731
  1130    731
   905    732
   906    732
   907    732
   908    732
   909    732
   910    732
   911    732
  1096    732
  1097    732
  1098    732
  1103    732
  1104    732
  1105    732
  1106    732
  1107    732
  1108    732
  1109    732
  1110    732
  1111    732
  1112    732
  1113    732
  1114    732
  1115    732
  1116    732
  1117    732
  1118    732
  1119    732
  1120    732
  1121    732
  1122    732
  1123    732
  1124    732
  1125    732
  1126    732
   905    733
   906    733
   907    733
   908    733
   909    733
   910    733
   911    733
  1089    733
  1090    733
  1091    733
  1092    733
  1097    733
  1098    733
  1099    733
  1100    733
  1104    733
  1105    733
  1106    733
  1107    733
  1108    733
  1109    733
  1110    733
  1111    733
  1112    733
  1113    733
  1114    733
  1115    733
  1116    733
  1117    733
  1118    733
  1119    733
  1120    733
  1121    733
  1122    733
   904    734
   905    734
   906    734
   907    734
   908    734
   909    734
   910    734
   911    734
  1086    734
  1087    734
  1088    734
  1089    734
  1092    734
  1093    734
  1094    734
  1095    734
  1096    734
  1107    734
  1108    734
   904    735
   905    735
   906    735
   907    735
   908    735
   909    735
   910    735
   911    735
  1087    735
  1088    735
  1089    735
  1090    735
  1091    735
  1093    735
  1094    735
  1096    735
   904    736
   905    736
   906    736
   907    736
   908    736
   909    736
   910    736
   911    736
  1080    736
  1081    736
  1082    736
  1085    736
  1086    736
  1087    736
  1088    736
   904    737
   905    737
   906    737
   907    737
   908    737
   909    737
   910    737
   911    737
  1061    737
  1062    737
  1063    737
  1064    737
  1065    737
  1066    737
  1068    737
  1069    737
  1070    737
  1071    737
  1073    737
  1074    737
  1075    737
  1076    737
  1077    737
  1078    737
  1080    737
  1081    737
  1082    737
   904    738
   905    738
   906    738
   907    738
   908    738
   909    738
   910    738
   911    738
  1054    738
  1055    738
  1056    738
  1057    738
  1058    738
  1059    738
  1060    738
  1061    738
  1062    738
  1063    738
  1064    738
  1067    738
  1068    738
  1069    738
  1070    738
  1071    738
  1074    738
  1075    738
  1081    738
  1082    738
  1083    738
   904    739
   905    739
   906    739
   907    739
   908    739
   909    739
   910    739
   911    739
  1048    739
  1049    739
  1050    739
  1051    739
  1052    739
  1053    739
  1054    739
  1055    739
  1056    739
  1057    739
  1063    739
  1064    739
  1065    739
  1066    739
  1067    739
  1068    739
  1069    739
  1070    739
  1081    739
  1082    739
  1083    739
   904    740
   905    740
   906    740
   907    740
   908    740
   909    740
   910    740
   911    740
  1044    740
  1045    740
  1048    740
  1049    740
  1050    740
  1051    740
  1052    740
  1057    740
  1058    740
  1059    740
  1060    740
  1061    740
  1062    740
  1063    740
  1064    740
  1071    740
  1072    740
   903    741
   904    741
   905    741
   906    741
   907    741
   908    741
   909    741
   910    741
   911    741
  1025    741
  1026    741
  1036    741
  1037    741
  1038    741
  1039    741
  1040    741
  1043    741
  1044    741
  1051    741
  1052    741
  1053    741
  1054    741
  1055    741
  1056    741
  1057    741
  1064    741
  1065    741
  1066    741
  1067    741
  1068    741
  1069    741
  1070    741
  1071    741
   903    742
   904    742
   905    742
   906    742
   907    742
   908    742
   909    742
   910    742
   911    742
  1024    742
  1025    742
  1031    742
  1032    742
  1033    742
  1034    742
  1035    742
  1036    742
  1037    742
  1038    742
  1039    742
  1044    742
  1045    742
  1046    742
  1047    742
  1048    742
  1049    742
  1050    742
  1051    742
  1052    742
  1058    742
  1059    742
  1060    742
  1061    742
  1064    742
  1065    742
   903    743
   904    743
   905    743
   906    743
   907    743
   908    743
   909    743
   910    743
   911    743
  1025    743
  1026    743
  1027    743
  1028    743
  1029    743
  1030    743
  1031    743
  1032    743
  1033    743
  1034    743
  1040    743
  1041    743
  1053    743
  1054    743
  1055    743
   903    744
   904    744
   905    744
   906    744
   907    744
   908    744
   909    744
   910    744
   911    744
  1025    744
  1026    744
  1027    744
  1028    744
  1029    744
  1030    744
  1035    744
  1036    744
  1037    744
   903    745
   904    745
   905    745
   906    745
   907    745
   908    745
   909    745
   910    745
   911    745
  1002    745
  1003    745
  1030    745
  1031    745
  1032    745
  1033    745
  1035    745
  1036    745
  1037    745
  1038    745
   902    746
   903    746
   904    746
   905    746
   906    746
   907    746
   908    746
   909    746
   910    746
   999    746
  1000    746
  1023    746
  1024    746
  1025    746
  1026    746
  1027    746
  1028    746
  1029    746
  1030    746
  1031    746
  1032    746
   902    747
   903    747
   904    747
   905    747
   906    747
   907    747
   908    747
   909    747
   910    747
  1003    747
  1004    747
  1005    747
  1006    747
  1007    747
  1011    747
  1012    747
  1017    747
  1018    747
  1019    747
  1020    747
  1021    747
  1024    747
  1025    747
  1026    747
   902    748
   903    748
   904    748
   905    748
   906    748
   907    748
   908    748
   909    748
   910    748
   997    748
   998    748
   999    748
  1000    748
  1001    748
  1002    748
  1003    748
  1004    748
  1005    748
  1006    748
  1012    748
  1013    748
  1014    748
  1016    748
  1017    748
  1018    748
  1019    748
  1020    748
  1021    748
  1027    748
  1028    748
  1029    748
   902    749
   903    749
   904    749
   905    749
   906    749
   907    749
   908    749
   909    749
   910    749
   991    749
   992    749
   993    749
   994    749
   995    749
   996    749
   997    749
   998    749
   999    749
  1000    749
  1001    749
  1006    749
  1007    749
  1008    749
  1009    749
  1010    749
  1011    749
  1012    749
  1013    749
  1014    749
  1015    749
  1022    749
  1023    749
  1024    749
   902    750
   903    750
   904    750
   905    750
   906    750
   907    750
   908    750
   909    750
   910    750
   974    750
   984    750
   985    750
   986    750
   987    750
   988    750
   989    750
   990    750
   991    750
   992    750
   993    750
   994    750
   995    750
  1000    750
  1001    750
  1002    750
  1003    750
  1004    750
  1005    750
  1006    750
  1007    750
  1008    750
  1009    750
  1010    750
  1016    750
  1017    750
  1018    750
  1023    750
  1024    750
   901    751
   902    751
   903    751
   904    751
   905    751
   906    751
   907    751
   908    751
   909    751
   910    751
   979    751
   980    751
   981    751
   982    751
   983    751
   984    751
   985    751
   986    751
   987    751
   988    751
   989    751
   994    751
   995    751
   996    751
   997    751
   998    751
  1001    751
  1002    751
  1003    751
  1004    751
  1010    751
  1011    751
  1012    751
  1013    751
  1018    751
  1019    751
   901    752
   902    752
   903    752
   904    752
   905    752
   906    752
   907    752
   908    752
   909    752
   910    752
   974    752
   975    752
   976    752
   977    752
   978    752
   979    752
   980    752
   981    752
   982    752
   983    752
   989    752
   990    752
   991    752
  1005    752
  1006    752
  1007    752
   900    753
   901    753
   902    753
   903    753
   904    753
   905    753
   906    753
   907    753
   908    753
   909    753
   969    753
   970    753
   971    753
   972    753
   973    753
   974    753
   975    753
   976    753
   977    753
   978    753
   984    753
   985    753
   986    753
   900    754
   901    754
   902    754
   903    754
   904    754
   905    754
   906    754
   907    754
   908    754
   909    754
   968    754
   969    754
   970    754
   971    754
   972    754
   973    754
   979    754
   980    754
   981    754
   982    754
  1003    754
   837    755
   838    755
   900    755
   901    755
   902    755
   903    755
   904    755
   905    755
   906    755
   907    755
   908    755
   909    755
   974    755
   975    755
   976    755
   977    755
   978    755
   981    755
   982    755
   983    755
   841    756
   842    756
   843    756
   900    756
   901    756
   902    756
   903    756
   904    756
   905    756
   906    756
   907    756
   908    756
   909    756
   945    756
   946    756
   947    756
   948    756
   949    756
   970    756
   971    756
   972    756
   973    756
   974    756
   975    756
   976    756
   977    756
   978    756
   979    756
   980    756
   844    757
   845    757
   846    757
   847    757
   848    757
   900    757
   901    757
   902    757
   903    757
   904    757
   905    757
   906    757
   907    757
   908    757
   909    757
   951    757
   952    757
   953    757
   954    757
   955    757
   959    757
   960    757
   961    757
   966    757
   967    757
   968    757
   969    757
   970    757
   971    757
   972    757
   973    757
   974    757
   975    757
   976    757
   841    758
   842    758
   843    758
   850    758
   851    758
   852    758
   900    758
   901    758
   902    758
   903    758
   904    758
   905    758
   906    758
   907    758
   908    758
   909    758
   939    758
   940    758
   941    758
   942    758
   948    758
   949    758
   950    758
   951    758
   952    758
   953    758
   954    758
   955    758
   956    758
   957    758
   962    758
   963    758
   964    758
   965    758
   966    758
   967    758
   968    758
   969    758
   970    758
   971    758
   972    758
   973    758
   979    758
   980    758
   845    759
   846    759
   847    759
   853    759
   854    759
   855    759
   900    759
   901    759
   902    759
   903    759
   904    759
   905    759
   906    759
   907    759
   908    759
   909    759
   935    759
   936    759
   937    759
   943    759
   944    759
   945    759
   946    759
   947    759
   948    759
   949    759
   950    759
   951    759
   952    759
   953    759
   959    759
   960    759
   961    759
   962    759
   963    759
   964    759
   965    759
   966    759
   967    759
   968    759
   969    759
   970    759
   976    759
   977    759
   978    759
   848    760
   849    760
   850    760
   857    760
   858    760
   859    760
   900    760
   901    760
   902    760
   903    760
   904    760
   905    760
   906    760
   907    760
   908    760
   940    760
   941    760
   942    760
   943    760
   944    760
   945    760
   946    760
   947    760
   948    760
   949    760
   956    760
   957    760
   958    760
   959    760
   960    760
   961    760
   962    760
   963    760
   964    760
   965    760
   966    760
   972    760
   973    760
   974    760
   975    760
   851    761
   852    761
   853    761
   859    761
   860    761
   861    761
   899    761
   900    761
   901    761
   902    761
   903    761
   904    761
   905    761
   906    761
   907    761
   908    761
   909    761
   936    761
   937    761
   938    761
   939    761
   940    761
   941    761
   942    761
   943    761
   944    761
   945    761
   946    761
   951    761
   952    761
   953    761
   954    761
   955    761
   956    761
   957    761
   958    761
   959    761
   960    761
   961    761
   962    761
   963    761
   969    761
   970    761
   971    761
   972    761
   973    761
   854    762
   855    762
   856    762
   857    762
   862    762
   863    762
   864    762
   865    762
   899    762
   900    762
   901    762
   902    762
   903    762
   904    762
   905    762
   906    762
   907    762
   908    762
   933    762
   934    762
   935    762
   936    762
   937    762
   938    762
   939    762
   940    762
   941    762
   942    762
   943    762
   949    762
   950    762
   951    762
   952    762
   953    762
   954    762
   955    762
   956    762
   957    762
   958    762
   959    762
   960    762
   966    762
   967    762
   968    762
   969    762
   970    762
   857    763
   858    763
   859    763
   860    763
   864    763
   865    763
   866    763
   867    763
   899    763
   900    763
   901    763
   902    763
   903    763
   904    763
   905    763
   906    763
   907    763
   908    763
   929    763
   930    763
   931    763
   932    763
   933    763
   934    763
   935    763
   936    763
   937    763
   938    763
   939    763
   945    763
   946    763
   947    763
   948    763
   949    763
   950    763
   951    763
   952    763
   953    763
   954    763
   955    763
   956    763
   957    763
   963    763
   964    763
   965    763
   966    763
   967    763
   972    763
   859    764
   860    764
   861    764
   862    764
   866    764
   867    764
   868    764
   869    764
   870    764
   899    764
   900    764
   901    764
   902    764
   903    764
   904    764
   905    764
   906    764
   907    764
   908    764
   926    764
   927    764
   928    764
   929    764
   930    764
   931    764
   932    764
   933    764
   934    764
   935    764
   936    764
   942    764
   943    764
   944    764
   945    764
   946    764
   947    764
   952    764
   953    764
   954    764
   960    764
   961    764
   962    764
   963    764
   964    764
   969    764
   970    764
   862    765
   863    765
   864    765
   865    765
   866    765
   867    765
   868    765
   869    765
   870    765
   871    765
   872    765
   873    765
   899    765
   900    765
   901    765
   902    765
   903    765
   904    765
   905    765
   906    765
   907    765
   908    765
   923    765
   924    765
   925    765
   926    765
   927    765
   928    765
   929    765
   930    765
   931    765
   932    765
   933    765
   940    765
   941    765
   942    765
   943    765
   944    765
   945    765
   950    765
   951    765
   958    765
   959    765
   960    765
   961    765
   962    765
   963    765
   966    765
   967    765
   865    766
   866    766
   867    766
   868    766
   869    766
   870    766
   871    766
   872    766
   873    766
   874    766
   875    766
   898    766
   899    766
   900    766
   901    766
   902    766
   903    766
   904    766
   905    766
   906    766
   907    766
   908    766
   922    766
   923    766
   924    766
   925    766
   926    766
   927    766
   928    766
   929    766
   930    766
   931    766
   937    766
   938    766
   939    766
   940    766
   941    766
   942    766
   943    766
   944    766
   945    766
   946    766
   947    766
   948    766
   955    766
   956    766
   957    766
   958    766
   959    766
   960    766
   961    766
   962    766
   963    766
   964    766
   965    766
   867    767
   868    767
   869    767
   870    767
   871    767
   872    767
   873    767
   874    767
   875    767
   876    767
   877    767
   898    767
   899    767
   900    767
   901    767
   902    767
   903    767
   904    767
   905    767
   906    767
   907    767
   908    767
   922    767
   923    767
   924    767
   925    767
   926    767
   927    767
   928    767
   934    767
   935    767
   936    767
   937    767
   938    767
   939    767
   940    767
   941    767
   942    767
   943    767
   944    767
   945    767
   946    767
   959    767
   960    767
   961    767
   962    767
   869    768
   870    768
   871    768
   872    768
   873    768
   874    768
   875    768
   876    768
   877    768
   878    768
   879    768
   880    768
   898    768
   899    768
   900    768
   901    768
   902    768
   903    768
   904    768
   905    768
   906    768
   907    768
   908    768
   933    768
   934    768
   935    768
   936    768
   937    768
   938    768
   939    768
   940    768
   942    768
   943    768
   871    769
   872    769
   873    769
   874    769
   875    769
   876    769
   877    769
   878    769
   879    769
   880    769
   881    769
   882    769
   898    769
   899    769
   900    769
   901    769
   902    769
   903    769
   904    769
   905    769
   906    769
   907    769
   908    769
   930    769
   931    769
   932    769
   933    769
   934    769
   935    769
   936    769
   937    769
   938    769
   941    769
   873    770
   874    770
   875    770
   876    770
   877    770
   878    770
   879    770
   880    770
   881    770
   882    770
   883    770
   884    770
   898    770
   899    770
   900    770
   901    770
   902    770
   903    770
   904    770
   905    770
   906    770
   907    770
   908    770
   928    770
   929    770
   930    770
   931    770
   932    770
   933    770
   934    770
   935    770
   936    770
   937    770
   938    770
   939    770
   875    771
   876    771
   877    771
   878    771
   879    771
   880    771
   881    771
   882    771
   883    771
   884    771
   885    771
   886    771
   898    771
   899    771
   900    771
   901    771
   902    771
   903    771
   904    771
   905    771
   906    771
   907    771
   908    771
   926    771
   927    771
   928    771
   929    771
   930    771
   931    771
   932    771
   933    771
   934    771
   935    771
   936    771
   937    771
   876    772
   877    772
   878    772
   879    772
   880    772
   881    772
   882    772
   883    772
   884    772
   885    772
   886    772
   887    772
   888    772
   898    772
   899    772
   900    772
   901    772
   902    772
   903    772
   904    772
   905    772
   906    772
   907    772
   908    772
   924    772
   925    772
   926    772
   927    772
   928    772
   929    772
   930    772
   931    772
   932    772
   933    772
   934    772
   935    772
   877    773
   878    773
   879    773
   880    773
   881    773
   882    773
   883    773
   884    773
   885    773
   886    773
   887    773
   888    773
   897    773
   898    773
   899    773
   900    773
   901    773
   902    773
   903    773
   904    773
   905    773
   906    773
   907    773
   908    773
   922    773
   923    773
   924    773
   925    773
   926    773
   927    773
   928    773
   929    773
   930    773
   931    773
   932    773
   933    773
   879    774
   880    774
   881    774
   882    774
   883    774
   884    774
   885    774
   886    774
   887    774
   888    774
   889    774
   890    774
   897    774
   898    774
   899    774
   900    774
   901    774
   902    774
   903    774
   904    774
   905    774
   906    774
   907    774
   908    774
   920    774
   921    774
   922    774
   923    774
   924    774
   925    774
   926    774
   927    774
   928    774
   929    774
   930    774
   931    774
   880    775
   881    775
   882    775
   883    775
   884    775
   885    775
   886    775
   887    775
   888    775
   889    775
   890    775
   891    775
   897    775
   898    775
   899    775
   900    775
   901    775
   902    775
   903    775
   904    775
   905    775
   906    775
   907    775
   918    775
   919    775
   920    775
   921    775
   922    775
   923    775
   924    775
   925    775
   926    775
   927    775
   928    775
   929    775
   930    775
   881    776
   882    776
   883    776
   884    776
   885    776
   886    776
   887    776
   888    776
   889    776
   890    776
   891    776
   892    776
   893    776
   897    776
   898    776
   899    776
   900    776
   901    776
   902    776
   903    776
   904    776
   905    776
   906    776
   907    776
   908    776
   917    776
   918    776
   919    776
   920    776
   921    776
   922    776
   923    776
   924    776
   925    776
   926    776
   927    776
   928    776
   883    777
   884    777
   885    777
   886    777
   887    777
   888    777
   889    777
   890    777
   891    777
   892    777
   893    777
   894    777
   897    777
   898    777
   899    777
   900    777
   901    777
   902    777
   903    777
   904    777
   905    777
   906    777
   907    777
   908    777
   915    777
   916    777
   917    777
   918    777
   919    777
   920    777
   921    777
   922    777
   923    777
   924    777
   925    777
   926    777
   927    777
   884    778
   885    778
   886    778
   887    778
   888    778
   889    778
   890    778
   891    778
   892    778
   893    778
   894    778
   895    778
   897    778
   898    778
   899    778
   900    778
   901    778
   902    778
   903    778
   904    778
   905    778
   906    778
   907    778
   908    778
   914    778
   915    778
   916    778
   917    778
   918    778
   919    778
   920    778
   921    778
   922    778
   923    778
   924    778
   885    779
   886    779
   887    779
   888    779
   889    779
   890    779
   891    779
   892    779
   893    779
   894    779
   895    779
   896    779
   897    779
   898    779
   899    779
   900    779
   901    779
   902    779
   903    779
   904    779
   905    779
   906    779
   907    779
   908    779
   912    779
   913    779
   914    779
   915    779
   916    779
   917    779
   918    779
   919    779
   920    779
   921    779
   922    779
   923    779
   924    779
   886    780
   887    780
   888    780
   889    780
   890    780
   891    780
   892    780
   893    780
   894    780
   895    780
   896    780
   897    780
   898    780
   899    780
   900    780
   901    780
   902    780
   903    780
   904    780
   905    780
   906    780
   907    780
   908    780
   911    780
   912    780
   913    780
   914    780
   915    780
   916    780
   917    780
   918    780
   919    780
   920    780
   921    780
   922    780
   884    781
   885    781
   886    781
   887    781
   888    781
   889    781
   890    781
   891    781
   892    781
   893    781
   894    781
   895    781
   896    781
   897    781
   898    781
   899    781
   900    781
   901    781
   902    781
   903    781
   904    781
   905    781
   906    781
   907    781
   908    781
   910    781
   911    781
   912    781
   913    781
   914    781
   915    781
   916    781
   917    781
   918    781
   919    781
   920    781
   921    781
   887    782
   888    782
   889    782
   890    782
   891    782
   892    782
   893    782
   894    782
   895    782
   896    782
   897    782
   898    782
   899    782
   900    782
   901    782
   902    782
   903    782
   904    782
   905    782
   906    782
   907    782
   908    782
   909    782
   910    782
   911    782
   912    782
   913    782
   914    782
   915    782
   916    782
   917    782
   918    782
   919    782
   897    783
   898    783
   899    783
   900    783
   901    783
   902    783
   903    783
   904    783
   905    783
   906    783
   907    783
   908    783
   909    783
   910    783
   911    783
   912    783
   913    783
   914    783
   915    783
   916    783
   917    783
   918    783
   895    784
   896    784
   897    784
   898    784
   899    784
   900    784
   901    784
   902    784
   903    784
   904    784
   905    784
   906    784
   907    784
   908    784
   909    784
   910    784
   911    784
   912    784
   913    784
   914    784
   915    784
   916    784
   917    784
   918    784
   897    785
   898    785
   899    785
   900    785
   901    785
   903    785
   904    785
   905    785
   906    785
   907    785
   912    785
   913    785
   914    785
