  1120    730
  1121    730
  1122    730
  1123    730
  1124    730
  1125    730
  1126    730
  1127    730
  1128    730
  1129    730
  1130    730
  1131    730
  1132    730
  1133    730
  1134    730
  1135    730
  1136    730
  1112    731
  1113    731
  1114    731
  1115    731
  1116    731
  1117    731
  1118    731
  1119    731
  1120    731
  1121    731
  1122    731
  1123    731
  1124    731
  1125    731
  1126    731
  1127    731
  1128    731
  1129    731
  1130    731
  1131    731
  1132    731
  1133    731
  1134    731
  1135    731
  1136    731
  1102    732
  1103    732
  1104    732
  1105    732
  1106    732
  1107    732
  1108    732
  1109    732
  1110    732
  1111    732
  1112    732
  1113    732
  1114    732
  1115    732
  1116    732
  1117    732
  1118    732
  1119    732
  1120    732
  1121    732
  1122    732
  1123    732
  1125    732
  1126    732
  1127    732
  1128    732
  1129    732
  1130    732
  1131    732
  1132    732
  1133    732
  1134    732
  1135    732
  1096    733
  1097    733
  1098    733
  1102    733
  1103    733
  1104    733
  1106    733
  1107    733
  1108    733
  1109    733
  1110    733
  1111    733
  1112    733
  1113    733
  1114    733
  1115    733
  1116    733
  1118    733
  1119    733
  1120    733
  1125    733
  1126    733
  1090    734
  1091    734
  1092    734
  1093    734
  1095    734
  1096    734
  1097    734
  1098    734
  1099    734
  1100    734
  1101    734
  1102    734
  1106    734
  1107    734
  1108    734
  1112    734
  1113    734
  1114    734
  1088    735
  1089    735
  1090    735
  1091    735
  1092    735
  1093    735
  1094    735
  1095    735
  1096    735
  1097    735
  1101    735
  1102    735
  1103    735
   908    736
   909    736
  1085    736
  1086    736
  1087    736
  1088    736
  1093    736
  1094    736
   908    737
   909    737
   910    737
  1069    737
  1070    737
  1071    737
  1072    737
  1080    737
  1081    737
  1082    737
  1084    737
  1085    737
  1086    737
  1087    737
  1088    737
   908    738
   909    738
   910    738
  1060    738
  1061    738
  1062    738
  1063    738
  1064    738
  1065    738
  1066    738
  1067    738
  1068    738
  1069    738
  1070    738
  1071    738
  1074    738
  1075    738
  1076    738
  1080    738
  1081    738
  1082    738
  1088    738
  1089    738
   907    739
   908    739
   909    739
   910    739
  1054    739
  1055    739
  1056    739
  1057    739
  1058    739
  1059    739
  1060    739
  1061    739
  1062    739
  1063    739
  1068    739
  1069    739
  1070    739
  1071    739
  1072    739
  1073    739
  1074    739
  1075    739
   907    740
   908    740
   909    740
   910    740
   911    740
  1048    740
  1049    740
  1050    740
  1051    740
  1052    740
  1053    740
  1054    740
  1055    740
  1056    740
  1062    740
  1063    740
  1064    740
  1065    740
  1066    740
  1067    740
  1068    740
  1069    740
  1075    740
  1076    740
   907    741
   908    741
   909    741
   910    741
   911    741
  1044    741
  1045    741
  1046    741
  1048    741
  1049    741
  1050    741
  1051    741
  1057    741
  1058    741
  1059    741
  1060    741
  1061    741
  1062    741
  1063    741
  1064    741
  1070    741
  1071    741
  1072    741
   907    742
   908    742
   909    742
   910    742
   911    742
  1037    742
  1038    742
  1039    742
  1040    742
  1041    742
  1042    742
  1043    742
  1044    742
  1045    742
  1046    742
  1052    742
  1053    742
  1054    742
  1055    742
  1056    742
  1057    742
  1058    742
  1059    742
  1066    742
  1070    742
  1071    742
  1072    742
  1073    742
   906    743
   907    743
   908    743
   909    743
   910    743
   911    743
  1031    743
  1032    743
  1033    743
  1034    743
  1035    743
  1036    743
  1037    743
  1038    743
  1039    743
  1044    743
  1045    743
  1046    743
  1051    743
  1052    743
  1058    743
  1059    743
  1060    743
  1061    743
   906    744
   907    744
   908    744
   909    744
   910    744
   911    744
  1027    744
  1028    744
  1029    744
  1030    744
  1031    744
  1032    744
  1033    744
  1034    744
  1040    744
  1041    744
  1042    744
  1053    744
  1054    744
  1055    744
   905    745
   906    745
   907    745
   908    745
   909    745
   910    745
   911    745
  1035    745
  1036    745
  1037    745
  1038    745
  1039    745
  1040    745
  1042    745
   905    746
   906    746
   907    746
   908    746
   909    746
   910    746
  1030    746
  1031    746
  1032    746
  1033    746
  1034    746
  1035    746
  1036    746
  1037    746
  1038    746
   905    747
   906    747
   907    747
   908    747
   909    747
   910    747
   911    747
  1000    747
  1001    747
  1024    747
  1025    747
  1026    747
  1027    747
  1028    747
  1029    747
  1030    747
  1031    747
  1032    747
  1033    747
   905    748
   906    748
   907    748
   908    748
   909    748
   910    748
   911    748
  1005    748
  1006    748
  1007    748
  1008    748
  1009    748
  1010    748
  1011    748
  1012    748
  1013    748
  1014    748
  1026    748
  1027    748
  1034    748
  1035    748
  1036    748
  1037    748
   905    749
   906    749
   907    749
   908    749
   909    749
   910    749
   998    749
   999    749
  1000    749
  1001    749
  1002    749
  1003    749
  1004    749
  1005    749
  1006    749
  1007    749
  1008    749
  1014    749
  1015    749
  1019    749
  1020    749
  1021    749
  1022    749
  1029    749
  1030    749
   904    750
   905    750
   906    750
   907    750
   908    750
   909    750
   910    750
   992    750
   993    750
   994    750
   995    750
   998    750
   999    750
  1000    750
  1006    750
  1007    750
  1008    750
  1009    750
  1010    750
  1011    750
  1012    750
  1013    750
  1014    750
  1015    750
  1023    750
  1024    750
  1025    750
   904    751
   905    751
   906    751
   907    751
   908    751
   909    751
   910    751
   987    751
   988    751
   993    751
   994    751
   995    751
  1001    751
  1002    751
  1003    751
  1004    751
  1005    751
  1006    751
  1007    751
  1008    751
  1009    751
  1010    751
  1017    751
  1018    751
  1019    751
  1020    751
   903    752
   904    752
   905    752
   906    752
   907    752
   908    752
   909    752
   910    752
   981    752
   982    752
   983    752
   984    752
   987    752
   988    752
   989    752
   990    752
   996    752
   997    752
   998    752
   999    752
  1000    752
  1001    752
  1002    752
  1003    752
  1004    752
  1005    752
  1012    752
  1013    752
  1014    752
   903    753
   904    753
   905    753
   906    753
   907    753
   908    753
   909    753
   975    753
   976    753
   977    753
   978    753
   979    753
   980    753
   981    753
   982    753
   983    753
   984    753
   985    753
   991    753
   992    753
   997    753
   998    753
   999    753
  1000    753
  1007    753
  1008    753
  1009    753
  1014    753
  1015    753
  1016    753
   903    754
   904    754
   905    754
   906    754
   907    754
   908    754
   909    754
   969    754
   970    754
   971    754
   972    754
   973    754
   974    754
   975    754
   976    754
   977    754
   978    754
   979    754
   985    754
   986    754
   987    754
   988    754
   994    754
  1000    754
  1001    754
  1002    754
  1003    754
  1004    754
  1005    754
  1007    754
  1008    754
  1009    754
  1010    754
   903    755
   904    755
   905    755
   906    755
   907    755
   908    755
   909    755
   979    755
   980    755
   981    755
   982    755
   983    755
   984    755
  1003    755
  1004    755
  1005    755
   903    756
   904    756
   905    756
   906    756
   907    756
   908    756
   909    756
   976    756
   977    756
   978    756
   979    756
   980    756
   981    756
   982    756
   983    756
   984    756
   985    756
   986    756
   902    757
   903    757
   904    757
   905    757
   906    757
   907    757
   908    757
   909    757
   947    757
   948    757
   971    757
   972    757
   973    757
   974    757
   975    757
   976    757
   977    757
   978    757
   979    757
   980    757
   981    757
   902    758
   903    758
   904    758
   905    758
   906    758
   907    758
   908    758
   909    758
   944    758
   945    758
   946    758
   952    758
   953    758
   954    758
   955    758
   956    758
   957    758
   958    758
   959    758
   960    758
   961    758
   962    758
   968    758
   969    758
   970    758
   971    758
   972    758
   973    758
   974    758
   975    758
   976    758
   977    758
   978    758
   979    758
   902    759
   903    759
   904    759
   905    759
   906    759
   907    759
   908    759
   909    759
   949    759
   950    759
   951    759
   952    759
   953    759
   954    759
   955    759
   956    759
   957    759
   958    759
   959    759
   964    759
   965    759
   966    759
   967    759
   969    759
   970    759
   971    759
   972    759
   973    759
   974    759
   975    759
   982    759
   983    759
   984    759
   902    760
   903    760
   904    760
   905    760
   906    760
   907    760
   908    760
   909    760
   945    760
   946    760
   947    760
   948    760
   949    760
   950    760
   951    760
   952    760
   953    760
   954    760
   955    760
   960    760
   961    760
   962    760
   963    760
   964    760
   965    760
   966    760
   967    760
   968    760
   969    760
   970    760
   971    760
   978    760
   979    760
   980    760
   981    760
   902    761
   903    761
   904    761
   905    761
   906    761
   907    761
   908    761
   909    761
   932    761
   933    761
   934    761
   935    761
   942    761
   943    761
   944    761
   945    761
   946    761
   947    761
   948    761
   949    761
   950    761
   951    761
   957    761
   958    761
   959    761
   960    761
   961    761
   962    761
   963    761
   964    761
   965    761
   966    761
   967    761
   968    761
   974    761
   975    761
   976    761
   977    761
   978    761
   901    762
   902    762
   903    762
   904    762
   905    762
   906    762
   907    762
   908    762
   909    762
   929    762
   930    762
   931    762
   938    762
   939    762
   940    762
   941    762
   942    762
   943    762
   944    762
   945    762
   946    762
   947    762
   954    762
   955    762
   956    762
   957    762
   958    762
   959    762
   960    762
   961    762
   962    762
   963    762
   964    762
   965    762
   971    762
   972    762
   973    762
   974    762
   975    762
   976    762
   979    762
   980    762
   981    762
   901    763
   902    763
   903    763
   904    763
   905    763
   906    763
   907    763
   908    763
   909    763
   934    763
   935    763
   936    763
   937    763
   938    763
   939    763
   940    763
   941    763
   942    763
   943    763
   944    763
   951    763
   952    763
   953    763
   954    763
   955    763
   956    763
   957    763
   958    763
   959    763
   960    763
   961    763
   962    763
   969    763
   970    763
   971    763
   972    763
   973    763
   974    763
   977    763
   978    763
   901    764
   902    764
   903    764
   904    764
   905    764
   906    764
   907    764
   908    764
   931    764
   932    764
   933    764
   934    764
   935    764
   936    764
   937    764
   938    764
   939    764
   940    764
   941    764
   948    764
   949    764
   950    764
   951    764
   952    764
   953    764
   954    764
   955    764
   956    764
   957    764
   958    764
   959    764
   966    764
   967    764
   968    764
   969    764
   970    764
   974    764
   975    764
   901    765
   902    765
   903    765
   904    765
   905    765
   906    765
   907    765
   908    765
   928    765
   929    765
   930    765
   931    765
   932    765
   933    765
   934    765
   935    765
   936    765
   937    765
   938    765
   945    765
   946    765
   947    765
   948    765
   949    765
   950    765
   951    765
   952    765
   953    765
   954    765
   955    765
   956    765
   963    765
   964    765
   965    765
   966    765
   967    765
   968    765
   971    765
   972    765
   973    765
   900    766
   901    766
   902    766
   903    766
   904    766
   905    766
   906    766
   907    766
   908    766
   925    766
   926    766
   927    766
   928    766
   929    766
   930    766
   931    766
   932    766
   933    766
   934    766
   935    766
   942    766
   943    766
   944    766
   945    766
   946    766
   947    766
   948    766
   949    766
   950    766
   951    766
   952    766
   960    766
   961    766
   962    766
   963    766
   964    766
   965    766
   966    766
   967    766
   968    766
   969    766
   970    766
   900    767
   901    767
   902    767
   903    767
   904    767
   905    767
   906    767
   907    767
   908    767
   922    767
   923    767
   924    767
   925    767
   926    767
   927    767
   928    767
   929    767
   930    767
   931    767
   932    767
   939    767
   940    767
   941    767
   942    767
   943    767
   944    767
   945    767
   948    767
   949    767
   950    767
   957    767
   958    767
   959    767
   960    767
   961    767
   962    767
   963    767
   964    767
   965    767
   966    767
   967    767
   900    768
   901    768
   902    768
   903    768
   904    768
   905    768
   906    768
   907    768
   908    768
   924    768
   925    768
   926    768
   927    768
   928    768
   929    768
   936    768
   937    768
   938    768
   939    768
   940    768
   941    768
   942    768
   943    768
   944    768
   946    768
   947    768
   948    768
   954    768
   955    768
   956    768
   963    768
   964    768
   965    768
   899    769
   900    769
   901    769
   902    769
   903    769
   904    769
   905    769
   906    769
   907    769
   908    769
   924    769
   925    769
   934    769
   935    769
   936    769
   937    769
   938    769
   939    769
   940    769
   941    769
   942    769
   944    769
   945    769
   946    769
   961    769
   962    769
   899    770
   900    770
   901    770
   902    770
   903    770
   904    770
   905    770
   906    770
   907    770
   908    770
   932    770
   933    770
   934    770
   935    770
   936    770
   937    770
   938    770
   939    770
   940    770
   941    770
   942    770
   943    770
   899    771
   900    771
   901    771
   902    771
   903    771
   904    771
   905    771
   906    771
   907    771
   908    771
   930    771
   931    771
   932    771
   933    771
   934    771
   935    771
   936    771
   937    771
   938    771
   939    771
   940    771
   941    771
   899    772
   900    772
   901    772
   902    772
   903    772
   904    772
   905    772
   906    772
   907    772
   908    772
   928    772
   929    772
   930    772
   931    772
   932    772
   933    772
   934    772
   935    772
   936    772
   937    772
   938    772
   939    772
   899    773
   900    773
   901    773
   902    773
   903    773
   904    773
   905    773
   906    773
   907    773
   908    773
   926    773
   927    773
   928    773
   929    773
   930    773
   931    773
   932    773
   933    773
   934    773
   935    773
   936    773
   937    773
   899    774
   900    774
   901    774
   902    774
   903    774
   904    774
   905    774
   906    774
   907    774
   908    774
   924    774
   925    774
   926    774
   927    774
   928    774
   929    774
   930    774
   931    774
   932    774
   933    774
   934    774
   935    774
   899    775
   900    775
   901    775
   902    775
   903    775
   904    775
   905    775
   906    775
   907    775
   908    775
   923    775
   924    775
   925    775
   926    775
   927    775
   928    775
   929    775
   930    775
   931    775
   932    775
   933    775
   898    776
   899    776
   900    776
   901    776
   902    776
   903    776
   904    776
   905    776
   906    776
   907    776
   908    776
   920    776
   921    776
   922    776
   923    776
   924    776
   925    776
   926    776
   927    776
   928    776
   929    776
   930    776
   931    776
   932    776
   898    777
   899    777
   900    777
   901    777
   902    777
   903    777
   904    777
   905    777
   906    777
   907    777
   908    777
   918    777
   919    777
   920    777
   921    777
   922    777
   923    777
   924    777
   925    777
   926    777
   927    777
   928    777
   929    777
   930    777
   898    778
   899    778
   900    778
   901    778
   902    778
   903    778
   904    778
   905    778
   906    778
   907    778
   908    778
   917    778
   918    778
   919    778
   920    778
   921    778
   922    778
   923    778
   924    778
   925    778
   926    778
   927    778
   928    778
   898    779
   899    779
   900    779
   901    779
   902    779
   903    779
   904    779
   905    779
   906    779
   907    779
   908    779
   915    779
   916    779
   917    779
   918    779
   919    779
   920    779
   921    779
   922    779
   923    779
   924    779
   925    779
   926    779
   927    779
   898    780
   899    780
   900    780
   901    780
   902    780
   903    780
   904    780
   905    780
   906    780
   907    780
   908    780
   914    780
   915    780
   916    780
   917    780
   918    780
   919    780
   920    780
   921    780
   922    780
   923    780
   924    780
   925    780
   898    781
   899    781
   900    781
   901    781
   902    781
   903    781
   904    781
   905    781
   906    781
   907    781
   908    781
   913    781
   914    781
   915    781
   916    781
   917    781
   918    781
   919    781
   920    781
   921    781
   922    781
   923    781
   924    781
   898    782
   899    782
   900    782
   901    782
   902    782
   903    782
   904    782
   905    782
   906    782
   907    782
   912    782
   913    782
   914    782
   915    782
   916    782
   917    782
   918    782
   919    782
   920    782
   921    782
   922    782
   923    782
   899    783
   900    783
   901    783
   902    783
   903    783
   904    783
   905    783
   906    783
   907    783
   912    783
   913    783
   914    783
   915    783
   916    783
   917    783
   918    783
   919    783
   920    783
   921    783
   913    784
   914    784
   915    784
   916    784
   917    784
   918    784
   920    784
