   907    704
   908    704
   909    704
   908    705
   909    705
   908    706
   909    706
   910    706
   907    707
   908    707
   909    707
   910    707
   907    708
   908    708
   909    708
   910    708
   911    708
   906    709
   907    709
   908    709
   909    709
   910    709
   911    709
   907    710
   908    710
   909    710
   910    710
   911    710
   907    711
   908    711
   909    711
   910    711
   911    711
   906    712
   907    712
   908    712
   909    712
   910    712
   911    712
   906    713
   907    713
   908    713
   909    713
   910    713
   911    713
   906    714
   907    714
   908    714
   909    714
   910    714
   911    714
   906    715
   907    715
   908    715
   909    715
   910    715
   911    715
   906    716
   907    716
   908    716
   909    716
   910    716
   911    716
   907    717
   908    717
   909    717
   910    717
   911    717
   912    717
   906    718
   907    718
   908    718
   909    718
   910    718
   911    718
   906    719
   907    719
   908    719
   909    719
   910    719
   911    719
   905    720
   906    720
   907    720
   908    720
   909    720
   910    720
   911    720
   912    720
   905    721
   906    721
   907    721
   908    721
   909    721
   910    721
   911    721
   905    722
   906    722
   907    722
   908    722
   909    722
   910    722
   911    722
   905    723
   906    723
   907    723
   908    723
   909    723
   910    723
   911    723
   905    724
   906    724
   907    724
   908    724
   909    724
   910    724
   911    724
   905    725
   906    725
   907    725
   908    725
   909    725
   910    725
   911    725
   905    726
   906    726
   907    726
   908    726
   909    726
   910    726
   911    726
   905    727
   906    727
   907    727
   908    727
   909    727
   910    727
   911    727
   906    728
   907    728
   908    728
   909    728
   910    728
   911    728
   905    729
   906    729
   907    729
   908    729
   909    729
   910    729
   911    729
  1130    729
  1131    729
  1133    729
  1134    729
   905    730
   906    730
   907    730
   908    730
   909    730
   910    730
   911    730
  1123    730
  1124    730
  1125    730
  1126    730
  1127    730
  1128    730
  1129    730
  1130    730
  1131    730
  1132    730
  1133    730
  1134    730
  1135    730
  1136    730
   905    731
   906    731
   907    731
   908    731
   909    731
   910    731
   911    731
  1116    731
  1117    731
  1118    731
  1119    731
  1120    731
  1121    731
  1122    731
  1123    731
  1124    731
  1125    731
  1126    731
  1127    731
  1128    731
  1129    731
  1130    731
  1131    731
  1132    731
  1133    731
  1134    731
  1135    731
  1136    731
   905    732
   906    732
   907    732
   908    732
   909    732
   910    732
   911    732
  1104    732
  1105    732
  1106    732
  1107    732
  1108    732
  1109    732
  1110    732
  1111    732
  1112    732
  1113    732
  1114    732
  1115    732
  1116    732
  1117    732
  1118    732
  1119    732
  1120    732
  1121    732
  1122    732
  1123    732
  1124    732
  1125    732
  1126    732
  1127    732
  1128    732
  1129    732
  1130    732
  1131    732
  1134    732
  1135    732
   905    733
   906    733
   907    733
   908    733
   909    733
   910    733
   911    733
  1099    733
  1100    733
  1106    733
  1107    733
  1108    733
  1109    733
  1110    733
  1111    733
  1112    733
  1113    733
  1114    733
  1115    733
  1116    733
  1117    733
  1121    733
  1122    733
  1123    733
  1124    733
  1125    733
  1126    733
  1127    733
  1128    733
  1129    733
   904    734
   905    734
   906    734
   907    734
   908    734
   909    734
   910    734
   911    734
  1092    734
  1093    734
  1094    734
  1096    734
  1097    734
  1100    734
  1101    734
  1102    734
  1103    734
  1104    734
  1109    734
  1110    734
  1111    734
  1112    734
  1115    734
  1116    734
  1117    734
   905    735
   906    735
   907    735
   908    735
   909    735
   910    735
   911    735
  1090    735
  1091    735
  1092    735
  1093    735
  1094    735
  1095    735
   904    736
   905    736
   906    736
   907    736
   908    736
   909    736
   910    736
   911    736
  1088    736
  1089    736
  1090    736
   904    737
   905    737
   906    737
   907    737
   908    737
   909    737
   910    737
   911    737
  1082    737
  1083    737
  1084    737
  1085    737
  1086    737
  1087    737
  1088    737
  1089    737
  1090    737
  1091    737
   904    738
   905    738
   906    738
   907    738
   908    738
   909    738
   910    738
   911    738
  1063    738
  1064    738
  1065    738
  1066    738
  1067    738
  1068    738
  1069    738
  1070    738
  1071    738
  1072    738
  1077    738
  1078    738
  1081    738
  1082    738
  1083    738
  1084    738
   904    739
   905    739
   906    739
   907    739
   908    739
   909    739
   910    739
   911    739
  1056    739
  1057    739
  1058    739
  1059    739
  1060    739
  1061    739
  1062    739
  1063    739
  1064    739
  1069    739
  1070    739
  1071    739
  1072    739
  1073    739
  1076    739
  1077    739
  1084    739
  1085    739
  1086    739
   904    740
   905    740
   906    740
   907    740
   908    740
   909    740
   910    740
   911    740
  1051    740
  1052    740
  1056    740
  1057    740
  1058    740
  1059    740
  1064    740
  1065    740
  1066    740
  1067    740
  1068    740
  1069    740
  1070    740
  1071    740
  1072    740
  1077    740
  1078    740
  1079    740
   904    741
   905    741
   906    741
   907    741
   908    741
   909    741
   910    741
   911    741
  1045    741
  1046    741
  1047    741
  1049    741
  1050    741
  1051    741
  1052    741
  1053    741
  1054    741
  1060    741
  1061    741
  1062    741
  1063    741
  1064    741
  1065    741
  1066    741
  1067    741
  1073    741
  1074    741
  1080    741
   904    742
   905    742
   906    742
   907    742
   908    742
   909    742
   910    742
   911    742
  1038    742
  1039    742
  1040    742
  1041    742
  1042    742
  1043    742
  1044    742
  1045    742
  1046    742
  1053    742
  1054    742
  1055    742
  1056    742
  1057    742
  1058    742
  1059    742
  1060    742
  1061    742
  1068    742
  1069    742
  1073    742
  1074    742
  1075    742
   904    743
   905    743
   906    743
   907    743
   908    743
   909    743
   910    743
   911    743
  1034    743
  1035    743
  1036    743
  1037    743
  1038    743
  1039    743
  1040    743
  1041    743
  1042    743
  1047    743
  1048    743
  1049    743
  1050    743
  1051    743
  1052    743
  1053    743
  1054    743
  1060    743
  1061    743
  1062    743
  1063    743
   903    744
   904    744
   905    744
   906    744
   907    744
   908    744
   909    744
   910    744
   911    744
  1028    744
  1029    744
  1030    744
  1031    744
  1032    744
  1033    744
  1034    744
  1035    744
  1036    744
  1037    744
  1043    744
  1044    744
  1056    744
  1057    744
   903    745
   904    745
   905    745
   906    745
   907    745
   908    745
   909    745
   910    745
   911    745
  1028    745
  1029    745
  1030    745
  1031    745
  1038    745
  1039    745
   903    746
   904    746
   905    746
   906    746
   907    746
   908    746
   909    746
   910    746
   911    746
  1031    746
  1032    746
  1033    746
  1034    746
  1035    746
  1036    746
  1039    746
   903    747
   904    747
   905    747
   906    747
   907    747
   908    747
   909    747
   910    747
   911    747
  1002    747
  1026    747
  1027    747
  1028    747
  1029    747
  1030    747
  1031    747
  1032    747
  1033    747
  1034    747
  1035    747
   903    748
   904    748
   905    748
   906    748
   907    748
   908    748
   909    748
   910    748
   911    748
  1007    748
  1008    748
  1009    748
  1010    748
  1012    748
  1013    748
  1014    748
  1015    748
  1016    748
  1020    748
  1021    748
  1026    748
  1027    748
  1028    748
  1029    748
  1030    748
   902    749
   903    749
   904    749
   905    749
   906    749
   907    749
   908    749
   909    749
   910    749
   911    749
  1000    749
  1001    749
  1002    749
  1003    749
  1004    749
  1005    749
  1006    749
  1007    749
  1008    749
  1009    749
  1010    749
  1016    749
  1017    749
  1018    749
  1021    749
  1022    749
  1023    749
  1024    749
  1025    749
  1031    749
  1032    749
  1033    749
   902    750
   903    750
   904    750
   905    750
   906    750
   907    750
   908    750
   909    750
   910    750
   911    750
   994    750
   995    750
   996    750
   997    750
   998    750
   999    750
  1000    750
  1001    750
  1002    750
  1003    750
  1008    750
  1009    750
  1010    750
  1011    750
  1012    750
  1013    750
  1014    750
  1015    750
  1016    750
  1017    750
  1018    750
  1025    750
  1026    750
  1027    750
  1028    750
  1030    750
  1031    750
  1032    750
  1033    750
   902    751
   903    751
   904    751
   905    751
   906    751
   907    751
   908    751
   909    751
   910    751
   989    751
   993    751
   994    751
   995    751
   996    751
   997    751
  1003    751
  1004    751
  1005    751
  1006    751
  1007    751
  1008    751
  1009    751
  1010    751
  1011    751
  1012    751
  1013    751
  1019    751
  1020    751
  1021    751
  1022    751
  1027    751
  1028    751
   901    752
   902    752
   903    752
   904    752
   905    752
   906    752
   907    752
   908    752
   909    752
   910    752
   983    752
   984    752
   985    752
   990    752
   991    752
   992    752
   998    752
   999    752
  1000    752
  1001    752
  1002    752
  1003    752
  1004    752
  1005    752
  1006    752
  1007    752
  1014    752
  1015    752
  1016    752
  1023    752
   901    753
   902    753
   903    753
   904    753
   905    753
   906    753
   907    753
   908    753
   909    753
   910    753
   977    753
   978    753
   979    753
   980    753
   981    753
   983    753
   984    753
   985    753
   986    753
   992    753
   993    753
   994    753
   995    753
   998    753
   999    753
  1000    753
  1001    753
  1002    753
  1010    753
  1011    753
   901    754
   902    754
   903    754
   904    754
   905    754
   906    754
   907    754
   908    754
   909    754
   971    754
   972    754
   973    754
   974    754
   975    754
   976    754
   978    754
   979    754
   980    754
   981    754
   986    754
   987    754
   988    754
   989    754
   996    754
   997    754
  1003    754
  1004    754
  1005    754
  1006    754
  1007    754
  1011    754
  1012    754
  1013    754
   901    755
   902    755
   903    755
   904    755
   905    755
   906    755
   907    755
   908    755
   909    755
   971    755
   972    755
   973    755
   974    755
   975    755
   976    755
   977    755
   983    755
   984    755
   985    755
   998    755
   999    755
  1000    755
  1001    755
  1002    755
  1003    755
  1006    755
  1007    755
   900    756
   901    756
   902    756
   903    756
   904    756
   905    756
   906    756
   907    756
   908    756
   909    756
   978    756
   979    756
   980    756
   986    756
   987    756
   988    756
   999    756
  1000    756
  1001    756
   837    757
   838    757
   900    757
   901    757
   902    757
   903    757
   904    757
   905    757
   906    757
   907    757
   908    757
   909    757
   974    757
   975    757
   976    757
   977    757
   978    757
   981    757
   982    757
   983    757
   984    757
   834    758
   841    758
   842    758
   843    758
   901    758
   902    758
   903    758
   904    758
   905    758
   906    758
   907    758
   908    758
   909    758
   945    758
   946    758
   947    758
   954    758
   955    758
   956    758
   957    758
   958    758
   959    758
   960    758
   961    758
   969    758
   970    758
   971    758
   972    758
   973    758
   974    758
   975    758
   976    758
   977    758
   978    758
   979    758
   980    758
   846    759
   847    759
   900    759
   901    759
   902    759
   903    759
   904    759
   905    759
   906    759
   907    759
   908    759
   909    759
   942    759
   943    759
   944    759
   945    759
   950    759
   951    759
   952    759
   953    759
   954    759
   955    759
   956    759
   957    759
   958    759
   959    759
   960    759
   966    759
   967    759
   968    759
   969    759
   970    759
   971    759
   972    759
   973    759
   974    759
   975    759
   976    759
   977    759
   985    759
   986    759
   849    760
   850    760
   851    760
   900    760
   901    760
   902    760
   903    760
   904    760
   905    760
   906    760
   907    760
   908    760
   909    760
   939    760
   940    760
   947    760
   948    760
   949    760
   950    760
   951    760
   952    760
   953    760
   954    760
   955    760
   956    760
   957    760
   963    760
   964    760
   965    760
   968    760
   969    760
   970    760
   971    760
   972    760
   973    760
   981    760
   982    760
   852    761
   853    761
   854    761
   855    761
   900    761
   901    761
   902    761
   903    761
   904    761
   905    761
   906    761
   907    761
   908    761
   909    761
   943    761
   944    761
   945    761
   946    761
   947    761
   948    761
   949    761
   950    761
   951    761
   952    761
   953    761
   960    761
   961    761
   962    761
   963    761
   964    761
   965    761
   966    761
   967    761
   968    761
   969    761
   976    761
   977    761
   978    761
   979    761
   985    761
   986    761
   848    762
   849    762
   850    762
   851    762
   853    762
   854    762
   855    762
   856    762
   857    762
   858    762
   859    762
   900    762
   901    762
   902    762
   903    762
   904    762
   905    762
   906    762
   907    762
   908    762
   909    762
   931    762
   932    762
   933    762
   934    762
   940    762
   941    762
   942    762
   943    762
   944    762
   945    762
   946    762
   947    762
   948    762
   949    762
   950    762
   956    762
   957    762
   958    762
   959    762
   960    762
   961    762
   962    762
   963    762
   964    762
   965    762
   966    762
   973    762
   974    762
   975    762
   976    762
   977    762
   978    762
   981    762
   982    762
   983    762
   851    763
   852    763
   853    763
   854    763
   855    763
   856    763
   857    763
   858    763
   859    763
   860    763
   861    763
   899    763
   900    763
   901    763
   902    763
   903    763
   904    763
   905    763
   906    763
   907    763
   908    763
   909    763
   936    763
   937    763
   938    763
   939    763
   940    763
   941    763
   942    763
   943    763
   944    763
   945    763
   946    763
   953    763
   954    763
   955    763
   956    763
   957    763
   958    763
   959    763
   960    763
   961    763
   962    763
   963    763
   964    763
   970    763
   971    763
   972    763
   973    763
   974    763
   975    763
   976    763
   978    763
   979    763
   980    763
   853    764
   854    764
   855    764
   856    764
   857    764
   858    764
   859    764
   860    764
   861    764
   862    764
   863    764
   864    764
   899    764
   900    764
   901    764
   902    764
   903    764
   904    764
   905    764
   906    764
   907    764
   908    764
   933    764
   934    764
   935    764
   936    764
   937    764
   938    764
   939    764
   940    764
   941    764
   942    764
   943    764
   949    764
   950    764
   951    764
   952    764
   953    764
   954    764
   955    764
   956    764
   957    764
   958    764
   959    764
   960    764
   967    764
   968    764
   969    764
   970    764
   971    764
   972    764
   976    764
   977    764
   856    765
   857    765
   858    765
   859    765
   860    765
   861    765
   862    765
   863    765
   864    765
   865    765
   866    765
   867    765
   899    765
   900    765
   901    765
   902    765
   903    765
   904    765
   905    765
   906    765
   907    765
   908    765
   930    765
   931    765
   932    765
   933    765
   934    765
   935    765
   936    765
   937    765
   938    765
   939    765
   940    765
   946    765
   947    765
   948    765
   949    765
   950    765
   951    765
   952    765
   953    765
   954    765
   955    765
   956    765
   957    765
   958    765
   965    765
   966    765
   967    765
   968    765
   969    765
   970    765
   972    765
   973    765
   974    765
   859    766
   860    766
   861    766
   862    766
   863    766
   864    766
   865    766
   866    766
   867    766
   868    766
   869    766
   899    766
   900    766
   901    766
   902    766
   903    766
   904    766
   905    766
   906    766
   907    766
   908    766
   909    766
   927    766
   928    766
   929    766
   930    766
   931    766
   932    766
   933    766
   934    766
   935    766
   936    766
   937    766
   943    766
   944    766
   945    766
   946    766
   947    766
   948    766
   949    766
   950    766
   951    766
   952    766
   953    766
   954    766
   955    766
   962    766
   963    766
   964    766
   965    766
   966    766
   967    766
   968    766
   969    766
   970    766
   971    766
   972    766
   861    767
   862    767
   863    767
   864    767
   865    767
   866    767
   867    767
   868    767
   869    767
   870    767
   871    767
   872    767
   899    767
   900    767
   901    767
   902    767
   903    767
   904    767
   905    767
   906    767
   907    767
   908    767
   924    767
   925    767
   926    767
   927    767
   928    767
   929    767
   930    767
   931    767
   932    767
   933    767
   934    767
   935    767
   941    767
   942    767
   943    767
   944    767
   945    767
   946    767
   947    767
   948    767
   949    767
   950    767
   951    767
   952    767
   959    767
   960    767
   961    767
   962    767
   963    767
   964    767
   965    767
   966    767
   967    767
   968    767
   969    767
   864    768
   865    768
   866    768
   867    768
   868    768
   869    768
   870    768
   871    768
   872    768
   873    768
   874    768
   898    768
   899    768
   900    768
   901    768
   902    768
   903    768
   904    768
   905    768
   906    768
   907    768
   908    768
   929    768
   930    768
   931    768
   932    768
   938    768
   939    768
   940    768
   941    768
   942    768
   943    768
   944    768
   945    768
   948    768
   949    768
   957    768
   958    768
   959    768
   965    768
   966    768
   967    768
   866    769
   867    769
   868    769
   869    769
   870    769
   871    769
   872    769
   873    769
   874    769
   875    769
   876    769
   898    769
   899    769
   900    769
   901    769
   902    769
   903    769
   904    769
   905    769
   906    769
   907    769
   908    769
   922    769
   923    769
   924    769
   925    769
   926    769
   927    769
   928    769
   935    769
   936    769
   937    769
   938    769
   939    769
   940    769
   941    769
   942    769
   943    769
   946    769
   947    769
   954    769
   955    769
   963    769
   964    769
   868    770
   869    770
   870    770
   871    770
   872    770
   873    770
   874    770
   875    770
   876    770
   877    770
   878    770
   879    770
   898    770
   899    770
   900    770
   901    770
   902    770
   903    770
   904    770
   905    770
   906    770
   907    770
   908    770
   934    770
   935    770
   936    770
   937    770
   938    770
   939    770
   940    770
   941    770
   942    770
   943    770
   956    770
   957    770
   958    770
   959    770
   960    770
   961    770
   870    771
   871    771
   872    771
   873    771
   874    771
   875    771
   876    771
   877    771
   878    771
   879    771
   880    771
   881    771
   898    771
   899    771
   900    771
   901    771
   902    771
   903    771
   904    771
   905    771
   906    771
   907    771
   908    771
   931    771
   932    771
   933    771
   934    771
   935    771
   936    771
   937    771
   938    771
   939    771
   941    771
   942    771
   943    771
   872    772
   873    772
   874    772
   875    772
   876    772
   877    772
   878    772
   879    772
   880    772
   881    772
   882    772
   883    772
   898    772
   899    772
   900    772
   901    772
   902    772
   903    772
   904    772
   905    772
   906    772
   907    772
   908    772
   929    772
   930    772
   931    772
   932    772
   933    772
   934    772
   935    772
   936    772
   937    772
   938    772
   873    773
   874    773
   875    773
   876    773
   877    773
   878    773
   879    773
   880    773
   881    773
   882    773
   883    773
   884    773
   885    773
   898    773
   899    773
   900    773
   901    773
   902    773
   903    773
   904    773
   905    773
   906    773
   907    773
   908    773
   927    773
   928    773
   929    773
   930    773
   931    773
   932    773
   933    773
   934    773
   935    773
   936    773
   937    773
   938    773
   875    774
   876    774
   877    774
   878    774
   879    774
   880    774
   881    774
   882    774
   883    774
   884    774
   885    774
   886    774
   898    774
   899    774
   900    774
   901    774
   902    774
   903    774
   904    774
   905    774
   906    774
   907    774
   908    774
   926    774
   927    774
   928    774
   929    774
   930    774
   931    774
   932    774
   933    774
   934    774
   935    774
   936    774
   877    775
   878    775
   879    775
   880    775
   881    775
   882    775
   883    775
   884    775
   885    775
   886    775
   887    775
   888    775
   898    775
   899    775
   900    775
   901    775
   902    775
   903    775
   904    775
   905    775
   906    775
   907    775
   908    775
   924    775
   925    775
   926    775
   927    775
   928    775
   929    775
   930    775
   931    775
   932    775
   933    775
   934    775
   878    776
   879    776
   880    776
   881    776
   882    776
   883    776
   884    776
   885    776
   886    776
   887    776
   888    776
   889    776
   897    776
   898    776
   899    776
   900    776
   901    776
   902    776
   903    776
   904    776
   905    776
   906    776
   907    776
   908    776
   922    776
   923    776
   924    776
   925    776
   926    776
   927    776
   928    776
   929    776
   930    776
   931    776
   932    776
   933    776
   879    777
   880    777
   881    777
   882    777
   883    777
   884    777
   885    777
   886    777
   887    777
   888    777
   889    777
   890    777
   898    777
   899    777
   900    777
   901    777
   902    777
   903    777
   904    777
   905    777
   906    777
   907    777
   908    777
   920    777
   921    777
   922    777
   923    777
   924    777
   925    777
   926    777
   927    777
   928    777
   929    777
   930    777
   931    777
   879    778
   880    778
   881    778
   882    778
   883    778
   884    778
   885    778
   886    778
   887    778
   888    778
   889    778
   897    778
   898    778
   899    778
   900    778
   901    778
   902    778
   903    778
   904    778
   905    778
   906    778
   907    778
   908    778
   918    778
   919    778
   920    778
   921    778
   922    778
   923    778
   924    778
   925    778
   926    778
   927    778
   928    778
   929    778
   879    779
   880    779
   881    779
   882    779
   883    779
   884    779
   885    779
   886    779
   887    779
   888    779
   897    779
   898    779
   899    779
   900    779
   901    779
   902    779
   903    779
   904    779
   905    779
   906    779
   907    779
   908    779
   917    779
   918    779
   919    779
   920    779
   921    779
   922    779
   923    779
   924    779
   925    779
   926    779
   927    779
   928    779
   881    780
   882    780
   883    780
   884    780
   885    780
   886    780
   897    780
   898    780
   899    780
   900    780
   901    780
   902    780
   903    780
   904    780
   905    780
   906    780
   907    780
   908    780
   915    780
   916    780
   917    780
   918    780
   919    780
   920    780
   921    780
   922    780
   923    780
   924    780
   925    780
   926    780
   927    780
   897    781
   898    781
   899    781
   900    781
   901    781
   902    781
   903    781
   904    781
   905    781
   906    781
   907    781
   908    781
   914    781
   915    781
   916    781
   917    781
   918    781
   919    781
   920    781
   921    781
   922    781
   923    781
   924    781
   925    781
   898    782
   899    782
   900    782
   901    782
   902    782
   903    782
   904    782
   905    782
   906    782
   913    782
   914    782
   915    782
   916    782
   917    782
   918    782
   919    782
   920    782
   921    782
   922    782
   923    782
   924    782
   898    783
   899    783
   900    783
   901    783
   902    783
   903    783
   904    783
   911    783
   912    783
   913    783
   914    783
   915    783
   916    783
   917    783
   918    783
   919    783
   920    783
   921    783
   922    783
   923    783
   916    784
   917    784
