  1243    729
  1244    729
  1245    729
  1246    729
  1247    729
  1248    729
  1249    729
  1250    729
  1251    729
  1252    729
  1253    729
  1254    729
  1255    729
  1256    729
  1230    730
  1233    730
  1234    730
  1235    730
  1236    730
  1237    730
  1238    730
  1239    730
  1240    730
  1241    730
  1242    730
  1243    730
  1244    730
  1245    730
  1246    730
  1247    730
  1248    730
  1249    730
  1250    730
  1251    730
  1252    730
  1253    730
  1254    730
  1255    730
  1256    730
  1257    730
  1228    731
  1229    731
  1230    731
  1231    731
  1232    731
  1233    731
  1234    731
  1235    731
  1236    731
  1237    731
  1238    731
  1239    731
  1240    731
  1241    731
  1242    731
  1243    731
  1244    731
  1245    731
  1246    731
  1250    731
  1251    731
  1217    732
  1218    732
  1219    732
  1220    732
  1221    732
  1222    732
  1223    732
  1224    732
  1225    732
  1226    732
  1227    732
  1228    732
  1229    732
  1230    732
  1231    732
  1232    732
  1233    732
  1234    732
  1235    732
  1236    732
  1237    732
  1238    732
  1239    732
  1240    732
  1242    732
  1243    732
  1244    732
  1245    732
  1246    732
  1247    732
  1248    732
  1208    733
  1209    733
  1210    733
  1216    733
  1217    733
  1218    733
  1219    733
  1220    733
  1221    733
  1222    733
  1223    733
  1224    733
  1225    733
  1226    733
  1227    733
  1228    733
  1229    733
  1230    733
  1231    733
  1232    733
  1233    733
  1234    733
  1235    733
  1236    733
  1237    733
  1238    733
  1239    733
  1240    733
  1241    733
  1242    733
  1243    733
  1244    733
  1245    733
  1202    734
  1203    734
  1204    734
  1209    734
  1210    734
  1211    734
  1212    734
  1213    734
  1214    734
  1215    734
  1219    734
  1220    734
  1221    734
  1222    734
  1223    734
  1224    734
  1225    734
  1226    734
  1227    734
  1228    734
  1229    734
  1230    734
  1231    734
  1232    734
  1233    734
  1234    734
  1235    734
  1200    735
  1201    735
  1202    735
  1203    735
  1204    735
  1205    735
  1206    735
  1208    735
  1209    735
  1210    735
  1223    735
  1224    735
  1225    735
  1226    735
  1227    735
  1228    735
  1199    736
  1190    737
  1191    737
  1192    737
  1193    737
  1199    737
  1200    737
  1172    738
  1173    738
  1174    738
  1179    738
  1180    738
  1181    738
  1182    738
  1183    738
  1184    738
  1185    738
  1191    738
  1192    738
  1163    739
  1164    739
  1165    739
  1166    739
  1167    739
  1168    739
  1169    739
  1170    739
  1171    739
  1172    739
  1173    739
  1174    739
  1175    739
  1176    739
  1177    739
  1178    739
  1179    739
  1180    739
  1181    739
  1182    739
  1183    739
  1184    739
  1191    739
  1192    739
  1193    739
  1157    740
  1158    740
  1159    740
  1160    740
  1161    740
  1162    740
  1163    740
  1164    740
  1165    740
  1170    740
  1171    740
  1172    740
  1173    740
  1174    740
  1175    740
  1176    740
  1177    740
  1151    741
  1152    741
  1153    741
  1154    741
  1155    741
  1156    741
  1157    741
  1158    741
  1159    741
  1160    741
  1165    741
  1166    741
  1167    741
  1168    741
  1169    741
  1170    741
  1171    741
  1172    741
  1173    741
  1178    741
  1179    741
  1134    742
  1135    742
  1136    742
  1144    742
  1145    742
  1146    742
  1147    742
  1148    742
  1149    742
  1150    742
  1151    742
  1152    742
  1153    742
  1158    742
  1159    742
  1160    742
  1161    742
  1162    742
  1163    742
  1164    742
  1165    742
  1166    742
  1167    742
  1173    742
  1174    742
  1139    743
  1140    743
  1145    743
  1146    743
  1147    743
  1152    743
  1153    743
  1154    743
  1155    743
  1156    743
  1157    743
  1158    743
  1159    743
  1160    743
  1166    743
  1167    743
  1168    743
  1169    743
  1172    743
  1173    743
  1174    743
  1134    744
  1135    744
  1136    744
  1137    744
  1138    744
  1139    744
  1140    744
  1141    744
  1142    744
  1147    744
  1148    744
  1149    744
  1151    744
  1152    744
  1153    744
  1154    744
  1160    744
  1161    744
  1162    744
  1166    744
  1167    744
  1168    744
  1128    745
  1129    745
  1130    745
  1131    745
  1132    745
  1133    745
  1134    745
  1135    745
  1136    745
  1137    745
  1142    745
  1143    745
  1149    745
  1150    745
  1156    745
  1157    745
  1158    745
  1135    746
  1136    746
  1137    746
  1138    746
  1139    746
  1152    746
  1153    746
  1154    746
  1155    746
  1156    746
  1157    746
  1158    746
  1159    746
  1104    747
  1105    747
  1106    747
  1130    747
  1131    747
  1132    747
  1133    747
  1134    747
  1135    747
  1136    747
  1137    747
  1138    747
  1100    748
  1101    748
  1124    748
  1125    748
  1126    748
  1127    748
  1128    748
  1129    748
  1130    748
  1131    748
  1132    748
  1133    748
  1134    748
  1105    749
  1106    749
  1107    749
  1108    749
  1109    749
  1110    749
  1111    749
  1120    749
  1121    749
  1122    749
  1123    749
  1124    749
  1125    749
  1126    749
  1127    749
  1128    749
  1129    749
  1100    750
  1101    750
  1102    750
  1103    750
  1104    750
  1105    750
  1106    750
  1107    750
  1108    750
  1109    750
  1115    750
  1116    750
  1117    750
  1118    750
  1119    750
  1120    750
  1121    750
  1122    750
  1123    750
  1124    750
  1131    750
  1132    750
  1133    750
  1134    750
  1135    750
  1095    751
  1096    751
  1097    751
  1098    751
  1099    751
  1100    751
  1101    751
  1102    751
  1103    751
  1104    751
  1111    751
  1112    751
  1113    751
  1114    751
  1115    751
  1116    751
  1117    751
  1118    751
  1119    751
  1126    751
  1127    751
  1128    751
  1129    751
  1130    751
  1133    751
  1134    751
  1135    751
  1090    752
  1091    752
  1092    752
  1093    752
  1094    752
  1095    752
  1096    752
  1097    752
  1098    752
  1099    752
  1100    752
  1106    752
  1107    752
  1108    752
  1109    752
  1110    752
  1111    752
  1112    752
  1113    752
  1114    752
  1115    752
  1122    752
  1123    752
  1124    752
  1125    752
  1126    752
  1127    752
  1128    752
  1129    752
  1130    752
  1078    753
  1079    753
  1085    753
  1086    753
  1087    753
  1088    753
  1089    753
  1090    753
  1091    753
  1092    753
  1093    753
  1094    753
  1095    753
  1101    753
  1102    753
  1103    753
  1104    753
  1105    753
  1106    753
  1107    753
  1108    753
  1109    753
  1110    753
  1118    753
  1119    753
  1120    753
  1121    753
  1122    753
  1123    753
  1124    753
  1125    753
  1126    753
  1081    754
  1082    754
  1083    754
  1084    754
  1085    754
  1086    754
  1087    754
  1088    754
  1089    754
  1090    754
  1096    754
  1097    754
  1098    754
  1099    754
  1100    754
  1101    754
  1102    754
  1103    754
  1104    754
  1105    754
  1113    754
  1114    754
  1115    754
  1116    754
  1119    754
  1120    754
  1121    754
  1122    754
  1077    755
  1078    755
  1079    755
  1080    755
  1081    755
  1082    755
  1083    755
  1084    755
  1085    755
  1086    755
  1092    755
  1093    755
  1094    755
  1095    755
  1096    755
  1097    755
  1098    755
  1099    755
  1100    755
  1101    755
  1102    755
  1109    755
  1110    755
  1111    755
  1112    755
  1116    755
  1117    755
  1063    756
  1064    756
  1065    756
  1066    756
  1072    756
  1073    756
  1074    756
  1075    756
  1076    756
  1077    756
  1078    756
  1079    756
  1080    756
  1081    756
  1088    756
  1089    756
  1090    756
  1091    756
  1092    756
  1093    756
  1094    756
  1095    756
  1096    756
  1097    756
  1104    756
  1105    756
  1106    756
  1107    756
  1112    756
  1113    756
  1067    757
  1068    757
  1069    757
  1070    757
  1071    757
  1072    757
  1073    757
  1074    757
  1075    757
  1076    757
  1077    757
  1083    757
  1084    757
  1085    757
  1086    757
  1087    757
  1088    757
  1089    757
  1090    757
  1091    757
  1092    757
  1093    757
  1100    757
  1101    757
  1102    757
  1103    757
  1107    757
  1108    757
  1109    757
  1063    758
  1064    758
  1065    758
  1066    758
  1067    758
  1068    758
  1069    758
  1070    758
  1071    758
  1072    758
  1073    758
  1079    758
  1080    758
  1081    758
  1082    758
  1083    758
  1084    758
  1085    758
  1086    758
  1087    758
  1088    758
  1096    758
  1097    758
  1098    758
  1099    758
  1104    758
  1105    758
  1064    759
  1065    759
  1066    759
  1067    759
  1068    759
  1069    759
  1075    759
  1076    759
  1077    759
  1078    759
  1084    759
  1085    759
  1092    759
  1093    759
  1094    759
  1095    759
  1096    759
  1099    759
  1100    759
  1101    759
  1061    760
  1062    760
  1063    760
  1064    760
  1071    760
  1072    760
  1073    760
  1074    760
  1075    760
  1080    760
  1081    760
  1095    760
  1096    760
  1097    760
  1068    761
  1069    761
  1070    761
  1071    761
  1064    762
  1065    762
  1066    762
  1067    762
  1068    762
  1069    762
  1031    763
  1032    763
  1033    763
  1060    763
  1061    763
  1062    763
  1063    763
  1064    763
  1065    763
  1066    763
  1067    763
  1068    763
  1069    763
  1070    763
  1025    764
  1026    764
  1027    764
  1028    764
  1029    764
  1030    764
  1031    764
  1038    764
  1039    764
  1040    764
  1041    764
  1042    764
  1043    764
  1044    764
  1045    764
  1055    764
  1056    764
  1057    764
  1058    764
  1059    764
  1060    764
  1061    764
  1062    764
  1063    764
  1064    764
  1065    764
  1066    764
  1067    764
  1033    765
  1034    765
  1035    765
  1036    765
  1037    765
  1038    765
  1039    765
  1040    765
  1041    765
  1042    765
  1043    765
  1044    765
  1045    765
  1051    765
  1052    765
  1053    765
  1054    765
  1055    765
  1056    765
  1057    765
  1058    765
  1059    765
  1060    765
  1061    765
  1069    765
  1070    765
  1071    765
  1072    765
  1073    765
  1029    766
  1030    766
  1031    766
  1032    766
  1033    766
  1034    766
  1035    766
  1036    766
  1037    766
  1038    766
  1039    766
  1040    766
  1047    766
  1048    766
  1049    766
  1050    766
  1051    766
  1052    766
  1053    766
  1054    766
  1055    766
  1056    766
  1057    766
  1058    766
  1059    766
  1066    766
  1067    766
  1068    766
  1015    767
  1016    767
  1017    767
  1024    767
  1025    767
  1026    767
  1027    767
  1028    767
  1029    767
  1030    767
  1031    767
  1032    767
  1033    767
  1034    767
  1035    767
  1036    767
  1043    767
  1044    767
  1045    767
  1046    767
  1047    767
  1048    767
  1049    767
  1050    767
  1051    767
  1052    767
  1053    767
  1054    767
  1062    767
  1063    767
  1064    767
  1065    767
  1066    767
  1020    768
  1021    768
  1022    768
  1023    768
  1024    768
  1025    768
  1026    768
  1027    768
  1028    768
  1029    768
  1030    768
  1031    768
  1032    768
  1038    768
  1039    768
  1040    768
  1041    768
  1042    768
  1043    768
  1044    768
  1045    768
  1046    768
  1047    768
  1048    768
  1049    768
  1057    768
  1058    768
  1059    768
  1060    768
  1061    768
  1065    768
  1066    768
  1067    768
  1007    769
  1008    769
  1009    769
  1016    769
  1017    769
  1018    769
  1019    769
  1020    769
  1021    769
  1022    769
  1023    769
  1024    769
  1025    769
  1026    769
  1027    769
  1028    769
  1034    769
  1035    769
  1036    769
  1037    769
  1038    769
  1039    769
  1040    769
  1041    769
  1042    769
  1043    769
  1044    769
  1045    769
  1046    769
  1054    769
  1055    769
  1056    769
  1057    769
  1058    769
  1063    769
  1064    769
  1003    770
  1013    770
  1014    770
  1015    770
  1016    770
  1017    770
  1018    770
  1019    770
  1020    770
  1021    770
  1022    770
  1023    770
  1031    770
  1032    770
  1033    770
  1034    770
  1035    770
  1036    770
  1037    770
  1038    770
  1039    770
  1040    770
  1041    770
  1042    770
  1051    770
  1052    770
  1053    770
  1054    770
  1059    770
  1060    770
  1061    770
   998    771
   999    771
  1000    771
  1008    771
  1009    771
  1010    771
  1011    771
  1012    771
  1013    771
  1014    771
  1015    771
  1016    771
  1017    771
  1018    771
  1019    771
  1020    771
  1026    771
  1027    771
  1028    771
  1029    771
  1030    771
  1031    771
  1032    771
  1033    771
  1034    771
  1035    771
  1036    771
  1037    771
  1038    771
  1039    771
  1046    771
  1047    771
  1048    771
  1049    771
  1050    771
  1055    771
  1056    771
  1057    771
   995    772
   996    772
   997    772
  1003    772
  1004    772
  1005    772
  1006    772
  1007    772
  1008    772
  1009    772
  1010    772
  1011    772
  1012    772
  1013    772
  1014    772
  1015    772
  1022    772
  1023    772
  1024    772
  1025    772
  1026    772
  1027    772
  1028    772
  1029    772
  1030    772
  1031    772
  1032    772
  1033    772
  1034    772
  1035    772
  1043    772
  1044    772
  1045    772
  1046    772
  1053    772
  1054    772
  1001    773
  1002    773
  1003    773
  1004    773
  1005    773
  1006    773
  1007    773
  1008    773
  1009    773
  1010    773
  1011    773
  1012    773
  1020    773
  1021    773
  1022    773
  1023    773
  1024    773
  1025    773
  1026    773
  1027    773
  1028    773
  1029    773
  1030    773
  1031    773
  1040    773
  1041    773
  1042    773
  1043    773
  1044    773
  1049    773
  1050    773
   996    774
   997    774
   998    774
   999    774
  1000    774
  1001    774
  1002    774
  1003    774
  1004    774
  1005    774
  1006    774
  1007    774
  1008    774
  1009    774
  1015    774
  1016    774
  1017    774
  1018    774
  1019    774
  1020    774
  1021    774
  1022    774
  1023    774
  1024    774
  1025    774
  1026    774
  1027    774
  1028    774
  1036    774
  1037    774
  1038    774
  1039    774
  1040    774
  1041    774
  1042    774
  1043    774
  1046    774
  1047    774
   993    775
   994    775
   995    775
   996    775
   997    775
   998    775
   999    775
  1000    775
  1001    775
  1002    775
  1003    775
  1004    775
  1005    775
  1012    775
  1013    775
  1014    775
  1015    775
  1016    775
  1017    775
  1023    775
  1024    775
  1033    775
  1034    775
  1035    775
  1036    775
  1037    775
  1038    775
  1039    775
  1040    775
  1042    775
  1043    775
  1044    775
   994    776
   995    776
   996    776
   997    776
   998    776
   999    776
  1000    776
  1001    776
  1009    776
  1010    776
  1011    776
  1012    776
  1013    776
  1014    776
  1029    776
  1030    776
  1031    776
  1037    776
  1038    776
  1039    776
  1040    776
  1005    777
  1006    777
  1007    777
  1008    777
  1009    777
  1010    777
  1011    777
  1012    777
  1013    777
  1036    777
  1037    777
  1002    778
  1003    778
  1004    778
  1005    778
  1006    778
  1007    778
  1008    778
  1009    778
  1010    778
  1011    778
  1012    778
  1013    778
  1014    778
   999    779
  1000    779
  1001    779
  1002    779
  1003    779
  1004    779
  1005    779
  1006    779
  1007    779
  1008    779
  1009    779
  1010    779
  1011    779
  1012    779
   969    780
   970    780
   996    780
   997    780
   998    780
   999    780
  1000    780
  1001    780
  1002    780
  1003    780
  1004    780
  1005    780
  1006    780
  1007    780
  1008    780
  1009    780
   993    781
   994    781
   995    781
   996    781
   997    781
   998    781
   999    781
  1000    781
  1001    781
  1002    781
  1003    781
  1004    781
  1005    781
  1006    781
   971    782
   972    782
   973    782
   974    782
   975    782
   976    782
   977    782
   991    782
   992    782
   993    782
   994    782
   995    782
   996    782
   997    782
   998    782
   999    782
  1000    782
  1001    782
  1002    782
  1003    782
   969    783
   970    783
   971    783
   972    783
   973    783
   974    783
   975    783
   976    783
   977    783
   978    783
   979    783
   980    783
   989    783
   990    783
   991    783
   992    783
   993    783
   994    783
   995    783
   996    783
   997    783
   998    783
   999    783
  1000    783
  1001    783
  1012    783
  1013    783
  1014    783
  1015    783
  1016    783
   966    784
   967    784
   968    784
   969    784
   970    784
   971    784
   972    784
   973    784
   974    784
   975    784
   976    784
   977    784
   986    784
   987    784
   988    784
   989    784
   990    784
   991    784
   992    784
   993    784
   994    784
   995    784
   996    784
   997    784
   998    784
  1009    784
  1010    784
  1011    784
  1012    784
  1013    784
  1014    784
  1015    784
   963    785
   964    785
   965    785
   966    785
   967    785
   968    785
   969    785
   970    785
   971    785
   972    785
   973    785
   974    785
   975    785
   984    785
   985    785
   986    785
   987    785
   988    785
   989    785
   990    785
   991    785
   992    785
   993    785
   994    785
   995    785
   996    785
  1007    785
  1008    785
  1009    785
  1010    785
  1011    785
  1012    785
  1013    785
  1014    785
  1015    785
   961    786
   962    786
   963    786
   964    786
   965    786
   966    786
   967    786
   968    786
   969    786
   970    786
   971    786
   972    786
   973    786
   981    786
   982    786
   983    786
   984    786
   985    786
   986    786
   987    786
   988    786
   989    786
   990    786
   991    786
   992    786
   993    786
   994    786
  1004    786
  1005    786
  1006    786
  1007    786
  1008    786
  1009    786
  1010    786
  1011    786
  1012    786
  1013    786
  1014    786
  1015    786
  1016    786
   958    787
   959    787
   960    787
   961    787
   962    787
   963    787
   964    787
   965    787
   966    787
   967    787
   968    787
   969    787
   970    787
   979    787
   980    787
   981    787
   982    787
   983    787
   984    787
   985    787
   986    787
   987    787
   988    787
   989    787
   990    787
   991    787
   992    787
  1002    787
  1003    787
  1004    787
  1005    787
  1006    787
  1007    787
  1008    787
  1009    787
  1010    787
  1011    787
  1012    787
  1013    787
   956    788
   957    788
   958    788
   959    788
   960    788
   961    788
   962    788
   963    788
   964    788
   965    788
   966    788
   967    788
   968    788
   977    788
   978    788
   979    788
   980    788
   981    788
   982    788
   983    788
   984    788
   985    788
   986    788
   987    788
   988    788
   989    788
   990    788
  1000    788
  1001    788
  1002    788
  1003    788
  1004    788
  1005    788
  1006    788
  1007    788
  1008    788
  1009    788
  1010    788
  1011    788
  1012    788
   953    789
   954    789
   955    789
   956    789
   957    789
   958    789
   959    789
   960    789
   961    789
   962    789
   963    789
   964    789
   965    789
   975    789
   976    789
   977    789
   978    789
   979    789
   980    789
   981    789
   982    789
   983    789
   984    789
   985    789
   986    789
   987    789
   988    789
   998    789
   999    789
  1000    789
  1001    789
  1002    789
  1003    789
  1004    789
  1005    789
  1006    789
  1007    789
  1008    789
  1009    789
  1010    789
   955    790
   956    790
   957    790
   958    790
   959    790
   960    790
   961    790
   962    790
   963    790
   972    790
   973    790
   974    790
   975    790
   976    790
   977    790
   978    790
   979    790
   980    790
   981    790
   982    790
   983    790
   984    790
   985    790
   986    790
   996    790
   997    790
   998    790
   999    790
  1000    790
  1001    790
  1002    790
  1003    790
  1004    790
  1005    790
  1006    790
  1007    790
  1008    790
   955    791
   956    791
   957    791
   958    791
   959    791
   960    791
   971    791
   972    791
   973    791
   974    791
   975    791
   976    791
   977    791
   978    791
   979    791
   980    791
   981    791
   982    791
   983    791
   993    791
   994    791
   995    791
   996    791
   997    791
   998    791
   999    791
  1000    791
  1001    791
  1002    791
  1003    791
  1004    791
  1005    791
  1006    791
   969    792
   970    792
   971    792
   972    792
   973    792
   974    792
   975    792
   976    792
   977    792
   978    792
   979    792
   980    792
   981    792
   982    792
   992    792
   993    792
   994    792
   995    792
   996    792
   997    792
   998    792
   999    792
  1000    792
  1001    792
  1002    792
