   913    758
   912    759
   913    759
   914    759
   912    760
   913    760
   914    760
   911    761
   912    761
   913    761
   914    761
   911    762
   912    762
   913    762
   914    762
   915    762
   910    763
   911    763
   912    763
   913    763
   914    763
   915    763
   910    764
   911    764
   912    764
   913    764
   914    764
   915    764
   909    765
   910    765
   911    765
   912    765
   913    765
   914    765
   915    765
   909    766
   910    766
   911    766
   912    766
   913    766
   914    766
   915    766
   909    767
   910    767
   911    767
   912    767
   913    767
   914    767
   915    767
   909    768
   910    768
   911    768
   912    768
   913    768
   914    768
   908    769
   909    769
   910    769
   911    769
   912    769
   913    769
   914    769
   908    770
   909    770
   910    770
   911    770
   912    770
   913    770
   914    770
   915    770
   908    771
   909    771
   910    771
   911    771
   912    771
   913    771
   914    771
   908    772
   909    772
   910    772
   911    772
   912    772
   913    772
   914    772
   907    773
   908    773
   909    773
   910    773
   911    773
   912    773
   913    773
   914    773
   907    774
   908    774
   909    774
   910    774
   911    774
   912    774
   913    774
   914    774
   906    775
   907    775
   908    775
   909    775
   910    775
   911    775
   912    775
   913    775
   914    775
   906    776
   907    776
   908    776
   909    776
   910    776
   911    776
   912    776
   913    776
   914    776
   906    777
   907    777
   908    777
   909    777
   910    777
   911    777
   912    777
   913    777
   914    777
   906    778
   907    778
   908    778
   909    778
   910    778
   911    778
   912    778
   913    778
   914    778
   905    779
   906    779
   907    779
   908    779
   909    779
   910    779
   911    779
   912    779
   913    779
   905    780
   906    780
   907    780
   908    780
   909    780
   910    780
   911    780
   912    780
   913    780
   905    781
   906    781
   907    781
   908    781
   909    781
   910    781
   911    781
   912    781
   913    781
   905    782
   906    782
   907    782
   908    782
   909    782
   910    782
   911    782
   912    782
   913    782
   905    783
   906    783
   907    783
   908    783
   909    783
   910    783
   911    783
   912    783
   913    783
   905    784
   906    784
   908    784
   909    784
   910    784
