   910    704
   911    704
   910    705
   911    705
   912    705
   909    706
   910    706
   911    706
   910    707
   911    707
   910    708
   911    708
   912    708
   913    708
   914    708
   909    709
   910    709
   911    709
   912    709
   913    709
   914    709
   909    710
   910    710
   911    710
   912    710
   913    710
   914    710
   909    711
   910    711
   911    711
   912    711
   913    711
   914    711
   915    711
   908    712
   909    712
   910    712
   911    712
   912    712
   913    712
   914    712
   915    712
   916    712
   907    713
   908    713
   909    713
   910    713
   911    713
   912    713
   913    713
   914    713
   915    713
   909    714
   910    714
   911    714
   912    714
   913    714
   914    714
   909    715
   910    715
   911    715
   912    715
   913    715
   914    715
   909    716
   910    716
   911    716
   912    716
   913    716
   914    716
   909    717
   910    717
   911    717
   912    717
   913    717
   914    717
   909    718
   910    718
   911    718
   912    718
   913    718
   914    718
   909    719
   910    719
   911    719
   912    719
   913    719
   914    719
   908    720
   909    720
   910    720
   911    720
   912    720
   913    720
   914    720
   915    720
   909    721
   910    721
   911    721
   912    721
   913    721
   914    721
   915    721
   909    722
   910    722
   911    722
   912    722
   913    722
   914    722
   915    722
   909    723
   910    723
   911    723
   912    723
   913    723
   914    723
   909    724
   910    724
   911    724
   912    724
   913    724
   914    724
   915    724
   909    725
   910    725
   911    725
   912    725
   913    725
   914    725
   915    725
   909    726
   910    726
   911    726
   912    726
   913    726
   914    726
   915    726
   909    727
   910    727
   911    727
   912    727
   913    727
   914    727
   915    727
   908    728
   909    728
   910    728
   911    728
   912    728
   913    728
   914    728
   915    728
   908    729
   909    729
   910    729
   911    729
   912    729
   913    729
   914    729
   915    729
   908    730
   909    730
   910    730
   911    730
   912    730
   913    730
   914    730
   915    730
   908    731
   909    731
   910    731
   911    731
   912    731
   913    731
   914    731
   915    731
   908    732
   909    732
   910    732
   911    732
   912    732
   913    732
   914    732
   915    732
   908    733
   909    733
   910    733
   911    733
   912    733
   913    733
   914    733
   915    733
   906    734
   907    734
   908    734
   909    734
   910    734
   911    734
   912    734
   913    734
   914    734
   915    734
   908    735
   909    735
   910    735
   911    735
   912    735
   913    735
   914    735
   915    735
   908    736
   909    736
   910    736
   911    736
   912    736
   913    736
   914    736
   908    737
   909    737
   910    737
   911    737
   912    737
   913    737
   914    737
   908    738
   909    738
   910    738
   911    738
   912    738
   913    738
   914    738
   908    739
   909    739
   910    739
   911    739
   912    739
   913    739
   914    739
   908    740
   909    740
   910    740
   911    740
   912    740
   913    740
   908    741
   909    741
   910    741
   911    741
   912    741
   908    742
   909    742
   910    742
   911    742
   912    742
   910    743
   911    743
