  1337    734
  1338    734
  1308    736
  1309    736
  1310    736
  1311    736
  1312    736
  1315    736
  1316    736
  1317    736
  1318    736
  1322    736
  1323    736
  1330    736
  1331    736
  1335    736
  1336    736
  1337    736
  1287    737
  1288    737
  1289    737
  1290    737
  1300    737
  1301    737
  1302    737
  1303    737
  1304    737
  1305    737
  1306    737
  1307    737
  1308    737
  1309    737
  1310    737
  1311    737
  1312    737
  1313    737
  1314    737
  1316    737
  1317    737
  1318    737
  1319    737
  1324    737
  1325    737
  1326    737
  1330    737
  1331    737
  1294    738
  1295    738
  1296    738
  1297    738
  1298    738
  1299    738
  1300    738
  1301    738
  1302    738
  1303    738
  1304    738
  1305    738
  1306    738
  1307    738
  1308    738
  1309    738
  1310    738
  1311    738
  1312    738
  1313    738
  1314    738
  1315    738
  1316    738
  1317    738
  1318    738
  1323    738
  1288    739
  1289    739
  1290    739
  1291    739
  1292    739
  1293    739
  1294    739
  1295    739
  1296    739
  1297    739
  1301    739
  1302    739
  1303    739
  1304    739
  1305    739
  1306    739
  1307    739
  1308    739
  1309    739
  1310    739
  1311    739
  1316    739
  1317    739
  1318    739
  1279    740
  1280    740
  1281    740
  1282    740
  1283    740
  1284    740
  1285    740
  1286    740
  1287    740
  1288    740
  1289    740
  1290    740
  1291    740
  1292    740
  1293    740
  1294    740
  1295    740
  1296    740
  1297    740
  1298    740
  1299    740
  1300    740
  1301    740
  1302    740
  1303    740
  1304    740
  1305    740
  1279    741
  1280    741
  1281    741
  1282    741
  1283    741
  1287    741
  1288    741
  1289    741
  1290    741
  1291    741
  1292    741
  1293    741
  1294    741
  1295    741
  1296    741
  1297    741
  1304    741
  1305    741
  1306    741
  1268    742
  1269    742
  1270    742
  1275    742
  1276    742
  1283    742
  1284    742
  1285    742
  1286    742
  1287    742
  1288    742
  1289    742
  1290    742
  1295    742
  1296    742
  1297    742
  1298    742
  1299    742
  1300    742
  1305    742
  1306    742
  1307    742
  1260    743
  1261    743
  1262    743
  1265    743
  1267    743
  1268    743
  1269    743
  1270    743
  1271    743
  1277    743
  1278    743
  1280    743
  1281    743
  1282    743
  1283    743
  1284    743
  1285    743
  1290    743
  1291    743
  1292    743
  1293    743
  1297    743
  1298    743
  1299    743
  1300    743
  1255    744
  1256    744
  1258    744
  1262    744
  1263    744
  1270    744
  1271    744
  1272    744
  1279    744
  1280    744
  1281    744
  1282    744
  1285    744
  1286    744
  1287    744
  1292    744
  1293    744
  1264    745
  1265    745
  1280    745
  1281    745
  1282    745
  1286    745
  1287    745
  1288    745
  1258    746
  1259    746
  1260    746
  1261    746
  1262    746
  1263    746
  1251    747
  1252    747
  1253    747
  1254    747
  1255    747
  1256    747
  1257    747
  1258    747
  1259    747
  1260    747
  1261    747
  1262    747
  1232    748
  1233    748
  1234    748
  1235    748
  1236    748
  1237    748
  1238    748
  1247    748
  1248    748
  1249    748
  1250    748
  1251    748
  1252    748
  1253    748
  1254    748
  1255    748
  1256    748
  1226    749
  1227    749
  1228    749
  1229    749
  1230    749
  1231    749
  1232    749
  1233    749
  1234    749
  1235    749
  1236    749
  1237    749
  1241    749
  1242    749
  1243    749
  1244    749
  1245    749
  1246    749
  1247    749
  1248    749
  1249    749
  1250    749
  1257    749
  1258    749
  1259    749
  1260    749
  1220    750
  1221    750
  1222    750
  1223    750
  1224    750
  1225    750
  1226    750
  1227    750
  1228    750
  1229    750
  1236    750
  1237    750
  1238    750
  1239    750
  1240    750
  1241    750
  1242    750
  1243    750
  1244    750
  1245    750
  1251    750
  1252    750
  1253    750
  1254    750
  1255    750
  1216    751
  1217    751
  1218    751
  1219    751
  1220    751
  1221    751
  1222    751
  1223    751
  1224    751
  1230    751
  1231    751
  1232    751
  1233    751
  1234    751
  1235    751
  1236    751
  1237    751
  1238    751
  1239    751
  1240    751
  1246    751
  1247    751
  1248    751
  1249    751
  1252    751
  1253    751
  1254    751
  1255    751
  1210    752
  1211    752
  1212    752
  1213    752
  1214    752
  1215    752
  1216    752
  1217    752
  1218    752
  1219    752
  1225    752
  1226    752
  1227    752
  1228    752
  1229    752
  1230    752
  1231    752
  1232    752
  1233    752
  1234    752
  1235    752
  1241    752
  1242    752
  1243    752
  1244    752
  1245    752
  1249    752
  1204    753
  1205    753
  1206    753
  1207    753
  1208    753
  1209    753
  1210    753
  1211    753
  1212    753
  1213    753
  1214    753
  1220    753
  1221    753
  1222    753
  1223    753
  1224    753
  1225    753
  1226    753
  1227    753
  1228    753
  1229    753
  1230    753
  1231    753
  1237    753
  1238    753
  1239    753
  1243    753
  1244    753
  1245    753
  1190    754
  1191    754
  1200    754
  1201    754
  1202    754
  1203    754
  1204    754
  1205    754
  1206    754
  1207    754
  1208    754
  1209    754
  1215    754
  1216    754
  1217    754
  1218    754
  1219    754
  1220    754
  1221    754
  1222    754
  1223    754
  1224    754
  1225    754
  1226    754
  1232    754
  1233    754
  1234    754
  1235    754
  1236    754
  1239    754
  1240    754
  1241    754
  1242    754
  1184    755
  1185    755
  1195    755
  1196    755
  1197    755
  1198    755
  1199    755
  1200    755
  1201    755
  1202    755
  1203    755
  1204    755
  1205    755
  1211    755
  1212    755
  1213    755
  1214    755
  1215    755
  1216    755
  1217    755
  1218    755
  1219    755
  1220    755
  1221    755
  1228    755
  1229    755
  1230    755
  1231    755
  1232    755
  1235    755
  1236    755
  1237    755
  1180    756
  1181    756
  1182    756
  1183    756
  1191    756
  1192    756
  1193    756
  1194    756
  1195    756
  1196    756
  1197    756
  1198    756
  1199    756
  1200    756
  1201    756
  1206    756
  1207    756
  1208    756
  1209    756
  1210    756
  1211    756
  1212    756
  1213    756
  1214    756
  1215    756
  1216    756
  1223    756
  1224    756
  1225    756
  1226    756
  1227    756
  1231    756
  1232    756
  1233    756
  1179    757
  1180    757
  1186    757
  1187    757
  1188    757
  1189    757
  1190    757
  1191    757
  1192    757
  1193    757
  1194    757
  1195    757
  1196    757
  1197    757
  1202    757
  1203    757
  1204    757
  1205    757
  1206    757
  1209    757
  1210    757
  1211    757
  1212    757
  1219    757
  1220    757
  1221    757
  1222    757
  1223    757
  1225    757
  1226    757
  1227    757
  1228    757
  1229    757
  1183    758
  1184    758
  1185    758
  1186    758
  1187    758
  1188    758
  1189    758
  1190    758
  1191    758
  1192    758
  1198    758
  1199    758
  1200    758
  1201    758
  1202    758
  1206    758
  1207    758
  1215    758
  1216    758
  1217    758
  1218    758
  1219    758
  1221    758
  1222    758
  1223    758
  1224    758
  1178    759
  1179    759
  1182    759
  1183    759
  1184    759
  1185    759
  1186    759
  1187    759
  1188    759
  1194    759
  1195    759
  1196    759
  1197    759
  1198    759
  1199    759
  1202    759
  1203    759
  1204    759
  1211    759
  1212    759
  1213    759
  1214    759
  1218    759
  1219    759
  1220    759
  1221    759
  1178    760
  1179    760
  1180    760
  1181    760
  1182    760
  1183    760
  1184    760
  1190    760
  1191    760
  1192    760
  1193    760
  1198    760
  1199    760
  1200    760
  1215    760
  1216    760
  1217    760
  1185    761
  1186    761
  1187    761
  1188    761
  1189    761
  1190    761
  1194    761
  1195    761
  1181    762
  1182    762
  1183    762
  1184    762
  1185    762
  1186    762
  1187    762
  1188    762
  1189    762
  1190    762
  1191    762
  1192    762
  1149    763
  1150    763
  1151    763
  1152    763
  1153    763
  1154    763
  1178    763
  1179    763
  1180    763
  1182    763
  1183    763
  1184    763
  1185    763
  1186    763
  1187    763
  1188    763
  1175    764
  1176    764
  1177    764
  1181    764
  1182    764
  1183    764
  1184    764
  1153    765
  1154    765
  1155    765
  1156    765
  1162    765
  1163    765
  1171    765
  1172    765
  1173    765
  1174    765
  1178    765
  1179    765
  1180    765
  1181    765
  1149    766
  1150    766
  1151    766
  1152    766
  1153    766
  1154    766
  1155    766
  1156    766
  1157    766
  1158    766
  1159    766
  1160    766
  1167    766
  1168    766
  1169    766
  1170    766
  1173    766
  1174    766
  1175    766
  1176    766
  1177    766
  1178    766
  1186    766
  1187    766
  1188    766
  1189    766
  1136    767
  1137    767
  1138    767
  1139    767
  1145    767
  1146    767
  1147    767
  1148    767
  1149    767
  1150    767
  1151    767
  1152    767
  1153    767
  1154    767
  1155    767
  1156    767
  1164    767
  1165    767
  1170    767
  1171    767
  1172    767
  1173    767
  1174    767
  1175    767
  1183    767
  1184    767
  1185    767
  1186    767
  1187    767
  1141    768
  1142    768
  1143    768
  1144    768
  1145    768
  1146    768
  1147    768
  1148    768
  1149    768
  1150    768
  1151    768
  1152    768
  1160    768
  1161    768
  1162    768
  1163    768
  1164    768
  1168    768
  1169    768
  1170    768
  1171    768
  1180    768
  1181    768
  1182    768
  1183    768
  1138    769
  1139    769
  1140    769
  1141    769
  1142    769
  1143    769
  1144    769
  1145    769
  1146    769
  1147    769
  1148    769
  1149    769
  1157    769
  1158    769
  1159    769
  1160    769
  1161    769
  1162    769
  1163    769
  1164    769
  1165    769
  1166    769
  1167    769
  1176    769
  1177    769
  1178    769
  1179    769
  1180    769
  1125    770
  1126    770
  1127    770
  1134    770
  1135    770
  1136    770
  1137    770
  1138    770
  1139    770
  1140    770
  1141    770
  1142    770
  1143    770
  1144    770
  1145    770
  1153    770
  1154    770
  1155    770
  1156    770
  1157    770
  1158    770
  1159    770
  1160    770
  1161    770
  1162    770
  1163    770
  1164    770
  1174    770
  1175    770
  1176    770
  1177    770
  1178    770
  1183    770
  1184    770
  1121    771
  1122    771
  1123    771
  1124    771
  1131    771
  1132    771
  1133    771
  1134    771
  1135    771
  1136    771
  1137    771
  1138    771
  1139    771
  1140    771
  1141    771
  1142    771
  1150    771
  1151    771
  1152    771
  1153    771
  1154    771
  1155    771
  1156    771
  1157    771
  1158    771
  1159    771
  1160    771
  1161    771
  1171    771
  1172    771
  1173    771
  1174    771
  1175    771
  1176    771
  1177    771
  1179    771
  1180    771
  1181    771
  1118    772
  1119    772
  1120    772
  1121    772
  1127    772
  1128    772
  1129    772
  1130    772
  1131    772
  1132    772
  1133    772
  1134    772
  1135    772
  1136    772
  1137    772
  1138    772
  1147    772
  1148    772
  1149    772
  1150    772
  1151    772
  1152    772
  1153    772
  1154    772
  1155    772
  1156    772
  1157    772
  1167    772
  1168    772
  1169    772
  1170    772
  1171    772
  1172    772
  1173    772
  1176    772
  1177    772
  1178    772
  1116    773
  1117    773
  1124    773
  1125    773
  1126    773
  1127    773
  1128    773
  1129    773
  1130    773
  1131    773
  1132    773
  1133    773
  1134    773
  1135    773
  1143    773
  1144    773
  1145    773
  1146    773
  1147    773
  1148    773
  1149    773
  1150    773
  1151    773
  1152    773
  1153    773
  1154    773
  1155    773
  1164    773
  1165    773
  1166    773
  1167    773
  1168    773
  1169    773
  1170    773
  1172    773
  1173    773
  1174    773
  1175    773
  1111    774
  1112    774
  1113    774
  1114    774
  1115    774
  1121    774
  1122    774
  1123    774
  1124    774
  1125    774
  1126    774
  1127    774
  1128    774
  1129    774
  1130    774
  1131    774
  1132    774
  1140    774
  1141    774
  1142    774
  1143    774
  1144    774
  1145    774
  1146    774
  1147    774
  1148    774
  1149    774
  1150    774
  1151    774
  1161    774
  1162    774
  1163    774
  1164    774
  1165    774
  1166    774
  1167    774
  1170    774
  1171    774
  1172    774
  1117    775
  1118    775
  1119    775
  1120    775
  1121    775
  1122    775
  1123    775
  1124    775
  1125    775
  1126    775
  1127    775
  1128    775
  1129    775
  1137    775
  1138    775
  1139    775
  1140    775
  1141    775
  1142    775
  1143    775
  1144    775
  1145    775
  1146    775
  1147    775
  1148    775
  1158    775
  1159    775
  1160    775
  1161    775
  1162    775
  1163    775
  1164    775
  1165    775
  1166    775
  1167    775
  1168    775
  1169    775
  1104    776
  1105    776
  1106    776
  1107    776
  1108    776
  1114    776
  1115    776
  1116    776
  1117    776
  1118    776
  1119    776
  1120    776
  1121    776
  1122    776
  1123    776
  1124    776
  1125    776
  1126    776
  1133    776
  1134    776
  1135    776
  1136    776
  1137    776
  1138    776
  1139    776
  1140    776
  1141    776
  1142    776
  1143    776
  1144    776
  1145    776
  1155    776
  1156    776
  1157    776
  1158    776
  1159    776
  1165    776
  1166    776
  1102    777
  1103    777
  1104    777
  1105    777
  1111    777
  1112    777
  1113    777
  1114    777
  1115    777
  1116    777
  1117    777
  1118    777
  1119    777
  1120    777
  1121    777
  1122    777
  1123    777
  1130    777
  1131    777
  1132    777
  1133    777
  1134    777
  1135    777
  1136    777
  1137    777
  1138    777
  1139    777
  1140    777
  1141    777
  1142    777
  1152    777
  1153    777
  1154    777
  1155    777
  1156    777
  1157    777
  1158    777
  1162    777
  1163    777
  1108    778
  1109    778
  1110    778
  1111    778
  1112    778
  1113    778
  1114    778
  1115    778
  1116    778
  1117    778
  1118    778
  1119    778
  1120    778
  1128    778
  1129    778
  1130    778
  1131    778
  1132    778
  1133    778
  1134    778
  1135    778
  1136    778
  1137    778
  1138    778
  1139    778
  1140    778
  1149    778
  1150    778
  1151    778
  1152    778
  1153    778
  1154    778
  1155    778
  1156    778
  1157    778
  1159    778
  1160    778
  1105    779
  1106    779
  1107    779
  1108    779
  1109    779
  1110    779
  1111    779
  1112    779
  1113    779
  1114    779
  1115    779
  1116    779
  1117    779
  1125    779
  1126    779
  1127    779
  1128    779
  1129    779
  1130    779
  1131    779
  1132    779
  1133    779
  1134    779
  1135    779
  1136    779
  1137    779
  1147    779
  1148    779
  1149    779
  1150    779
  1151    779
  1152    779
  1153    779
  1154    779
  1155    779
  1156    779
  1157    779
  1158    779
  1103    780
  1107    780
  1108    780
  1109    780
  1110    780
  1111    780
  1112    780
  1113    780
  1114    780
  1122    780
  1123    780
  1124    780
  1125    780
  1126    780
  1127    780
  1128    780
  1129    780
  1130    780
  1131    780
  1133    780
  1134    780
  1144    780
  1145    780
  1146    780
  1147    780
  1148    780
  1149    780
  1150    780
  1153    780
  1154    780
  1155    780
  1105    781
  1106    781
  1107    781
  1108    781
  1109    781
  1110    781
  1111    781
  1119    781
  1120    781
  1121    781
  1122    781
  1123    781
  1124    781
  1125    781
  1126    781
  1127    781
  1128    781
  1129    781
  1130    781
  1131    781
  1141    781
  1142    781
  1143    781
  1144    781
  1145    781
  1146    781
  1147    781
  1149    781
  1150    781
  1151    781
  1152    781
  1117    782
  1118    782
  1119    782
  1120    782
  1121    782
  1122    782
  1123    782
  1124    782
  1125    782
  1126    782
  1127    782
  1128    782
  1129    782
  1146    782
  1147    782
  1148    782
  1149    782
  1114    783
  1115    783
  1116    783
  1117    783
  1118    783
  1119    783
  1120    783
  1121    783
  1122    783
  1123    783
  1124    783
  1125    783
  1126    783
  1111    784
  1112    784
  1113    784
  1114    784
  1115    784
  1116    784
  1117    784
  1118    784
  1119    784
  1120    784
  1121    784
  1122    784
  1123    784
  1124    784
  1109    785
  1110    785
  1111    785
  1112    785
  1113    785
  1114    785
  1115    785
  1116    785
  1117    785
  1118    785
  1119    785
  1120    785
  1121    785
  1106    786
  1107    786
  1108    786
  1109    786
  1110    786
  1111    786
  1112    786
  1113    786
  1114    786
  1115    786
  1116    786
  1117    786
  1118    786
  1119    786
  1072    787
  1073    787
  1074    787
  1103    787
  1104    787
  1105    787
  1106    787
  1107    787
  1108    787
  1109    787
  1110    787
  1111    787
  1112    787
  1113    787
  1114    787
  1115    787
  1116    787
  1117    787
  1070    788
  1071    788
  1078    788
  1079    788
  1080    788
  1081    788
  1082    788
  1083    788
  1100    788
  1101    788
  1102    788
  1103    788
  1104    788
  1105    788
  1106    788
  1107    788
  1108    788
  1109    788
  1110    788
  1111    788
  1112    788
  1113    788
  1066    789
  1067    789
  1068    789
  1074    789
  1075    789
  1076    789
  1077    789
  1078    789
  1079    789
  1080    789
  1081    789
  1082    789
  1083    789
  1097    789
  1098    789
  1099    789
  1100    789
  1101    789
  1102    789
  1103    789
  1104    789
  1105    789
  1106    789
  1107    789
  1108    789
  1109    789
  1110    789
  1111    789
  1063    790
  1064    790
  1065    790
  1071    790
  1072    790
  1073    790
  1074    790
  1075    790
  1076    790
  1077    790
  1078    790
  1079    790
  1080    790
  1081    790
  1082    790
  1083    790
  1084    790
  1085    790
  1086    790
  1095    790
  1096    790
  1097    790
  1098    790
  1099    790
  1100    790
  1101    790
  1102    790
  1103    790
  1104    790
  1105    790
  1106    790
  1107    790
  1108    790
  1118    790
  1119    790
  1120    790
  1121    790
  1122    790
  1123    790
  1060    791
  1061    791
  1062    791
  1069    791
  1070    791
  1071    791
  1072    791
  1073    791
  1074    791
  1075    791
  1076    791
  1077    791
  1078    791
  1079    791
  1080    791
  1081    791
  1082    791
  1092    791
  1093    791
  1094    791
  1095    791
  1096    791
  1097    791
  1098    791
  1099    791
  1100    791
  1101    791
  1102    791
  1103    791
  1104    791
  1105    791
  1116    791
  1117    791
  1118    791
  1119    791
  1120    791
  1121    791
  1122    791
  1057    792
  1058    792
  1065    792
  1066    792
  1067    792
  1068    792
  1069    792
  1070    792
  1071    792
  1072    792
  1073    792
  1074    792
  1075    792
  1076    792
  1077    792
  1078    792
  1079    792
  1080    792
  1089    792
  1090    792
  1091    792
  1092    792
  1093    792
  1094    792
  1095    792
  1096    792
  1097    792
  1098    792
  1099    792
  1100    792
  1101    792
  1102    792
  1103    792
  1113    792
  1114    792
  1115    792
  1116    792
  1117    792
  1118    792
  1119    792
  1120    792
  1121    792
  1122    792
