   914    766
   915    766
   916    766
   917    766
   914    767
   915    767
   916    767
   914    768
   915    768
   916    768
   917    768
   914    769
   915    769
   916    769
   917    769
   913    770
   914    770
   915    770
   916    770
   917    770
   913    771
   914    771
   915    771
   916    771
   917    771
   912    772
   913    772
   914    772
   915    772
   916    772
   917    772
   912    773
   913    773
   914    773
   915    773
   916    773
   917    773
   911    774
   912    774
   913    774
   914    774
   915    774
   916    774
   917    774
   918    774
   911    775
   912    775
   913    775
   914    775
   915    775
   916    775
   917    775
   911    776
   912    776
   913    776
   914    776
   915    776
   916    776
   917    776
   918    776
   911    777
   912    777
   913    777
   914    777
   915    777
   916    777
   917    777
   918    777
   910    778
   911    778
   912    778
   913    778
   914    778
   915    778
   916    778
   917    778
   918    778
   910    779
   911    779
   912    779
   913    779
   914    779
   915    779
   916    779
   917    779
   918    779
   910    780
   911    780
   912    780
   913    780
   914    780
   915    780
   916    780
   917    780
   918    780
   910    781
   911    781
   912    781
   913    781
   914    781
   915    781
   916    781
   917    781
   918    781
   909    782
   910    782
   911    782
   912    782
   913    782
   914    782
   915    782
   916    782
   917    782
   918    782
   909    783
   910    783
   911    783
   912    783
   913    783
   914    783
   915    783
   916    783
   917    783
   918    783
   909    784
   910    784
   911    784
   912    784
   913    784
   914    784
   915    784
   916    784
   917    784
   918    784
   909    785
   910    785
   911    785
   912    785
   913    785
   914    785
   915    785
   916    785
   917    785
   918    785
   909    786
   910    786
   911    786
   912    786
   913    786
   914    786
   915    786
   916    786
   917    786
   918    786
   909    787
   910    787
   911    787
   912    787
   913    787
   914    787
   915    787
   916    787
   908    788
   909    788
   910    788
   911    788
   912    788
   913    788
   914    788
   915    788
   916    788
