  1615    712
  1616    712
  1617    712
  1618    712
  1619    712
  1620    712
  1621    712
  1622    712
  1623    712
  1624    712
  1625    712
  1626    712
  1627    712
  1628    712
  1629    712
  1630    712
  1631    712
  1632    712
  1633    712
  1634    712
  1635    712
  1636    712
  1604    713
  1605    713
  1606    713
  1607    713
  1608    713
  1609    713
  1610    713
  1611    713
  1612    713
  1613    713
  1614    713
  1615    713
  1616    713
  1617    713
  1618    713
  1619    713
  1620    713
  1621    713
  1622    713
  1623    713
  1624    713
  1625    713
  1626    713
  1627    713
  1633    713
  1634    713
  1635    713
  1636    713
  1579    714
  1580    714
  1581    714
  1582    714
  1583    714
  1584    714
  1585    714
  1586    714
  1587    714
  1588    714
  1589    714
  1590    714
  1591    714
  1592    714
  1593    714
  1594    714
  1595    714
  1596    714
  1597    714
  1598    714
  1599    714
  1600    714
  1601    714
  1602    714
  1603    714
  1604    714
  1605    714
  1606    714
  1607    714
  1608    714
  1609    714
  1610    714
  1611    714
  1612    714
  1613    714
  1614    714
  1615    714
  1616    714
  1617    714
  1618    714
  1619    714
  1620    714
  1621    714
  1622    714
  1623    714
  1624    714
  1625    714
  1626    714
  1627    714
  1628    714
  1629    714
  1630    714
  1631    714
  1632    714
  1633    714
  1634    714
  1556    715
  1568    715
  1569    715
  1570    715
  1571    715
  1572    715
  1573    715
  1574    715
  1575    715
  1576    715
  1577    715
  1578    715
  1579    715
  1580    715
  1581    715
  1582    715
  1583    715
  1584    715
  1585    715
  1586    715
  1587    715
  1588    715
  1589    715
  1590    715
  1591    715
  1592    715
  1593    715
  1594    715
  1595    715
  1596    715
  1597    715
  1598    715
  1599    715
  1600    715
  1601    715
  1602    715
  1603    715
  1604    715
  1605    715
  1606    715
  1607    715
  1608    715
  1609    715
  1610    715
  1611    715
  1612    715
  1613    715
  1614    715
  1615    715
  1616    715
  1617    715
  1618    715
  1619    715
  1620    715
  1621    715
  1622    715
  1623    715
  1624    715
  1625    715
  1626    715
  1516    716
  1517    716
  1518    716
  1519    716
  1520    716
  1521    716
  1522    716
  1523    716
  1524    716
  1525    716
  1526    716
  1527    716
  1563    716
  1564    716
  1571    716
  1572    716
  1573    716
  1574    716
  1575    716
  1576    716
  1577    716
  1578    716
  1579    716
  1580    716
  1581    716
  1582    716
  1583    716
  1584    716
  1585    716
  1586    716
  1587    716
  1588    716
  1589    716
  1590    716
  1591    716
  1592    716
  1593    716
  1594    716
  1595    716
  1596    716
  1597    716
  1598    716
  1599    716
  1600    716
  1601    716
  1602    716
  1603    716
  1604    716
  1605    716
  1606    716
  1607    716
  1608    716
  1609    716
  1610    716
  1611    716
  1612    716
  1613    716
  1614    716
  1615    716
  1616    716
  1482    717
  1483    717
  1484    717
  1485    717
  1486    717
  1487    717
  1488    717
  1489    717
  1490    717
  1491    717
  1499    717
  1501    717
  1502    717
  1511    717
  1512    717
  1515    717
  1516    717
  1550    717
  1551    717
  1552    717
  1553    717
  1554    717
  1555    717
  1556    717
  1557    717
  1558    717
  1559    717
  1560    717
  1561    717
  1562    717
  1564    717
  1565    717
  1566    717
  1567    717
  1575    717
  1576    717
  1577    717
  1578    717
  1579    717
  1580    717
  1581    717
  1582    717
  1583    717
  1584    717
  1585    717
  1586    717
  1587    717
  1588    717
  1589    717
  1590    717
  1591    717
  1592    717
  1593    717
  1594    717
  1595    717
  1596    717
  1597    717
  1598    717
  1599    717
  1600    717
  1601    717
  1602    717
  1603    717
  1604    717
  1458    718
  1487    718
  1488    718
  1489    718
  1490    718
  1491    718
  1493    718
  1494    718
  1495    718
  1496    718
  1497    718
  1498    718
  1499    718
  1500    718
  1501    718
  1502    718
  1503    718
  1504    718
  1506    718
  1507    718
  1508    718
  1509    718
  1510    718
  1511    718
  1512    718
  1513    718
  1514    718
  1515    718
  1516    718
  1517    718
  1533    718
  1534    718
  1535    718
  1536    718
  1537    718
  1538    718
  1539    718
  1540    718
  1541    718
  1542    718
  1556    718
  1557    718
  1558    718
  1559    718
  1560    718
  1573    718
  1574    718
  1575    718
  1584    718
  1585    718
  1586    718
  1587    718
  1588    718
  1589    718
  1590    718
  1591    718
  1592    718
  1593    718
  1594    718
  1595    718
  1480    719
  1481    719
  1482    719
  1483    719
  1484    719
  1485    719
  1486    719
  1487    719
  1488    719
  1489    719
  1490    719
  1491    719
  1492    719
  1493    719
  1494    719
  1495    719
  1496    719
  1497    719
  1498    719
  1499    719
  1500    719
  1501    719
  1502    719
  1503    719
  1504    719
  1505    719
  1506    719
  1507    719
  1508    719
  1509    719
  1510    719
  1511    719
  1512    719
  1513    719
  1514    719
  1515    719
  1516    719
  1517    719
  1518    719
  1519    719
  1520    719
  1521    719
  1522    719
  1523    719
  1524    719
  1525    719
  1526    719
  1527    719
  1528    719
  1529    719
  1545    719
  1546    719
  1547    719
  1548    719
  1549    719
  1550    719
  1551    719
  1563    719
  1564    719
  1565    719
  1566    719
  1440    720
  1441    720
  1442    720
  1443    720
  1444    720
  1445    720
  1446    720
  1447    720
  1448    720
  1449    720
  1450    720
  1451    720
  1452    720
  1453    720
  1454    720
  1455    720
  1456    720
  1457    720
  1458    720
  1459    720
  1460    720
  1461    720
  1462    720
  1463    720
  1464    720
  1465    720
  1466    720
  1467    720
  1468    720
  1469    720
  1470    720
  1471    720
  1472    720
  1473    720
  1474    720
  1475    720
  1476    720
  1477    720
  1478    720
  1479    720
  1480    720
  1481    720
  1482    720
  1483    720
  1484    720
  1485    720
  1486    720
  1487    720
  1488    720
  1489    720
  1490    720
  1491    720
  1492    720
  1493    720
  1494    720
  1495    720
  1496    720
  1497    720
  1498    720
  1499    720
  1500    720
  1501    720
  1502    720
  1503    720
  1504    720
  1505    720
  1506    720
  1507    720
  1508    720
  1509    720
  1510    720
  1511    720
  1512    720
  1513    720
  1514    720
  1515    720
  1516    720
  1517    720
  1518    720
  1519    720
  1520    720
  1521    720
  1522    720
  1523    720
  1524    720
  1525    720
  1526    720
  1527    720
  1528    720
  1529    720
  1530    720
  1531    720
  1532    720
  1533    720
  1534    720
  1535    720
  1536    720
  1537    720
  1538    720
  1539    720
  1540    720
  1541    720
  1542    720
  1543    720
  1544    720
  1545    720
  1546    720
  1555    720
  1556    720
  1557    720
  1558    720
  1559    720
  1560    720
  1561    720
  1562    720
  1563    720
  1429    721
  1430    721
  1431    721
  1432    721
  1433    721
  1436    721
  1437    721
  1438    721
  1439    721
  1440    721
  1441    721
  1442    721
  1443    721
  1444    721
  1445    721
  1446    721
  1447    721
  1448    721
  1449    721
  1450    721
  1451    721
  1452    721
  1453    721
  1454    721
  1455    721
  1456    721
  1457    721
  1458    721
  1459    721
  1460    721
  1461    721
  1462    721
  1463    721
  1464    721
  1465    721
  1466    721
  1467    721
  1468    721
  1469    721
  1470    721
  1471    721
  1472    721
  1473    721
  1474    721
  1475    721
  1476    721
  1477    721
  1478    721
  1479    721
  1480    721
  1481    721
  1482    721
  1483    721
  1484    721
  1485    721
  1486    721
  1487    721
  1488    721
  1489    721
  1490    721
  1491    721
  1492    721
  1493    721
  1494    721
  1495    721
  1496    721
  1497    721
  1498    721
  1499    721
  1500    721
  1501    721
  1502    721
  1503    721
  1504    721
  1505    721
  1506    721
  1507    721
  1508    721
  1509    721
  1510    721
  1511    721
  1512    721
  1513    721
  1514    721
  1515    721
  1516    721
  1517    721
  1518    721
  1519    721
  1520    721
  1521    721
  1522    721
  1523    721
  1524    721
  1525    721
  1526    721
  1527    721
  1528    721
  1529    721
  1530    721
  1531    721
  1532    721
  1533    721
  1534    721
  1535    721
  1536    721
  1537    721
  1538    721
  1539    721
  1540    721
  1541    721
  1542    721
  1543    721
  1544    721
  1545    721
  1546    721
  1547    721
  1548    721
  1549    721
  1550    721
  1551    721
  1552    721
  1553    721
  1554    721
  1555    721
  1556    721
  1557    721
  1558    721
  1450    722
  1451    722
  1452    722
  1453    722
  1454    722
  1455    722
  1456    722
  1457    722
  1458    722
  1459    722
  1460    722
  1461    722
  1462    722
  1480    722
  1481    722
  1482    722
  1483    722
  1484    722
  1485    722
  1486    722
  1487    722
  1488    722
  1489    722
  1490    722
  1491    722
  1492    722
  1493    722
  1494    722
  1495    722
  1496    722
  1497    722
  1498    722
  1499    722
  1500    722
  1501    722
  1502    722
  1503    722
  1504    722
  1505    722
  1506    722
  1507    722
  1508    722
  1509    722
  1510    722
  1511    722
  1512    722
  1513    722
  1514    722
  1515    722
  1516    722
  1517    722
  1518    722
  1519    722
  1520    722
  1521    722
  1522    722
  1523    722
  1524    722
  1525    722
  1526    722
  1527    722
  1528    722
  1529    722
  1530    722
  1531    722
  1532    722
  1533    722
  1534    722
  1535    722
  1536    722
  1537    722
  1538    722
  1539    722
  1540    722
  1541    722
  1542    722
  1543    722
  1544    722
  1545    722
  1546    722
  1547    722
  1548    722
  1549    722
  1553    722
  1554    722
  1555    722
  1468    723
  1469    723
  1470    723
  1471    723
  1472    723
  1473    723
  1474    723
  1475    723
  1476    723
  1477    723
  1478    723
  1479    723
  1480    723
  1481    723
  1482    723
  1483    723
  1484    723
  1485    723
  1486    723
  1487    723
  1488    723
  1489    723
  1490    723
  1491    723
  1492    723
  1493    723
  1494    723
  1495    723
  1496    723
  1497    723
  1498    723
  1499    723
  1500    723
  1501    723
  1502    723
  1503    723
  1504    723
  1505    723
  1506    723
  1507    723
  1508    723
  1509    723
  1510    723
  1511    723
  1512    723
  1513    723
  1514    723
  1515    723
  1516    723
  1517    723
  1518    723
  1519    723
  1520    723
  1521    723
  1522    723
  1523    723
  1524    723
  1525    723
  1527    723
  1528    723
  1529    723
  1530    723
  1531    723
  1532    723
  1533    723
  1534    723
  1535    723
  1536    723
  1537    723
  1538    723
  1539    723
  1540    723
  1541    723
  1542    723
  1543    723
  1544    723
  1451    724
  1452    724
  1453    724
  1454    724
  1455    724
  1456    724
  1457    724
  1458    724
  1459    724
  1460    724
  1461    724
  1465    724
  1466    724
  1467    724
  1468    724
  1469    724
  1470    724
  1471    724
  1472    724
  1473    724
  1474    724
  1475    724
  1476    724
  1477    724
  1478    724
  1479    724
  1480    724
  1481    724
  1482    724
  1483    724
  1484    724
  1485    724
  1486    724
  1487    724
  1488    724
  1489    724
  1490    724
  1491    724
  1492    724
  1493    724
  1501    724
  1502    724
  1503    724
  1504    724
  1505    724
  1506    724
  1507    724
  1508    724
  1509    724
  1510    724
  1511    724
  1512    724
  1513    724
  1514    724
  1515    724
  1516    724
  1517    724
  1518    724
  1519    724
  1520    724
  1521    724
  1522    724
  1523    724
  1524    724
  1525    724
  1526    724
  1527    724
  1528    724
  1529    724
  1530    724
  1531    724
  1532    724
  1533    724
  1534    724
  1535    724
  1536    724
  1537    724
  1538    724
  1539    724
  1540    724
  1541    724
  1462    725
  1463    725
  1464    725
  1465    725
  1466    725
  1467    725
  1468    725
  1469    725
  1470    725
  1476    725
  1477    725
  1478    725
  1479    725
  1480    725
  1481    725
  1482    725
  1494    725
  1495    725
  1496    725
  1497    725
  1498    725
  1499    725
  1500    725
  1501    725
  1502    725
  1503    725
  1504    725
  1505    725
  1506    725
  1507    725
  1508    725
  1509    725
  1510    725
  1511    725
  1512    725
  1513    725
  1514    725
  1515    725
  1516    725
  1517    725
  1518    725
  1519    725
  1520    725
  1521    725
  1522    725
  1523    725
  1524    725
  1525    725
  1526    725
  1527    725
  1528    725
  1529    725
  1530    725
  1468    726
  1469    726
  1470    726
  1486    726
  1487    726
  1488    726
  1489    726
  1490    726
  1491    726
  1492    726
  1493    726
  1494    726
  1495    726
  1496    726
  1497    726
  1498    726
  1499    726
  1500    726
  1501    726
  1502    726
  1503    726
  1504    726
  1505    726
  1506    726
  1507    726
  1508    726
  1509    726
  1510    726
  1511    726
  1512    726
  1513    726
  1514    726
  1515    726
  1516    726
  1517    726
  1518    726
  1519    726
  1520    726
  1521    726
  1522    726
  1523    726
  1524    726
  1487    727
  1488    727
  1489    727
  1490    727
  1491    727
  1502    727
  1503    727
  1504    727
  1505    727
  1506    727
  1507    727
  1508    727
  1509    727
  1510    727
  1511    727
  1512    727
  1513    727
  1514    727
  1515    727
  1516    727
  1480    728
  1481    728
  1482    728
  1483    728
  1484    728
  1485    728
  1486    728
  1488    728
  1489    728
  1504    728
  1505    728
  1506    728
  1509    728
  1450    729
  1451    729
  1454    729
  1455    729
  1456    729
  1478    729
  1479    729
  1480    729
  1481    729
  1457    730
  1458    730
  1459    730
  1471    730
  1472    730
  1473    730
  1474    730
  1475    730
  1476    730
  1479    730
  1480    730
  1481    730
  1482    730
  1449    731
  1450    731
  1451    731
  1452    731
  1453    731
  1454    731
  1455    731
  1456    731
  1457    731
  1458    731
  1459    731
  1460    731
  1461    731
  1463    731
  1464    731
  1465    731
  1466    731
  1471    731
  1472    731
  1473    731
  1474    731
  1475    731
  1476    731
  1477    731
  1478    731
  1479    731
  1480    731
  1481    731
  1482    731
  1427    732
  1428    732
  1429    732
  1430    732
  1431    732
  1441    732
  1442    732
  1443    732
  1444    732
  1445    732
  1446    732
  1447    732
  1448    732
  1449    732
  1450    732
  1451    732
  1452    732
  1453    732
  1454    732
  1455    732
  1456    732
  1457    732
  1458    732
  1459    732
  1460    732
  1461    732
  1462    732
  1463    732
  1464    732
  1465    732
  1466    732
  1467    732
  1468    732
  1469    732
  1470    732
  1471    732
  1472    732
  1473    732
  1478    732
  1479    732
  1480    732
  1481    732
  1422    733
  1433    733
  1434    733
  1435    733
  1438    733
  1439    733
  1440    733
  1441    733
  1442    733
  1443    733
  1444    733
  1445    733
  1446    733
  1447    733
  1448    733
  1449    733
  1450    733
  1451    733
  1452    733
  1453    733
  1454    733
  1455    733
  1456    733
  1457    733
  1459    733
  1460    733
  1461    733
  1462    733
  1463    733
  1464    733
  1465    733
  1466    733
  1470    733
  1471    733
  1427    734
  1428    734
  1429    734
  1430    734
  1431    734
  1432    734
  1433    734
  1434    734
  1435    734
  1436    734
  1441    734
  1442    734
  1443    734
  1444    734
  1445    734
  1446    734
  1447    734
  1448    734
  1449    734
  1450    734
  1456    734
  1457    734
  1458    734
  1459    734
  1420    735
  1421    735
  1422    735
  1426    735
  1427    735
  1428    735
  1429    735
  1430    735
  1431    735
  1436    735
  1437    735
  1438    735
  1439    735
  1440    735
  1441    735
  1442    735
  1443    735
  1444    735
  1451    735
  1452    735
  1413    736
  1414    736
  1415    736
  1416    736
  1422    736
  1423    736
  1429    736
  1430    736
  1431    736
  1432    736
  1433    736
  1434    736
  1435    736
  1436    736
  1437    736
  1438    736
  1439    736
  1444    736
  1445    736
  1446    736
  1447    736
  1453    736
  1407    737
  1408    737
  1409    737
  1410    737
  1415    737
  1416    737
  1417    737
  1423    737
  1424    737
  1425    737
  1426    737
  1427    737
  1428    737
  1429    737
  1430    737
  1431    737
  1432    737
  1437    737
  1438    737
  1439    737
  1440    737
  1441    737
  1444    737
  1445    737
  1446    737
  1447    737
  1448    737
  1402    738
  1403    738
  1404    738
  1405    738
  1406    738
  1407    738
  1408    738
  1409    738
  1410    738
  1411    738
  1417    738
  1418    738
  1424    738
  1425    738
  1426    738
  1432    738
  1433    738
  1434    738
  1439    738
  1440    738
  1441    738
  1397    739
  1398    739
  1399    739
  1400    739
  1401    739
  1402    739
  1403    739
  1404    739
  1405    739
  1406    739
  1411    739
  1412    739
  1413    739
  1426    739
  1427    739
  1435    739
  1404    740
  1405    740
  1406    740
  1407    740
  1408    740
  1429    740
  1430    740
  1431    740
  1398    741
  1399    741
  1400    741
  1401    741
  1402    741
  1403    741
  1404    741
  1405    741
  1406    741
  1407    741
  1408    741
  1393    742
  1394    742
  1395    742
  1396    742
  1397    742
  1398    742
  1399    742
  1400    742
  1401    742
  1402    742
  1403    742
  1404    742
  1372    743
  1373    743
  1374    743
  1375    743
  1376    743
  1377    743
  1378    743
  1379    743
  1387    743
  1388    743
  1389    743
  1390    743
  1391    743
  1392    743
  1393    743
  1394    743
  1395    743
  1396    743
  1397    743
  1365    744
  1366    744
  1367    744
  1368    744
  1369    744
  1370    744
  1371    744
  1372    744
  1373    744
  1374    744
  1375    744
  1376    744
  1377    744
  1382    744
  1383    744
  1384    744
  1385    744
  1388    744
  1389    744
  1390    744
  1391    744
  1392    744
  1398    744
  1399    744
  1400    744
  1401    744
  1404    744
  1405    744
  1406    744
  1348    745
  1349    745
  1350    745
  1351    745
  1352    745
  1360    745
  1361    745
  1362    745
  1363    745
  1364    745
  1365    745
  1366    745
  1367    745
  1368    745
  1369    745
  1370    745
  1376    745
  1377    745
  1378    745
  1379    745
  1380    745
  1381    745
  1382    745
  1384    745
  1385    745
  1386    745
  1387    745
  1393    745
  1394    745
  1395    745
  1396    745
  1397    745
  1400    745
  1401    745
  1402    745
  1355    746
  1356    746
  1357    746
  1358    746
  1359    746
  1360    746
  1361    746
  1362    746
  1363    746
  1364    746
  1365    746
  1366    746
  1371    746
  1372    746
  1373    746
  1374    746
  1375    746
  1376    746
  1377    746
  1378    746
  1379    746
  1380    746
  1381    746
  1387    746
  1388    746
  1389    746
  1390    746
  1391    746
  1392    746
  1393    746
  1395    746
  1396    746
  1397    746
  1350    747
  1351    747
  1352    747
  1353    747
  1354    747
  1355    747
  1356    747
  1357    747
  1358    747
  1359    747
  1360    747
  1366    747
  1367    747
  1368    747
  1369    747
  1370    747
  1371    747
  1372    747
  1373    747
  1374    747
  1375    747
  1376    747
  1382    747
  1383    747
  1384    747
  1385    747
  1388    747
  1389    747
  1390    747
  1391    747
  1392    747
  1344    748
  1345    748
  1346    748
  1347    748
  1348    748
  1349    748
  1350    748
  1351    748
  1352    748
  1353    748
  1354    748
  1360    748
  1361    748
  1362    748
  1363    748
  1364    748
  1365    748
  1366    748
  1367    748
  1368    748
  1369    748
  1370    748
  1371    748
  1378    748
  1379    748
  1380    748
  1385    748
  1386    748
  1387    748
  1338    749
  1339    749
  1340    749
  1341    749
  1342    749
  1343    749
  1344    749
  1345    749
  1346    749
  1347    749
  1348    749
  1349    749
  1355    749
  1356    749
  1357    749
  1358    749
  1359    749
  1360    749
  1361    749
  1362    749
  1363    749
  1364    749
  1372    749
  1373    749
  1374    749
  1375    749
  1376    749
  1379    749
  1380    749
  1381    749
  1333    750
  1334    750
  1335    750
  1336    750
  1337    750
  1338    750
  1339    750
  1340    750
  1341    750
  1342    750
  1343    750
  1349    750
  1350    750
  1351    750
  1352    750
  1353    750
  1354    750
  1355    750
  1356    750
  1357    750
  1358    750
  1359    750
  1360    750
  1367    750
  1368    750
  1369    750
  1370    750
  1371    750
  1375    750
  1376    750
  1328    751
  1329    751
  1330    751
  1331    751
  1332    751
  1333    751
  1334    751
  1335    751
  1336    751
  1337    751
  1338    751
  1345    751
  1346    751
  1347    751
  1348    751
  1349    751
  1350    751
  1351    751
  1352    751
  1353    751
  1354    751
  1362    751
  1363    751
  1364    751
  1370    751
  1371    751
  1372    751
  1322    752
  1323    752
  1324    752
  1325    752
  1326    752
  1327    752
  1328    752
  1329    752
  1330    752
  1331    752
  1332    752
  1333    752
  1334    752
  1341    752
  1342    752
  1343    752
  1344    752
  1345    752
  1346    752
  1347    752
  1348    752
  1349    752
  1350    752
  1357    752
  1358    752
  1359    752
  1365    752
  1366    752
  1318    753
  1319    753
  1320    753
  1321    753
  1322    753
  1323    753
  1324    753
  1325    753
  1326    753
  1327    753
  1328    753
  1329    753
  1335    753
  1336    753
  1337    753
  1338    753
  1343    753
  1344    753
  1345    753
  1346    753
  1352    753
  1353    753
  1354    753
  1355    753
  1318    754
  1319    754
  1320    754
  1321    754
  1322    754
  1323    754
  1331    754
  1332    754
  1333    754
  1346    754
  1347    754
  1348    754
  1349    754
  1350    754
  1356    754
  1357    754
  1325    755
  1326    755
  1327    755
  1328    755
  1344    755
  1351    755
  1352    755
  1321    756
  1322    756
  1323    756
  1324    756
  1325    756
  1316    757
  1317    757
  1318    757
  1319    757
  1320    757
  1321    757
  1322    757
  1323    757
  1324    757
  1325    757
  1326    757
  1327    757
  1312    758
  1313    758
  1314    758
  1315    758
  1316    758
  1317    758
  1318    758
  1319    758
  1320    758
  1321    758
  1322    758
  1290    759
  1291    759
  1292    759
  1293    759
  1294    759
  1295    759
  1296    759
  1308    759
  1309    759
  1310    759
  1311    759
  1312    759
  1313    759
  1314    759
  1315    759
  1316    759
  1317    759
  1318    759
  1285    760
  1286    760
  1287    760
  1288    760
  1289    760
  1290    760
  1291    760
  1292    760
  1293    760
  1294    760
  1295    760
  1296    760
  1303    760
  1304    760
  1305    760
  1306    760
  1307    760
  1308    760
  1309    760
  1310    760
  1311    760
  1312    760
  1313    760
  1314    760
  1321    760
  1322    760
  1323    760
  1324    760
  1325    760
  1272    761
  1273    761
  1274    761
  1281    761
  1282    761
  1283    761
  1284    761
  1285    761
  1286    761
  1287    761
  1288    761
  1289    761
  1290    761
  1291    761
  1292    761
  1299    761
  1300    761
  1301    761
  1302    761
  1303    761
  1304    761
  1305    761
  1306    761
  1307    761
  1308    761
  1309    761
  1310    761
  1318    761
  1319    761
  1320    761
  1321    761
  1266    762
  1267    762
  1268    762
  1277    762
  1278    762
  1279    762
  1280    762
  1281    762
  1282    762
  1283    762
  1284    762
  1285    762
  1286    762
  1287    762
  1295    762
  1296    762
  1297    762
  1298    762
  1299    762
  1300    762
  1301    762
  1302    762
  1303    762
  1304    762
  1305    762
  1313    762
  1314    762
  1315    762
  1316    762
  1317    762
  1318    762
  1321    762
  1322    762
  1323    762
  1273    763
  1274    763
  1275    763
  1276    763
  1277    763
  1278    763
  1279    763
  1280    763
  1281    763
  1282    763
  1283    763
  1290    763
  1291    763
  1292    763
  1293    763
  1294    763
  1295    763
  1296    763
  1297    763
  1298    763
  1299    763
  1300    763
  1301    763
  1309    763
  1310    763
  1311    763
  1312    763
  1313    763
  1317    763
  1318    763
  1319    763
  1269    764
  1270    764
  1271    764
  1272    764
  1273    764
  1274    764
  1275    764
  1276    764
  1277    764
  1278    764
  1279    764
  1280    764
  1287    764
  1288    764
  1289    764
  1290    764
  1291    764
  1292    764
  1293    764
  1294    764
  1295    764
  1296    764
  1297    764
  1298    764
  1305    764
  1306    764
  1307    764
  1308    764
  1309    764
  1310    764
  1314    764
  1315    764
  1265    765
  1266    765
  1267    765
  1268    765
  1269    765
  1270    765
  1271    765
  1272    765
  1273    765
  1274    765
  1275    765
  1282    765
  1283    765
  1284    765
  1285    765
  1286    765
  1287    765
  1288    765
  1289    765
  1290    765
  1291    765
  1292    765
  1293    765
  1301    765
  1302    765
  1303    765
  1304    765
  1305    765
  1306    765
  1307    765
  1310    765
  1311    765
  1312    765
  1261    766
  1262    766
  1263    766
  1264    766
  1265    766
  1266    766
  1267    766
  1268    766
  1269    766
  1270    766
  1271    766
  1272    766
  1278    766
  1279    766
  1280    766
  1281    766
  1282    766
  1283    766
  1284    766
  1285    766
  1286    766
  1287    766
  1288    766
  1289    766
  1290    766
  1299    766
  1300    766
  1301    766
  1302    766
  1303    766
  1304    766
  1305    766
  1306    766
  1307    766
  1308    766
  1309    766
  1248    767
  1249    767
  1257    767
  1258    767
  1259    767
  1260    767
  1261    767
  1262    767
  1263    767
  1264    767
  1265    767
  1266    767
  1267    767
  1268    767
  1275    767
  1276    767
  1277    767
  1278    767
  1279    767
  1280    767
  1281    767
  1282    767
  1283    767
  1284    767
  1285    767
  1286    767
  1295    767
  1296    767
  1297    767
  1298    767
  1299    767
  1300    767
  1301    767
  1302    767
  1303    767
  1304    767
  1305    767
  1243    768
  1244    768
  1245    768
  1252    768
  1253    768
  1254    768
  1255    768
  1256    768
  1257    768
  1258    768
  1259    768
  1260    768
  1261    768
  1262    768
  1263    768
  1264    768
  1271    768
  1272    768
  1273    768
  1274    768
  1275    768
  1276    768
  1277    768
  1278    768
  1279    768
  1280    768
  1281    768
  1282    768
  1283    768
  1291    768
  1292    768
  1293    768
  1294    768
  1295    768
  1296    768
  1300    768
  1301    768
  1302    768
  1250    769
  1251    769
  1252    769
  1253    769
  1254    769
  1255    769
  1256    769
  1257    769
  1258    769
  1259    769
  1260    769
  1261    769
  1268    769
  1269    769
  1270    769
  1271    769
  1272    769
  1275    769
  1276    769
  1277    769
  1278    769
  1279    769
  1280    769
  1281    769
  1289    769
  1290    769
  1291    769
  1292    769
  1293    769
  1294    769
  1295    769
  1296    769
  1298    769
  1299    769
  1300    769
  1236    770
  1237    770
  1238    770
  1239    770
  1247    770
  1248    770
  1249    770
  1250    770
  1251    770
  1252    770
  1253    770
  1254    770
  1255    770
  1256    770
  1257    770
  1258    770
  1265    770
  1266    770
  1267    770
  1268    770
  1269    770
  1270    770
  1271    770
  1274    770
  1275    770
  1276    770
  1277    770
  1285    770
  1286    770
  1287    770
  1288    770
  1289    770
  1290    770
  1292    770
  1293    770
  1294    770
  1295    770
  1296    770
  1235    771
  1236    771
  1243    771
  1244    771
  1245    771
  1246    771
  1247    771
  1248    771
  1249    771
  1250    771
  1251    771
  1252    771
  1253    771
  1254    771
  1255    771
  1262    771
  1263    771
  1264    771
  1265    771
  1266    771
  1267    771
  1268    771
  1269    771
  1270    771
  1271    771
  1272    771
  1273    771
  1282    771
  1283    771
  1284    771
  1285    771
  1286    771
  1292    771
  1293    771
  1294    771
  1240    772
  1241    772
  1242    772
  1243    772
  1244    772
  1245    772
  1246    772
  1247    772
  1248    772
  1249    772
  1250    772
  1251    772
  1252    772
  1259    772
  1260    772
  1261    772
  1262    772
  1263    772
  1264    772
  1266    772
  1267    772
  1268    772
  1269    772
  1270    772
  1279    772
  1280    772
  1281    772
  1282    772
  1283    772
  1284    772
  1285    772
  1289    772
  1290    772
  1237    773
  1238    773
  1239    773
  1240    773
  1241    773
  1242    773
  1243    773
  1244    773
  1245    773
  1246    773
  1247    773
  1248    773
  1249    773
  1256    773
  1257    773
  1258    773
  1259    773
  1260    773
  1261    773
  1262    773
  1265    773
  1266    773
  1267    773
  1276    773
  1277    773
  1278    773
  1279    773
  1280    773
  1281    773
  1282    773
  1285    773
  1286    773
  1287    773
  1234    774
  1235    774
  1236    774
  1237    774
  1238    774
  1239    774
  1240    774
  1241    774
  1242    774
  1243    774
  1244    774
  1245    774
  1253    774
  1254    774
  1255    774
  1256    774
  1257    774
  1258    774
  1259    774
  1262    774
  1263    774
  1264    774
  1274    774
  1275    774
  1276    774
  1277    774
  1278    774
  1279    774
  1280    774
  1283    774
  1284    774
  1285    774
  1236    775
  1237    775
  1238    775
  1239    775
  1240    775
  1241    775
  1242    775
  1249    775
  1250    775
  1251    775
  1252    775
  1253    775
  1254    775
  1255    775
  1256    775
  1259    775
  1260    775
  1261    775
  1271    775
  1272    775
  1281    775
  1282    775
  1247    776
  1248    776
  1249    776
  1250    776
  1251    776
  1257    776
  1258    776
  1277    776
  1278    776
  1279    776
  1243    777
  1244    777
  1245    777
  1246    777
  1247    777
  1248    777
  1254    777
  1255    777
  1241    778
  1242    778
  1243    778
  1244    778
  1245    778
  1246    778
  1247    778
  1248    778
  1251    778
  1252    778
  1238    779
  1239    779
  1240    779
  1241    779
  1242    779
  1243    779
  1244    779
  1245    779
  1246    779
  1247    779
  1249    779
  1250    779
  1235    780
  1236    780
  1237    780
  1238    780
  1239    780
  1240    780
  1241    780
  1242    780
  1243    780
  1245    780
  1246    780
  1247    780
  1233    781
  1234    781
  1235    781
  1236    781
  1237    781
  1238    781
  1239    781
  1240    781
  1241    781
  1242    781
  1243    781
  1244    781
  1245    781
  1200    782
  1201    782
  1202    782
  1209    782
  1210    782
  1211    782
  1212    782
  1213    782
  1214    782
  1215    782
  1230    782
  1231    782
  1232    782
  1233    782
  1234    782
  1235    782
  1236    782
  1237    782
  1238    782
  1239    782
  1240    782
  1241    782
  1242    782
  1243    782
  1206    783
  1207    783
  1208    783
  1209    783
  1210    783
  1211    783
  1212    783
  1213    783
  1214    783
  1219    783
  1228    783
  1229    783
  1230    783
  1231    783
  1232    783
  1233    783
  1234    783
  1235    783
  1236    783
  1237    783
  1238    783
  1239    783
  1240    783
  1194    784
  1195    784
  1196    784
  1197    784
  1203    784
  1204    784
  1205    784
  1206    784
  1207    784
  1208    784
  1209    784
  1210    784
  1211    784
  1212    784
  1214    784
  1215    784
  1216    784
  1225    784
  1226    784
  1227    784
  1228    784
  1229    784
  1230    784
  1231    784
  1232    784
  1233    784
  1234    784
  1235    784
  1236    784
  1237    784
  1238    784
  1248    784
  1249    784
  1250    784
  1251    784
  1252    784
  1253    784
  1254    784
  1192    785
  1200    785
  1201    785
  1202    785
  1203    785
  1204    785
  1205    785
  1206    785
  1207    785
  1208    785
  1209    785
  1210    785
  1211    785
  1212    785
  1213    785
  1214    785
  1223    785
  1224    785
  1225    785
  1226    785
  1227    785
  1228    785
  1229    785
  1230    785
  1231    785
  1232    785
  1233    785
  1234    785
  1235    785
  1246    785
  1247    785
  1248    785
  1249    785
  1250    785
  1251    785
  1252    785
  1253    785
  1254    785
  1190    786
  1191    786
  1197    786
  1198    786
  1199    786
  1200    786
  1201    786
  1202    786
  1203    786
  1204    786
  1205    786
  1206    786
  1207    786
  1208    786
  1209    786
  1210    786
  1211    786
  1220    786
  1221    786
  1222    786
  1223    786
  1224    786
  1225    786
  1226    786
  1227    786
  1228    786
  1229    786
  1230    786
  1231    786
  1232    786
  1233    786
  1244    786
  1245    786
  1246    786
  1247    786
  1248    786
  1249    786
  1250    786
  1251    786
  1252    786
  1253    786
  1195    787
  1196    787
  1197    787
  1198    787
  1199    787
  1200    787
  1201    787
  1202    787
  1203    787
  1204    787
  1205    787
  1206    787
  1207    787
  1208    787
  1218    787
  1219    787
  1220    787
  1221    787
  1222    787
  1223    787
  1224    787
  1225    787
  1226    787
  1227    787
  1228    787
  1229    787
  1230    787
  1231    787
  1242    787
  1243    787
  1244    787
  1245    787
  1246    787
  1247    787
  1248    787
  1249    787
  1250    787
  1251    787
  1252    787
  1253    787
  1254    787
  1192    788
  1193    788
  1194    788
  1195    788
  1196    788
  1197    788
  1198    788
  1199    788
  1200    788
  1201    788
  1202    788
  1203    788
  1204    788
  1205    788
  1216    788
  1217    788
  1218    788
  1219    788
  1220    788
  1221    788
  1222    788
  1223    788
  1224    788
  1225    788
  1226    788
  1227    788
  1228    788
  1240    788
  1241    788
  1242    788
  1243    788
  1244    788
  1245    788
  1246    788
  1247    788
  1248    788
  1249    788
  1250    788
  1251    788
  1182    789
  1183    789
  1189    789
  1190    789
  1191    789
  1192    789
  1193    789
  1194    789
  1195    789
  1196    789
  1197    789
  1198    789
  1199    789
  1200    789
  1201    789
  1202    789
  1213    789
  1214    789
  1215    789
  1216    789
  1217    789
  1218    789
  1219    789
  1220    789
  1221    789
  1222    789
  1223    789
  1224    789
  1225    789
  1226    789
  1238    789
  1239    789
  1240    789
  1241    789
  1242    789
  1243    789
  1244    789
  1245    789
  1246    789
  1247    789
  1248    789
  1249    789
  1250    789
  1178    790
  1179    790
  1180    790
  1181    790
  1182    790
  1187    790
  1188    790
  1189    790
  1190    790
  1191    790
  1192    790
  1193    790
  1194    790
  1195    790
  1196    790
  1197    790
  1198    790
  1199    790
  1200    790
  1211    790
  1212    790
  1213    790
  1214    790
  1215    790
  1216    790
  1217    790
  1218    790
  1219    790
  1220    790
  1236    790
  1237    790
  1238    790
  1239    790
  1240    790
  1241    790
  1242    790
  1243    790
  1244    790
  1245    790
  1246    790
  1247    790
  1248    790
  1177    791
  1178    791
  1179    791
  1184    791
  1185    791
  1186    791
  1187    791
  1188    791
  1189    791
  1190    791
  1191    791
  1192    791
  1193    791
  1195    791
  1196    791
  1197    791
  1198    791
  1209    791
  1210    791
  1211    791
  1212    791
  1213    791
  1214    791
  1215    791
  1216    791
  1217    791
  1218    791
  1219    791
  1220    791
  1221    791
  1234    791
  1235    791
  1236    791
  1237    791
  1238    791
  1239    791
  1240    791
  1241    791
  1242    791
  1243    791
  1244    791
  1245    791
  1246    791
  1182    792
  1183    792
  1184    792
  1185    792
  1186    792
  1187    792
  1188    792
  1189    792
  1190    792
  1191    792
  1192    792
  1194    792
  1195    792
  1206    792
  1207    792
  1208    792
  1209    792
  1210    792
  1211    792
  1212    792
  1213    792
  1214    792
  1215    792
  1216    792
  1217    792
  1218    792
  1219    792
  1232    792
  1233    792
  1234    792
  1235    792
  1236    792
  1237    792
  1238    792
  1239    792
  1240    792
  1241    792
  1242    792
