  1620    715
  1621    715
  1622    715
  1623    715
  1624    715
  1625    715
  1626    715
  1627    715
  1628    715
  1629    715
  1630    715
  1631    715
  1632    715
  1633    715
  1600    716
  1601    716
  1602    716
  1603    716
  1604    716
  1605    716
  1606    716
  1607    716
  1608    716
  1609    716
  1610    716
  1611    716
  1614    716
  1615    716
  1616    716
  1617    716
  1618    716
  1619    716
  1620    716
  1621    716
  1622    716
  1623    716
  1624    716
  1625    716
  1626    716
  1627    716
  1628    716
  1629    716
  1630    716
  1631    716
  1587    717
  1588    717
  1599    717
  1600    717
  1601    717
  1602    717
  1603    717
  1604    717
  1605    717
  1606    717
  1607    717
  1608    717
  1609    717
  1610    717
  1611    717
  1612    717
  1613    717
  1614    717
  1615    717
  1616    717
  1617    717
  1618    717
  1619    717
  1620    717
  1621    717
  1622    717
  1623    717
  1624    717
  1625    717
  1626    717
  1627    717
  1628    717
  1629    717
  1588    718
  1589    718
  1590    718
  1591    718
  1592    718
  1593    718
  1594    718
  1595    718
  1596    718
  1597    718
  1598    718
  1599    718
  1600    718
  1601    718
  1602    718
  1603    718
  1604    718
  1605    718
  1606    718
  1607    718
  1608    718
  1609    718
  1610    718
  1611    718
  1612    718
  1613    718
  1614    718
  1615    718
  1616    718
  1617    718
  1618    718
  1619    718
  1620    718
  1621    718
  1625    718
  1626    718
  1627    718
  1539    719
  1540    719
  1541    719
  1542    719
  1543    719
  1544    719
  1546    719
  1547    719
  1548    719
  1569    719
  1572    719
  1573    719
  1574    719
  1575    719
  1576    719
  1577    719
  1600    719
  1601    719
  1609    719
  1610    719
  1611    719
  1619    719
  1620    719
  1621    719
  1622    719
  1623    719
  1624    719
  1625    719
  1512    720
  1513    720
  1514    720
  1520    720
  1521    720
  1522    720
  1523    720
  1524    720
  1525    720
  1526    720
  1527    720
  1528    720
  1529    720
  1530    720
  1531    720
  1532    720
  1533    720
  1534    720
  1535    720
  1536    720
  1537    720
  1538    720
  1539    720
  1540    720
  1541    720
  1542    720
  1543    720
  1544    720
  1545    720
  1546    720
  1547    720
  1548    720
  1549    720
  1550    720
  1551    720
  1552    720
  1553    720
  1554    720
  1555    720
  1556    720
  1557    720
  1558    720
  1559    720
  1560    720
  1561    720
  1562    720
  1563    720
  1564    720
  1565    720
  1582    720
  1583    720
  1584    720
  1585    720
  1586    720
  1587    720
  1588    720
  1589    720
  1590    720
  1591    720
  1592    720
  1603    720
  1604    720
  1605    720
  1477    721
  1478    721
  1479    721
  1487    721
  1488    721
  1489    721
  1490    721
  1501    721
  1502    721
  1503    721
  1504    721
  1505    721
  1506    721
  1507    721
  1508    721
  1509    721
  1510    721
  1511    721
  1512    721
  1513    721
  1514    721
  1515    721
  1516    721
  1517    721
  1518    721
  1519    721
  1520    721
  1521    721
  1522    721
  1523    721
  1524    721
  1525    721
  1526    721
  1527    721
  1528    721
  1529    721
  1530    721
  1531    721
  1532    721
  1533    721
  1534    721
  1535    721
  1536    721
  1537    721
  1538    721
  1539    721
  1540    721
  1541    721
  1542    721
  1543    721
  1544    721
  1545    721
  1546    721
  1547    721
  1548    721
  1549    721
  1550    721
  1551    721
  1552    721
  1553    721
  1554    721
  1555    721
  1556    721
  1557    721
  1558    721
  1559    721
  1560    721
  1561    721
  1562    721
  1574    721
  1575    721
  1576    721
  1577    721
  1578    721
  1579    721
  1580    721
  1596    721
  1597    721
  1598    721
  1478    722
  1479    722
  1480    722
  1481    722
  1482    722
  1483    722
  1484    722
  1485    722
  1486    722
  1487    722
  1488    722
  1489    722
  1490    722
  1491    722
  1492    722
  1493    722
  1494    722
  1500    722
  1501    722
  1502    722
  1503    722
  1504    722
  1505    722
  1506    722
  1507    722
  1508    722
  1509    722
  1510    722
  1511    722
  1512    722
  1513    722
  1514    722
  1515    722
  1516    722
  1517    722
  1518    722
  1519    722
  1520    722
  1521    722
  1522    722
  1523    722
  1524    722
  1525    722
  1526    722
  1527    722
  1528    722
  1529    722
  1530    722
  1531    722
  1532    722
  1533    722
  1534    722
  1535    722
  1536    722
  1537    722
  1538    722
  1539    722
  1540    722
  1541    722
  1542    722
  1543    722
  1544    722
  1545    722
  1546    722
  1547    722
  1548    722
  1549    722
  1550    722
  1551    722
  1552    722
  1553    722
  1554    722
  1555    722
  1556    722
  1557    722
  1558    722
  1559    722
  1560    722
  1561    722
  1562    722
  1563    722
  1564    722
  1565    722
  1566    722
  1567    722
  1568    722
  1569    722
  1570    722
  1571    722
  1572    722
  1573    722
  1574    722
  1575    722
  1576    722
  1577    722
  1578    722
  1579    722
  1580    722
  1587    722
  1588    722
  1589    722
  1596    722
  1597    722
  1598    722
  1467    723
  1476    723
  1477    723
  1478    723
  1479    723
  1480    723
  1481    723
  1482    723
  1483    723
  1484    723
  1485    723
  1486    723
  1487    723
  1488    723
  1489    723
  1490    723
  1491    723
  1492    723
  1493    723
  1494    723
  1495    723
  1496    723
  1497    723
  1498    723
  1499    723
  1500    723
  1501    723
  1502    723
  1503    723
  1504    723
  1505    723
  1506    723
  1507    723
  1508    723
  1509    723
  1510    723
  1511    723
  1512    723
  1513    723
  1515    723
  1516    723
  1517    723
  1525    723
  1526    723
  1527    723
  1528    723
  1529    723
  1530    723
  1531    723
  1532    723
  1533    723
  1534    723
  1535    723
  1536    723
  1537    723
  1538    723
  1539    723
  1540    723
  1541    723
  1542    723
  1543    723
  1544    723
  1545    723
  1546    723
  1547    723
  1548    723
  1549    723
  1550    723
  1551    723
  1552    723
  1553    723
  1554    723
  1555    723
  1556    723
  1557    723
  1558    723
  1559    723
  1560    723
  1561    723
  1562    723
  1563    723
  1564    723
  1565    723
  1566    723
  1567    723
  1568    723
  1569    723
  1570    723
  1571    723
  1572    723
  1573    723
  1574    723
  1575    723
  1576    723
  1577    723
  1578    723
  1579    723
  1580    723
  1581    723
  1582    723
  1583    723
  1584    723
  1585    723
  1586    723
  1587    723
  1588    723
  1589    723
  1476    724
  1477    724
  1478    724
  1479    724
  1480    724
  1481    724
  1482    724
  1483    724
  1484    724
  1485    724
  1486    724
  1487    724
  1488    724
  1489    724
  1490    724
  1516    724
  1518    724
  1519    724
  1520    724
  1521    724
  1522    724
  1523    724
  1524    724
  1525    724
  1526    724
  1527    724
  1528    724
  1529    724
  1530    724
  1531    724
  1532    724
  1533    724
  1534    724
  1535    724
  1536    724
  1537    724
  1538    724
  1539    724
  1540    724
  1541    724
  1542    724
  1543    724
  1544    724
  1545    724
  1546    724
  1547    724
  1548    724
  1549    724
  1550    724
  1551    724
  1552    724
  1553    724
  1554    724
  1555    724
  1556    724
  1557    724
  1558    724
  1559    724
  1560    724
  1561    724
  1562    724
  1563    724
  1564    724
  1565    724
  1569    724
  1570    724
  1571    724
  1572    724
  1573    724
  1574    724
  1575    724
  1576    724
  1577    724
  1578    724
  1580    724
  1581    724
  1582    724
  1583    724
  1496    725
  1497    725
  1498    725
  1499    725
  1500    725
  1501    725
  1502    725
  1503    725
  1504    725
  1505    725
  1506    725
  1507    725
  1508    725
  1509    725
  1510    725
  1511    725
  1512    725
  1513    725
  1514    725
  1515    725
  1516    725
  1517    725
  1518    725
  1519    725
  1520    725
  1521    725
  1522    725
  1523    725
  1524    725
  1525    725
  1526    725
  1527    725
  1528    725
  1529    725
  1530    725
  1531    725
  1532    725
  1533    725
  1534    725
  1535    725
  1536    725
  1537    725
  1538    725
  1539    725
  1540    725
  1541    725
  1542    725
  1543    725
  1544    725
  1545    725
  1546    725
  1547    725
  1548    725
  1549    725
  1550    725
  1551    725
  1552    725
  1553    725
  1554    725
  1555    725
  1556    725
  1557    725
  1558    725
  1563    725
  1564    725
  1565    725
  1566    725
  1567    725
  1568    725
  1569    725
  1570    725
  1571    725
  1572    725
  1573    725
  1574    725
  1575    725
  1576    725
  1577    725
  1578    725
  1460    726
  1461    726
  1462    726
  1478    726
  1479    726
  1480    726
  1481    726
  1482    726
  1483    726
  1484    726
  1485    726
  1486    726
  1487    726
  1488    726
  1497    726
  1498    726
  1499    726
  1500    726
  1501    726
  1502    726
  1503    726
  1504    726
  1505    726
  1506    726
  1507    726
  1508    726
  1509    726
  1510    726
  1511    726
  1512    726
  1513    726
  1514    726
  1515    726
  1516    726
  1517    726
  1518    726
  1519    726
  1520    726
  1521    726
  1522    726
  1523    726
  1524    726
  1525    726
  1526    726
  1527    726
  1528    726
  1538    726
  1539    726
  1540    726
  1541    726
  1542    726
  1543    726
  1544    726
  1545    726
  1546    726
  1547    726
  1548    726
  1549    726
  1550    726
  1551    726
  1552    726
  1553    726
  1554    726
  1555    726
  1558    726
  1559    726
  1560    726
  1562    726
  1563    726
  1564    726
  1565    726
  1566    726
  1567    726
  1568    726
  1569    726
  1570    726
  1571    726
  1572    726
  1573    726
  1574    726
  1575    726
  1576    726
  1577    726
  1578    726
  1501    727
  1502    727
  1503    727
  1504    727
  1505    727
  1510    727
  1511    727
  1512    727
  1513    727
  1514    727
  1515    727
  1516    727
  1517    727
  1518    727
  1519    727
  1520    727
  1530    727
  1531    727
  1532    727
  1533    727
  1534    727
  1535    727
  1536    727
  1537    727
  1538    727
  1539    727
  1540    727
  1541    727
  1542    727
  1543    727
  1544    727
  1545    727
  1546    727
  1547    727
  1548    727
  1549    727
  1550    727
  1551    727
  1552    727
  1553    727
  1557    727
  1558    727
  1559    727
  1560    727
  1561    727
  1562    727
  1563    727
  1564    727
  1565    727
  1566    727
  1567    727
  1568    727
  1525    728
  1526    728
  1527    728
  1528    728
  1529    728
  1530    728
  1531    728
  1532    728
  1533    728
  1534    728
  1535    728
  1537    728
  1538    728
  1539    728
  1540    728
  1541    728
  1542    728
  1543    728
  1544    728
  1545    728
  1546    728
  1547    728
  1548    728
  1549    728
  1552    728
  1553    728
  1554    728
  1555    728
  1556    728
  1557    728
  1558    728
  1559    728
  1560    728
  1561    728
  1562    728
  1516    729
  1517    729
  1518    729
  1519    729
  1520    729
  1521    729
  1522    729
  1523    729
  1524    729
  1525    729
  1526    729
  1533    729
  1534    729
  1535    729
  1538    729
  1539    729
  1540    729
  1541    729
  1546    729
  1547    729
  1548    729
  1549    729
  1550    729
  1551    729
  1514    730
  1515    730
  1516    730
  1517    730
  1518    730
  1519    730
  1520    730
  1540    730
  1541    730
  1543    730
  1544    730
  1545    730
  1546    730
  1547    730
  1518    731
  1519    731
  1520    731
  1511    732
  1512    732
  1513    732
  1514    732
  1515    732
  1516    732
  1517    732
  1518    732
  1519    732
  1520    732
  1477    733
  1478    733
  1479    733
  1488    733
  1489    733
  1490    733
  1491    733
  1492    733
  1493    733
  1494    733
  1495    733
  1496    733
  1504    733
  1505    733
  1506    733
  1507    733
  1508    733
  1509    733
  1510    733
  1511    733
  1512    733
  1482    734
  1483    734
  1484    734
  1485    734
  1486    734
  1487    734
  1488    734
  1489    734
  1490    734
  1491    734
  1492    734
  1493    734
  1498    734
  1499    734
  1500    734
  1504    734
  1505    734
  1506    734
  1507    734
  1511    734
  1512    734
  1513    734
  1514    734
  1515    734
  1516    734
  1517    734
  1518    734
  1519    734
  1474    735
  1475    735
  1476    735
  1477    735
  1478    735
  1479    735
  1480    735
  1481    735
  1482    735
  1483    735
  1484    735
  1485    735
  1486    735
  1487    735
  1492    735
  1493    735
  1494    735
  1495    735
  1496    735
  1497    735
  1498    735
  1499    735
  1500    735
  1501    735
  1505    735
  1506    735
  1507    735
  1508    735
  1509    735
  1510    735
  1511    735
  1512    735
  1513    735
  1514    735
  1515    735
  1468    736
  1469    736
  1470    736
  1474    736
  1475    736
  1476    736
  1477    736
  1478    736
  1479    736
  1480    736
  1483    736
  1484    736
  1485    736
  1486    736
  1487    736
  1488    736
  1489    736
  1490    736
  1491    736
  1492    736
  1493    736
  1494    736
  1500    736
  1501    736
  1502    736
  1507    736
  1508    736
  1509    736
  1462    737
  1463    737
  1464    737
  1467    737
  1468    737
  1469    737
  1470    737
  1471    737
  1472    737
  1477    737
  1478    737
  1479    737
  1480    737
  1481    737
  1482    737
  1483    737
  1484    737
  1485    737
  1486    737
  1487    737
  1494    737
  1495    737
  1496    737
  1497    737
  1502    737
  1503    737
  1504    737
  1456    738
  1457    738
  1458    738
  1459    738
  1460    738
  1461    738
  1462    738
  1463    738
  1464    738
  1465    738
  1466    738
  1467    738
  1472    738
  1473    738
  1474    738
  1475    738
  1476    738
  1477    738
  1478    738
  1479    738
  1480    738
  1481    738
  1482    738
  1487    738
  1488    738
  1489    738
  1490    738
  1491    738
  1492    738
  1497    738
  1498    738
  1450    739
  1451    739
  1452    739
  1453    739
  1455    739
  1456    739
  1457    739
  1458    739
  1459    739
  1460    739
  1461    739
  1466    739
  1467    739
  1468    739
  1469    739
  1470    739
  1471    739
  1472    739
  1473    739
  1474    739
  1475    739
  1476    739
  1482    739
  1483    739
  1484    739
  1485    739
  1489    739
  1490    739
  1491    739
  1492    739
  1444    740
  1445    740
  1446    740
  1447    740
  1448    740
  1451    740
  1452    740
  1453    740
  1454    740
  1461    740
  1462    740
  1463    740
  1464    740
  1465    740
  1466    740
  1467    740
  1468    740
  1469    740
  1470    740
  1471    740
  1472    740
  1477    740
  1478    740
  1479    740
  1480    740
  1481    740
  1485    740
  1486    740
  1487    740
  1439    741
  1440    741
  1441    741
  1442    741
  1443    741
  1444    741
  1445    741
  1446    741
  1447    741
  1448    741
  1449    741
  1455    741
  1456    741
  1457    741
  1458    741
  1459    741
  1460    741
  1461    741
  1462    741
  1463    741
  1464    741
  1465    741
  1471    741
  1472    741
  1473    741
  1474    741
  1475    741
  1476    741
  1477    741
  1478    741
  1479    741
  1480    741
  1481    741
  1433    742
  1434    742
  1435    742
  1436    742
  1437    742
  1438    742
  1439    742
  1440    742
  1441    742
  1442    742
  1443    742
  1444    742
  1450    742
  1451    742
  1452    742
  1458    742
  1459    742
  1460    742
  1466    742
  1467    742
  1468    742
  1469    742
  1470    742
  1471    742
  1472    742
  1473    742
  1474    742
  1475    742
  1432    743
  1433    743
  1434    743
  1435    743
  1436    743
  1437    743
  1438    743
  1444    743
  1445    743
  1446    743
  1447    743
  1460    743
  1461    743
  1469    743
  1470    743
  1471    743
  1439    744
  1440    744
  1441    744
  1442    744
  1443    744
  1433    745
  1434    745
  1435    745
  1436    745
  1437    745
  1438    745
  1439    745
  1440    745
  1442    745
  1443    745
  1444    745
  1427    746
  1428    746
  1429    746
  1430    746
  1434    746
  1435    746
  1436    746
  1437    746
  1438    746
  1439    746
  1407    747
  1408    747
  1409    747
  1410    747
  1411    747
  1412    747
  1413    747
  1414    747
  1415    747
  1423    747
  1424    747
  1425    747
  1426    747
  1427    747
  1429    747
  1430    747
  1431    747
  1432    747
  1433    747
  1401    748
  1402    748
  1403    748
  1404    748
  1405    748
  1406    748
  1407    748
  1408    748
  1409    748
  1410    748
  1411    748
  1412    748
  1413    748
  1418    748
  1419    748
  1420    748
  1421    748
  1422    748
  1424    748
  1425    748
  1426    748
  1427    748
  1428    748
  1436    748
  1437    748
  1438    748
  1439    748
  1397    749
  1398    749
  1399    749
  1400    749
  1401    749
  1402    749
  1403    749
  1404    749
  1405    749
  1406    749
  1407    749
  1414    749
  1415    749
  1416    749
  1417    749
  1418    749
  1419    749
  1420    749
  1421    749
  1422    749
  1423    749
  1424    749
  1431    749
  1432    749
  1433    749
  1434    749
  1435    749
  1392    750
  1393    750
  1394    750
  1395    750
  1396    750
  1397    750
  1398    750
  1399    750
  1400    750
  1401    750
  1402    750
  1409    750
  1410    750
  1411    750
  1412    750
  1413    750
  1414    750
  1415    750
  1416    750
  1417    750
  1418    750
  1419    750
  1420    750
  1426    750
  1427    750
  1428    750
  1429    750
  1430    750
  1431    750
  1435    750
  1436    750
  1437    750
  1388    751
  1389    751
  1390    751
  1391    751
  1392    751
  1393    751
  1394    751
  1395    751
  1396    751
  1397    751
  1398    751
  1404    751
  1405    751
  1406    751
  1407    751
  1408    751
  1409    751
  1410    751
  1411    751
  1412    751
  1413    751
  1414    751
  1415    751
  1422    751
  1423    751
  1424    751
  1425    751
  1431    751
  1432    751
  1382    752
  1383    752
  1384    752
  1385    752
  1386    752
  1387    752
  1388    752
  1389    752
  1390    752
  1391    752
  1392    752
  1393    752
  1400    752
  1401    752
  1402    752
  1403    752
  1404    752
  1405    752
  1406    752
  1407    752
  1408    752
  1409    752
  1410    752
  1417    752
  1418    752
  1419    752
  1420    752
  1421    752
  1426    752
  1427    752
  1378    753
  1379    753
  1380    753
  1381    753
  1382    753
  1383    753
  1384    753
  1385    753
  1386    753
  1387    753
  1388    753
  1394    753
  1395    753
  1396    753
  1397    753
  1398    753
  1399    753
  1400    753
  1401    753
  1402    753
  1403    753
  1404    753
  1405    753
  1413    753
  1414    753
  1415    753
  1416    753
  1417    753
  1421    753
  1422    753
  1423    753
  1373    754
  1374    754
  1375    754
  1376    754
  1377    754
  1379    754
  1380    754
  1381    754
  1382    754
  1383    754
  1384    754
  1391    754
  1392    754
  1393    754
  1394    754
  1395    754
  1396    754
  1397    754
  1398    754
  1399    754
  1400    754
  1401    754
  1409    754
  1410    754
  1411    754
  1412    754
  1415    754
  1416    754
  1417    754
  1418    754
  1368    755
  1369    755
  1370    755
  1371    755
  1372    755
  1373    755
  1374    755
  1375    755
  1376    755
  1377    755
  1378    755
  1379    755
  1385    755
  1386    755
  1387    755
  1388    755
  1389    755
  1390    755
  1391    755
  1392    755
  1393    755
  1394    755
  1395    755
  1396    755
  1404    755
  1405    755
  1406    755
  1407    755
  1408    755
  1412    755
  1413    755
  1414    755
  1363    756
  1364    756
  1365    756
  1366    756
  1367    756
  1368    756
  1369    756
  1370    756
  1371    756
  1372    756
  1373    756
  1374    756
  1382    756
  1383    756
  1384    756
  1385    756
  1386    756
  1387    756
  1388    756
  1389    756
  1390    756
  1391    756
  1392    756
  1400    756
  1401    756
  1402    756
  1403    756
  1410    756
  1359    757
  1360    757
  1361    757
  1362    757
  1363    757
  1364    757
  1365    757
  1366    757
  1367    757
  1368    757
  1369    757
  1370    757
  1371    757
  1378    757
  1379    757
  1380    757
  1381    757
  1382    757
  1383    757
  1384    757
  1385    757
  1386    757
  1387    757
  1388    757
  1395    757
  1396    757
  1397    757
  1398    757
  1399    757
  1400    757
  1405    757
  1406    757
  1354    758
  1355    758
  1356    758
  1357    758
  1358    758
  1359    758
  1360    758
  1361    758
  1362    758
  1363    758
  1364    758
  1365    758
  1366    758
  1373    758
  1374    758
  1375    758
  1381    758
  1382    758
  1383    758
  1391    758
  1392    758
  1393    758
  1394    758
  1395    758
  1396    758
  1401    758
  1402    758
  1350    759
  1351    759
  1352    759
  1353    759
  1354    759
  1355    759
  1356    759
  1357    759
  1358    759
  1359    759
  1360    759
  1361    759
  1369    759
  1370    759
  1371    759
  1372    759
  1378    759
  1379    759
  1380    759
  1387    759
  1388    759
  1389    759
  1390    759
  1391    759
  1396    759
  1397    759
  1353    760
  1354    760
  1355    760
  1356    760
  1357    760
  1358    760
  1364    760
  1365    760
  1366    760
  1367    760
  1368    760
  1369    760
  1382    760
  1383    760
  1384    760
  1385    760
  1386    760
  1387    760
  1391    760
  1392    760
  1393    760
  1360    761
  1361    761
  1362    761
  1363    761
  1364    761
  1365    761
  1366    761
  1388    761
  1389    761
  1357    762
  1358    762
  1359    762
  1360    762
  1361    762
  1362    762
  1367    762
  1368    762
  1353    763
  1354    763
  1355    763
  1356    763
  1357    763
  1358    763
  1359    763
  1360    763
  1361    763
  1362    763
  1363    763
  1348    764
  1349    764
  1350    764
  1351    764
  1352    764
  1353    764
  1354    764
  1355    764
  1356    764
  1357    764
  1358    764
  1359    764
  1360    764
  1344    765
  1345    765
  1346    765
  1347    765
  1348    765
  1349    765
  1350    765
  1351    765
  1352    765
  1353    765
  1354    765
  1355    765
  1356    765
  1323    766
  1324    766
  1325    766
  1326    766
  1327    766
  1328    766
  1332    766
  1341    766
  1342    766
  1343    766
  1344    766
  1345    766
  1346    766
  1347    766
  1348    766
  1349    766
  1350    766
  1351    766
  1352    766
  1353    766
  1318    767
  1319    767
  1320    767
  1321    767
  1322    767
  1323    767
  1324    767
  1325    767
  1326    767
  1327    767
  1328    767
  1329    767
  1330    767
  1337    767
  1338    767
  1339    767
  1340    767
  1341    767
  1342    767
  1343    767
  1344    767
  1345    767
  1346    767
  1347    767
  1348    767
  1349    767
  1357    767
  1358    767
  1359    767
  1360    767
  1361    767
  1314    768
  1315    768
  1316    768
  1317    768
  1318    768
  1319    768
  1320    768
  1321    768
  1322    768
  1323    768
  1324    768
  1325    768
  1326    768
  1334    768
  1335    768
  1336    768
  1337    768
  1338    768
  1339    768
  1340    768
  1341    768
  1342    768
  1343    768
  1344    768
  1345    768
  1354    768
  1355    768
  1356    768
  1357    768
  1358    768
  1359    768
  1360    768
  1310    769
  1311    769
  1312    769
  1313    769
  1314    769
  1315    769
  1316    769
  1317    769
  1318    769
  1319    769
  1320    769
  1321    769
  1322    769
  1330    769
  1331    769
  1332    769
  1333    769
  1334    769
  1335    769
  1336    769
  1337    769
  1338    769
  1339    769
  1340    769
  1341    769
  1342    769
  1350    769
  1351    769
  1352    769
  1353    769
  1354    769
  1355    769
  1356    769
  1357    769
  1358    769
  1360    769
  1361    769
  1298    770
  1299    770
  1308    770
  1309    770
  1310    770
  1311    770
  1312    770
  1313    770
  1314    770
  1315    770
  1316    770
  1317    770
  1318    770
  1319    770
  1328    770
  1329    770
  1330    770
  1331    770
  1332    770
  1333    770
  1334    770
  1335    770
  1336    770
  1337    770
  1338    770
  1347    770
  1348    770
  1349    770
  1350    770
  1351    770
  1352    770
  1353    770
  1356    770
  1357    770
  1358    770
  1304    771
  1305    771
  1306    771
  1307    771
  1308    771
  1309    771
  1310    771
  1311    771
  1312    771
  1313    771
  1314    771
  1315    771
  1316    771
  1324    771
  1325    771
  1326    771
  1327    771
  1328    771
  1329    771
  1331    771
  1332    771
  1333    771
  1334    771
  1335    771
  1336    771
  1344    771
  1345    771
  1346    771
  1347    771
  1348    771
  1349    771
  1350    771
  1351    771
  1353    771
  1354    771
  1291    772
  1292    772
  1293    772
  1301    772
  1302    772
  1303    772
  1304    772
  1305    772
  1306    772
  1307    772
  1308    772
  1309    772
  1310    772
  1311    772
  1312    772
  1320    772
  1321    772
  1322    772
  1323    772
  1324    772
  1325    772
  1326    772
  1328    772
  1330    772
  1331    772
  1332    772
  1341    772
  1342    772
  1343    772
  1344    772
  1345    772
  1346    772
  1347    772
  1348    772
  1349    772
  1351    772
  1352    772
  1297    773
  1298    773
  1299    773
  1300    773
  1301    773
  1302    773
  1303    773
  1304    773
  1305    773
  1306    773
  1307    773
  1308    773
  1309    773
  1317    773
  1318    773
  1319    773
  1320    773
  1321    773
  1322    773
  1323    773
  1324    773
  1325    773
  1326    773
  1327    773
  1328    773
  1329    773
  1330    773
  1338    773
  1339    773
  1340    773
  1341    773
  1342    773
  1343    773
  1344    773
  1345    773
  1346    773
  1347    773
  1348    773
  1349    773
  1350    773
  1294    774
  1295    774
  1296    774
  1297    774
  1298    774
  1299    774
  1300    774
  1301    774
  1302    774
  1303    774
  1304    774
  1305    774
  1306    774
  1313    774
  1314    774
  1315    774
  1316    774
  1317    774
  1318    774
  1319    774
  1320    774
  1321    774
  1322    774
  1323    774
  1324    774
  1325    774
  1326    774
  1336    774
  1337    774
  1338    774
  1339    774
  1340    774
  1341    774
  1342    774
  1343    774
  1344    774
  1345    774
  1346    774
  1347    774
  1280    775
  1281    775
  1282    775
  1283    775
  1291    775
  1292    775
  1293    775
  1294    775
  1295    775
  1296    775
  1297    775
  1298    775
  1299    775
  1300    775
  1301    775
  1302    775
  1303    775
  1311    775
  1312    775
  1313    775
  1314    775
  1315    775
  1316    775
  1317    775
  1318    775
  1319    775
  1320    775
  1321    775
  1322    775
  1323    775
  1333    775
  1334    775
  1335    775
  1336    775
  1337    775
  1338    775
  1339    775
  1340    775
  1341    775
  1342    775
  1343    775
  1344    775
  1279    776
  1280    776
  1281    776
  1287    776
  1288    776
  1289    776
  1290    776
  1291    776
  1292    776
  1293    776
  1297    776
  1298    776
  1299    776
  1300    776
  1308    776
  1309    776
  1310    776
  1311    776
  1312    776
  1313    776
  1314    776
  1315    776
  1319    776
  1320    776
  1330    776
  1331    776
  1332    776
  1333    776
  1334    776
  1335    776
  1336    776
  1337    776
  1338    776
  1339    776
  1340    776
  1341    776
  1342    776
  1284    777
  1285    777
  1286    777
  1287    777
  1288    777
  1289    777
  1290    777
  1291    777
  1292    777
  1295    777
  1296    777
  1297    777
  1305    777
  1306    777
  1307    777
  1308    777
  1309    777
  1310    777
  1311    777
  1312    777
  1313    777
  1316    777
  1317    777
  1318    777
  1327    777
  1328    777
  1329    777
  1330    777
  1331    777
  1332    777
  1333    777
  1334    777
  1335    777
  1336    777
  1337    777
  1338    777
  1339    777
  1282    778
  1283    778
  1284    778
  1285    778
  1286    778
  1287    778
  1288    778
  1289    778
  1290    778
  1291    778
  1292    778
  1293    778
  1294    778
  1302    778
  1303    778
  1304    778
  1305    778
  1306    778
  1307    778
  1308    778
  1309    778
  1310    778
  1311    778
  1312    778
  1313    778
  1314    778
  1315    778
  1325    778
  1326    778
  1327    778
  1328    778
  1329    778
  1330    778
  1331    778
  1332    778
  1333    778
  1334    778
  1335    778
  1336    778
  1337    778
  1270    779
  1271    779
  1272    779
  1279    779
  1280    779
  1281    779
  1282    779
  1283    779
  1284    779
  1285    779
  1286    779
  1287    779
  1288    779
  1289    779
  1290    779
  1291    779
  1292    779
  1299    779
  1300    779
  1301    779
  1302    779
  1303    779
  1304    779
  1305    779
  1306    779
  1307    779
  1308    779
  1309    779
  1310    779
  1311    779
  1312    779
  1322    779
  1323    779
  1324    779
  1325    779
  1326    779
  1327    779
  1328    779
  1329    779
  1330    779
  1331    779
  1332    779
  1333    779
  1334    779
  1277    780
  1278    780
  1279    780
  1280    780
  1281    780
  1282    780
  1283    780
  1284    780
  1285    780
  1286    780
  1287    780
  1288    780
  1289    780
  1297    780
  1298    780
  1299    780
  1300    780
  1301    780
  1302    780
  1303    780
  1304    780
  1305    780
  1306    780
  1307    780
  1308    780
  1309    780
  1320    780
  1321    780
  1322    780
  1323    780
  1324    780
  1325    780
  1326    780
  1327    780
  1328    780
  1329    780
  1330    780
  1331    780
  1332    780
  1274    781
  1275    781
  1276    781
  1277    781
  1278    781
  1279    781
  1280    781
  1281    781
  1282    781
  1283    781
  1284    781
  1285    781
  1286    781
  1294    781
  1295    781
  1296    781
  1297    781
  1298    781
  1299    781
  1300    781
  1301    781
  1302    781
  1303    781
  1304    781
  1305    781
  1306    781
  1307    781
  1317    781
  1318    781
  1319    781
  1320    781
  1321    781
  1322    781
  1323    781
  1324    781
  1325    781
  1326    781
  1327    781
  1328    781
  1329    781
  1271    782
  1272    782
  1273    782
  1274    782
  1275    782
  1276    782
  1277    782
  1278    782
  1279    782
  1280    782
  1281    782
  1282    782
  1283    782
  1284    782
  1292    782
  1293    782
  1294    782
  1295    782
  1296    782
  1297    782
  1298    782
  1299    782
  1300    782
  1301    782
  1302    782
  1303    782
  1304    782
  1316    782
  1317    782
  1318    782
  1319    782
  1320    782
  1321    782
  1322    782
  1323    782
  1324    782
  1325    782
  1326    782
  1327    782
  1269    783
  1270    783
  1271    783
  1272    783
  1273    783
  1274    783
  1275    783
  1276    783
  1277    783
  1278    783
  1279    783
  1280    783
  1281    783
  1290    783
  1291    783
  1292    783
  1293    783
  1294    783
  1295    783
  1296    783
  1297    783
  1298    783
  1299    783
  1300    783
  1301    783
  1302    783
  1313    783
  1314    783
  1315    783
  1316    783
  1317    783
  1318    783
  1319    783
  1320    783
  1321    783
  1322    783
  1323    783
  1324    783
  1272    784
  1273    784
  1274    784
  1275    784
  1276    784
  1277    784
  1278    784
  1287    784
  1288    784
  1289    784
  1290    784
  1291    784
  1292    784
  1293    784
  1294    784
  1295    784
  1296    784
  1298    784
  1299    784
  1311    784
  1312    784
  1313    784
  1314    784
  1315    784
  1316    784
  1317    784
  1318    784
  1319    784
  1320    784
  1321    784
  1322    784
  1323    784
  1270    785
  1271    785
  1272    785
  1273    785
  1274    785
  1275    785
  1276    785
  1285    785
  1286    785
  1287    785
  1288    785
  1289    785
  1290    785
  1291    785
  1292    785
  1293    785
  1294    785
  1295    785
  1296    785
  1297    785
  1313    785
  1314    785
  1315    785
  1316    785
  1317    785
  1318    785
  1319    785
  1320    785
  1282    786
  1283    786
  1284    786
  1285    786
  1286    786
  1287    786
  1288    786
  1289    786
  1290    786
  1291    786
  1292    786
  1293    786
  1294    786
  1312    786
  1313    786
  1314    786
  1315    786
  1316    786
  1317    786
  1279    787
  1280    787
  1281    787
  1282    787
  1283    787
  1284    787
  1285    787
  1286    787
  1287    787
  1288    787
  1289    787
  1290    787
  1291    787
  1292    787
  1278    788
  1279    788
  1280    788
  1281    788
  1282    788
  1283    788
  1284    788
  1285    788
  1286    788
  1287    788
  1275    789
  1276    789
  1277    789
  1278    789
  1279    789
  1280    789
  1281    789
  1282    789
  1283    789
  1284    789
  1285    789
  1286    789
  1287    789
  1288    789
  1273    790
  1274    790
  1275    790
  1276    790
  1277    790
  1278    790
  1279    790
  1280    790
  1281    790
  1282    790
  1283    790
  1284    790
  1285    790
  1286    790
  1271    791
  1272    791
  1273    791
  1274    791
  1275    791
  1276    791
  1277    791
  1278    791
  1279    791
  1280    791
  1281    791
  1282    791
  1283    791
  1284    791
  1269    792
  1270    792
  1271    792
  1272    792
  1273    792
  1274    792
  1275    792
  1276    792
  1277    792
  1278    792
  1279    792
  1280    792
  1281    792
  1282    792
