  1598    720
  1599    720
  1600    720
  1610    720
  1611    720
  1612    720
  1591    721
  1592    721
  1593    721
  1594    721
  1595    721
  1596    721
  1597    721
  1598    721
  1602    721
  1603    721
  1604    721
  1605    721
  1606    721
  1607    721
  1608    721
  1609    721
  1543    722
  1544    722
  1571    722
  1572    722
  1573    722
  1575    722
  1576    722
  1580    722
  1581    722
  1582    722
  1583    722
  1584    722
  1585    722
  1586    722
  1587    722
  1588    722
  1589    722
  1590    722
  1591    722
  1592    722
  1593    722
  1594    722
  1595    722
  1596    722
  1597    722
  1598    722
  1599    722
  1600    722
  1601    722
  1602    722
  1603    722
  1604    722
  1605    722
  1606    722
  1607    722
  1608    722
  1609    722
  1610    722
  1611    722
  1612    722
  1613    722
  1614    722
  1615    722
  1616    722
  1617    722
  1618    722
  1619    722
  1620    722
  1524    723
  1525    723
  1526    723
  1527    723
  1528    723
  1532    723
  1533    723
  1534    723
  1535    723
  1554    723
  1555    723
  1559    723
  1560    723
  1561    723
  1562    723
  1563    723
  1564    723
  1565    723
  1566    723
  1567    723
  1568    723
  1569    723
  1570    723
  1571    723
  1572    723
  1573    723
  1574    723
  1575    723
  1576    723
  1577    723
  1578    723
  1579    723
  1580    723
  1581    723
  1582    723
  1583    723
  1584    723
  1585    723
  1586    723
  1587    723
  1588    723
  1589    723
  1590    723
  1591    723
  1592    723
  1593    723
  1594    723
  1595    723
  1596    723
  1597    723
  1598    723
  1599    723
  1600    723
  1601    723
  1602    723
  1603    723
  1604    723
  1605    723
  1606    723
  1607    723
  1608    723
  1609    723
  1610    723
  1611    723
  1612    723
  1613    723
  1614    723
  1615    723
  1616    723
  1617    723
  1618    723
  1532    724
  1533    724
  1534    724
  1539    724
  1540    724
  1542    724
  1543    724
  1544    724
  1545    724
  1546    724
  1547    724
  1548    724
  1549    724
  1550    724
  1551    724
  1552    724
  1553    724
  1554    724
  1555    724
  1556    724
  1557    724
  1558    724
  1559    724
  1560    724
  1561    724
  1562    724
  1563    724
  1564    724
  1565    724
  1566    724
  1567    724
  1568    724
  1569    724
  1570    724
  1571    724
  1572    724
  1573    724
  1574    724
  1575    724
  1576    724
  1577    724
  1578    724
  1579    724
  1580    724
  1581    724
  1582    724
  1583    724
  1584    724
  1585    724
  1586    724
  1587    724
  1588    724
  1589    724
  1590    724
  1591    724
  1592    724
  1593    724
  1594    724
  1595    724
  1596    724
  1597    724
  1598    724
  1599    724
  1600    724
  1601    724
  1602    724
  1603    724
  1604    724
  1605    724
  1606    724
  1607    724
  1608    724
  1609    724
  1610    724
  1611    724
  1612    724
  1613    724
  1614    724
  1615    724
  1616    724
  1520    725
  1521    725
  1522    725
  1523    725
  1524    725
  1525    725
  1526    725
  1527    725
  1528    725
  1529    725
  1530    725
  1531    725
  1532    725
  1533    725
  1534    725
  1535    725
  1536    725
  1537    725
  1538    725
  1539    725
  1540    725
  1541    725
  1542    725
  1543    725
  1544    725
  1545    725
  1546    725
  1547    725
  1548    725
  1549    725
  1550    725
  1551    725
  1552    725
  1553    725
  1554    725
  1555    725
  1556    725
  1557    725
  1558    725
  1559    725
  1560    725
  1561    725
  1562    725
  1563    725
  1564    725
  1565    725
  1566    725
  1567    725
  1568    725
  1569    725
  1570    725
  1571    725
  1572    725
  1573    725
  1574    725
  1575    725
  1576    725
  1577    725
  1578    725
  1579    725
  1580    725
  1581    725
  1582    725
  1583    725
  1584    725
  1585    725
  1586    725
  1587    725
  1588    725
  1589    725
  1590    725
  1591    725
  1592    725
  1593    725
  1594    725
  1595    725
  1596    725
  1597    725
  1598    725
  1599    725
  1600    725
  1601    725
  1602    725
  1603    725
  1604    725
  1605    725
  1606    725
  1607    725
  1608    725
  1609    725
  1610    725
  1611    725
  1612    725
  1613    725
  1614    725
  1525    726
  1526    726
  1533    726
  1537    726
  1538    726
  1539    726
  1540    726
  1541    726
  1542    726
  1543    726
  1544    726
  1545    726
  1546    726
  1547    726
  1548    726
  1549    726
  1550    726
  1551    726
  1552    726
  1553    726
  1554    726
  1555    726
  1556    726
  1557    726
  1558    726
  1559    726
  1560    726
  1561    726
  1562    726
  1563    726
  1564    726
  1582    726
  1583    726
  1584    726
  1585    726
  1586    726
  1587    726
  1588    726
  1589    726
  1590    726
  1591    726
  1592    726
  1593    726
  1594    726
  1595    726
  1596    726
  1597    726
  1598    726
  1599    726
  1600    726
  1601    726
  1602    726
  1603    726
  1604    726
  1605    726
  1606    726
  1607    726
  1608    726
  1609    726
  1610    726
  1611    726
  1612    726
  1535    727
  1536    727
  1537    727
  1538    727
  1539    727
  1540    727
  1541    727
  1542    727
  1543    727
  1544    727
  1545    727
  1567    727
  1568    727
  1569    727
  1570    727
  1571    727
  1572    727
  1573    727
  1574    727
  1575    727
  1576    727
  1577    727
  1578    727
  1579    727
  1580    727
  1581    727
  1582    727
  1583    727
  1584    727
  1585    727
  1586    727
  1587    727
  1588    727
  1589    727
  1590    727
  1591    727
  1592    727
  1593    727
  1594    727
  1595    727
  1596    727
  1597    727
  1598    727
  1599    727
  1600    727
  1601    727
  1602    727
  1603    727
  1604    727
  1605    727
  1606    727
  1607    727
  1608    727
  1609    727
  1610    727
  1611    727
  1534    728
  1535    728
  1536    728
  1537    728
  1538    728
  1554    728
  1555    728
  1556    728
  1557    728
  1558    728
  1559    728
  1560    728
  1561    728
  1562    728
  1563    728
  1564    728
  1565    728
  1566    728
  1567    728
  1568    728
  1569    728
  1570    728
  1571    728
  1572    728
  1573    728
  1574    728
  1575    728
  1576    728
  1577    728
  1578    728
  1579    728
  1580    728
  1581    728
  1582    728
  1583    728
  1584    728
  1585    728
  1586    728
  1587    728
  1588    728
  1589    728
  1590    728
  1591    728
  1592    728
  1593    728
  1594    728
  1595    728
  1596    728
  1597    728
  1598    728
  1599    728
  1600    728
  1601    728
  1602    728
  1603    728
  1604    728
  1605    728
  1606    728
  1540    729
  1541    729
  1542    729
  1543    729
  1544    729
  1545    729
  1546    729
  1547    729
  1548    729
  1549    729
  1550    729
  1551    729
  1552    729
  1553    729
  1554    729
  1555    729
  1556    729
  1557    729
  1558    729
  1559    729
  1560    729
  1561    729
  1562    729
  1563    729
  1564    729
  1565    729
  1566    729
  1567    729
  1568    729
  1569    729
  1570    729
  1571    729
  1572    729
  1573    729
  1574    729
  1575    729
  1576    729
  1577    729
  1578    729
  1579    729
  1580    729
  1581    729
  1582    729
  1583    729
  1584    729
  1585    729
  1586    729
  1587    729
  1588    729
  1589    729
  1590    729
  1591    729
  1592    729
  1593    729
  1594    729
  1595    729
  1605    729
  1606    729
  1607    729
  1537    730
  1538    730
  1539    730
  1540    730
  1541    730
  1542    730
  1543    730
  1544    730
  1545    730
  1546    730
  1547    730
  1548    730
  1549    730
  1550    730
  1551    730
  1552    730
  1553    730
  1554    730
  1555    730
  1556    730
  1557    730
  1558    730
  1564    730
  1565    730
  1566    730
  1567    730
  1568    730
  1569    730
  1570    730
  1571    730
  1572    730
  1573    730
  1578    730
  1579    730
  1580    730
  1581    730
  1582    730
  1583    730
  1584    730
  1585    730
  1586    730
  1598    730
  1599    730
  1600    730
  1601    730
  1602    730
  1603    730
  1604    730
  1605    730
  1551    731
  1552    731
  1553    731
  1558    731
  1559    731
  1560    731
  1561    731
  1569    731
  1570    731
  1571    731
  1590    731
  1591    731
  1592    731
  1593    731
  1594    731
  1595    731
  1596    731
  1597    731
  1598    731
  1599    731
  1600    731
  1601    731
  1602    731
  1603    731
  1586    732
  1587    732
  1588    732
  1589    732
  1590    732
  1591    732
  1592    732
  1593    732
  1594    732
  1595    732
  1580    733
  1581    733
  1582    733
  1583    733
  1584    733
  1585    733
  1586    733
  1587    733
  1588    733
  1589    733
  1590    733
  1598    733
  1580    734
  1581    734
  1582    734
  1583    734
  1584    734
  1585    734
  1591    734
  1592    734
  1593    734
  1594    734
  1586    735
  1587    735
  1588    735
  1589    735
  1590    735
  1591    735
  1592    735
  1593    735
  1594    735
  1595    735
  1548    736
  1549    736
  1550    736
  1551    736
  1579    736
  1580    736
  1581    736
  1582    736
  1583    736
  1584    736
  1585    736
  1586    736
  1587    736
  1588    736
  1589    736
  1574    737
  1575    737
  1576    737
  1577    737
  1578    737
  1579    737
  1580    737
  1581    737
  1582    737
  1583    737
  1584    737
  1552    738
  1553    738
  1554    738
  1555    738
  1556    738
  1557    738
  1558    738
  1559    738
  1560    738
  1561    738
  1562    738
  1569    738
  1570    738
  1571    738
  1572    738
  1573    738
  1574    738
  1575    738
  1576    738
  1577    738
  1578    738
  1584    738
  1585    738
  1586    738
  1587    738
  1546    739
  1547    739
  1548    739
  1549    739
  1550    739
  1551    739
  1552    739
  1553    739
  1554    739
  1555    739
  1556    739
  1563    739
  1564    739
  1565    739
  1566    739
  1567    739
  1568    739
  1569    739
  1570    739
  1571    739
  1572    739
  1573    739
  1579    739
  1580    739
  1581    739
  1582    739
  1583    739
  1584    739
  1585    739
  1586    739
  1587    739
  1588    739
  1541    740
  1542    740
  1543    740
  1544    740
  1545    740
  1546    740
  1547    740
  1548    740
  1549    740
  1550    740
  1551    740
  1557    740
  1558    740
  1559    740
  1560    740
  1561    740
  1562    740
  1563    740
  1564    740
  1565    740
  1566    740
  1567    740
  1568    740
  1574    740
  1575    740
  1576    740
  1577    740
  1578    740
  1579    740
  1580    740
  1581    740
  1582    740
  1583    740
  1584    740
  1535    741
  1536    741
  1537    741
  1538    741
  1539    741
  1540    741
  1541    741
  1542    741
  1543    741
  1544    741
  1545    741
  1546    741
  1547    741
  1552    741
  1553    741
  1554    741
  1555    741
  1556    741
  1557    741
  1558    741
  1559    741
  1560    741
  1561    741
  1562    741
  1563    741
  1569    741
  1570    741
  1571    741
  1572    741
  1573    741
  1574    741
  1575    741
  1576    741
  1577    741
  1578    741
  1579    741
  1519    742
  1520    742
  1521    742
  1530    742
  1531    742
  1532    742
  1533    742
  1534    742
  1535    742
  1536    742
  1537    742
  1538    742
  1539    742
  1540    742
  1541    742
  1547    742
  1548    742
  1549    742
  1550    742
  1551    742
  1552    742
  1553    742
  1554    742
  1555    742
  1556    742
  1557    742
  1558    742
  1564    742
  1565    742
  1566    742
  1567    742
  1568    742
  1569    742
  1570    742
  1571    742
  1572    742
  1573    742
  1574    742
  1575    742
  1525    743
  1526    743
  1527    743
  1528    743
  1529    743
  1530    743
  1531    743
  1532    743
  1533    743
  1534    743
  1535    743
  1536    743
  1542    743
  1543    743
  1544    743
  1545    743
  1546    743
  1547    743
  1548    743
  1549    743
  1550    743
  1551    743
  1552    743
  1553    743
  1560    743
  1561    743
  1562    743
  1563    743
  1564    743
  1565    743
  1566    743
  1567    743
  1568    743
  1569    743
  1570    743
  1571    743
  1520    744
  1521    744
  1522    744
  1523    744
  1524    744
  1525    744
  1526    744
  1527    744
  1528    744
  1529    744
  1530    744
  1531    744
  1537    744
  1538    744
  1539    744
  1540    744
  1541    744
  1542    744
  1543    744
  1544    744
  1545    744
  1546    744
  1547    744
  1548    744
  1549    744
  1555    744
  1556    744
  1557    744
  1558    744
  1559    744
  1560    744
  1561    744
  1563    744
  1564    744
  1565    744
  1516    745
  1517    745
  1518    745
  1519    745
  1520    745
  1521    745
  1522    745
  1523    745
  1524    745
  1525    745
  1526    745
  1527    745
  1533    745
  1534    745
  1535    745
  1536    745
  1537    745
  1538    745
  1539    745
  1540    745
  1541    745
  1542    745
  1543    745
  1544    745
  1551    745
  1552    745
  1553    745
  1554    745
  1555    745
  1556    745
  1557    745
  1558    745
  1559    745
  1560    745
  1561    745
  1562    745
  1511    746
  1512    746
  1513    746
  1514    746
  1515    746
  1516    746
  1517    746
  1518    746
  1519    746
  1520    746
  1521    746
  1522    746
  1523    746
  1529    746
  1530    746
  1531    746
  1532    746
  1533    746
  1534    746
  1535    746
  1536    746
  1537    746
  1538    746
  1539    746
  1540    746
  1547    746
  1548    746
  1549    746
  1550    746
  1551    746
  1552    746
  1553    746
  1554    746
  1555    746
  1556    746
  1557    746
  1507    747
  1508    747
  1509    747
  1510    747
  1511    747
  1512    747
  1513    747
  1514    747
  1515    747
  1516    747
  1517    747
  1518    747
  1524    747
  1525    747
  1526    747
  1527    747
  1528    747
  1529    747
  1530    747
  1531    747
  1532    747
  1533    747
  1534    747
  1535    747
  1536    747
  1543    747
  1544    747
  1545    747
  1546    747
  1547    747
  1549    747
  1550    747
  1551    747
  1552    747
  1553    747
  1500    748
  1501    748
  1502    748
  1503    748
  1504    748
  1505    748
  1506    748
  1507    748
  1508    748
  1509    748
  1510    748
  1511    748
  1512    748
  1513    748
  1520    748
  1521    748
  1522    748
  1523    748
  1524    748
  1528    748
  1529    748
  1530    748
  1531    748
  1538    748
  1539    748
  1540    748
  1541    748
  1542    748
  1543    748
  1544    748
  1546    748
  1547    748
  1548    748
  1549    748
  1504    749
  1505    749
  1506    749
  1507    749
  1508    749
  1509    749
  1516    749
  1517    749
  1518    749
  1519    749
  1520    749
  1525    749
  1526    749
  1534    749
  1535    749
  1536    749
  1537    749
  1538    749
  1539    749
  1541    749
  1542    749
  1543    749
  1544    749
  1545    749
  1511    750
  1512    750
  1513    750
  1514    750
  1515    750
  1521    750
  1522    750
  1537    750
  1538    750
  1539    750
  1540    750
  1541    750
  1507    751
  1508    751
  1509    751
  1510    751
  1511    751
  1512    751
  1513    751
  1514    751
  1515    751
  1516    751
  1517    751
  1518    751
  1519    751
  1473    752
  1474    752
  1475    752
  1476    752
  1477    752
  1478    752
  1503    752
  1504    752
  1505    752
  1506    752
  1507    752
  1508    752
  1509    752
  1510    752
  1511    752
  1512    752
  1513    752
  1514    752
  1515    752
  1467    753
  1468    753
  1469    753
  1470    753
  1471    753
  1472    753
  1499    753
  1500    753
  1501    753
  1503    753
  1504    753
  1505    753
  1506    753
  1507    753
  1508    753
  1509    753
  1510    753
  1511    753
  1476    754
  1477    754
  1478    754
  1479    754
  1480    754
  1481    754
  1482    754
  1483    754
  1484    754
  1496    754
  1497    754
  1498    754
  1499    754
  1500    754
  1502    754
  1503    754
  1504    754
  1505    754
  1506    754
  1507    754
  1472    755
  1473    755
  1474    755
  1475    755
  1476    755
  1477    755
  1478    755
  1479    755
  1480    755
  1481    755
  1482    755
  1483    755
  1484    755
  1485    755
  1491    755
  1492    755
  1493    755
  1494    755
  1495    755
  1497    755
  1498    755
  1499    755
  1500    755
  1501    755
  1502    755
  1511    755
  1512    755
  1513    755
  1468    756
  1469    756
  1470    756
  1471    756
  1472    756
  1473    756
  1474    756
  1475    756
  1476    756
  1477    756
  1478    756
  1479    756
  1480    756
  1487    756
  1488    756
  1489    756
  1490    756
  1493    756
  1494    756
  1495    756
  1496    756
  1497    756
  1498    756
  1507    756
  1508    756
  1509    756
  1510    756
  1511    756
  1454    757
  1455    757
  1456    757
  1457    757
  1464    757
  1465    757
  1466    757
  1467    757
  1468    757
  1469    757
  1470    757
  1471    757
  1472    757
  1473    757
  1474    757
  1475    757
  1476    757
  1477    757
  1484    757
  1485    757
  1486    757
  1487    757
  1489    757
  1490    757
  1491    757
  1492    757
  1493    757
  1494    757
  1495    757
  1496    757
  1504    757
  1505    757
  1506    757
  1507    757
  1508    757
  1509    757
  1510    757
  1450    758
  1451    758
  1460    758
  1461    758
  1462    758
  1463    758
  1464    758
  1465    758
  1466    758
  1467    758
  1468    758
  1469    758
  1470    758
  1471    758
  1472    758
  1473    758
  1480    758
  1481    758
  1482    758
  1483    758
  1484    758
  1485    758
  1486    758
  1487    758
  1488    758
  1489    758
  1490    758
  1491    758
  1492    758
  1499    758
  1500    758
  1501    758
  1502    758
  1503    758
  1504    758
  1505    758
  1506    758
  1507    758
  1508    758
  1509    758
  1510    758
  1511    758
  1457    759
  1458    759
  1459    759
  1460    759
  1461    759
  1462    759
  1463    759
  1464    759
  1465    759
  1466    759
  1467    759
  1468    759
  1469    759
  1476    759
  1477    759
  1478    759
  1479    759
  1480    759
  1481    759
  1482    759
  1483    759
  1484    759
  1485    759
  1486    759
  1487    759
  1488    759
  1489    759
  1496    759
  1497    759
  1498    759
  1499    759
  1500    759
  1501    759
  1502    759
  1503    759
  1504    759
  1505    759
  1506    759
  1507    759
  1508    759
  1453    760
  1454    760
  1455    760
  1456    760
  1457    760
  1458    760
  1459    760
  1460    760
  1461    760
  1462    760
  1463    760
  1464    760
  1465    760
  1466    760
  1474    760
  1475    760
  1476    760
  1477    760
  1481    760
  1482    760
  1483    760
  1484    760
  1485    760
  1493    760
  1494    760
  1495    760
  1496    760
  1497    760
  1498    760
  1499    760
  1500    760
  1501    760
  1502    760
  1503    760
  1504    760
  1450    761
  1451    761
  1452    761
  1453    761
  1454    761
  1455    761
  1456    761
  1457    761
  1458    761
  1459    761
  1460    761
  1461    761
  1462    761
  1469    761
  1470    761
  1471    761
  1472    761
  1473    761
  1474    761
  1477    761
  1478    761
  1479    761
  1480    761
  1481    761
  1489    761
  1490    761
  1491    761
  1492    761
  1493    761
  1494    761
  1495    761
  1496    761
  1497    761
  1498    761
  1499    761
  1500    761
  1501    761
  1446    762
  1447    762
  1448    762
  1449    762
  1450    762
  1451    762
  1452    762
  1453    762
  1454    762
  1455    762
  1456    762
  1457    762
  1458    762
  1459    762
  1466    762
  1467    762
  1468    762
  1469    762
  1470    762
  1471    762
  1472    762
  1473    762
  1474    762
  1475    762
  1476    762
  1477    762
  1478    762
  1487    762
  1488    762
  1489    762
  1490    762
  1491    762
  1492    762
  1493    762
  1494    762
  1495    762
  1496    762
  1497    762
  1498    762
  1443    763
  1444    763
  1445    763
  1446    763
  1447    763
  1448    763
  1449    763
  1450    763
  1451    763
  1452    763
  1453    763
  1454    763
  1462    763
  1463    763
  1464    763
  1465    763
  1466    763
  1467    763
  1471    763
  1472    763
  1473    763
  1474    763
  1475    763
  1483    763
  1484    763
  1485    763
  1486    763
  1487    763
  1488    763
  1489    763
  1490    763
  1491    763
  1492    763
  1493    763
  1494    763
  1438    764
  1439    764
  1440    764
  1441    764
  1442    764
  1443    764
  1444    764
  1445    764
  1446    764
  1447    764
  1448    764
  1449    764
  1450    764
  1451    764
  1458    764
  1459    764
  1460    764
  1461    764
  1462    764
  1463    764
  1464    764
  1465    764
  1468    764
  1469    764
  1470    764
  1471    764
  1480    764
  1481    764
  1482    764
  1483    764
  1484    764
  1485    764
  1486    764
  1487    764
  1488    764
  1489    764
  1490    764
  1491    764
  1426    765
  1427    765
  1435    765
  1436    765
  1437    765
  1438    765
  1439    765
  1440    765
  1441    765
  1442    765
  1443    765
  1444    765
  1445    765
  1446    765
  1447    765
  1448    765
  1455    765
  1456    765
  1457    765
  1458    765
  1459    765
  1460    765
  1461    765
  1462    765
  1463    765
  1464    765
  1465    765
  1466    765
  1467    765
  1468    765
  1477    765
  1478    765
  1479    765
  1480    765
  1481    765
  1482    765
  1483    765
  1484    765
  1485    765
  1486    765
  1487    765
  1488    765
  1432    766
  1433    766
  1434    766
  1435    766
  1436    766
  1437    766
  1438    766
  1439    766
  1440    766
  1441    766
  1442    766
  1443    766
  1444    766
  1453    766
  1454    766
  1455    766
  1456    766
  1457    766
  1458    766
  1459    766
  1460    766
  1461    766
  1462    766
  1463    766
  1464    766
  1473    766
  1474    766
  1475    766
  1476    766
  1477    766
  1478    766
  1479    766
  1480    766
  1481    766
  1482    766
  1483    766
  1484    766
  1485    766
  1428    767
  1429    767
  1430    767
  1431    767
  1432    767
  1433    767
  1434    767
  1435    767
  1436    767
  1437    767
  1438    767
  1439    767
  1440    767
  1441    767
  1450    767
  1451    767
  1452    767
  1453    767
  1454    767
  1455    767
  1456    767
  1457    767
  1458    767
  1459    767
  1460    767
  1461    767
  1462    767
  1471    767
  1472    767
  1473    767
  1474    767
  1475    767
  1476    767
  1477    767
  1478    767
  1479    767
  1480    767
  1481    767
  1482    767
  1483    767
  1426    768
  1427    768
  1428    768
  1429    768
  1430    768
  1431    768
  1432    768
  1433    768
  1434    768
  1435    768
  1436    768
  1437    768
  1438    768
  1447    768
  1448    768
  1449    768
  1450    768
  1451    768
  1456    768
  1457    768
  1458    768
  1459    768
  1467    768
  1468    768
  1469    768
  1470    768
  1471    768
  1472    768
  1473    768
  1474    768
  1475    768
  1476    768
  1477    768
  1478    768
  1479    768
  1423    769
  1424    769
  1425    769
  1426    769
  1427    769
  1428    769
  1429    769
  1430    769
  1431    769
  1432    769
  1433    769
  1434    769
  1435    769
  1443    769
  1444    769
  1445    769
  1446    769
  1447    769
  1454    769
  1455    769
  1456    769
  1465    769
  1466    769
  1467    769
  1468    769
  1469    769
  1470    769
  1471    769
  1472    769
  1473    769
  1474    769
  1475    769
  1476    769
  1419    770
  1420    770
  1421    770
  1422    770
  1423    770
  1424    770
  1425    770
  1426    770
  1427    770
  1428    770
  1429    770
  1430    770
  1431    770
  1432    770
  1441    770
  1442    770
  1443    770
  1444    770
  1451    770
  1452    770
  1453    770
  1461    770
  1462    770
  1463    770
  1464    770
  1465    770
  1466    770
  1467    770
  1468    770
  1469    770
  1470    770
  1471    770
  1472    770
  1473    770
  1421    771
  1422    771
  1423    771
  1424    771
  1425    771
  1426    771
  1427    771
  1428    771
  1429    771
  1437    771
  1438    771
  1439    771
  1440    771
  1441    771
  1442    771
  1458    771
  1459    771
  1460    771
  1461    771
  1462    771
  1463    771
  1464    771
  1465    771
  1466    771
  1467    771
  1468    771
  1469    771
  1470    771
  1471    771
  1423    772
  1424    772
  1434    772
  1435    772
  1436    772
  1437    772
  1438    772
  1439    772
  1440    772
  1455    772
  1456    772
  1457    772
  1458    772
  1460    772
  1461    772
  1462    772
  1463    772
  1464    772
  1465    772
  1466    772
  1467    772
  1468    772
  1431    773
  1432    773
  1433    773
  1434    773
  1435    773
  1436    773
  1437    773
  1438    773
  1439    773
  1440    773
  1460    773
  1461    773
  1462    773
  1463    773
  1464    773
  1465    773
  1428    774
  1429    774
  1430    774
  1431    774
  1432    774
  1433    774
  1434    774
  1435    774
  1436    774
  1437    774
  1438    774
  1439    774
  1440    774
  1425    775
  1426    775
  1427    775
  1428    775
  1429    775
  1430    775
  1431    775
  1432    775
  1433    775
  1434    775
  1435    775
  1436    775
  1437    775
  1438    775
  1423    776
  1424    776
  1425    776
  1426    776
  1427    776
  1428    776
  1429    776
  1430    776
  1431    776
  1432    776
  1433    776
  1434    776
  1435    776
  1420    777
  1421    777
  1422    777
  1423    777
  1424    777
  1425    777
  1426    777
  1427    777
  1428    777
  1429    777
  1430    777
  1431    777
  1432    777
  1433    777
  1417    778
  1418    778
  1419    778
  1420    778
  1421    778
  1422    778
  1423    778
  1424    778
  1425    778
  1426    778
  1427    778
  1428    778
  1429    778
  1430    778
  1393    779
  1394    779
  1395    779
  1396    779
  1397    779
  1398    779
  1399    779
  1415    779
  1416    779
  1417    779
  1418    779
  1419    779
  1420    779
  1421    779
  1422    779
  1423    779
  1424    779
  1425    779
  1426    779
  1427    779
  1381    780
  1382    780
  1383    780
  1391    780
  1392    780
  1393    780
  1394    780
  1395    780
  1396    780
  1397    780
  1398    780
  1402    780
  1403    780
  1412    780
  1413    780
  1414    780
  1415    780
  1416    780
  1417    780
  1418    780
  1419    780
  1420    780
  1421    780
  1422    780
  1423    780
  1424    780
  1425    780
  1435    780
  1436    780
  1437    780
  1438    780
  1439    780
  1440    780
  1441    780
  1386    781
  1387    781
  1388    781
  1389    781
  1390    781
  1391    781
  1392    781
  1393    781
  1394    781
  1395    781
  1396    781
  1398    781
  1399    781
  1400    781
  1410    781
  1411    781
  1412    781
  1413    781
  1414    781
  1415    781
  1416    781
  1417    781
  1418    781
  1419    781
  1420    781
  1421    781
  1422    781
  1432    781
  1433    781
  1434    781
  1435    781
  1436    781
  1437    781
  1438    781
  1439    781
  1440    781
  1384    782
  1385    782
  1386    782
  1387    782
  1388    782
  1389    782
  1390    782
  1391    782
  1392    782
  1393    782
  1394    782
  1395    782
  1396    782
  1397    782
  1408    782
  1409    782
  1410    782
  1411    782
  1412    782
  1413    782
  1414    782
  1415    782
  1416    782
  1417    782
  1418    782
  1419    782
  1420    782
  1431    782
  1432    782
  1433    782
  1434    782
  1435    782
  1436    782
  1437    782
  1438    782
  1439    782
  1440    782
  1442    782
  1381    783
  1382    783
  1383    783
  1384    783
  1385    783
  1386    783
  1387    783
  1388    783
  1389    783
  1390    783
  1391    783
  1392    783
  1393    783
  1394    783
  1404    783
  1405    783
  1406    783
  1407    783
  1408    783
  1409    783
  1410    783
  1411    783
  1412    783
  1413    783
  1414    783
  1415    783
  1416    783
  1417    783
  1418    783
  1429    783
  1430    783
  1431    783
  1432    783
  1433    783
  1434    783
  1435    783
  1436    783
  1437    783
  1438    783
  1439    783
  1440    783
  1379    784
  1380    784
  1381    784
  1382    784
  1383    784
  1384    784
  1385    784
  1386    784
  1387    784
  1388    784
  1389    784
  1390    784
  1391    784
  1392    784
  1402    784
  1403    784
  1404    784
  1405    784
  1406    784
  1407    784
  1408    784
  1409    784
  1410    784
  1411    784
  1412    784
  1413    784
  1414    784
  1415    784
  1426    784
  1427    784
  1428    784
  1429    784
  1430    784
  1431    784
  1432    784
  1433    784
  1434    784
  1435    784
  1436    784
  1437    784
  1438    784
  1376    785
  1377    785
  1378    785
  1379    785
  1380    785
  1381    785
  1382    785
  1383    785
  1384    785
  1385    785
  1386    785
  1387    785
  1388    785
  1389    785
  1390    785
  1400    785
  1401    785
  1402    785
  1403    785
  1404    785
  1405    785
  1406    785
  1407    785
  1408    785
  1409    785
  1410    785
  1411    785
  1412    785
  1413    785
  1423    785
  1424    785
  1425    785
  1426    785
  1427    785
  1428    785
  1429    785
  1430    785
  1431    785
  1432    785
  1433    785
  1434    785
  1435    785
  1436    785
  1374    786
  1375    786
  1376    786
  1377    786
  1378    786
  1379    786
  1380    786
  1381    786
  1382    786
  1383    786
  1384    786
  1385    786
  1386    786
  1387    786
  1388    786
  1397    786
  1398    786
  1399    786
  1400    786
  1401    786
  1402    786
  1403    786
  1404    786
  1405    786
  1406    786
  1407    786
  1408    786
  1409    786
  1410    786
  1411    786
  1421    786
  1422    786
  1423    786
  1424    786
  1425    786
  1426    786
  1427    786
  1428    786
  1429    786
  1430    786
  1431    786
  1432    786
  1433    786
  1434    786
  1364    787
  1365    787
  1372    787
  1373    787
  1374    787
  1375    787
  1376    787
  1377    787
  1378    787
  1379    787
  1380    787
  1381    787
  1382    787
  1383    787
  1384    787
  1385    787
  1395    787
  1396    787
  1397    787
  1398    787
  1399    787
  1400    787
  1401    787
  1402    787
  1403    787
  1404    787
  1405    787
  1406    787
  1407    787
  1408    787
  1409    787
  1419    787
  1420    787
  1421    787
  1422    787
  1423    787
  1424    787
  1425    787
  1426    787
  1427    787
  1428    787
  1429    787
  1430    787
  1431    787
  1432    787
  1369    788
  1370    788
  1371    788
  1372    788
  1373    788
  1374    788
  1375    788
  1376    788
  1377    788
  1378    788
  1379    788
  1380    788
  1381    788
  1382    788
  1383    788
  1393    788
  1394    788
  1395    788
  1396    788
  1397    788
  1398    788
  1399    788
  1400    788
  1401    788
  1402    788
  1403    788
  1404    788
  1405    788
  1406    788
  1407    788
  1417    788
  1418    788
  1419    788
  1420    788
  1421    788
  1422    788
  1423    788
  1424    788
  1425    788
  1426    788
  1427    788
  1428    788
  1429    788
  1430    788
  1367    789
  1368    789
  1369    789
  1370    789
  1371    789
  1372    789
  1373    789
  1374    789
  1375    789
  1376    789
  1377    789
  1378    789
  1379    789
  1380    789
  1390    789
  1391    789
  1392    789
  1393    789
  1394    789
  1395    789
  1396    789
  1397    789
  1398    789
  1399    789
  1400    789
  1401    789
  1402    789
  1403    789
  1404    789
  1415    789
  1416    789
  1417    789
  1418    789
  1419    789
  1420    789
  1421    789
  1422    789
  1423    789
  1424    789
  1425    789
  1426    789
  1427    789
  1428    789
  1365    790
  1366    790
  1367    790
  1368    790
  1369    790
  1370    790
  1371    790
  1372    790
  1373    790
  1374    790
  1375    790
  1376    790
  1377    790
  1378    790
  1388    790
  1389    790
  1390    790
  1391    790
  1392    790
  1393    790
  1394    790
  1395    790
  1396    790
  1397    790
  1398    790
  1399    790
  1400    790
  1401    790
  1402    790
  1414    790
  1415    790
  1416    790
  1417    790
  1418    790
  1419    790
  1420    790
  1421    790
  1422    790
  1423    790
  1424    790
  1425    790
  1426    790
  1427    790
  1362    791
  1363    791
  1364    791
  1365    791
  1366    791
  1367    791
  1368    791
  1369    791
  1370    791
  1371    791
  1372    791
  1373    791
  1374    791
  1375    791
  1376    791
  1386    791
  1387    791
  1388    791
  1389    791
  1390    791
  1391    791
  1392    791
  1393    791
  1394    791
  1395    791
  1396    791
  1397    791
  1398    791
  1399    791
  1400    791
  1411    791
  1412    791
  1413    791
  1414    791
  1415    791
  1416    791
  1417    791
  1418    791
  1419    791
  1420    791
  1421    791
  1422    791
  1423    791
  1424    791
  1425    791
  1360    792
  1361    792
  1362    792
  1363    792
  1364    792
  1365    792
  1366    792
  1367    792
  1368    792
  1369    792
  1370    792
  1371    792
  1372    792
  1373    792
  1374    792
  1384    792
  1385    792
  1386    792
  1387    792
  1388    792
  1389    792
  1390    792
  1391    792
  1392    792
  1393    792
  1394    792
  1395    792
  1396    792
  1397    792
  1398    792
  1410    792
  1411    792
  1412    792
  1413    792
  1414    792
  1415    792
  1416    792
  1417    792
  1418    792
  1419    792
  1420    792
  1421    792
  1422    792
  1423    792
