  1553    757
  1554    757
  1555    757
  1520    758
  1521    758
  1522    758
  1523    758
  1550    758
  1551    758
  1552    758
  1553    758
  1529    759
  1530    759
  1531    759
  1533    759
  1534    759
  1535    759
  1547    759
  1548    759
  1549    759
  1550    759
  1551    759
  1552    759
  1524    760
  1525    760
  1526    760
  1527    760
  1528    760
  1529    760
  1530    760
  1531    760
  1532    760
  1533    760
  1534    760
  1535    760
  1544    760
  1545    760
  1546    760
  1547    760
  1548    760
  1549    760
  1550    760
  1520    761
  1521    761
  1522    761
  1523    761
  1524    761
  1525    761
  1526    761
  1527    761
  1528    761
  1529    761
  1530    761
  1531    761
  1532    761
  1533    761
  1540    761
  1541    761
  1542    761
  1543    761
  1544    761
  1545    761
  1546    761
  1547    761
  1548    761
  1509    762
  1517    762
  1518    762
  1519    762
  1520    762
  1521    762
  1522    762
  1523    762
  1524    762
  1525    762
  1526    762
  1527    762
  1528    762
  1529    762
  1537    762
  1538    762
  1539    762
  1540    762
  1541    762
  1542    762
  1543    762
  1544    762
  1545    762
  1546    762
  1513    763
  1514    763
  1515    763
  1516    763
  1517    763
  1518    763
  1519    763
  1520    763
  1521    763
  1522    763
  1523    763
  1524    763
  1525    763
  1526    763
  1535    763
  1536    763
  1537    763
  1538    763
  1539    763
  1540    763
  1541    763
  1542    763
  1543    763
  1544    763
  1511    764
  1512    764
  1513    764
  1514    764
  1515    764
  1516    764
  1517    764
  1518    764
  1519    764
  1520    764
  1521    764
  1522    764
  1523    764
  1532    764
  1533    764
  1534    764
  1535    764
  1536    764
  1537    764
  1538    764
  1539    764
  1540    764
  1541    764
  1542    764
  1507    765
  1508    765
  1509    765
  1510    765
  1511    765
  1512    765
  1513    765
  1514    765
  1515    765
  1516    765
  1517    765
  1518    765
  1519    765
  1520    765
  1521    765
  1528    765
  1529    765
  1530    765
  1531    765
  1532    765
  1533    765
  1534    765
  1535    765
  1537    765
  1538    765
  1539    765
  1540    765
  1541    765
  1504    766
  1505    766
  1506    766
  1507    766
  1508    766
  1509    766
  1510    766
  1511    766
  1512    766
  1513    766
  1514    766
  1515    766
  1516    766
  1517    766
  1518    766
  1526    766
  1527    766
  1528    766
  1529    766
  1530    766
  1531    766
  1532    766
  1533    766
  1534    766
  1535    766
  1536    766
  1537    766
  1538    766
  1502    767
  1503    767
  1504    767
  1505    767
  1506    767
  1507    767
  1508    767
  1509    767
  1510    767
  1511    767
  1512    767
  1513    767
  1514    767
  1515    767
  1523    767
  1524    767
  1525    767
  1526    767
  1527    767
  1528    767
  1529    767
  1530    767
  1531    767
  1532    767
  1533    767
  1534    767
  1535    767
  1498    768
  1499    768
  1500    768
  1501    768
  1502    768
  1503    768
  1504    768
  1505    768
  1506    768
  1507    768
  1508    768
  1509    768
  1510    768
  1511    768
  1512    768
  1520    768
  1521    768
  1522    768
  1523    768
  1524    768
  1525    768
  1526    768
  1530    768
  1531    768
  1532    768
  1496    769
  1497    769
  1498    769
  1499    769
  1500    769
  1501    769
  1502    769
  1503    769
  1504    769
  1505    769
  1506    769
  1507    769
  1508    769
  1518    769
  1519    769
  1520    769
  1521    769
  1522    769
  1523    769
  1524    769
  1525    769
  1526    769
  1527    769
  1528    769
  1529    769
  1530    769
  1492    770
  1493    770
  1494    770
  1495    770
  1496    770
  1497    770
  1498    770
  1499    770
  1500    770
  1501    770
  1502    770
  1503    770
  1504    770
  1505    770
  1514    770
  1515    770
  1516    770
  1517    770
  1518    770
  1519    770
  1520    770
  1521    770
  1522    770
  1523    770
  1524    770
  1525    770
  1526    770
  1527    770
  1489    771
  1490    771
  1491    771
  1492    771
  1493    771
  1494    771
  1495    771
  1496    771
  1497    771
  1498    771
  1499    771
  1500    771
  1501    771
  1502    771
  1503    771
  1512    771
  1513    771
  1514    771
  1515    771
  1516    771
  1517    771
  1518    771
  1519    771
  1520    771
  1521    771
  1522    771
  1523    771
  1524    771
  1487    772
  1488    772
  1489    772
  1490    772
  1491    772
  1492    772
  1493    772
  1494    772
  1495    772
  1496    772
  1497    772
  1498    772
  1499    772
  1500    772
  1509    772
  1510    772
  1511    772
  1512    772
  1513    772
  1514    772
  1515    772
  1516    772
  1517    772
  1518    772
  1519    772
  1520    772
  1521    772
  1484    773
  1485    773
  1486    773
  1487    773
  1488    773
  1489    773
  1490    773
  1491    773
  1492    773
  1493    773
  1494    773
  1495    773
  1496    773
  1497    773
  1506    773
  1507    773
  1508    773
  1509    773
  1510    773
  1511    773
  1512    773
  1513    773
  1514    773
  1515    773
  1516    773
  1517    773
  1518    773
  1519    773
  1520    773
  1481    774
  1482    774
  1483    774
  1484    774
  1485    774
  1486    774
  1487    774
  1488    774
  1489    774
  1490    774
  1491    774
  1492    774
  1493    774
  1494    774
  1495    774
  1505    774
  1506    774
  1507    774
  1508    774
  1509    774
  1510    774
  1511    774
  1512    774
  1513    774
  1514    774
  1515    774
  1516    774
  1517    774
  1479    775
  1480    775
  1481    775
  1482    775
  1483    775
  1484    775
  1485    775
  1486    775
  1487    775
  1488    775
  1489    775
  1490    775
  1491    775
  1492    775
  1502    775
  1503    775
  1504    775
  1505    775
  1506    775
  1507    775
  1508    775
  1509    775
  1510    775
  1511    775
  1512    775
  1513    775
  1514    775
  1477    776
  1478    776
  1479    776
  1480    776
  1481    776
  1482    776
  1483    776
  1484    776
  1485    776
  1486    776
  1487    776
  1488    776
  1489    776
  1490    776
  1500    776
  1501    776
  1502    776
  1503    776
  1504    776
  1505    776
  1506    776
  1507    776
  1508    776
  1509    776
  1510    776
  1511    776
  1512    776
  1513    776
  1474    777
  1475    777
  1476    777
  1477    777
  1478    777
  1479    777
  1480    777
  1481    777
  1482    777
  1483    777
  1484    777
  1485    777
  1486    777
  1487    777
  1488    777
  1498    777
  1499    777
  1500    777
  1501    777
  1502    777
  1503    777
  1504    777
  1505    777
  1506    777
  1507    777
  1508    777
  1509    777
  1510    777
  1472    778
  1473    778
  1474    778
  1475    778
  1476    778
  1477    778
  1478    778
  1479    778
  1480    778
  1481    778
  1482    778
  1483    778
  1484    778
  1485    778
  1494    778
  1495    778
  1496    778
  1497    778
  1498    778
  1499    778
  1500    778
  1501    778
  1502    778
  1503    778
  1504    778
  1505    778
  1506    778
  1507    778
  1508    778
  1475    779
  1476    779
  1477    779
  1478    779
  1479    779
  1480    779
  1481    779
  1482    779
  1483    779
  1493    779
  1494    779
  1495    779
  1496    779
  1497    779
  1498    779
  1499    779
  1500    779
  1501    779
  1502    779
  1503    779
  1504    779
  1505    779
  1506    779
  1474    780
  1475    780
  1476    780
  1477    780
  1478    780
  1479    780
  1480    780
  1490    780
  1491    780
  1492    780
  1493    780
  1494    780
  1495    780
  1496    780
  1497    780
  1498    780
  1499    780
  1500    780
  1501    780
  1502    780
  1503    780
  1488    781
  1489    781
  1490    781
  1491    781
  1492    781
  1493    781
  1494    781
  1495    781
  1496    781
  1497    781
  1498    781
  1499    781
  1500    781
  1501    781
  1486    782
  1487    782
  1488    782
  1489    782
  1490    782
  1491    782
  1492    782
  1493    782
  1494    782
  1495    782
  1496    782
  1497    782
  1498    782
  1499    782
  1483    783
  1484    783
  1485    783
  1486    783
  1487    783
  1488    783
  1489    783
  1490    783
  1491    783
  1492    783
  1493    783
  1494    783
  1495    783
  1496    783
  1497    783
  1481    784
  1482    784
  1483    784
  1484    784
  1485    784
  1486    784
  1487    784
  1488    784
  1489    784
  1490    784
  1491    784
  1492    784
  1493    784
  1494    784
  1495    784
  1479    785
  1480    785
  1481    785
  1482    785
  1483    785
  1484    785
  1485    785
  1486    785
  1487    785
  1488    785
  1489    785
  1490    785
  1491    785
  1492    785
  1493    785
  1477    786
  1478    786
  1479    786
  1480    786
  1481    786
  1482    786
  1483    786
  1484    786
  1485    786
  1486    786
  1487    786
  1488    786
  1489    786
  1490    786
  1491    786
  1475    787
  1476    787
  1477    787
  1478    787
  1479    787
  1480    787
  1481    787
  1482    787
  1483    787
  1484    787
  1485    787
  1486    787
  1487    787
  1488    787
  1473    788
  1474    788
  1475    788
  1476    788
  1477    788
  1478    788
  1479    788
  1480    788
  1481    788
  1482    788
  1483    788
  1484    788
  1485    788
  1486    788
  1487    788
  1472    789
  1473    789
  1474    789
  1475    789
  1476    789
  1477    789
  1478    789
  1479    789
  1480    789
  1481    789
  1482    789
  1483    789
  1484    789
  1485    789
  1469    790
  1470    790
  1471    790
  1472    790
  1473    790
  1474    790
  1475    790
  1476    790
  1477    790
  1478    790
  1479    790
  1480    790
  1481    790
  1482    790
  1483    790
  1467    791
  1468    791
  1469    791
  1470    791
  1471    791
  1472    791
  1473    791
  1474    791
  1475    791
  1476    791
  1477    791
  1478    791
  1479    791
  1480    791
  1481    791
  1465    792
  1466    792
  1467    792
  1468    792
  1469    792
  1470    792
  1471    792
  1472    792
  1473    792
  1474    792
  1475    792
  1476    792
  1477    792
  1478    792
  1479    792
