  1531    758
  1532    758
  1525    759
  1526    759
  1527    759
  1524    760
  1525    760
  1526    760
  1527    760
  1533    760
  1534    760
  1535    760
  1536    760
  1537    760
  1538    760
  1539    760
  1540    760
  1541    760
  1542    760
  1522    761
  1523    761
  1524    761
  1530    761
  1531    761
  1532    761
  1533    761
  1534    761
  1535    761
  1536    761
  1537    761
  1538    761
  1539    761
  1540    761
  1541    761
  1542    761
  1543    761
  1544    761
  1517    762
  1518    762
  1527    762
  1528    762
  1529    762
  1530    762
  1531    762
  1532    762
  1533    762
  1534    762
  1535    762
  1536    762
  1537    762
  1538    762
  1539    762
  1540    762
  1513    763
  1514    763
  1515    763
  1516    763
  1517    763
  1524    763
  1525    763
  1526    763
  1527    763
  1528    763
  1529    763
  1530    763
  1531    763
  1532    763
  1533    763
  1534    763
  1535    763
  1536    763
  1537    763
  1510    764
  1511    764
  1512    764
  1513    764
  1514    764
  1515    764
  1516    764
  1520    764
  1521    764
  1522    764
  1523    764
  1524    764
  1525    764
  1526    764
  1527    764
  1528    764
  1529    764
  1530    764
  1531    764
  1532    764
  1533    764
  1534    764
  1508    765
  1509    765
  1510    765
  1511    765
  1512    765
  1517    765
  1518    765
  1519    765
  1520    765
  1521    765
  1522    765
  1523    765
  1524    765
  1525    765
  1526    765
  1527    765
  1528    765
  1529    765
  1530    765
  1531    765
  1539    765
  1540    765
  1541    765
  1508    766
  1515    766
  1516    766
  1517    766
  1518    766
  1519    766
  1520    766
  1521    766
  1522    766
  1523    766
  1524    766
  1525    766
  1526    766
  1527    766
  1528    766
  1529    766
  1537    766
  1538    766
  1539    766
  1512    767
  1513    767
  1514    767
  1515    767
  1516    767
  1517    767
  1518    767
  1519    767
  1520    767
  1521    767
  1522    767
  1523    767
  1524    767
  1525    767
  1526    767
  1534    767
  1535    767
  1536    767
  1537    767
  1509    768
  1510    768
  1511    768
  1512    768
  1513    768
  1514    768
  1515    768
  1516    768
  1517    768
  1518    768
  1519    768
  1520    768
  1521    768
  1522    768
  1523    768
  1531    768
  1532    768
  1533    768
  1534    768
  1535    768
  1506    769
  1507    769
  1508    769
  1509    769
  1510    769
  1511    769
  1512    769
  1513    769
  1514    769
  1515    769
  1516    769
  1517    769
  1518    769
  1519    769
  1520    769
  1528    769
  1529    769
  1530    769
  1531    769
  1532    769
  1533    769
  1503    770
  1504    770
  1505    770
  1506    770
  1507    770
  1508    770
  1509    770
  1510    770
  1511    770
  1512    770
  1513    770
  1514    770
  1515    770
  1516    770
  1517    770
  1526    770
  1527    770
  1528    770
  1529    770
  1530    770
  1531    770
  1500    771
  1501    771
  1502    771
  1503    771
  1504    771
  1505    771
  1506    771
  1507    771
  1508    771
  1509    771
  1510    771
  1511    771
  1512    771
  1513    771
  1514    771
  1523    771
  1524    771
  1525    771
  1526    771
  1527    771
  1528    771
  1529    771
  1530    771
  1498    772
  1499    772
  1500    772
  1501    772
  1502    772
  1503    772
  1504    772
  1505    772
  1506    772
  1507    772
  1508    772
  1509    772
  1510    772
  1511    772
  1520    772
  1521    772
  1522    772
  1523    772
  1524    772
  1525    772
  1526    772
  1527    772
  1528    772
  1495    773
  1496    773
  1497    773
  1498    773
  1499    773
  1500    773
  1501    773
  1502    773
  1503    773
  1504    773
  1505    773
  1506    773
  1507    773
  1508    773
  1509    773
  1517    773
  1518    773
  1519    773
  1520    773
  1521    773
  1522    773
  1523    773
  1524    773
  1525    773
  1526    773
  1492    774
  1493    774
  1494    774
  1495    774
  1496    774
  1497    774
  1498    774
  1499    774
  1500    774
  1501    774
  1502    774
  1503    774
  1504    774
  1505    774
  1506    774
  1515    774
  1516    774
  1517    774
  1518    774
  1519    774
  1520    774
  1521    774
  1522    774
  1523    774
  1524    774
  1489    775
  1490    775
  1491    775
  1492    775
  1493    775
  1494    775
  1495    775
  1496    775
  1497    775
  1498    775
  1499    775
  1500    775
  1501    775
  1502    775
  1503    775
  1513    775
  1514    775
  1515    775
  1516    775
  1517    775
  1518    775
  1519    775
  1520    775
  1521    775
  1522    775
  1487    776
  1488    776
  1489    776
  1490    776
  1491    776
  1492    776
  1493    776
  1494    776
  1495    776
  1496    776
  1497    776
  1498    776
  1499    776
  1500    776
  1501    776
  1502    776
  1511    776
  1512    776
  1513    776
  1514    776
  1515    776
  1516    776
  1517    776
  1518    776
  1519    776
  1520    776
  1485    777
  1486    777
  1487    777
  1488    777
  1489    777
  1490    777
  1491    777
  1492    777
  1493    777
  1494    777
  1495    777
  1496    777
  1497    777
  1498    777
  1499    777
  1509    777
  1510    777
  1511    777
  1512    777
  1513    777
  1514    777
  1515    777
  1516    777
  1517    777
  1518    777
  1519    777
  1483    778
  1484    778
  1485    778
  1486    778
  1487    778
  1488    778
  1489    778
  1490    778
  1491    778
  1492    778
  1493    778
  1494    778
  1495    778
  1496    778
  1497    778
  1506    778
  1507    778
  1508    778
  1509    778
  1510    778
  1511    778
  1512    778
  1513    778
  1514    778
  1515    778
  1516    778
  1517    778
  1481    779
  1482    779
  1483    779
  1484    779
  1485    779
  1486    779
  1487    779
  1488    779
  1489    779
  1490    779
  1491    779
  1492    779
  1493    779
  1494    779
  1504    779
  1505    779
  1506    779
  1507    779
  1508    779
  1509    779
  1510    779
  1511    779
  1512    779
  1513    779
  1514    779
  1515    779
  1480    780
  1481    780
  1482    780
  1483    780
  1484    780
  1485    780
  1486    780
  1487    780
  1488    780
  1489    780
  1490    780
  1491    780
  1492    780
  1502    780
  1503    780
  1504    780
  1505    780
  1506    780
  1507    780
  1508    780
  1509    780
  1510    780
  1511    780
  1512    780
  1513    780
  1482    781
  1483    781
  1484    781
  1485    781
  1486    781
  1487    781
  1488    781
  1489    781
  1490    781
  1499    781
  1500    781
  1501    781
  1502    781
  1503    781
  1504    781
  1505    781
  1506    781
  1507    781
  1508    781
  1509    781
  1510    781
  1511    781
  1497    782
  1498    782
  1499    782
  1500    782
  1501    782
  1502    782
  1503    782
  1504    782
  1505    782
  1506    782
  1507    782
  1508    782
  1509    782
  1495    783
  1496    783
  1497    783
  1498    783
  1499    783
  1500    783
  1501    783
  1502    783
  1503    783
  1504    783
  1505    783
  1506    783
  1507    783
  1493    784
  1494    784
  1495    784
  1496    784
  1497    784
  1498    784
  1499    784
  1500    784
  1501    784
  1502    784
  1503    784
  1504    784
  1505    784
  1506    784
  1491    785
  1492    785
  1493    785
  1494    785
  1495    785
  1496    785
  1497    785
  1498    785
  1499    785
  1500    785
  1501    785
  1502    785
  1503    785
  1504    785
  1489    786
  1490    786
  1491    786
  1492    786
  1493    786
  1494    786
  1495    786
  1496    786
  1497    786
  1498    786
  1499    786
  1500    786
  1501    786
  1502    786
  1486    787
  1487    787
  1488    787
  1489    787
  1490    787
  1491    787
  1492    787
  1493    787
  1494    787
  1495    787
  1496    787
  1497    787
  1498    787
  1499    787
  1500    787
  1485    788
  1486    788
  1487    788
  1488    788
  1489    788
  1490    788
  1491    788
  1492    788
  1493    788
  1494    788
  1495    788
  1496    788
  1497    788
  1498    788
  1483    789
  1484    789
  1485    789
  1486    789
  1487    789
  1488    789
  1489    789
  1490    789
  1491    789
  1492    789
  1493    789
  1494    789
  1495    789
  1496    789
  1482    790
  1483    790
  1484    790
  1485    790
  1486    790
  1487    790
  1488    790
  1489    790
  1490    790
  1491    790
  1492    790
  1493    790
  1494    790
  1495    790
  1479    791
  1480    791
  1481    791
  1482    791
  1483    791
  1484    791
  1485    791
  1486    791
  1487    791
  1488    791
  1489    791
  1490    791
  1491    791
  1492    791
  1493    791
  1477    792
  1478    792
  1479    792
  1480    792
  1481    792
  1482    792
  1483    792
  1484    792
  1485    792
  1486    792
  1487    792
  1488    792
  1489    792
  1490    792
  1491    792
