   906    698
   907    698
   907    700
   906    701
   907    701
   908    701
   906    702
   907    702
   906    703
   907    703
   908    703
   906    704
   907    704
   908    704
   906    705
   907    705
   906    706
   907    706
   908    706
   906    707
   907    707
   908    707
   906    708
   907    708
   906    709
   907    709
   908    709
   906    710
   907    710
   908    710
   905    711
   906    711
   907    711
   908    711
   905    712
   906    712
   907    712
   908    712
   905    713
   906    713
   907    713
   908    713
   909    713
   910    713
   905    714
   906    714
   907    714
   908    714
   909    714
   910    714
   905    715
   906    715
   907    715
   908    715
   909    715
   910    715
   905    716
   906    716
   907    716
   908    716
   909    716
   910    716
   911    716
   905    717
   906    717
   907    717
   908    717
   909    717
   910    717
   905    718
   906    718
   907    718
   908    718
   909    718
   910    718
   911    718
   905    719
   906    719
   907    719
   908    719
   909    719
   910    719
   911    719
   905    720
   906    720
   907    720
   908    720
   909    720
   910    720
   911    720
   912    720
   904    721
   905    721
   906    721
   907    721
   908    721
   909    721
   910    721
   911    721
   912    721
   913    721
   902    722
   903    722
   904    722
   905    722
   906    722
   907    722
   908    722
   909    722
   910    722
   911    722
   912    722
   913    722
   914    722
   915    722
   902    723
   903    723
   904    723
   905    723
   906    723
   907    723
   908    723
   909    723
   910    723
   911    723
   912    723
   913    723
   917    723
   918    723
   919    723
   924    723
   925    723
   926    723
   904    724
   905    724
   906    724
   907    724
   908    724
   909    724
   910    724
   911    724
   915    724
   916    724
   920    724
   921    724
   922    724
   923    724
   927    724
   928    724
   929    724
   930    724
   934    724
   935    724
   936    724
   937    724
   938    724
   939    724
   904    725
   905    725
   906    725
   907    725
   908    725
   909    725
   910    725
   916    725
   917    725
   918    725
   919    725
   920    725
   921    725
   924    725
   925    725
   926    725
   927    725
   932    725
   933    725
   934    725
   936    725
   937    725
   938    725
   939    725
   904    726
   905    726
   906    726
   907    726
   908    726
   909    726
   910    726
   911    726
   931    726
   932    726
   933    726
   935    726
   936    726
   937    726
   946    726
   947    726
   905    727
   906    727
   907    727
   908    727
   909    727
   910    727
   911    727
   922    727
   952    727
   953    727
   954    727
   955    727
   956    727
   957    727
   958    727
   959    727
   904    728
   905    728
   906    728
   907    728
   908    728
   909    728
   910    728
   911    728
   953    728
   954    728
   955    728
   956    728
   957    728
   958    728
   959    728
   965    728
   966    728
   967    728
   968    728
   969    728
   970    728
   971    728
   972    728
   973    728
   974    728
   904    729
   905    729
   906    729
   907    729
   908    729
   909    729
   910    729
   911    729
   932    729
   933    729
   934    729
   945    729
   946    729
   947    729
   948    729
   949    729
   950    729
   951    729
   952    729
   953    729
   954    729
   955    729
   956    729
   957    729
   958    729
   959    729
   960    729
   971    729
   972    729
   973    729
   974    729
   975    729
   976    729
   977    729
   978    729
   979    729
   984    729
   985    729
   986    729
   987    729
   988    729
   904    730
   905    730
   906    730
   907    730
   908    730
   909    730
   910    730
   911    730
   950    730
   951    730
   955    730
   956    730
   957    730
   958    730
   959    730
   960    730
   964    730
   965    730
   966    730
   967    730
   968    730
   969    730
   970    730
   971    730
   972    730
   973    730
   974    730
   975    730
   976    730
   977    730
   978    730
   979    730
   980    730
   981    730
   982    730
   983    730
   984    730
   985    730
   991    730
   992    730
   993    730
   994    730
   904    731
   905    731
   906    731
   907    731
   908    731
   909    731
   910    731
   911    731
   953    731
   954    731
   955    731
   956    731
   974    731
   975    731
   976    731
   977    731
   978    731
   979    731
   980    731
   981    731
   982    731
   983    731
   984    731
   989    731
   990    731
   991    731
   992    731
   995    731
   996    731
   997    731
   904    732
   905    732
   906    732
   907    732
   908    732
   909    732
   910    732
   911    732
   954    732
   955    732
   956    732
   958    732
   959    732
   960    732
   974    732
   975    732
   976    732
   977    732
   978    732
   979    732
   980    732
   981    732
   982    732
   983    732
   984    732
   985    732
   986    732
   992    732
   993    732
   994    732
   995    732
   996    732
   997    732
  1001    732
  1002    732
  1003    732
   904    733
   905    733
   906    733
   907    733
   908    733
   909    733
   910    733
   911    733
   969    733
   970    733
   971    733
   974    733
   975    733
   976    733
   977    733
   978    733
   979    733
   980    733
   981    733
   982    733
   983    733
   984    733
   904    734
   905    734
   906    734
   907    734
   908    734
   909    734
   910    734
   911    734
   976    734
   977    734
   978    734
   979    734
   980    734
   981    734
   982    734
   983    734
   984    734
   985    734
   986    734
   987    734
   990    734
   991    734
   992    734
   993    734
   994    734
   995    734
   996    734
   997    734
   998    734
  1008    734
  1009    734
  1010    734
  1011    734
  1012    734
  1013    734
  1014    734
  1015    734
  1016    734
  1017    734
  1018    734
  1019    734
  1020    734
   904    735
   905    735
   906    735
   907    735
   908    735
   909    735
   910    735
   911    735
   993    735
   994    735
   998    735
   999    735
  1000    735
   904    736
   905    736
   906    736
   907    736
   908    736
   909    736
   910    736
   911    736
   912    736
   904    737
   905    737
   906    737
   907    737
   908    737
   909    737
   910    737
   911    737
   903    738
   904    738
   905    738
   906    738
   907    738
   908    738
   909    738
   910    738
   911    738
   912    738
   903    739
   904    739
   905    739
   906    739
   907    739
   908    739
   909    739
   910    739
   911    739
   912    739
   903    740
   904    740
   905    740
   906    740
   907    740
   908    740
   909    740
   910    740
   911    740
   912    740
   903    741
   904    741
   905    741
   906    741
   907    741
   908    741
   909    741
   910    741
   911    741
   912    741
   903    742
   904    742
   905    742
   906    742
   907    742
   908    742
   909    742
   910    742
   911    742
   912    742
   903    743
   904    743
   905    743
   906    743
   907    743
   908    743
   909    743
   910    743
   911    743
   912    743
   903    744
   904    744
   905    744
   906    744
   907    744
   908    744
   909    744
   910    744
   911    744
   912    744
   903    745
   904    745
   905    745
   906    745
   907    745
   908    745
   909    745
   910    745
   911    745
   912    745
   903    746
   904    746
   905    746
   906    746
   907    746
   908    746
   909    746
   910    746
   911    746
   912    746
   903    747
   904    747
   905    747
   906    747
   907    747
   908    747
   909    747
   910    747
   911    747
   912    747
   903    748
   904    748
   905    748
   906    748
   907    748
   908    748
   909    748
   910    748
   911    748
   912    748
   903    749
   904    749
   905    749
   906    749
   907    749
   908    749
   909    749
   910    749
   911    749
   912    749
   903    750
   904    750
   905    750
   906    750
   907    750
   908    750
   909    750
   910    750
   911    750
   912    750
   903    751
   904    751
   905    751
   906    751
   907    751
   908    751
   909    751
   910    751
   911    751
   912    751
   903    752
   904    752
   905    752
   906    752
   907    752
   908    752
   909    752
   910    752
   911    752
   912    752
   903    753
   904    753
   905    753
   906    753
   907    753
   908    753
   909    753
   910    753
   911    753
   912    753
   913    753
   902    754
   903    754
   904    754
   905    754
   906    754
   907    754
   908    754
   909    754
   910    754
   911    754
   912    754
   913    754
   902    755
   903    755
   904    755
   905    755
   906    755
   907    755
   908    755
   909    755
   910    755
   911    755
   912    755
   913    755
   903    756
   904    756
   905    756
   906    756
   907    756
   908    756
   909    756
   910    756
   911    756
   912    756
   913    756
   902    757
   903    757
   904    757
   905    757
   906    757
   907    757
   908    757
   909    757
   910    757
   911    757
   912    757
   913    757
   903    758
   904    758
   905    758
   906    758
   907    758
   908    758
   909    758
   910    758
   911    758
   912    758
   913    758
   902    759
   903    759
   904    759
   905    759
   906    759
   907    759
   908    759
   909    759
   910    759
   911    759
   912    759
   913    759
   902    760
   903    760
   904    760
   905    760
   906    760
   907    760
   908    760
   909    760
   910    760
   911    760
   912    760
   913    760
   914    760
   902    761
   903    761
   904    761
   905    761
   906    761
   907    761
   908    761
   909    761
   910    761
   911    761
   912    761
   913    761
   914    761
   902    762
   903    762
   904    762
   905    762
   906    762
   907    762
   908    762
   909    762
   910    762
   911    762
   912    762
   913    762
   902    763
   903    763
   904    763
   905    763
   906    763
   907    763
   908    763
   909    763
   910    763
   911    763
   912    763
   913    763
   914    763
   902    764
   903    764
   904    764
   905    764
   906    764
   907    764
   908    764
   909    764
   910    764
   911    764
   912    764
   913    764
   914    764
   902    765
   903    765
   904    765
   905    765
   906    765
   907    765
   908    765
   909    765
   910    765
   911    765
   912    765
   913    765
   914    765
   902    766
   903    766
   904    766
   905    766
   906    766
   907    766
   908    766
   909    766
   910    766
   911    766
   912    766
   913    766
   901    767
   902    767
   903    767
   904    767
   905    767
   906    767
   907    767
   908    767
   909    767
   910    767
   911    767
   912    767
   913    767
   914    767
   901    768
   902    768
   903    768
   904    768
   905    768
   906    768
   907    768
   908    768
   909    768
   910    768
   911    768
   912    768
   913    768
   901    769
   902    769
   903    769
   904    769
   905    769
   906    769
   907    769
   908    769
   909    769
   910    769
   911    769
   912    769
   913    769
   901    770
   902    770
   903    770
   904    770
   905    770
   906    770
   907    770
   908    770
   909    770
   910    770
   911    770
   912    770
   901    771
   902    771
   903    771
   904    771
   905    771
   906    771
   907    771
   908    771
   909    771
   910    771
   911    771
   912    771
   913    771
   901    772
   902    772
   903    772
   904    772
   905    772
   906    772
   907    772
   908    772
   909    772
   910    772
   911    772
   912    772
   901    773
   902    773
   903    773
   904    773
   905    773
   906    773
   907    773
   908    773
   909    773
   910    773
   911    773
   912    773
   913    773
   900    774
   901    774
   902    774
   903    774
   904    774
   905    774
   906    774
   907    774
   908    774
   909    774
   910    774
   911    774
   912    774
   913    774
   914    774
   901    775
   902    775
   903    775
   904    775
   905    775
   906    775
   907    775
   908    775
   909    775
   910    775
   911    775
   912    775
   913    775
   900    776
   901    776
   902    776
   903    776
   904    776
   905    776
   906    776
   907    776
   908    776
   909    776
   910    776
   911    776
   912    776
   913    776
   914    776
   900    777
   901    777
   902    777
   903    777
   904    777
   905    777
   906    777
   907    777
   908    777
   909    777
   910    777
   911    777
   912    777
   913    777
   914    777
   901    778
   902    778
   903    778
   904    778
   905    778
   906    778
   907    778
   908    778
   909    778
   910    778
   911    778
   912    778
   913    778
   914    778
   960    778
   961    778
   962    778
   963    778
   964    778
   965    778
   966    778
   900    779
   901    779
   902    779
   903    779
   904    779
   905    779
   906    779
   907    779
   908    779
   909    779
   910    779
   911    779
   912    779
   913    779
   897    780
   898    780
   899    780
   900    780
   901    780
   902    780
   903    780
   904    780
   905    780
   906    780
   907    780
   908    780
   909    780
   910    780
   911    780
   912    780
   913    780
   914    780
   915    780
   916    780
   917    780
   920    780
   921    780
   922    780
   923    780
   924    780
   925    780
   926    780
   927    780
   928    780
   929    780
   930    780
   931    780
   932    780
   933    780
   934    780
   935    780
   936    780
   937    780
   938    780
   939    780
   940    780
   941    780
   942    780
   943    780
   944    780
   945    780
   946    780
   947    780
   948    780
   949    780
   950    780
   951    780
   952    780
   953    780
   954    780
   955    780
   956    780
   957    780
   958    780
   959    780
   960    780
   961    780
   962    780
   963    780
   964    780
   965    780
   898    781
   899    781
   900    781
   901    781
   902    781
   903    781
   904    781
   905    781
   906    781
   907    781
   908    781
   909    781
   910    781
   911    781
   912    781
   913    781
   914    781
   915    781
   892    782
   893    782
   896    782
   897    782
   898    782
   899    782
   900    782
   901    782
   902    782
   903    782
   904    782
   905    782
   906    782
   907    782
   908    782
   909    782
   910    782
   911    782
   912    782
   913    782
   914    782
   915    782
   916    782
   917    782
   918    782
   919    782
   920    782
   921    782
   922    782
   900    783
   901    783
   902    783
   903    783
   904    783
   905    783
   906    783
   907    783
   908    783
   909    783
   910    783
   911    783
   912    783
   913    783
   900    784
   901    784
   902    784
   903    784
   904    784
   905    784
   906    784
   907    784
   908    784
   909    784
   910    784
   911    784
   912    784
   913    784
   914    784
   900    785
   901    785
   902    785
   903    785
   904    785
   905    785
   906    785
   907    785
   908    785
   909    785
   910    785
   911    785
   912    785
   913    785
   900    786
   901    786
   902    786
   903    786
   904    786
   905    786
   906    786
   907    786
   908    786
   909    786
   910    786
   911    786
   912    786
   913    786
   900    787
   901    787
   902    787
   903    787
   904    787
   905    787
   906    787
   907    787
   908    787
   909    787
   910    787
   911    787
   912    787
   913    787
   900    788
   901    788
   902    788
   903    788
   904    788
   905    788
   906    788
   907    788
   908    788
   909    788
   910    788
   911    788
   912    788
   913    788
   900    789
   901    789
   902    789
   903    789
   904    789
   905    789
   906    789
   907    789
   908    789
   909    789
   910    789
   911    789
   912    789
   913    789
   900    790
   901    790
   902    790
   903    790
   904    790
   905    790
   906    790
   907    790
   908    790
   909    790
   910    790
   911    790
   912    790
   900    791
   901    791
   902    791
   903    791
   904    791
   905    791
   906    791
   907    791
   908    791
   909    791
   910    791
   911    791
   912    791
   913    791
   900    792
   901    792
   902    792
   903    792
   904    792
   905    792
   906    792
   907    792
   908    792
   909    792
   910    792
   911    792
   912    792
