   907    696
   906    697
   907    697
   908    697
   906    698
   907    698
   906    699
   907    699
   908    699
   906    700
   907    700
   908    700
   909    700
   906    701
   907    701
   908    701
   906    702
   907    702
   908    702
   906    703
   907    703
   908    703
   906    704
   907    704
   908    704
   906    705
   907    705
   906    706
   907    706
   908    706
   906    707
   907    707
   908    707
   906    708
   907    708
   906    709
   907    709
   908    709
   906    710
   907    710
   908    710
   905    711
   906    711
   907    711
   908    711
   906    712
   907    712
   908    712
   906    713
   907    713
   908    713
   909    713
   910    713
   905    714
   906    714
   907    714
   908    714
   909    714
   910    714
   905    715
   906    715
   907    715
   908    715
   909    715
   910    715
   905    716
   906    716
   907    716
   908    716
   909    716
   910    716
   905    717
   906    717
   907    717
   908    717
   909    717
   910    717
   905    718
   906    718
   907    718
   908    718
   909    718
   910    718
   905    719
   906    719
   907    719
   908    719
   909    719
   910    719
   911    719
   905    720
   906    720
   907    720
   908    720
   909    720
   910    720
   905    721
   906    721
   907    721
   908    721
   909    721
   910    721
   904    722
   905    722
   906    722
   907    722
   908    722
   909    722
   910    722
   911    722
   905    723
   906    723
   907    723
   908    723
   909    723
   910    723
   911    723
   905    724
   906    724
   907    724
   908    724
   909    724
   910    724
   911    724
   904    725
   905    725
   906    725
   907    725
   908    725
   909    725
   910    725
   911    725
   912    725
   904    726
   905    726
   906    726
   907    726
   908    726
   909    726
   910    726
   911    726
   912    726
   913    726
   901    727
   902    727
   903    727
   904    727
   905    727
   906    727
   907    727
   908    727
   909    727
   910    727
   911    727
   912    727
   913    727
   914    727
   915    727
   916    727
   903    728
   904    728
   905    728
   906    728
   907    728
   908    728
   909    728
   910    728
   911    728
   912    728
   913    728
   916    728
   917    728
   918    728
   919    728
   901    729
   902    729
   903    729
   904    729
   905    729
   906    729
   907    729
   908    729
   909    729
   910    729
   911    729
   914    729
   915    729
   916    729
   918    729
   919    729
   920    729
   921    729
   927    729
   928    729
   904    730
   905    730
   906    730
   907    730
   908    730
   909    730
   910    730
   911    730
   917    730
   918    730
   919    730
   920    730
   921    730
   922    730
   923    730
   924    730
   925    730
   904    731
   905    731
   906    731
   907    731
   908    731
   909    731
   910    731
   911    731
   915    731
   916    731
   917    731
   918    731
   920    731
   921    731
   922    731
   923    731
   924    731
   925    731
   926    731
   927    731
   928    731
   929    731
   941    731
   942    731
   904    732
   905    732
   906    732
   907    732
   908    732
   909    732
   910    732
   911    732
   916    732
   917    732
   918    732
   919    732
   920    732
   921    732
   922    732
   923    732
   924    732
   925    732
   926    732
   927    732
   928    732
   933    732
   934    732
   938    732
   939    732
   940    732
   941    732
   942    732
   903    733
   904    733
   905    733
   906    733
   907    733
   908    733
   909    733
   910    733
   911    733
   916    733
   917    733
   918    733
   921    733
   922    733
   923    733
   924    733
   925    733
   926    733
   927    733
   928    733
   929    733
   930    733
   931    733
   936    733
   937    733
   938    733
   939    733
   940    733
   941    733
   942    733
   943    733
   944    733
   953    733
   954    733
   955    733
   904    734
   905    734
   906    734
   907    734
   908    734
   909    734
   910    734
   911    734
   927    734
   928    734
   929    734
   930    734
   931    734
   936    734
   937    734
   938    734
   939    734
   940    734
   941    734
   942    734
   943    734
   950    734
   951    734
   952    734
   953    734
   954    734
   955    734
   956    734
   957    734
   958    734
   959    734
   960    734
   904    735
   905    735
   906    735
   907    735
   908    735
   909    735
   910    735
   911    735
   934    735
   938    735
   939    735
   940    735
   941    735
   942    735
   954    735
   955    735
   956    735
   958    735
   959    735
   960    735
   961    735
   962    735
   963    735
   964    735
   903    736
   904    736
   905    736
   906    736
   907    736
   908    736
   909    736
   910    736
   911    736
   958    736
   959    736
   960    736
   961    736
   962    736
   980    736
   981    736
   982    736
   983    736
   984    736
   904    737
   905    737
   906    737
   907    737
   908    737
   909    737
   910    737
   911    737
   958    737
   959    737
   960    737
   961    737
   962    737
   963    737
   964    737
   965    737
   966    737
   967    737
   970    737
   971    737
   972    737
   979    737
   980    737
   981    737
   982    737
   983    737
   984    737
   985    737
   986    737
   987    737
   988    737
   999    737
  1000    737
  1001    737
  1002    737
  1003    737
  1004    737
   903    738
   904    738
   905    738
   906    738
   907    738
   908    738
   909    738
   910    738
   911    738
   957    738
   958    738
   959    738
   960    738
   961    738
   962    738
   963    738
   964    738
   965    738
   966    738
   969    738
   970    738
   971    738
   976    738
   977    738
   978    738
   979    738
   986    738
   987    738
   988    738
   989    738
   990    738
   995    738
   996    738
   997    738
   998    738
   903    739
   904    739
   905    739
   906    739
   907    739
   908    739
   909    739
   910    739
   911    739
   962    739
   963    739
   964    739
   970    739
   974    739
   975    739
   976    739
   977    739
   978    739
   979    739
   980    739
   981    739
   982    739
   983    739
   984    739
   985    739
   986    739
   987    739
   993    739
   994    739
   995    739
   996    739
   997    739
   998    739
   999    739
  1000    739
  1001    739
  1002    739
  1003    739
  1004    739
  1005    739
  1006    739
  1007    739
  1008    739
   903    740
   904    740
   905    740
   906    740
   907    740
   908    740
   909    740
   910    740
   911    740
   976    740
   977    740
   978    740
   979    740
   980    740
   981    740
   982    740
   983    740
   984    740
   985    740
   986    740
   987    740
   988    740
   991    740
   992    740
   993    740
   994    740
   997    740
   998    740
   999    740
  1000    740
  1001    740
  1002    740
  1003    740
  1004    740
  1005    740
  1006    740
  1007    740
  1008    740
  1016    740
  1017    740
  1018    740
  1019    740
  1020    740
  1021    740
  1022    740
  1023    740
  1024    740
   903    741
   904    741
   905    741
   906    741
   907    741
   908    741
   909    741
   910    741
   911    741
   982    741
   983    741
   984    741
   985    741
   986    741
   987    741
   988    741
   992    741
   993    741
   994    741
   995    741
   996    741
   997    741
   998    741
   999    741
  1000    741
  1001    741
  1002    741
  1003    741
  1004    741
  1005    741
  1006    741
  1007    741
  1008    741
  1017    741
  1018    741
  1019    741
  1020    741
  1021    741
  1022    741
  1023    741
  1037    741
  1038    741
  1039    741
  1040    741
  1057    741
  1058    741
  1059    741
  1060    741
  1061    741
  1062    741
  1063    741
  1064    741
  1065    741
  1066    741
  1067    741
  1068    741
  1069    741
  1070    741
  1071    741
  1072    741
   903    742
   904    742
   905    742
   906    742
   907    742
   908    742
   909    742
   910    742
   911    742
   983    742
   984    742
   985    742
   996    742
   997    742
   998    742
   999    742
  1000    742
  1001    742
  1002    742
  1003    742
  1004    742
  1005    742
  1006    742
  1007    742
  1008    742
  1009    742
  1010    742
  1011    742
  1012    742
  1016    742
  1017    742
  1018    742
  1019    742
  1020    742
  1021    742
  1064    742
  1065    742
  1066    742
  1068    742
  1069    742
  1070    742
  1071    742
  1072    742
  1076    742
  1077    742
  1078    742
  1079    742
  1080    742
  1081    742
  1082    742
  1083    742
  1084    742
  1085    742
  1086    742
  1087    742
  1088    742
  1090    742
  1091    742
  1092    742
  1093    742
  1094    742
   903    743
   904    743
   905    743
   906    743
   907    743
   908    743
   909    743
   910    743
   911    743
  1040    743
  1041    743
  1042    743
  1043    743
  1044    743
  1045    743
  1057    743
  1058    743
  1059    743
  1060    743
  1061    743
  1062    743
  1063    743
  1064    743
  1065    743
  1066    743
  1067    743
  1068    743
  1069    743
  1070    743
  1071    743
  1072    743
  1073    743
  1074    743
  1075    743
  1076    743
  1077    743
  1078    743
  1079    743
  1080    743
  1081    743
  1082    743
  1083    743
  1084    743
  1085    743
  1086    743
  1087    743
  1088    743
  1089    743
  1090    743
  1091    743
  1092    743
  1093    743
  1094    743
  1095    743
  1096    743
  1097    743
  1098    743
  1099    743
  1100    743
  1101    743
  1102    743
  1103    743
  1104    743
  1108    743
  1109    743
  1110    743
  1113    743
  1114    743
  1115    743
  1116    743
  1117    743
  1118    743
  1119    743
  1120    743
  1121    743
  1124    743
   903    744
   904    744
   905    744
   906    744
   907    744
   908    744
   909    744
   910    744
   911    744
  1036    744
  1037    744
  1055    744
  1056    744
  1057    744
  1058    744
  1059    744
  1060    744
  1061    744
  1062    744
  1063    744
  1064    744
  1065    744
  1066    744
  1067    744
  1068    744
  1069    744
  1070    744
  1071    744
  1072    744
  1073    744
  1076    744
  1077    744
  1078    744
  1079    744
  1080    744
  1081    744
  1082    744
  1083    744
  1084    744
  1085    744
  1086    744
  1087    744
  1091    744
  1105    744
  1106    744
  1107    744
  1108    744
  1109    744
  1110    744
  1111    744
  1112    744
  1113    744
  1114    744
  1115    744
  1116    744
  1117    744
  1118    744
  1119    744
  1120    744
  1121    744
  1122    744
  1123    744
  1124    744
  1125    744
  1126    744
  1127    744
  1128    744
  1129    744
   903    745
   904    745
   905    745
   906    745
   907    745
   908    745
   909    745
   910    745
   911    745
  1038    745
  1039    745
  1040    745
  1041    745
  1042    745
  1043    745
  1057    745
  1058    745
  1059    745
  1060    745
  1061    745
  1062    745
  1063    745
  1064    745
  1065    745
  1066    745
  1067    745
  1068    745
  1069    745
  1070    745
  1071    745
  1072    745
  1073    745
  1074    745
  1075    745
  1076    745
  1077    745
  1078    745
  1079    745
  1080    745
  1081    745
  1082    745
  1083    745
  1084    745
  1085    745
  1086    745
  1087    745
  1088    745
  1089    745
  1090    745
  1091    745
  1092    745
  1093    745
  1094    745
  1095    745
  1096    745
  1097    745
  1098    745
  1099    745
  1100    745
  1101    745
  1102    745
  1103    745
  1104    745
  1112    745
  1113    745
  1114    745
  1115    745
  1117    745
  1118    745
   903    746
   904    746
   905    746
   906    746
   907    746
   908    746
   909    746
   910    746
   911    746
  1057    746
  1058    746
  1059    746
  1060    746
  1061    746
  1062    746
  1063    746
  1064    746
  1065    746
  1066    746
  1067    746
  1068    746
  1069    746
  1070    746
  1071    746
  1072    746
  1073    746
  1074    746
  1075    746
  1076    746
  1077    746
  1078    746
  1079    746
  1080    746
  1081    746
  1082    746
  1083    746
  1084    746
  1085    746
  1086    746
  1087    746
  1088    746
  1089    746
  1090    746
  1094    746
  1095    746
  1096    746
  1097    746
  1098    746
  1099    746
  1100    746
  1101    746
  1106    746
  1116    746
  1117    746
  1118    746
  1119    746
  1120    746
  1121    746
  1122    746
  1123    746
  1124    746
  1125    746
  1126    746
  1127    746
  1128    746
  1129    746
  1130    746
  1131    746
  1132    746
   903    747
   904    747
   905    747
   906    747
   907    747
   908    747
   909    747
   910    747
   911    747
  1078    747
  1079    747
  1080    747
  1081    747
  1082    747
  1083    747
  1084    747
  1085    747
  1086    747
  1087    747
  1088    747
  1089    747
  1090    747
  1091    747
  1092    747
  1093    747
  1094    747
  1095    747
  1096    747
  1097    747
  1098    747
  1099    747
  1100    747
  1101    747
  1102    747
  1103    747
  1110    747
  1111    747
  1112    747
  1113    747
  1114    747
  1115    747
  1116    747
  1117    747
  1118    747
  1119    747
  1120    747
  1121    747
  1122    747
  1123    747
  1124    747
  1125    747
  1126    747
  1127    747
  1128    747
  1129    747
  1130    747
   903    748
   904    748
   905    748
   906    748
   907    748
   908    748
   909    748
   910    748
   911    748
   912    748
  1088    748
  1089    748
  1090    748
  1091    748
  1092    748
  1093    748
  1094    748
  1095    748
  1096    748
  1097    748
  1098    748
  1099    748
  1100    748
  1101    748
  1102    748
  1110    748
  1111    748
  1112    748
  1113    748
  1114    748
  1115    748
  1116    748
  1117    748
  1118    748
  1119    748
  1120    748
  1121    748
  1122    748
  1123    748
  1124    748
  1125    748
  1126    748
  1127    748
  1128    748
  1129    748
  1130    748
  1131    748
  1132    748
   902    749
   903    749
   904    749
   905    749
   906    749
   907    749
   908    749
   909    749
   910    749
   911    749
  1089    749
  1090    749
  1091    749
  1094    749
  1095    749
  1096    749
  1109    749
  1110    749
  1111    749
  1112    749
  1113    749
  1114    749
  1115    749
  1116    749
  1117    749
  1118    749
  1119    749
  1120    749
  1121    749
  1122    749
  1123    749
  1124    749
  1125    749
  1126    749
   902    750
   903    750
   904    750
   905    750
   906    750
   907    750
   908    750
   909    750
   910    750
   911    750
   912    750
  1110    750
  1112    750
  1113    750
  1114    750
  1115    750
  1116    750
  1117    750
  1118    750
  1119    750
  1120    750
  1121    750
  1123    750
  1124    750
  1125    750
  1126    750
   902    751
   903    751
   904    751
   905    751
   906    751
   907    751
   908    751
   909    751
   910    751
   911    751
   912    751
  1119    751
   902    752
   903    752
   904    752
   905    752
   906    752
   907    752
   908    752
   909    752
   910    752
   911    752
   912    752
   902    753
   903    753
   904    753
   905    753
   906    753
   907    753
   908    753
   909    753
   910    753
   911    753
   912    753
   902    754
   903    754
   904    754
   905    754
   906    754
   907    754
   908    754
   909    754
   910    754
   911    754
   912    754
   902    755
   903    755
   904    755
   905    755
   906    755
   907    755
   908    755
   909    755
   910    755
   911    755
   912    755
   901    756
   902    756
   903    756
   904    756
   905    756
   906    756
   907    756
   908    756
   909    756
   910    756
   911    756
   912    756
   902    757
   903    757
   904    757
   905    757
   906    757
   907    757
   908    757
   909    757
   910    757
   911    757
   912    757
   902    758
   903    758
   904    758
   905    758
   906    758
   907    758
   908    758
   909    758
   910    758
   911    758
   912    758
   901    759
   902    759
   903    759
   904    759
   905    759
   906    759
   907    759
   908    759
   909    759
   910    759
   911    759
   912    759
   901    760
   902    760
   903    760
   904    760
   905    760
   906    760
   907    760
   908    760
   909    760
   910    760
   911    760
   912    760
   901    761
   902    761
   903    761
   904    761
   905    761
   906    761
   907    761
   908    761
   909    761
   910    761
   911    761
   912    761
   901    762
   902    762
   903    762
   904    762
   905    762
   906    762
   907    762
   908    762
   909    762
   910    762
   911    762
   912    762
   901    763
   902    763
   903    763
   904    763
   905    763
   906    763
   907    763
   908    763
   909    763
   910    763
   911    763
   912    763
   901    764
   902    764
   903    764
   904    764
   905    764
   906    764
   907    764
   908    764
   909    764
   910    764
   911    764
   912    764
   901    765
   902    765
   903    765
   904    765
   905    765
   906    765
   907    765
   908    765
   909    765
   910    765
   911    765
   912    765
   901    766
   902    766
   903    766
   904    766
   905    766
   906    766
   907    766
   908    766
   909    766
   910    766
   911    766
   912    766
   901    767
   902    767
   903    767
   904    767
   905    767
   906    767
   907    767
   908    767
   909    767
   910    767
   911    767
   912    767
   901    768
   902    768
   903    768
   904    768
   905    768
   906    768
   907    768
   908    768
   909    768
   910    768
   911    768
   912    768
   913    768
   901    769
   902    769
   903    769
   904    769
   905    769
   906    769
   907    769
   908    769
   909    769
   910    769
   911    769
   912    769
   913    769
   901    770
   902    770
   903    770
   904    770
   905    770
   906    770
   907    770
   908    770
   909    770
   910    770
   911    770
   912    770
   913    770
   901    771
   902    771
   903    771
   904    771
   905    771
   906    771
   907    771
   908    771
   909    771
   910    771
   911    771
   912    771
   901    772
   902    772
   903    772
   904    772
   905    772
   906    772
   907    772
   908    772
   909    772
   910    772
   911    772
   912    772
   901    773
   902    773
   903    773
   904    773
   905    773
   906    773
   907    773
   908    773
   909    773
   910    773
   911    773
   912    773
   901    774
   902    774
   903    774
   904    774
   905    774
   906    774
   907    774
   908    774
   909    774
   910    774
   911    774
   912    774
   901    775
   902    775
   903    775
   904    775
   905    775
   906    775
   907    775
   908    775
   909    775
   910    775
   911    775
   912    775
   901    776
   902    776
   903    776
   904    776
   905    776
   906    776
   907    776
   908    776
   909    776
   910    776
   911    776
   912    776
   901    777
   902    777
   903    777
   904    777
   905    777
   906    777
   907    777
   908    777
   909    777
   910    777
   911    777
   912    777
   913    777
   901    778
   902    778
   903    778
   904    778
   905    778
   906    778
   907    778
   908    778
   909    778
   910    778
   911    778
   912    778
   901    779
   902    779
   903    779
   904    779
   905    779
   906    779
   907    779
   908    779
   909    779
   910    779
   911    779
   912    779
   901    780
   902    780
   903    780
   904    780
   905    780
   906    780
   907    780
   908    780
   909    780
   910    780
   911    780
   912    780
   900    781
   901    781
   902    781
   903    781
   904    781
   905    781
   906    781
   907    781
   908    781
   909    781
   910    781
   911    781
   905    782
   906    782
   907    782
   908    782
   907    783
   908    783
