   906    702
   907    702
   906    703
   906    704
   907    704
   908    704
   906    705
   907    705
   908    705
   909    705
   910    705
   906    706
   907    706
   908    706
   909    706
   906    707
   907    707
   908    707
   909    707
   910    707
   905    708
   906    708
   907    708
   908    708
   909    708
   910    708
   906    709
   907    709
   908    709
   906    710
   907    710
   908    710
   909    710
   910    710
   905    711
   906    711
   907    711
   908    711
   909    711
   910    711
   905    712
   906    712
   907    712
   908    712
   909    712
   910    712
   905    713
   906    713
   907    713
   908    713
   909    713
   910    713
   905    714
   906    714
   907    714
   908    714
   909    714
   910    714
   905    715
   906    715
   907    715
   908    715
   909    715
   910    715
   904    716
   905    716
   906    716
   907    716
   908    716
   909    716
   910    716
   905    717
   906    717
   907    717
   908    717
   909    717
   910    717
   905    718
   906    718
   907    718
   908    718
   909    718
   910    718
   904    719
   905    719
   906    719
   907    719
   908    719
   909    719
   910    719
   904    720
   905    720
   906    720
   907    720
   908    720
   909    720
   910    720
   905    721
   906    721
   907    721
   908    721
   909    721
   910    721
   904    722
   905    722
   906    722
   907    722
   908    722
   909    722
   910    722
   911    722
   904    723
   905    723
   906    723
   907    723
   908    723
   909    723
   910    723
   905    724
   906    724
   907    724
   908    724
   909    724
   910    724
   911    724
   904    725
   905    725
   906    725
   907    725
   908    725
   909    725
   910    725
   911    725
   904    726
   905    726
   906    726
   907    726
   908    726
   909    726
   910    726
   911    726
   903    727
   904    727
   905    727
   906    727
   907    727
   908    727
   909    727
   910    727
   911    727
   912    727
   913    727
   902    728
   903    728
   904    728
   905    728
   906    728
   907    728
   908    728
   909    728
   910    728
   911    728
   912    728
   913    728
   914    728
   915    728
   899    729
   900    729
   901    729
   902    729
   903    729
   904    729
   905    729
   906    729
   907    729
   908    729
   909    729
   910    729
   911    729
   912    729
   913    729
   915    729
   916    729
   917    729
   902    730
   903    730
   904    730
   905    730
   906    730
   907    730
   908    730
   909    730
   910    730
   911    730
   912    730
   913    730
   914    730
   915    730
   917    730
   918    730
   919    730
   920    730
   926    730
   904    731
   905    731
   906    731
   907    731
   908    731
   909    731
   910    731
   911    731
   915    731
   916    731
   917    731
   918    731
   919    731
   920    731
   921    731
   922    731
   923    731
   941    731
   942    731
   904    732
   905    732
   906    732
   907    732
   908    732
   909    732
   910    732
   911    732
   919    732
   920    732
   921    732
   922    732
   923    732
   924    732
   925    732
   926    732
   932    732
   933    732
   937    732
   938    732
   943    732
   944    732
   903    733
   904    733
   905    733
   906    733
   907    733
   908    733
   909    733
   910    733
   911    733
   914    733
   915    733
   916    733
   917    733
   918    733
   919    733
   920    733
   922    733
   923    733
   924    733
   925    733
   926    733
   929    733
   930    733
   931    733
   935    733
   936    733
   937    733
   940    733
   941    733
   942    733
   943    733
   903    734
   904    734
   905    734
   906    734
   907    734
   908    734
   909    734
   910    734
   911    734
   916    734
   917    734
   918    734
   919    734
   920    734
   921    734
   922    734
   923    734
   924    734
   925    734
   926    734
   927    734
   928    734
   929    734
   930    734
   931    734
   933    734
   934    734
   935    734
   939    734
   940    734
   941    734
   942    734
   943    734
   944    734
   947    734
   948    734
   903    735
   904    735
   905    735
   906    735
   907    735
   908    735
   909    735
   910    735
   911    735
   921    735
   922    735
   923    735
   924    735
   927    735
   928    735
   929    735
   930    735
   931    735
   932    735
   933    735
   934    735
   935    735
   936    735
   937    735
   938    735
   939    735
   940    735
   941    735
   942    735
   945    735
   946    735
   955    735
   956    735
   957    735
   903    736
   904    736
   905    736
   906    736
   907    736
   908    736
   909    736
   910    736
   911    736
   934    736
   935    736
   936    736
   937    736
   938    736
   939    736
   940    736
   941    736
   954    736
   955    736
   958    736
   959    736
   960    736
   961    736
   962    736
   963    736
   964    736
   965    736
   966    736
   967    736
   903    737
   904    737
   905    737
   906    737
   907    737
   908    737
   909    737
   910    737
   911    737
   934    737
   935    737
   942    737
   943    737
   954    737
   955    737
   956    737
   961    737
   962    737
   963    737
   964    737
   965    737
   966    737
   967    737
   968    737
   903    738
   904    738
   905    738
   906    738
   907    738
   908    738
   909    738
   910    738
   911    738
   959    738
   960    738
   961    738
   962    738
   963    738
   964    738
   990    738
   991    738
   992    738
   993    738
   994    738
   995    738
   996    738
   997    738
   998    738
   999    738
   903    739
   904    739
   905    739
   906    739
   907    739
   908    739
   909    739
   910    739
   911    739
   959    739
   960    739
   961    739
   962    739
   963    739
   964    739
   965    739
   966    739
   972    739
   973    739
   981    739
   982    739
   983    739
   984    739
   985    739
   986    739
   987    739
   988    739
   989    739
   998    739
   999    739
  1000    739
  1001    739
  1002    739
  1003    739
  1004    739
  1005    739
   903    740
   904    740
   905    740
   906    740
   907    740
   908    740
   909    740
   910    740
   911    740
   959    740
   960    740
   961    740
   962    740
   963    740
   964    740
   965    740
   966    740
   968    740
   969    740
   970    740
   971    740
   972    740
   973    740
   977    740
   978    740
   979    740
   980    740
   981    740
   982    740
   983    740
   984    740
   985    740
   986    740
   987    740
   988    740
   989    740
   990    740
   991    740
   992    740
   994    740
   995    740
   996    740
   997    740
   998    740
  1013    740
  1014    740
  1015    740
  1016    740
  1017    740
  1018    740
  1019    740
  1020    740
  1021    740
  1022    740
   903    741
   904    741
   905    741
   906    741
   907    741
   908    741
   909    741
   910    741
   911    741
   963    741
   964    741
   965    741
   970    741
   971    741
   972    741
   973    741
   975    741
   976    741
   977    741
   978    741
   979    741
   980    741
   981    741
   982    741
   983    741
   984    741
   985    741
   986    741
   987    741
   988    741
   989    741
   993    741
   994    741
   995    741
   996    741
   997    741
   998    741
   999    741
  1000    741
  1001    741
  1002    741
  1003    741
  1004    741
  1005    741
  1006    741
  1007    741
  1009    741
  1010    741
  1011    741
  1012    741
   903    742
   904    742
   905    742
   906    742
   907    742
   908    742
   909    742
   910    742
   911    742
   960    742
   961    742
   962    742
   963    742
   969    742
   970    742
   977    742
   978    742
   979    742
   980    742
   981    742
   982    742
   983    742
   984    742
   985    742
   986    742
   987    742
   988    742
   989    742
   990    742
   991    742
   992    742
   993    742
   994    742
   995    742
   996    742
   997    742
   998    742
   999    742
  1000    742
  1001    742
  1002    742
  1003    742
  1004    742
  1005    742
  1006    742
  1007    742
  1008    742
  1009    742
  1010    742
  1011    742
  1012    742
  1013    742
  1014    742
  1015    742
  1016    742
  1017    742
  1018    742
  1019    742
   902    743
   903    743
   904    743
   905    743
   906    743
   907    743
   908    743
   909    743
   910    743
   911    743
   978    743
   979    743
   980    743
   981    743
   982    743
   983    743
   990    743
   991    743
   992    743
   993    743
   994    743
   995    743
   996    743
   997    743
   998    743
   999    743
  1000    743
  1001    743
  1002    743
  1003    743
  1004    743
  1005    743
  1006    743
  1007    743
  1008    743
  1009    743
  1010    743
  1011    743
  1012    743
  1013    743
  1014    743
  1015    743
  1016    743
  1017    743
  1018    743
  1019    743
  1020    743
  1034    743
  1035    743
  1036    743
  1037    743
  1038    743
  1039    743
   903    744
   904    744
   905    744
   906    744
   907    744
   908    744
   909    744
   910    744
   911    744
   992    744
   993    744
   994    744
   995    744
   996    744
   997    744
   998    744
   999    744
  1000    744
  1001    744
  1002    744
  1003    744
  1004    744
  1005    744
  1006    744
  1007    744
  1008    744
  1009    744
  1010    744
  1011    744
  1012    744
  1013    744
  1014    744
  1015    744
  1016    744
  1017    744
  1018    744
  1031    744
  1032    744
  1033    744
  1034    744
  1035    744
  1036    744
  1037    744
  1068    744
  1073    744
  1074    744
  1075    744
  1076    744
  1077    744
  1078    744
  1080    744
  1081    744
  1082    744
   903    745
   904    745
   905    745
   906    745
   907    745
   908    745
   909    745
   910    745
   911    745
  1001    745
  1002    745
  1003    745
  1004    745
  1005    745
  1006    745
  1007    745
  1008    745
  1009    745
  1010    745
  1011    745
  1012    745
  1013    745
  1014    745
  1015    745
  1016    745
  1017    745
  1018    745
  1038    745
  1039    745
  1040    745
  1071    745
  1072    745
  1073    745
  1074    745
  1075    745
  1076    745
  1077    745
  1078    745
  1079    745
  1080    745
  1081    745
  1082    745
  1083    745
  1084    745
  1085    745
  1086    745
  1087    745
  1088    745
  1089    745
  1090    745
  1091    745
  1092    745
  1093    745
  1094    745
  1095    745
  1096    745
  1097    745
  1098    745
   902    746
   903    746
   904    746
   905    746
   906    746
   907    746
   908    746
   909    746
   910    746
   911    746
  1035    746
  1036    746
  1037    746
  1038    746
  1039    746
  1040    746
  1041    746
  1049    746
  1050    746
  1051    746
  1052    746
  1053    746
  1065    746
  1066    746
  1067    746
  1068    746
  1069    746
  1070    746
  1071    746
  1072    746
  1073    746
  1074    746
  1075    746
  1076    746
  1077    746
  1078    746
  1079    746
  1080    746
  1081    746
  1082    746
  1083    746
  1084    746
  1093    746
  1094    746
  1095    746
  1096    746
  1097    746
  1098    746
  1099    746
  1100    746
  1101    746
  1102    746
  1103    746
  1104    746
  1105    746
  1106    746
  1107    746
  1108    746
  1109    746
  1110    746
  1111    746
  1112    746
  1113    746
  1114    746
  1115    746
  1116    746
  1117    746
  1118    746
  1119    746
  1120    746
   902    747
   903    747
   904    747
   905    747
   906    747
   907    747
   908    747
   909    747
   910    747
   911    747
  1043    747
  1044    747
  1062    747
  1063    747
  1064    747
  1065    747
  1066    747
  1067    747
  1068    747
  1069    747
  1070    747
  1071    747
  1072    747
  1073    747
  1074    747
  1075    747
  1076    747
  1077    747
  1078    747
  1079    747
  1080    747
  1081    747
  1082    747
  1083    747
  1084    747
  1086    747
  1087    747
  1088    747
  1089    747
  1090    747
  1091    747
  1092    747
  1093    747
  1094    747
  1095    747
  1096    747
  1097    747
  1115    747
  1116    747
  1117    747
  1118    747
  1119    747
  1120    747
  1121    747
  1122    747
  1126    747
  1127    747
  1128    747
  1129    747
  1145    747
  1146    747
   903    748
   904    748
   905    748
   906    748
   907    748
   908    748
   909    748
   910    748
   911    748
  1040    748
  1041    748
  1042    748
  1043    748
  1044    748
  1049    748
  1050    748
  1051    748
  1052    748
  1063    748
  1064    748
  1065    748
  1066    748
  1067    748
  1068    748
  1069    748
  1070    748
  1071    748
  1072    748
  1073    748
  1074    748
  1075    748
  1076    748
  1077    748
  1078    748
  1079    748
  1080    748
  1081    748
  1082    748
  1083    748
  1084    748
  1085    748
  1086    748
  1087    748
  1088    748
  1089    748
  1090    748
  1091    748
  1092    748
  1093    748
  1094    748
  1095    748
  1096    748
  1097    748
  1098    748
  1099    748
  1100    748
  1101    748
  1102    748
  1103    748
  1107    748
  1108    748
  1109    748
  1110    748
  1111    748
  1112    748
  1113    748
  1114    748
  1115    748
  1116    748
  1117    748
  1118    748
  1119    748
  1120    748
  1121    748
  1122    748
  1123    748
  1124    748
  1125    748
  1126    748
  1127    748
  1128    748
  1129    748
  1130    748
   902    749
   903    749
   904    749
   905    749
   906    749
   907    749
   908    749
   909    749
   910    749
   911    749
  1048    749
  1049    749
  1062    749
  1063    749
  1064    749
  1065    749
  1066    749
  1067    749
  1068    749
  1069    749
  1070    749
  1071    749
  1072    749
  1073    749
  1074    749
  1075    749
  1076    749
  1077    749
  1078    749
  1079    749
  1080    749
  1083    749
  1084    749
  1085    749
  1087    749
  1088    749
  1089    749
  1090    749
  1091    749
  1092    749
  1093    749
  1094    749
  1095    749
  1096    749
  1097    749
  1098    749
  1099    749
  1100    749
  1101    749
  1102    749
  1103    749
  1104    749
  1105    749
  1106    749
  1107    749
  1108    749
  1109    749
  1110    749
  1111    749
  1112    749
  1113    749
  1114    749
  1115    749
  1116    749
  1117    749
  1118    749
  1127    749
  1128    749
  1129    749
  1130    749
  1131    749
  1132    749
  1133    749
  1134    749
  1135    749
  1136    749
  1146    749
  1147    749
   902    750
   903    750
   904    750
   905    750
   906    750
   907    750
   908    750
   909    750
   910    750
   911    750
  1075    750
  1076    750
  1077    750
  1079    750
  1080    750
  1081    750
  1082    750
  1083    750
  1084    750
  1085    750
  1086    750
  1087    750
  1088    750
  1089    750
  1090    750
  1091    750
  1092    750
  1093    750
  1094    750
  1095    750
  1096    750
  1097    750
  1098    750
  1099    750
  1100    750
  1104    750
  1105    750
  1106    750
  1107    750
  1108    750
  1109    750
  1110    750
  1111    750
  1112    750
  1113    750
  1114    750
  1115    750
  1116    750
  1117    750
  1118    750
  1119    750
  1120    750
  1121    750
  1122    750
  1123    750
  1124    750
  1125    750
  1126    750
  1127    750
  1128    750
  1129    750
  1130    750
  1131    750
  1132    750
  1133    750
  1134    750
  1135    750
  1136    750
  1137    750
  1138    750
  1139    750
  1140    750
  1141    750
  1142    750
  1143    750
  1144    750
  1145    750
  1146    750
  1147    750
  1148    750
  1149    750
  1150    750
  1151    750
  1152    750
  1153    750
   902    751
   903    751
   904    751
   905    751
   906    751
   907    751
   908    751
   909    751
   910    751
   911    751
  1083    751
  1084    751
  1085    751
  1086    751
  1087    751
  1094    751
  1095    751
  1096    751
  1097    751
  1098    751
  1103    751
  1104    751
  1105    751
  1106    751
  1107    751
  1108    751
  1109    751
  1110    751
  1111    751
  1112    751
  1113    751
  1114    751
  1115    751
  1116    751
  1117    751
  1118    751
  1119    751
  1120    751
  1121    751
  1122    751
  1123    751
  1124    751
  1125    751
  1126    751
  1127    751
  1128    751
  1129    751
  1130    751
  1131    751
  1132    751
  1133    751
  1134    751
  1135    751
  1136    751
  1137    751
  1138    751
  1139    751
  1140    751
  1143    751
  1144    751
  1145    751
  1146    751
  1147    751
  1148    751
  1149    751
  1150    751
   902    752
   903    752
   904    752
   905    752
   906    752
   907    752
   908    752
   909    752
   910    752
   911    752
  1104    752
  1105    752
  1106    752
  1107    752
  1120    752
  1121    752
  1122    752
  1123    752
  1124    752
  1125    752
  1126    752
  1136    752
  1137    752
  1138    752
  1139    752
   902    753
   903    753
   904    753
   905    753
   906    753
   907    753
   908    753
   909    753
   910    753
   911    753
  1109    753
  1110    753
  1111    753
  1112    753
  1118    753
  1136    753
  1137    753
  1138    753
  1139    753
   902    754
   903    754
   904    754
   905    754
   906    754
   907    754
   908    754
   909    754
   910    754
   911    754
  1137    754
   902    755
   903    755
   904    755
   905    755
   906    755
   907    755
   908    755
   909    755
   910    755
   911    755
   901    756
   902    756
   903    756
   904    756
   905    756
   906    756
   907    756
   908    756
   909    756
   910    756
   911    756
   912    756
   901    757
   902    757
   903    757
   904    757
   905    757
   906    757
   907    757
   908    757
   909    757
   910    757
   911    757
   912    757
   902    758
   903    758
   904    758
   905    758
   906    758
   907    758
   908    758
   909    758
   910    758
   911    758
   912    758
   901    759
   902    759
   903    759
   904    759
   905    759
   906    759
   907    759
   908    759
   909    759
   910    759
   911    759
   912    759
   901    760
   902    760
   903    760
   904    760
   905    760
   906    760
   907    760
   908    760
   909    760
   910    760
   911    760
   912    760
   901    761
   902    761
   903    761
   904    761
   905    761
   906    761
   907    761
   908    761
   909    761
   910    761
   911    761
   912    761
   901    762
   902    762
   903    762
   904    762
   905    762
   906    762
   907    762
   908    762
   909    762
   910    762
   911    762
   912    762
   901    763
   902    763
   903    763
   904    763
   905    763
   906    763
   907    763
   908    763
   909    763
   910    763
   911    763
   912    763
   901    764
   902    764
   903    764
   904    764
   905    764
   906    764
   907    764
   908    764
   909    764
   910    764
   911    764
   912    764
   901    765
   902    765
   903    765
   904    765
   905    765
   906    765
   907    765
   908    765
   909    765
   910    765
   911    765
   912    765
   900    766
   901    766
   902    766
   903    766
   904    766
   905    766
   906    766
   907    766
   908    766
   909    766
   910    766
   911    766
   912    766
   901    767
   902    767
   903    767
   904    767
   905    767
   906    767
   907    767
   908    767
   909    767
   910    767
   911    767
   912    767
   901    768
   902    768
   903    768
   904    768
   905    768
   906    768
   907    768
   908    768
   909    768
   910    768
   911    768
   912    768
   900    769
   901    769
   902    769
   903    769
   904    769
   905    769
   906    769
   907    769
   908    769
   909    769
   910    769
   911    769
   912    769
   901    770
   902    770
   903    770
   904    770
   905    770
   906    770
   907    770
   908    770
   909    770
   910    770
   911    770
   912    770
   900    771
   901    771
   902    771
   903    771
   904    771
   905    771
   906    771
   907    771
   908    771
   909    771
   910    771
   911    771
   912    771
   900    772
   901    772
   902    772
   903    772
   904    772
   905    772
   906    772
   907    772
   908    772
   909    772
   910    772
   911    772
   912    772
   901    773
   902    773
   903    773
   904    773
   905    773
   906    773
   907    773
   908    773
   909    773
   910    773
   911    773
   912    773
   900    774
   901    774
   902    774
   903    774
   904    774
   905    774
   906    774
   907    774
   908    774
   909    774
   910    774
   911    774
   912    774
   900    775
   901    775
   902    775
   903    775
   904    775
   905    775
   906    775
   907    775
   908    775
   909    775
   910    775
   911    775
   912    775
   900    776
   901    776
   902    776
   903    776
   904    776
   905    776
   906    776
   907    776
   908    776
   909    776
   910    776
   911    776
   912    776
   900    777
   901    777
   902    777
   903    777
   904    777
   905    777
   906    777
   907    777
   908    777
   909    777
   910    777
   911    777
   912    777
   900    778
   901    778
   902    778
   903    778
   904    778
   905    778
   906    778
   907    778
   908    778
   909    778
   910    778
   911    778
   912    778
   900    779
   901    779
   902    779
   903    779
   904    779
   905    779
   906    779
   907    779
   908    779
   909    779
   910    779
   911    779
   912    779
   913    779
   900    780
   901    780
   902    780
   903    780
   904    780
   905    780
   906    780
   907    780
   908    780
   909    780
   910    780
   911    780
   912    780
   913    780
   900    781
   901    781
   902    781
   903    781
   904    781
   905    781
   906    781
   907    781
   908    781
   909    781
   910    781
   911    781
   912    781
   913    781
   900    782
   901    782
   902    782
   903    782
   904    782
   905    782
   906    782
   907    782
   908    782
   909    782
   910    782
   911    782
   912    782
   913    782
   914    782
   900    783
   901    783
   902    783
   903    783
   904    783
   905    783
   906    783
   907    783
   908    783
   909    783
   910    783
   911    783
   912    783
   913    783
   900    784
   901    784
   902    784
   903    784
   904    784
   905    784
   906    784
   907    784
   908    784
   909    784
   910    784
   911    784
   912    784
   913    784
   900    785
   901    785
   902    785
   903    785
   904    785
   905    785
   906    785
   907    785
   908    785
   909    785
   910    785
   911    785
   912    785
   900    786
   901    786
   902    786
   903    786
   904    786
   905    786
   906    786
   907    786
   908    786
   909    786
   910    786
   911    786
   912    786
   913    786
   900    787
   901    787
   902    787
   903    787
   904    787
   905    787
   906    787
   907    787
   908    787
   909    787
   910    787
   911    787
   912    787
   898    788
   899    788
   900    788
   901    788
   902    788
   903    788
   904    788
   905    788
   906    788
   907    788
   908    788
   909    788
   910    788
   911    788
   901    789
   902    789
   903    789
   904    789
   905    789
   906    789
   907    789
   908    789
   909    789
   910    789
   911    789
   902    790
   903    790
   904    790
   905    790
   906    790
   905    791
