   985    736
   986    736
   987    736
   988    736
   989    736
   990    736
   982    737
   983    737
   984    737
   985    737
   986    737
   987    737
   988    737
   989    737
   990    737
   991    737
   980    738
   981    738
   982    738
   983    738
   984    738
   985    738
   986    738
   987    738
   988    738
   989    738
   995    738
   996    738
   997    738
   998    738
   999    738
  1000    738
  1001    738
  1002    738
   980    739
   981    739
   982    739
   983    739
   984    739
   985    739
   986    739
   991    739
   992    739
   993    739
   994    739
   995    739
   996    739
   997    739
  1003    739
  1004    739
  1005    739
  1006    739
  1007    739
  1008    739
  1009    739
  1010    739
  1011    739
  1012    739
  1013    739
  1014    739
  1015    739
  1016    739
  1017    739
   975    740
   976    740
   977    740
   978    740
   979    740
   980    740
   981    740
   982    740
   983    740
   984    740
   990    740
   991    740
   992    740
   993    740
   994    740
   995    740
   996    740
   997    740
   998    740
   999    740
  1000    740
  1001    740
  1002    740
  1009    740
  1010    740
  1011    740
  1012    740
  1013    740
  1014    740
  1015    740
  1016    740
  1017    740
  1018    740
  1019    740
  1020    740
  1021    740
  1022    740
  1023    740
  1024    740
   975    741
   976    741
   977    741
   978    741
   979    741
   980    741
   981    741
   982    741
   983    741
   984    741
   985    741
   986    741
   988    741
   989    741
   990    741
   991    741
   996    741
   997    741
   998    741
   999    741
  1000    741
  1001    741
  1002    741
  1003    741
  1004    741
  1005    741
  1006    741
  1007    741
  1008    741
  1009    741
  1010    741
  1011    741
  1012    741
  1013    741
  1023    741
  1024    741
  1025    741
   977    742
   978    742
   981    742
   982    742
   983    742
   984    742
   985    742
   986    742
   987    742
   988    742
   989    742
   991    742
   992    742
   993    742
   994    742
   995    742
   996    742
   997    742
   998    742
   999    742
  1000    742
  1001    742
  1002    742
  1003    742
  1004    742
  1005    742
  1006    742
  1007    742
  1008    742
  1009    742
  1010    742
  1011    742
  1012    742
  1013    742
  1014    742
  1015    742
  1016    742
  1017    742
  1018    742
  1019    742
  1020    742
  1021    742
  1022    742
  1023    742
  1024    742
   982    743
   983    743
   984    743
   985    743
   986    743
   987    743
   988    743
   989    743
   991    743
   992    743
   993    743
   994    743
   995    743
   996    743
   997    743
   998    743
   999    743
  1000    743
  1001    743
  1002    743
  1003    743
  1004    743
  1005    743
  1006    743
  1007    743
  1008    743
  1009    743
  1010    743
  1011    743
  1012    743
  1013    743
  1014    743
  1015    743
  1016    743
  1066    743
  1067    743
  1068    743
  1069    743
  1070    743
  1072    743
  1073    743
  1074    743
  1075    743
  1076    743
  1077    743
  1078    743
  1079    743
   985    744
   986    744
   987    744
   991    744
   992    744
   993    744
   994    744
   995    744
   996    744
   997    744
   998    744
   999    744
  1000    744
  1001    744
  1002    744
  1003    744
  1004    744
  1005    744
  1006    744
  1007    744
  1008    744
  1009    744
  1010    744
  1014    744
  1015    744
  1016    744
  1017    744
  1018    744
  1019    744
  1020    744
  1021    744
  1055    744
  1056    744
  1057    744
  1058    744
  1059    744
  1061    744
  1062    744
  1063    744
  1064    744
  1065    744
  1066    744
  1067    744
  1068    744
  1069    744
  1070    744
  1071    744
  1072    744
  1073    744
  1074    744
  1075    744
  1076    744
  1077    744
  1078    744
  1079    744
  1080    744
  1081    744
  1082    744
  1083    744
  1084    744
  1085    744
  1086    744
  1087    744
  1101    744
  1102    744
  1103    744
  1104    744
  1105    744
  1106    744
   997    745
   998    745
   999    745
  1000    745
  1001    745
  1002    745
  1003    745
  1004    745
  1005    745
  1006    745
  1007    745
  1008    745
  1009    745
  1010    745
  1011    745
  1012    745
  1013    745
  1014    745
  1015    745
  1016    745
  1032    745
  1033    745
  1043    745
  1044    745
  1045    745
  1046    745
  1047    745
  1048    745
  1049    745
  1050    745
  1051    745
  1065    745
  1066    745
  1067    745
  1068    745
  1069    745
  1070    745
  1071    745
  1072    745
  1073    745
  1074    745
  1075    745
  1076    745
  1077    745
  1078    745
  1079    745
  1080    745
  1081    745
  1082    745
  1083    745
  1084    745
  1085    745
  1086    745
  1087    745
  1088    745
  1089    745
  1090    745
  1091    745
  1092    745
  1093    745
  1094    745
  1095    745
  1096    745
  1097    745
  1098    745
  1099    745
  1100    745
  1101    745
  1102    745
  1103    745
  1104    745
  1105    745
  1106    745
  1107    745
  1108    745
  1109    745
  1110    745
  1111    745
  1112    745
  1008    746
  1009    746
  1012    746
  1013    746
  1014    746
  1015    746
  1016    746
  1041    746
  1042    746
  1043    746
  1050    746
  1051    746
  1052    746
  1053    746
  1054    746
  1055    746
  1056    746
  1057    746
  1058    746
  1059    746
  1060    746
  1061    746
  1062    746
  1063    746
  1064    746
  1065    746
  1066    746
  1067    746
  1068    746
  1069    746
  1070    746
  1071    746
  1072    746
  1073    746
  1074    746
  1075    746
  1076    746
  1077    746
  1078    746
  1079    746
  1080    746
  1081    746
  1082    746
  1083    746
  1084    746
  1085    746
  1086    746
  1087    746
  1088    746
  1089    746
  1090    746
  1091    746
  1092    746
  1093    746
  1094    746
  1095    746
  1096    746
  1097    746
  1098    746
  1099    746
  1100    746
  1101    746
  1102    746
  1103    746
  1104    746
  1105    746
  1106    746
  1107    746
  1108    746
  1109    746
  1110    746
  1111    746
  1112    746
  1113    746
  1114    746
  1115    746
  1120    746
  1121    746
  1122    746
  1123    746
  1124    746
  1125    746
  1126    746
  1127    746
  1128    746
  1129    746
  1130    746
  1131    746
  1132    746
  1133    746
  1134    746
  1135    746
  1038    747
  1040    747
  1041    747
  1042    747
  1043    747
  1044    747
  1045    747
  1055    747
  1056    747
  1057    747
  1058    747
  1059    747
  1060    747
  1061    747
  1062    747
  1063    747
  1064    747
  1065    747
  1066    747
  1067    747
  1068    747
  1069    747
  1070    747
  1071    747
  1072    747
  1073    747
  1074    747
  1075    747
  1076    747
  1077    747
  1078    747
  1079    747
  1080    747
  1081    747
  1082    747
  1083    747
  1084    747
  1085    747
  1086    747
  1087    747
  1088    747
  1089    747
  1090    747
  1091    747
  1092    747
  1093    747
  1094    747
  1095    747
  1096    747
  1097    747
  1098    747
  1099    747
  1100    747
  1101    747
  1102    747
  1103    747
  1104    747
  1105    747
  1106    747
  1107    747
  1108    747
  1109    747
  1110    747
  1111    747
  1112    747
  1113    747
  1114    747
  1115    747
  1116    747
  1117    747
  1118    747
  1119    747
  1120    747
  1121    747
  1122    747
  1123    747
  1124    747
  1125    747
  1126    747
  1127    747
  1128    747
  1134    747
  1146    747
  1147    747
  1063    748
  1064    748
  1065    748
  1066    748
  1067    748
  1068    748
  1069    748
  1070    748
  1071    748
  1072    748
  1073    748
  1074    748
  1075    748
  1076    748
  1077    748
  1078    748
  1079    748
  1080    748
  1081    748
  1082    748
  1083    748
  1084    748
  1085    748
  1086    748
  1087    748
  1088    748
  1089    748
  1090    748
  1091    748
  1092    748
  1093    748
  1094    748
  1095    748
  1096    748
  1097    748
  1098    748
  1099    748
  1100    748
  1101    748
  1102    748
  1103    748
  1104    748
  1105    748
  1106    748
  1107    748
  1108    748
  1109    748
  1110    748
  1111    748
  1112    748
  1113    748
  1114    748
  1115    748
  1124    748
  1125    748
  1126    748
  1127    748
  1128    748
  1129    748
  1130    748
  1131    748
  1132    748
  1133    748
  1134    748
  1135    748
  1136    748
  1137    748
  1138    748
  1139    748
  1140    748
  1141    748
  1143    748
  1145    748
  1146    748
  1147    748
  1148    748
  1149    748
  1150    748
  1067    749
  1068    749
  1069    749
  1070    749
  1071    749
  1072    749
  1073    749
  1074    749
  1075    749
  1076    749
  1077    749
  1078    749
  1079    749
  1080    749
  1081    749
  1082    749
  1083    749
  1084    749
  1085    749
  1086    749
  1087    749
  1088    749
  1089    749
  1090    749
  1091    749
  1092    749
  1093    749
  1094    749
  1095    749
  1096    749
  1097    749
  1098    749
  1099    749
  1100    749
  1101    749
  1102    749
  1103    749
  1104    749
  1105    749
  1106    749
  1107    749
  1108    749
  1109    749
  1110    749
  1111    749
  1112    749
  1113    749
  1114    749
  1115    749
  1116    749
  1117    749
  1118    749
  1119    749
  1120    749
  1121    749
  1122    749
  1123    749
  1124    749
  1125    749
  1126    749
  1127    749
  1128    749
  1129    749
  1130    749
  1131    749
  1132    749
  1133    749
  1134    749
  1135    749
  1136    749
  1137    749
  1138    749
  1065    750
  1066    750
  1067    750
  1075    750
  1076    750
  1077    750
  1080    750
  1081    750
  1082    750
  1083    750
  1084    750
  1085    750
  1086    750
  1087    750
  1088    750
  1089    750
  1090    750
  1091    750
  1092    750
  1093    750
  1094    750
  1095    750
  1096    750
  1097    750
  1098    750
  1099    750
  1100    750
  1101    750
  1102    750
  1103    750
  1104    750
  1105    750
  1106    750
  1107    750
  1108    750
  1109    750
  1110    750
  1111    750
  1112    750
  1113    750
  1114    750
  1115    750
  1116    750
  1117    750
  1118    750
  1119    750
  1120    750
  1121    750
  1122    750
  1123    750
  1124    750
  1125    750
  1126    750
  1127    750
  1128    750
  1129    750
  1130    750
  1131    750
  1132    750
  1133    750
  1134    750
  1135    750
  1136    750
  1147    750
  1148    750
  1149    750
  1157    750
  1158    750
  1067    751
  1068    751
  1069    751
  1070    751
  1071    751
  1072    751
  1074    751
  1075    751
  1076    751
  1087    751
  1088    751
  1093    751
  1094    751
  1095    751
  1096    751
  1097    751
  1098    751
  1099    751
  1100    751
  1101    751
  1102    751
  1103    751
  1104    751
  1105    751
  1106    751
  1107    751
  1108    751
  1109    751
  1110    751
  1111    751
  1112    751
  1113    751
  1114    751
  1115    751
  1116    751
  1117    751
  1118    751
  1119    751
  1120    751
  1121    751
  1122    751
  1123    751
  1124    751
  1125    751
  1126    751
  1127    751
  1128    751
  1129    751
  1130    751
  1131    751
  1132    751
  1133    751
  1134    751
  1135    751
  1136    751
  1137    751
  1138    751
  1139    751
  1144    751
  1145    751
  1146    751
  1147    751
  1105    752
  1106    752
  1107    752
  1108    752
  1110    752
  1111    752
  1112    752
  1113    752
  1114    752
  1115    752
  1116    752
  1117    752
  1118    752
  1119    752
  1120    752
  1121    752
  1122    752
  1123    752
  1124    752
  1125    752
  1126    752
  1127    752
  1128    752
  1129    752
  1130    752
  1131    752
  1132    752
  1133    752
  1134    752
  1135    752
  1136    752
  1116    753
  1117    753
  1118    753
  1119    753
  1124    753
  1131    753
  1132    753
  1133    753
  1134    753
