   906    704
   907    704
   908    704
   906    705
   907    705
   906    706
   907    706
   908    706
   906    707
   907    707
   908    707
   906    708
   907    708
   906    709
   907    709
   908    709
   906    710
   907    710
   908    710
   905    711
   906    711
   907    711
   908    711
   909    711
   910    711
   905    712
   906    712
   907    712
   908    712
   909    712
   906    713
   907    713
   908    713
   909    713
   905    714
   906    714
   907    714
   908    714
   909    714
   910    714
   905    715
   906    715
   907    715
   908    715
   909    715
   906    716
   907    716
   908    716
   909    716
   905    717
   906    717
   907    717
   908    717
   909    717
   910    717
   905    718
   906    718
   907    718
   908    718
   909    718
   910    718
   905    719
   906    719
   907    719
   908    719
   909    719
   910    719
   905    720
   906    720
   907    720
   908    720
   909    720
   910    720
   905    721
   906    721
   907    721
   908    721
   909    721
   910    721
   904    722
   905    722
   906    722
   907    722
   908    722
   909    722
   910    722
   904    723
   905    723
   906    723
   907    723
   908    723
   909    723
   910    723
   904    724
   905    724
   906    724
   907    724
   908    724
   909    724
   910    724
   904    725
   905    725
   906    725
   907    725
   908    725
   909    725
   910    725
   904    726
   905    726
   906    726
   907    726
   908    726
   909    726
   910    726
   905    727
   906    727
   907    727
   908    727
   909    727
   910    727
   911    727
   904    728
   905    728
   906    728
   907    728
   908    728
   909    728
   910    728
   911    728
   904    729
   905    729
   906    729
   907    729
   908    729
   909    729
   910    729
   911    729
   912    729
   903    730
   904    730
   905    730
   906    730
   907    730
   908    730
   909    730
   910    730
   911    730
   912    730
   913    730
   901    731
   902    731
   903    731
   904    731
   905    731
   906    731
   907    731
   908    731
   909    731
   910    731
   911    731
   912    731
   913    731
   914    731
   915    731
   916    731
   899    732
   900    732
   901    732
   902    732
   903    732
   904    732
   905    732
   906    732
   907    732
   908    732
   909    732
   910    732
   911    732
   912    732
   913    732
   914    732
   916    732
   917    732
   918    732
   897    733
   900    733
   901    733
   902    733
   903    733
   904    733
   905    733
   906    733
   907    733
   908    733
   909    733
   910    733
   911    733
   912    733
   913    733
   914    733
   915    733
   916    733
   917    733
   918    733
   919    733
   920    733
   904    734
   905    734
   906    734
   907    734
   908    734
   909    734
   910    734
   911    734
   916    734
   917    734
   918    734
   919    734
   920    734
   921    734
   922    734
   923    734
   924    734
   904    735
   905    735
   906    735
   907    735
   908    735
   909    735
   910    735
   911    735
   920    735
   921    735
   922    735
   923    735
   924    735
   925    735
   926    735
   927    735
   903    736
   904    736
   905    736
   906    736
   907    736
   908    736
   909    736
   910    736
   918    736
   919    736
   920    736
   923    736
   924    736
   925    736
   926    736
   927    736
   930    736
   931    736
   936    736
   937    736
   938    736
   941    736
   942    736
   943    736
   944    736
   903    737
   904    737
   905    737
   906    737
   907    737
   908    737
   909    737
   910    737
   911    737
   920    737
   921    737
   922    737
   923    737
   927    737
   928    737
   929    737
   933    737
   934    737
   935    737
   940    737
   941    737
   942    737
   943    737
   944    737
   945    737
   946    737
   947    737
   948    737
   949    737
   903    738
   904    738
   905    738
   906    738
   907    738
   908    738
   909    738
   910    738
   911    738
   921    738
   922    738
   923    738
   924    738
   926    738
   927    738
   928    738
   929    738
   932    738
   933    738
   934    738
   935    738
   936    738
   937    738
   938    738
   939    738
   940    738
   945    738
   946    738
   947    738
   948    738
   949    738
   950    738
   951    738
   953    738
   954    738
   955    738
   903    739
   904    739
   905    739
   906    739
   907    739
   908    739
   909    739
   910    739
   911    739
   927    739
   928    739
   929    739
   931    739
   932    739
   933    739
   934    739
   935    739
   939    739
   940    739
   941    739
   942    739
   943    739
   944    739
   945    739
   946    739
   947    739
   948    739
   953    739
   954    739
   955    739
   956    739
   957    739
   958    739
   959    739
   960    739
   961    739
   962    739
   903    740
   904    740
   905    740
   906    740
   907    740
   908    740
   909    740
   910    740
   911    740
   932    740
   933    740
   934    740
   937    740
   938    740
   939    740
   940    740
   945    740
   951    740
   952    740
   953    740
   960    740
   961    740
   962    740
   963    740
   964    740
   965    740
   966    740
   967    740
   903    741
   904    741
   905    741
   906    741
   907    741
   908    741
   909    741
   910    741
   911    741
   939    741
   951    741
   958    741
   959    741
   960    741
   961    741
   903    742
   904    742
   905    742
   906    742
   907    742
   908    742
   909    742
   910    742
   911    742
   957    742
   958    742
   959    742
   960    742
   961    742
   962    742
   963    742
   964    742
   965    742
   966    742
   967    742
   968    742
   903    743
   904    743
   905    743
   906    743
   907    743
   908    743
   909    743
   910    743
   911    743
   960    743
   961    743
   962    743
   963    743
   964    743
   965    743
   966    743
   967    743
   968    743
   969    743
   970    743
   985    743
   986    743
   987    743
   988    743
   990    743
   991    743
   992    743
   993    743
   903    744
   904    744
   905    744
   906    744
   907    744
   908    744
   909    744
   910    744
   911    744
   960    744
   961    744
   966    744
   967    744
   968    744
   969    744
   982    744
   983    744
   984    744
   992    744
   993    744
   994    744
   995    744
   996    744
   997    744
   998    744
   999    744
  1000    744
  1001    744
  1002    744
   903    745
   904    745
   905    745
   906    745
   907    745
   908    745
   909    745
   910    745
   911    745
   973    745
   974    745
   982    745
   983    745
   986    745
   987    745
   988    745
   989    745
   990    745
   991    745
   992    745
   993    745
  1001    745
  1002    745
  1003    745
  1004    745
  1005    745
  1006    745
  1007    745
  1008    745
  1009    745
  1010    745
  1011    745
  1012    745
   902    746
   903    746
   904    746
   905    746
   906    746
   907    746
   908    746
   909    746
   910    746
   911    746
   972    746
   973    746
   981    746
   982    746
   983    746
   990    746
   991    746
   992    746
   993    746
   994    746
   995    746
   996    746
   997    746
   998    746
   999    746
  1000    746
  1001    746
  1002    746
  1008    746
  1009    746
  1010    746
  1011    746
  1012    746
  1013    746
   903    747
   904    747
   905    747
   906    747
   907    747
   908    747
   909    747
   910    747
   911    747
   989    747
   990    747
   991    747
   998    747
   999    747
  1000    747
  1001    747
  1002    747
  1003    747
  1005    747
  1006    747
  1007    747
  1008    747
  1009    747
  1010    747
   903    748
   904    748
   905    748
   906    748
   907    748
   908    748
   909    748
   910    748
   911    748
   992    748
   993    748
   994    748
   995    748
   996    748
   997    748
  1000    748
  1001    748
  1002    748
  1005    748
  1006    748
  1007    748
  1008    748
  1009    748
  1010    748
  1011    748
  1012    748
  1013    748
   902    749
   903    749
   904    749
   905    749
   906    749
   907    749
   908    749
   909    749
   910    749
   911    749
  1007    749
  1008    749
  1009    749
  1010    749
   902    750
   903    750
   904    750
   905    750
   906    750
   907    750
   908    750
   909    750
   910    750
   911    750
   902    751
   903    751
   904    751
   905    751
   906    751
   907    751
   908    751
   909    751
   910    751
   902    752
   903    752
   904    752
   905    752
   906    752
   907    752
   908    752
   909    752
   910    752
   911    752
   902    753
   903    753
   904    753
   905    753
   906    753
   907    753
   908    753
   909    753
   910    753
   911    753
   902    754
   903    754
   904    754
   905    754
   906    754
   907    754
   908    754
   909    754
   910    754
   911    754
   902    755
   903    755
   904    755
   905    755
   906    755
   907    755
   908    755
   909    755
   910    755
   911    755
   902    756
   903    756
   904    756
   905    756
   906    756
   907    756
   908    756
   909    756
   910    756
   911    756
   902    757
   903    757
   904    757
   905    757
   906    757
   907    757
   908    757
   909    757
   910    757
   911    757
   902    758
   903    758
   904    758
   905    758
   906    758
   907    758
   908    758
   909    758
   910    758
   911    758
   912    758
   901    759
   902    759
   903    759
   904    759
   905    759
   906    759
   907    759
   908    759
   909    759
   910    759
   911    759
   902    760
   903    760
   904    760
   905    760
   906    760
   907    760
   908    760
   909    760
   910    760
   911    760
   912    760
   902    761
   903    761
   904    761
   905    761
   906    761
   907    761
   908    761
   909    761
   910    761
   911    761
   912    761
   901    762
   902    762
   903    762
   904    762
   905    762
   906    762
   907    762
   908    762
   909    762
   910    762
   911    762
   912    762
   901    763
   902    763
   903    763
   904    763
   905    763
   906    763
   907    763
   908    763
   909    763
   910    763
   911    763
   912    763
   901    764
   902    764
   903    764
   904    764
   905    764
   906    764
   907    764
   908    764
   909    764
   910    764
   911    764
   912    764
   901    765
   902    765
   903    765
   904    765
   905    765
   906    765
   907    765
   908    765
   909    765
   910    765
   911    765
   912    765
   901    766
   902    766
   903    766
   904    766
   905    766
   906    766
   907    766
   908    766
   909    766
   910    766
   911    766
   912    766
   901    767
   902    767
   903    767
   904    767
   905    767
   906    767
   907    767
   908    767
   909    767
   910    767
   911    767
   912    767
   901    768
   902    768
   903    768
   904    768
   905    768
   906    768
   907    768
   908    768
   909    768
   910    768
   911    768
   912    768
   900    769
   901    769
   902    769
   903    769
   904    769
   905    769
   906    769
   907    769
   908    769
   909    769
   910    769
   911    769
   912    769
   900    770
   901    770
   902    770
   903    770
   904    770
   905    770
   906    770
   907    770
   908    770
   909    770
   910    770
   911    770
   912    770
   900    771
   901    771
   902    771
   903    771
   904    771
   905    771
   906    771
   907    771
   908    771
   909    771
   910    771
   911    771
   912    771
   900    772
   901    772
   902    772
   903    772
   904    772
   905    772
   906    772
   907    772
   908    772
   909    772
   910    772
   911    772
   912    772
   900    773
   901    773
   902    773
   903    773
   904    773
   905    773
   906    773
   907    773
   908    773
   909    773
   910    773
   911    773
   912    773
   900    774
   901    774
   902    774
   903    774
   904    774
   905    774
   906    774
   907    774
   908    774
   909    774
   910    774
   911    774
   912    774
   900    775
   901    775
   902    775
   903    775
   904    775
   905    775
   906    775
   907    775
   908    775
   909    775
   910    775
   911    775
   912    775
   900    776
   901    776
   902    776
   903    776
   904    776
   905    776
   906    776
   907    776
   908    776
   909    776
   910    776
   911    776
   912    776
   900    777
   901    777
   902    777
   903    777
   904    777
   905    777
   906    777
   907    777
   908    777
   909    777
   910    777
   911    777
   912    777
   901    778
   902    778
   903    778
   904    778
   905    778
   906    778
   907    778
   908    778
   909    778
   910    778
   911    778
   912    778
   900    779
   901    779
   902    779
   903    779
   904    779
   905    779
   906    779
   907    779
   908    779
   909    779
   910    779
   911    779
   912    779
   900    780
   901    780
   902    780
   903    780
   904    780
   905    780
   906    780
   907    780
   908    780
   909    780
   910    780
   911    780
   912    780
   900    781
   901    781
   902    781
   903    781
   904    781
   905    781
   906    781
   907    781
   908    781
   909    781
   910    781
   911    781
   912    781
   900    782
   901    782
   902    782
   903    782
   904    782
   905    782
   906    782
   907    782
   908    782
   909    782
   910    782
   911    782
   912    782
   913    782
   900    783
   901    783
   902    783
   903    783
   904    783
   905    783
   906    783
   907    783
   908    783
   909    783
   910    783
   911    783
   912    783
   900    784
   901    784
   902    784
   903    784
   904    784
   905    784
   906    784
   907    784
   908    784
   909    784
   910    784
   911    784
   912    784
   900    785
   901    785
   902    785
   903    785
   904    785
   905    785
   906    785
   907    785
   908    785
   909    785
   910    785
   911    785
   899    786
   900    786
   901    786
   902    786
   903    786
   904    786
   905    786
   906    786
   907    786
   908    786
   909    786
   910    786
   902    787
   903    787
   904    787
   905    787
   906    787
   907    787
   908    787
   904    788
   905    788
   906    788
   907    788
