   907    698
   906    700
   907    700
   908    700
   906    701
   907    701
   908    701
   906    702
   907    702
   906    703
   907    703
   908    703
   905    704
   906    704
   907    704
   908    704
   909    704
   906    705
   907    705
   906    706
   907    706
   908    706
   906    707
   907    707
   908    707
   906    708
   907    708
   906    709
   907    709
   908    709
   906    710
   907    710
   908    710
   905    711
   906    711
   907    711
   905    712
   906    712
   907    712
   908    712
   905    713
   906    713
   907    713
   908    713
   905    714
   906    714
   907    714
   908    714
   905    715
   906    715
   907    715
   908    715
   905    716
   906    716
   907    716
   908    716
   909    716
   905    717
   906    717
   907    717
   908    717
   909    717
   905    718
   906    718
   907    718
   908    718
   909    718
   910    718
   904    719
   905    719
   906    719
   907    719
   908    719
   909    719
   910    719
   904    720
   905    720
   906    720
   907    720
   908    720
   909    720
   910    720
   905    721
   906    721
   907    721
   908    721
   909    721
   910    721
   904    722
   905    722
   906    722
   907    722
   908    722
   909    722
   910    722
   904    723
   905    723
   906    723
   907    723
   908    723
   909    723
   910    723
   904    724
   905    724
   906    724
   907    724
   908    724
   909    724
   910    724
   904    725
   905    725
   906    725
   907    725
   908    725
   909    725
   910    725
   904    726
   905    726
   906    726
   907    726
   908    726
   909    726
   910    726
   904    727
   905    727
   906    727
   907    727
   908    727
   909    727
   910    727
   911    727
   904    728
   905    728
   906    728
   907    728
   908    728
   909    728
   910    728
   911    728
   904    729
   905    729
   906    729
   907    729
   908    729
   909    729
   910    729
   911    729
   903    730
   904    730
   905    730
   906    730
   907    730
   908    730
   909    730
   910    730
   911    730
   912    730
   903    731
   904    731
   905    731
   906    731
   907    731
   908    731
   909    731
   910    731
   911    731
   912    731
   901    732
   902    732
   903    732
   904    732
   905    732
   906    732
   907    732
   908    732
   909    732
   910    732
   911    732
   912    732
   915    732
   916    732
   917    732
   898    733
   899    733
   900    733
   901    733
   902    733
   903    733
   904    733
   905    733
   906    733
   907    733
   908    733
   909    733
   910    733
   911    733
   912    733
   913    733
   916    733
   917    733
   918    733
   919    733
   900    734
   901    734
   902    734
   903    734
   904    734
   905    734
   906    734
   907    734
   908    734
   909    734
   910    734
   911    734
   913    734
   914    734
   915    734
   916    734
   917    734
   919    734
   920    734
   921    734
   922    734
   898    735
   899    735
   904    735
   905    735
   906    735
   907    735
   908    735
   909    735
   910    735
   911    735
   916    735
   917    735
   918    735
   919    735
   920    735
   922    735
   923    735
   924    735
   903    736
   904    736
   905    736
   906    736
   907    736
   908    736
   909    736
   910    736
   920    736
   921    736
   922    736
   923    736
   924    736
   925    736
   926    736
   927    736
   928    736
   940    736
   903    737
   904    737
   905    737
   906    737
   907    737
   908    737
   909    737
   910    737
   911    737
   918    737
   919    737
   920    737
   921    737
   923    737
   924    737
   925    737
   926    737
   927    737
   930    737
   931    737
   932    737
   936    737
   937    737
   938    737
   939    737
   943    737
   944    737
   945    737
   903    738
   904    738
   905    738
   906    738
   907    738
   908    738
   909    738
   910    738
   911    738
   922    738
   923    738
   924    738
   925    738
   928    738
   929    738
   930    738
   931    738
   932    738
   933    738
   934    738
   935    738
   936    738
   941    738
   942    738
   943    738
   944    738
   945    738
   946    738
   947    738
   948    738
   949    738
   950    738
   951    738
   957    738
   958    738
   959    738
   903    739
   904    739
   905    739
   906    739
   907    739
   908    739
   909    739
   910    739
   911    739
   922    739
   923    739
   927    739
   928    739
   929    739
   930    739
   933    739
   934    739
   935    739
   936    739
   937    739
   938    739
   939    739
   940    739
   941    739
   942    739
   947    739
   948    739
   949    739
   950    739
   952    739
   953    739
   954    739
   955    739
   956    739
   957    739
   958    739
   903    740
   904    740
   905    740
   906    740
   907    740
   908    740
   909    740
   910    740
   911    740
   931    740
   932    740
   933    740
   934    740
   938    740
   939    740
   940    740
   941    740
   942    740
   943    740
   944    740
   945    740
   946    740
   947    740
   953    740
   954    740
   955    740
   956    740
   957    740
   958    740
   959    740
   960    740
   961    740
   962    740
   903    741
   904    741
   905    741
   906    741
   907    741
   908    741
   909    741
   910    741
   911    741
   930    741
   931    741
   932    741
   933    741
   934    741
   937    741
   938    741
   939    741
   940    741
   941    741
   942    741
   943    741
   944    741
   945    741
   946    741
   947    741
   951    741
   952    741
   953    741
   958    741
   959    741
   960    741
   961    741
   903    742
   904    742
   905    742
   906    742
   907    742
   908    742
   909    742
   910    742
   911    742
   939    742
   940    742
   941    742
   942    742
   943    742
   944    742
   958    742
   959    742
   966    742
   967    742
   968    742
   969    742
   970    742
   903    743
   904    743
   905    743
   906    743
   907    743
   908    743
   909    743
   910    743
   911    743
   960    743
   961    743
   962    743
   965    743
   966    743
   967    743
   968    743
   903    744
   904    744
   905    744
   906    744
   907    744
   908    744
   909    744
   910    744
   911    744
   968    744
   969    744
   970    744
   976    744
   977    744
   978    744
   987    744
   988    744
   991    744
   992    744
   993    744
   994    744
   903    745
   904    745
   905    745
   906    745
   907    745
   908    745
   909    745
   910    745
   911    745
   968    745
   969    745
   975    745
   976    745
   977    745
   981    745
   982    745
   983    745
   984    745
   985    745
   990    745
   991    745
   992    745
   993    745
   994    745
   995    745
   996    745
   997    745
   998    745
   999    745
  1000    745
  1001    745
   902    746
   903    746
   904    746
   905    746
   906    746
   907    746
   908    746
   909    746
   910    746
   911    746
   973    746
   974    746
   981    746
   982    746
   983    746
   988    746
   989    746
   990    746
   991    746
   992    746
   993    746
  1001    746
  1002    746
  1003    746
  1004    746
  1005    746
  1006    746
  1007    746
  1008    746
  1009    746
  1010    746
   902    747
   903    747
   904    747
   905    747
   906    747
   907    747
   908    747
   909    747
   910    747
   911    747
   990    747
   991    747
   992    747
   993    747
   994    747
   995    747
   996    747
   997    747
   998    747
   999    747
  1000    747
  1001    747
  1002    747
  1003    747
  1009    747
  1010    747
  1011    747
  1012    747
  1013    747
  1014    747
  1015    747
  1016    747
  1017    747
  1018    747
  1019    747
  1020    747
   903    748
   904    748
   905    748
   906    748
   907    748
   908    748
   909    748
   910    748
   911    748
   990    748
   991    748
   992    748
   998    748
   999    748
  1000    748
  1001    748
  1002    748
  1003    748
  1004    748
  1005    748
  1006    748
  1007    748
  1008    748
  1009    748
  1010    748
  1011    748
  1012    748
  1019    748
  1020    748
  1021    748
  1022    748
  1023    748
  1024    748
  1029    748
  1030    748
  1031    748
  1032    748
  1033    748
  1034    748
   902    749
   903    749
   904    749
   905    749
   906    749
   907    749
   908    749
   909    749
   910    749
   911    749
   991    749
   992    749
   993    749
   994    749
   995    749
   996    749
   997    749
   998    749
   999    749
  1000    749
  1001    749
  1002    749
  1003    749
  1004    749
  1007    749
  1008    749
  1009    749
  1010    749
  1011    749
  1012    749
  1013    749
  1014    749
  1015    749
  1016    749
  1017    749
  1018    749
  1019    749
  1020    749
  1021    749
  1022    749
  1023    749
  1024    749
  1025    749
  1026    749
  1027    749
  1028    749
  1037    749
  1038    749
  1039    749
   902    750
   903    750
   904    750
   905    750
   906    750
   907    750
   908    750
   909    750
   910    750
   911    750
  1001    750
  1002    750
  1003    750
  1004    750
  1005    750
  1006    750
  1007    750
  1008    750
  1009    750
  1010    750
  1011    750
  1012    750
  1013    750
  1014    750
  1015    750
  1016    750
  1017    750
  1018    750
  1019    750
  1020    750
  1021    750
  1022    750
  1023    750
  1024    750
  1025    750
  1026    750
  1037    750
  1038    750
  1039    750
  1040    750
  1041    750
   902    751
   903    751
   904    751
   905    751
   906    751
   907    751
   908    751
   909    751
   910    751
   911    751
  1013    751
  1014    751
  1020    751
  1021    751
  1022    751
  1023    751
  1032    751
  1033    751
  1034    751
  1035    751
  1052    751
  1053    751
  1103    751
   902    752
   903    752
   904    752
   905    752
   906    752
   907    752
   908    752
   909    752
   910    752
   911    752
  1063    752
  1064    752
  1075    752
  1076    752
  1077    752
  1078    752
  1079    752
  1080    752
  1081    752
  1082    752
  1083    752
  1084    752
  1085    752
  1086    752
  1087    752
  1088    752
  1089    752
  1090    752
  1091    752
  1092    752
  1093    752
  1094    752
  1095    752
  1096    752
  1097    752
  1098    752
  1105    752
  1106    752
  1107    752
  1108    752
  1109    752
  1110    752
  1111    752
  1126    752
  1127    752
  1128    752
  1129    752
  1130    752
  1131    752
  1133    752
  1134    752
  1135    752
   902    753
   903    753
   904    753
   905    753
   906    753
   907    753
   908    753
   909    753
   910    753
   911    753
  1054    753
  1061    753
  1062    753
  1063    753
  1064    753
  1065    753
  1066    753
  1067    753
  1068    753
  1069    753
  1070    753
  1071    753
  1072    753
  1073    753
  1074    753
  1075    753
  1076    753
  1077    753
  1078    753
  1079    753
  1080    753
  1081    753
  1082    753
  1083    753
  1093    753
  1095    753
  1096    753
  1097    753
  1098    753
  1099    753
  1100    753
  1101    753
  1102    753
  1103    753
  1104    753
  1105    753
  1106    753
  1107    753
  1108    753
  1109    753
  1110    753
  1135    753
  1136    753
  1143    753
  1144    753
  1145    753
  1146    753
  1149    753
  1150    753
  1151    753
  1152    753
  1154    753
  1155    753
  1156    753
  1157    753
  1158    753
  1159    753
   902    754
   903    754
   904    754
   905    754
   906    754
   907    754
   908    754
   909    754
   910    754
   911    754
  1069    754
  1070    754
  1071    754
  1072    754
  1075    754
  1076    754
  1077    754
  1078    754
  1079    754
  1080    754
  1081    754
  1082    754
  1083    754
  1084    754
  1085    754
  1086    754
  1087    754
  1088    754
  1089    754
  1090    754
  1091    754
  1092    754
  1093    754
  1094    754
  1095    754
  1096    754
  1097    754
  1098    754
  1099    754
  1100    754
  1101    754
  1102    754
  1103    754
  1104    754
  1105    754
  1106    754
  1107    754
  1108    754
  1109    754
  1110    754
  1111    754
  1112    754
  1113    754
  1114    754
  1115    754
  1116    754
  1117    754
  1118    754
  1119    754
  1120    754
  1121    754
  1122    754
  1123    754
  1124    754
  1125    754
  1126    754
  1127    754
  1132    754
  1133    754
  1134    754
  1135    754
  1136    754
  1137    754
  1138    754
  1139    754
  1140    754
  1141    754
  1142    754
  1143    754
  1144    754
  1145    754
  1146    754
  1153    754
  1154    754
  1155    754
  1156    754
  1157    754
  1158    754
   902    755
   903    755
   904    755
   905    755
   906    755
   907    755
   908    755
   909    755
   910    755
   911    755
  1068    755
  1069    755
  1070    755
  1071    755
  1072    755
  1073    755
  1074    755
  1075    755
  1076    755
  1077    755
  1078    755
  1079    755
  1080    755
  1081    755
  1082    755
  1083    755
  1091    755
  1092    755
  1093    755
  1094    755
  1095    755
  1096    755
  1097    755
  1098    755
  1099    755
  1100    755
  1101    755
  1102    755
  1103    755
  1104    755
  1105    755
  1106    755
  1107    755
  1108    755
  1109    755
  1110    755
  1111    755
  1112    755
  1113    755
  1114    755
  1115    755
  1116    755
  1121    755
  1122    755
  1123    755
  1124    755
  1125    755
  1126    755
  1127    755
  1128    755
  1129    755
  1130    755
  1131    755
  1132    755
  1133    755
  1134    755
  1136    755
  1137    755
  1138    755
  1139    755
  1140    755
  1141    755
  1142    755
  1143    755
  1144    755
  1145    755
  1146    755
  1147    755
  1148    755
  1149    755
   902    756
   903    756
   904    756
   905    756
   906    756
   907    756
   908    756
   909    756
   910    756
   911    756
  1080    756
  1081    756
  1082    756
  1083    756
  1084    756
  1085    756
  1092    756
  1093    756
  1094    756
  1106    756
  1107    756
  1108    756
  1109    756
  1110    756
  1111    756
  1112    756
  1113    756
  1114    756
  1115    756
  1116    756
  1117    756
  1118    756
  1119    756
  1120    756
  1121    756
  1122    756
  1123    756
  1124    756
  1125    756
  1126    756
  1127    756
  1128    756
  1129    756
  1130    756
  1131    756
  1132    756
  1133    756
  1134    756
  1145    756
  1146    756
  1147    756
  1148    756
  1149    756
  1150    756
  1151    756
  1152    756
  1153    756
  1154    756
  1155    756
  1156    756
  1157    756
  1158    756
  1159    756
  1160    756
  1161    756
  1162    756
   902    757
   903    757
   904    757
   905    757
   906    757
   907    757
   908    757
   909    757
   910    757
   911    757
  1099    757
  1100    757
  1101    757
  1102    757
  1103    757
  1104    757
  1105    757
  1106    757
  1107    757
  1108    757
  1109    757
  1110    757
  1111    757
  1112    757
  1113    757
  1114    757
  1115    757
  1116    757
  1117    757
  1132    757
  1133    757
  1134    757
  1135    757
  1136    757
  1137    757
  1138    757
  1139    757
  1140    757
  1141    757
  1142    757
  1143    757
  1144    757
  1145    757
  1146    757
  1147    757
  1148    757
  1149    757
  1150    757
  1151    757
  1152    757
  1153    757
  1154    757
  1155    757
  1156    757
  1157    757
  1158    757
  1159    757
  1160    757
   902    758
   903    758
   904    758
   905    758
   906    758
   907    758
   908    758
   909    758
   910    758
   911    758
   912    758
  1110    758
  1111    758
  1112    758
  1113    758
  1114    758
  1115    758
  1116    758
  1119    758
  1120    758
  1121    758
  1122    758
  1123    758
  1124    758
  1125    758
  1126    758
  1127    758
  1128    758
  1129    758
  1130    758
  1131    758
  1132    758
  1133    758
  1134    758
  1135    758
  1136    758
  1137    758
  1138    758
  1139    758
  1140    758
  1141    758
  1142    758
  1143    758
  1144    758
  1145    758
  1146    758
  1147    758
  1148    758
  1149    758
  1150    758
  1151    758
  1152    758
  1153    758
  1154    758
  1155    758
  1156    758
  1157    758
  1158    758
  1159    758
   901    759
   902    759
   903    759
   904    759
   905    759
   906    759
   907    759
   908    759
   909    759
   910    759
   911    759
  1135    759
  1136    759
  1137    759
  1138    759
  1139    759
  1140    759
  1141    759
  1142    759
  1143    759
  1144    759
  1145    759
  1146    759
  1147    759
  1148    759
  1149    759
  1150    759
  1151    759
  1152    759
  1153    759
  1154    759
  1155    759
  1156    759
  1157    759
  1158    759
   901    760
   902    760
   903    760
   904    760
   905    760
   906    760
   907    760
   908    760
   909    760
   910    760
   911    760
   912    760
   901    761
   902    761
   903    761
   904    761
   905    761
   906    761
   907    761
   908    761
   909    761
   910    761
   911    761
   901    762
   902    762
   903    762
   904    762
   905    762
   906    762
   907    762
   908    762
   909    762
   910    762
   911    762
   912    762
   901    763
   902    763
   903    763
   904    763
   905    763
   906    763
   907    763
   908    763
   909    763
   910    763
   911    763
   901    764
   902    764
   903    764
   904    764
   905    764
   906    764
   907    764
   908    764
   909    764
   910    764
   911    764
   912    764
   901    765
   902    765
   903    765
   904    765
   905    765
   906    765
   907    765
   908    765
   909    765
   910    765
   911    765
   912    765
   900    766
   901    766
   902    766
   903    766
   904    766
   905    766
   906    766
   907    766
   908    766
   909    766
   910    766
   911    766
   912    766
   901    767
   902    767
   903    767
   904    767
   905    767
   906    767
   907    767
   908    767
   909    767
   910    767
   911    767
   912    767
   901    768
   902    768
   903    768
   904    768
   905    768
   906    768
   907    768
   908    768
   909    768
   910    768
   911    768
   912    768
   900    769
   901    769
   902    769
   903    769
   904    769
   905    769
   906    769
   907    769
   908    769
   909    769
   910    769
   911    769
   912    769
   900    770
   901    770
   902    770
   903    770
   904    770
   905    770
   906    770
   907    770
   908    770
   909    770
   910    770
   911    770
   912    770
   900    771
   901    771
   902    771
   903    771
   904    771
   905    771
   906    771
   907    771
   908    771
   909    771
   910    771
   911    771
   912    771
   900    772
   901    772
   902    772
   903    772
   904    772
   905    772
   906    772
   907    772
   908    772
   909    772
   910    772
   911    772
   912    772
   900    773
   901    773
   902    773
   903    773
   904    773
   905    773
   906    773
   907    773
   908    773
   909    773
   910    773
   911    773
   912    773
   900    774
   901    774
   902    774
   903    774
   904    774
   905    774
   906    774
   907    774
   908    774
   909    774
   910    774
   911    774
   912    774
   900    775
   901    775
   902    775
   903    775
   904    775
   905    775
   906    775
   907    775
   908    775
   909    775
   910    775
   911    775
   912    775
   900    776
   901    776
   902    776
   903    776
   904    776
   905    776
   906    776
   907    776
   908    776
   909    776
   910    776
   911    776
   912    776
   900    777
   901    777
   902    777
   903    777
   904    777
   905    777
   906    777
   907    777
   908    777
   909    777
   910    777
   911    777
   912    777
   900    778
   901    778
   902    778
   903    778
   904    778
   905    778
   906    778
   907    778
   908    778
   909    778
   910    778
   911    778
   912    778
   900    779
   901    779
   902    779
   903    779
   904    779
   905    779
   906    779
   907    779
   908    779
   909    779
   910    779
   911    779
   912    779
   900    780
   901    780
   902    780
   903    780
   904    780
   905    780
   906    780
   907    780
   908    780
   909    780
   910    780
   911    780
   899    781
   900    781
   901    781
   902    781
   903    781
   904    781
   905    781
   906    781
   907    781
   908    781
   909    781
   910    781
   911    781
   900    782
   901    782
   902    782
   903    782
   904    782
   905    782
   906    782
   907    782
   908    782
   909    782
   910    782
   911    782
   899    783
   900    783
   901    783
   902    783
   903    783
   904    783
   905    783
   906    783
   907    783
   908    783
   909    783
   910    783
   911    783
   901    784
   902    784
   903    784
   904    784
   905    784
   906    784
   907    784
   908    784
   909    784
   910    784
   911    784
   908    785
