   906    697
   907    697
   908    697
   906    698
   907    698
   908    698
   906    699
   907    699
   906    700
   907    700
   906    701
   907    701
   908    701
   909    701
   906    702
   907    702
   906    703
   907    703
   908    703
   906    704
   907    704
   908    704
   909    704
   906    705
   907    705
   908    705
   909    705
   906    706
   907    706
   908    706
   909    706
   910    706
   906    707
   907    707
   908    707
   906    708
   907    708
   908    708
   909    708
   910    708
   906    709
   907    709
   908    709
   909    709
   910    709
   906    710
   907    710
   905    711
   906    711
   907    711
   908    711
   909    711
   910    711
   905    712
   906    712
   907    712
   908    712
   909    712
   910    712
   905    713
   906    713
   907    713
   908    713
   909    713
   905    714
   906    714
   907    714
   908    714
   909    714
   910    714
   905    715
   906    715
   907    715
   908    715
   909    715
   905    716
   906    716
   907    716
   908    716
   905    717
   906    717
   907    717
   908    717
   909    717
   905    718
   906    718
   907    718
   908    718
   909    718
   910    718
   904    719
   905    719
   906    719
   907    719
   908    719
   909    719
   910    719
   905    720
   906    720
   907    720
   908    720
   909    720
   910    720
   905    721
   906    721
   907    721
   908    721
   909    721
   910    721
   904    722
   905    722
   906    722
   907    722
   908    722
   909    722
   910    722
   904    723
   905    723
   906    723
   907    723
   908    723
   909    723
   910    723
   904    724
   905    724
   906    724
   907    724
   908    724
   909    724
   910    724
   904    725
   905    725
   906    725
   907    725
   908    725
   909    725
   910    725
   904    726
   905    726
   906    726
   907    726
   908    726
   909    726
   910    726
   904    727
   905    727
   906    727
   907    727
   908    727
   909    727
   910    727
   904    728
   905    728
   906    728
   907    728
   908    728
   909    728
   910    728
   904    729
   905    729
   906    729
   907    729
   908    729
   909    729
   910    729
   911    729
   904    730
   905    730
   906    730
   907    730
   908    730
   909    730
   910    730
   911    730
   903    731
   904    731
   905    731
   906    731
   907    731
   908    731
   909    731
   910    731
   911    731
   912    731
   913    731
   902    732
   903    732
   904    732
   905    732
   906    732
   907    732
   908    732
   909    732
   910    732
   911    732
   912    732
   913    732
   914    732
   900    733
   901    733
   902    733
   903    733
   904    733
   905    733
   906    733
   907    733
   908    733
   909    733
   910    733
   911    733
   912    733
   913    733
   914    733
   915    733
   916    733
   917    733
   898    734
   899    734
   901    734
   902    734
   903    734
   904    734
   905    734
   906    734
   907    734
   908    734
   909    734
   910    734
   911    734
   912    734
   913    734
   914    734
   915    734
   917    734
   918    734
   919    734
   900    735
   901    735
   902    735
   903    735
   904    735
   905    735
   906    735
   907    735
   908    735
   909    735
   910    735
   911    735
   913    735
   914    735
   915    735
   916    735
   920    735
   921    735
   922    735
   903    736
   904    736
   905    736
   906    736
   907    736
   908    736
   909    736
   910    736
   917    736
   918    736
   919    736
   920    736
   922    736
   923    736
   924    736
   903    737
   904    737
   905    737
   906    737
   907    737
   908    737
   909    737
   910    737
   911    737
   920    737
   921    737
   922    737
   923    737
   924    737
   925    737
   926    737
   927    737
   935    737
   936    737
   937    737
   938    737
   939    737
   940    737
   903    738
   904    738
   905    738
   906    738
   907    738
   908    738
   909    738
   910    738
   911    738
   917    738
   918    738
   919    738
   920    738
   921    738
   924    738
   925    738
   926    738
   927    738
   929    738
   930    738
   931    738
   932    738
   937    738
   938    738
   939    738
   940    738
   941    738
   942    738
   943    738
   944    738
   945    738
   903    739
   904    739
   905    739
   906    739
   907    739
   908    739
   909    739
   910    739
   916    739
   917    739
   918    739
   922    739
   923    739
   924    739
   925    739
   928    739
   929    739
   930    739
   931    739
   933    739
   934    739
   935    739
   936    739
   937    739
   941    739
   942    739
   943    739
   944    739
   945    739
   947    739
   948    739
   949    739
   950    739
   903    740
   904    740
   905    740
   906    740
   907    740
   908    740
   909    740
   910    740
   911    740
   927    740
   928    740
   929    740
   933    740
   934    740
   935    740
   936    740
   937    740
   938    740
   939    740
   940    740
   941    740
   947    740
   948    740
   949    740
   953    740
   954    740
   955    740
   956    740
   957    740
   902    741
   903    741
   904    741
   905    741
   906    741
   907    741
   908    741
   909    741
   910    741
   927    741
   928    741
   929    741
   930    741
   931    741
   932    741
   933    741
   934    741
   938    741
   939    741
   940    741
   941    741
   942    741
   943    741
   944    741
   945    741
   946    741
   947    741
   952    741
   953    741
   954    741
   955    741
   962    741
   963    741
   903    742
   904    742
   905    742
   906    742
   907    742
   908    742
   909    742
   910    742
   911    742
   931    742
   932    742
   937    742
   938    742
   939    742
   940    742
   944    742
   945    742
   946    742
   951    742
   952    742
   953    742
   960    742
   961    742
   969    742
   970    742
   902    743
   903    743
   904    743
   905    743
   906    743
   907    743
   908    743
   909    743
   910    743
   911    743
   937    743
   938    743
   939    743
   943    743
   944    743
   945    743
   950    743
   951    743
   952    743
   953    743
   957    743
   958    743
   959    743
   967    743
   968    743
   969    743
   970    743
   902    744
   903    744
   904    744
   905    744
   906    744
   907    744
   908    744
   909    744
   910    744
   959    744
   960    744
   963    744
   964    744
   965    744
   966    744
   967    744
   968    744
   903    745
   904    745
   905    745
   906    745
   907    745
   908    745
   909    745
   910    745
   911    745
   962    745
   963    745
   964    745
   965    745
   966    745
   967    745
   968    745
   969    745
   970    745
   971    745
   972    745
   974    745
   975    745
   976    745
   987    745
   988    745
   989    745
   990    745
   991    745
   992    745
   993    745
   994    745
   995    745
   996    745
   902    746
   903    746
   904    746
   905    746
   906    746
   907    746
   908    746
   909    746
   910    746
   911    746
   966    746
   967    746
   974    746
   975    746
   976    746
   981    746
   982    746
   983    746
   984    746
   991    746
   992    746
   993    746
   994    746
   995    746
   996    746
   997    746
   998    746
   999    746
  1000    746
  1001    746
  1002    746
   902    747
   903    747
   904    747
   905    747
   906    747
   907    747
   908    747
   909    747
   910    747
   911    747
   969    747
   970    747
   971    747
   972    747
   973    747
   980    747
   981    747
   982    747
   984    747
   985    747
   986    747
   987    747
   988    747
   989    747
   990    747
   991    747
   998    747
   999    747
  1000    747
  1001    747
  1002    747
  1003    747
  1004    747
  1005    747
  1006    747
  1007    747
  1008    747
  1009    747
  1010    747
   902    748
   903    748
   904    748
   905    748
   906    748
   907    748
   908    748
   909    748
   910    748
   911    748
   969    748
   970    748
   971    748
   972    748
   978    748
   979    748
   987    748
   988    748
   989    748
   990    748
   991    748
   992    748
   993    748
   994    748
   995    748
   996    748
   997    748
   998    748
  1006    748
  1007    748
  1008    748
  1009    748
  1010    748
  1011    748
  1012    748
  1013    748
  1015    748
  1016    748
  1017    748
  1018    748
  1032    748
  1033    748
  1034    748
  1035    748
   902    749
   903    749
   904    749
   905    749
   906    749
   907    749
   908    749
   909    749
   910    749
   911    749
   988    749
   989    749
   990    749
   991    749
   994    749
   995    749
   996    749
   997    749
   998    749
   999    749
  1000    749
  1001    749
  1002    749
  1003    749
  1004    749
  1005    749
  1006    749
  1007    749
  1008    749
  1009    749
  1010    749
  1011    749
  1012    749
  1013    749
  1014    749
  1015    749
  1016    749
  1017    749
  1018    749
  1019    749
  1021    749
  1022    749
  1023    749
  1024    749
  1025    749
  1026    749
  1027    749
  1028    749
  1029    749
  1030    749
   902    750
   903    750
   904    750
   905    750
   906    750
   907    750
   908    750
   909    750
   910    750
   911    750
   996    750
   997    750
   998    750
   999    750
  1000    750
  1001    750
  1002    750
  1003    750
  1004    750
  1005    750
  1006    750
  1007    750
  1008    750
  1009    750
  1010    750
  1011    750
  1012    750
  1013    750
  1014    750
  1015    750
  1016    750
  1017    750
  1018    750
  1019    750
  1020    750
  1021    750
  1022    750
  1024    750
  1025    750
  1026    750
  1027    750
  1028    750
  1029    750
  1030    750
  1031    750
  1032    750
  1033    750
  1034    750
  1035    750
  1036    750
  1039    750
  1040    750
   902    751
   903    751
   904    751
   905    751
   906    751
   907    751
   908    751
   909    751
   910    751
   911    751
  1000    751
  1001    751
  1002    751
  1003    751
  1004    751
  1005    751
  1006    751
  1007    751
  1008    751
  1009    751
  1010    751
  1011    751
  1012    751
  1013    751
  1014    751
  1015    751
  1016    751
  1017    751
  1018    751
  1019    751
  1020    751
  1021    751
  1022    751
  1023    751
  1024    751
  1025    751
  1026    751
  1027    751
  1028    751
  1029    751
  1030    751
  1031    751
  1032    751
  1033    751
  1034    751
  1035    751
  1036    751
  1037    751
  1038    751
  1039    751
  1041    751
  1042    751
  1043    751
  1044    751
   902    752
   903    752
   904    752
   905    752
   906    752
   907    752
   908    752
   909    752
   910    752
   911    752
  1008    752
  1009    752
  1010    752
  1011    752
  1012    752
  1013    752
  1014    752
  1015    752
  1016    752
  1024    752
  1025    752
  1026    752
  1027    752
  1028    752
  1029    752
  1030    752
  1031    752
  1032    752
  1110    752
  1111    752
  1112    752
  1113    752
  1114    752
   902    753
   903    753
   904    753
   905    753
   906    753
   907    753
   908    753
   909    753
   910    753
   911    753
  1008    753
  1009    753
  1010    753
  1011    753
  1053    753
  1054    753
  1055    753
  1056    753
  1057    753
  1058    753
  1059    753
  1060    753
  1061    753
  1081    753
  1082    753
  1083    753
  1084    753
  1085    753
  1086    753
  1087    753
  1088    753
  1106    753
  1107    753
  1108    753
  1109    753
  1110    753
  1111    753
  1112    753
  1113    753
  1114    753
  1115    753
  1116    753
   901    754
   902    754
   903    754
   904    754
   905    754
   906    754
   907    754
   908    754
   909    754
   910    754
   911    754
  1055    754
  1056    754
  1057    754
  1058    754
  1059    754
  1071    754
  1072    754
  1073    754
  1074    754
  1075    754
  1076    754
  1077    754
  1078    754
  1079    754
  1080    754
  1081    754
  1082    754
  1086    754
  1087    754
  1088    754
  1089    754
  1090    754
  1091    754
  1092    754
  1093    754
  1094    754
  1095    754
  1096    754
  1097    754
  1098    754
  1099    754
  1100    754
  1101    754
  1102    754
  1103    754
  1104    754
  1136    754
  1137    754
  1138    754
  1152    754
  1153    754
  1154    754
  1155    754
   901    755
   902    755
   903    755
   904    755
   905    755
   906    755
   907    755
   908    755
   909    755
   910    755
   911    755
  1054    755
  1055    755
  1056    755
  1057    755
  1058    755
  1059    755
  1060    755
  1061    755
  1062    755
  1063    755
  1064    755
  1065    755
  1071    755
  1072    755
  1073    755
  1074    755
  1075    755
  1076    755
  1077    755
  1078    755
  1079    755
  1080    755
  1081    755
  1082    755
  1083    755
  1084    755
  1085    755
  1086    755
  1087    755
  1088    755
  1089    755
  1090    755
  1091    755
  1101    755
  1102    755
  1103    755
  1104    755
  1105    755
  1106    755
  1107    755
  1108    755
  1109    755
  1110    755
  1111    755
  1112    755
  1113    755
  1114    755
  1115    755
  1116    755
  1117    755
  1118    755
  1119    755
  1136    755
  1137    755
  1138    755
  1139    755
  1140    755
  1141    755
  1142    755
  1143    755
  1144    755
  1145    755
  1151    755
  1152    755
  1153    755
  1154    755
  1155    755
  1156    755
  1157    755
  1158    755
   901    756
   902    756
   903    756
   904    756
   905    756
   906    756
   907    756
   908    756
   909    756
   910    756
   911    756
  1054    756
  1055    756
  1061    756
  1062    756
  1063    756
  1073    756
  1074    756
  1075    756
  1076    756
  1077    756
  1078    756
  1079    756
  1083    756
  1084    756
  1085    756
  1086    756
  1087    756
  1088    756
  1089    756
  1090    756
  1091    756
  1092    756
  1093    756
  1094    756
  1095    756
  1096    756
  1097    756
  1098    756
  1099    756
  1100    756
  1101    756
  1102    756
  1103    756
  1104    756
  1105    756
  1106    756
  1107    756
  1108    756
  1109    756
  1113    756
  1114    756
  1115    756
  1116    756
  1117    756
  1118    756
  1119    756
  1120    756
  1130    756
  1131    756
  1132    756
  1133    756
  1134    756
  1135    756
  1136    756
  1137    756
  1138    756
  1139    756
  1140    756
  1141    756
  1142    756
  1143    756
  1144    756
  1145    756
  1146    756
  1147    756
  1148    756
  1149    756
   901    757
   902    757
   903    757
   904    757
   905    757
   906    757
   907    757
   908    757
   909    757
   910    757
   911    757
  1056    757
  1057    757
  1058    757
  1073    757
  1074    757
  1075    757
  1076    757
  1077    757
  1078    757
  1079    757
  1080    757
  1081    757
  1082    757
  1083    757
  1084    757
  1085    757
  1086    757
  1087    757
  1088    757
  1089    757
  1090    757
  1091    757
  1092    757
  1093    757
  1094    757
  1099    757
  1100    757
  1101    757
  1102    757
  1103    757
  1104    757
  1105    757
  1106    757
  1107    757
  1108    757
  1109    757
  1110    757
  1111    757
  1112    757
  1113    757
  1114    757
  1115    757
  1116    757
  1117    757
  1118    757
  1119    757
  1128    757
  1129    757
  1130    757
  1131    757
  1132    757
  1133    757
  1134    757
  1135    757
  1136    757
  1137    757
  1138    757
  1139    757
  1140    757
  1145    757
  1146    757
  1147    757
  1148    757
  1149    757
  1150    757
  1151    757
  1152    757
  1153    757
  1154    757
  1155    757
  1156    757
   902    758
   903    758
   904    758
   905    758
   906    758
   907    758
   908    758
   909    758
   910    758
   911    758
  1089    758
  1090    758
  1091    758
  1092    758
  1093    758
  1094    758
  1096    758
  1097    758
  1098    758
  1099    758
  1100    758
  1103    758
  1104    758
  1105    758
  1106    758
  1107    758
  1108    758
  1109    758
  1110    758
  1111    758
  1112    758
  1113    758
  1114    758
  1115    758
  1116    758
  1117    758
  1118    758
  1121    758
  1122    758
  1123    758
  1124    758
  1125    758
  1126    758
  1127    758
  1128    758
  1129    758
  1130    758
  1131    758
  1132    758
  1133    758
  1134    758
  1135    758
  1136    758
  1137    758
  1151    758
  1152    758
  1153    758
  1154    758
  1155    758
  1156    758
  1157    758
  1158    758
  1159    758
   901    759
   902    759
   903    759
   904    759
   905    759
   906    759
   907    759
   908    759
   909    759
   910    759
   911    759
  1106    759
  1107    759
  1108    759
  1109    759
  1110    759
  1111    759
  1112    759
  1113    759
  1114    759
  1115    759
  1120    759
  1121    759
  1122    759
  1123    759
  1124    759
  1125    759
  1126    759
  1127    759
  1128    759
  1129    759
  1130    759
  1132    759
  1133    759
  1134    759
  1135    759
  1136    759
  1137    759
  1138    759
  1139    759
  1140    759
  1141    759
  1142    759
  1143    759
  1144    759
  1145    759
  1146    759
  1147    759
  1148    759
  1149    759
  1150    759
  1151    759
  1152    759
  1153    759
  1154    759
  1155    759
  1156    759
  1157    759
  1158    759
  1159    759
   901    760
   902    760
   903    760
   904    760
   905    760
   906    760
   907    760
   908    760
   909    760
   910    760
   911    760
  1110    760
  1111    760
  1112    760
  1113    760
  1114    760
  1128    760
  1129    760
  1130    760
  1131    760
  1132    760
  1133    760
  1134    760
  1135    760
  1136    760
  1137    760
  1138    760
  1139    760
  1140    760
  1141    760
  1142    760
  1143    760
  1144    760
  1145    760
  1146    760
  1147    760
  1148    760
  1149    760
  1150    760
  1151    760
  1152    760
  1153    760
  1154    760
  1155    760
  1156    760
  1157    760
  1158    760
  1159    760
  1160    760
  1161    760
   901    761
   902    761
   903    761
   904    761
   905    761
   906    761
   907    761
   908    761
   909    761
   910    761
   911    761
  1146    761
  1147    761
  1148    761
  1149    761
  1150    761
  1151    761
  1152    761
  1153    761
   901    762
   902    762
   903    762
   904    762
   905    762
   906    762
   907    762
   908    762
   909    762
   910    762
   911    762
  1133    762
  1139    762
  1140    762
  1141    762
  1142    762
   901    763
   902    763
   903    763
   904    763
   905    763
   906    763
   907    763
   908    763
   909    763
   910    763
   911    763
   901    764
   902    764
   903    764
   904    764
   905    764
   906    764
   907    764
   908    764
   909    764
   910    764
   911    764
   901    765
   902    765
   903    765
   904    765
   905    765
   906    765
   907    765
   908    765
   909    765
   910    765
   900    766
   901    766
   902    766
   903    766
   904    766
   905    766
   906    766
   907    766
   908    766
   909    766
   910    766
   911    766
   900    767
   901    767
   902    767
   903    767
   904    767
   905    767
   906    767
   907    767
   908    767
   909    767
   910    767
   911    767
   901    768
   902    768
   903    768
   904    768
   905    768
   906    768
   907    768
   908    768
   909    768
   910    768
   911    768
   912    768
   900    769
   901    769
   902    769
   903    769
   904    769
   905    769
   906    769
   907    769
   908    769
   909    769
   910    769
   911    769
   912    769
   900    770
   901    770
   902    770
   903    770
   904    770
   905    770
   906    770
   907    770
   908    770
   909    770
   910    770
   911    770
   912    770
   900    771
   901    771
   902    771
   903    771
   904    771
   905    771
   906    771
   907    771
   908    771
   909    771
   910    771
   911    771
   912    771
   900    772
   901    772
   902    772
   903    772
   904    772
   905    772
   906    772
   907    772
   908    772
   909    772
   910    772
   911    772
   912    772
   900    773
   901    773
   902    773
   903    773
   904    773
   905    773
   906    773
   907    773
   908    773
   909    773
   910    773
   911    773
   912    773
   900    774
   901    774
   902    774
   903    774
   904    774
   905    774
   906    774
   907    774
   908    774
   909    774
   910    774
   911    774
   912    774
   900    775
   901    775
   902    775
   903    775
   904    775
   905    775
   906    775
   907    775
   908    775
   909    775
   910    775
   911    775
   912    775
   899    776
   900    776
   901    776
   902    776
   903    776
   904    776
   905    776
   906    776
   907    776
   908    776
   909    776
   910    776
   911    776
   912    776
   899    777
   900    777
   901    777
   902    777
   903    777
   904    777
   905    777
   906    777
   907    777
   908    777
   909    777
   910    777
   911    777
   912    777
   899    778
   900    778
   901    778
   902    778
   903    778
   904    778
   905    778
   906    778
   907    778
   908    778
   909    778
   910    778
   911    778
   899    779
   900    779
   901    779
   902    779
   903    779
   904    779
   905    779
   906    779
   907    779
   908    779
   909    779
   910    779
   911    779
   900    780
   901    780
   902    780
   903    780
   904    780
   905    780
   906    780
   907    780
   908    780
   909    780
   910    780
   911    780
   899    781
   900    781
   901    781
   902    781
   903    781
   904    781
   905    781
   906    781
   907    781
   908    781
   909    781
   910    781
   911    781
   900    782
   901    782
   902    782
   903    782
   904    782
   905    782
   906    782
   907    782
   908    782
   909    782
   910    782
   903    783
   904    783
   905    783
   906    783
   907    783
