   905    704
   906    704
   907    704
   905    705
   906    705
   907    705
   908    705
   909    705
   906    706
   907    706
   909    706
   905    707
   906    707
   907    707
   905    708
   906    708
   907    708
   908    708
   909    708
   910    708
   906    709
   907    709
   906    710
   907    710
   905    711
   906    711
   907    711
   909    711
   905    712
   906    712
   907    712
   908    712
   909    712
   910    712
   905    713
   906    713
   907    713
   908    713
   909    713
   905    714
   906    714
   907    714
   908    714
   909    714
   905    715
   906    715
   907    715
   908    715
   909    715
   910    715
   905    716
   906    716
   907    716
   908    716
   909    716
   910    716
   905    717
   906    717
   907    717
   908    717
   909    717
   910    717
   905    718
   906    718
   907    718
   908    718
   909    718
   910    718
   904    719
   905    719
   906    719
   907    719
   908    719
   909    719
   904    720
   905    720
   906    720
   907    720
   908    720
   909    720
   910    720
   904    721
   905    721
   906    721
   907    721
   908    721
   909    721
   910    721
   904    722
   905    722
   906    722
   907    722
   908    722
   909    722
   904    723
   905    723
   906    723
   907    723
   908    723
   909    723
   904    724
   905    724
   906    724
   907    724
   908    724
   909    724
   904    725
   905    725
   906    725
   907    725
   908    725
   909    725
   910    725
   904    726
   905    726
   906    726
   907    726
   908    726
   909    726
   910    726
   903    727
   904    727
   905    727
   906    727
   907    727
   908    727
   909    727
   910    727
   904    728
   905    728
   906    728
   907    728
   908    728
   909    728
   910    728
   904    729
   905    729
   906    729
   907    729
   908    729
   909    729
   910    729
   904    730
   905    730
   906    730
   907    730
   908    730
   909    730
   910    730
   911    730
   904    731
   905    731
   906    731
   907    731
   908    731
   909    731
   910    731
   911    731
   904    732
   905    732
   906    732
   907    732
   908    732
   909    732
   910    732
   911    732
   912    732
   903    733
   904    733
   905    733
   906    733
   907    733
   908    733
   909    733
   910    733
   911    733
   912    733
   913    733
   901    734
   902    734
   903    734
   904    734
   905    734
   906    734
   907    734
   908    734
   909    734
   910    734
   911    734
   912    734
   913    734
   914    734
   915    734
   899    735
   900    735
   901    735
   902    735
   903    735
   904    735
   905    735
   906    735
   907    735
   908    735
   909    735
   910    735
   911    735
   912    735
   913    735
   915    735
   916    735
   917    735
   897    736
   898    736
   900    736
   901    736
   902    736
   903    736
   904    736
   905    736
   906    736
   907    736
   908    736
   909    736
   910    736
   911    736
   912    736
   913    736
   917    736
   918    736
   919    736
   894    737
   895    737
   900    737
   901    737
   902    737
   903    737
   904    737
   905    737
   906    737
   907    737
   908    737
   909    737
   910    737
   911    737
   913    737
   914    737
   915    737
   916    737
   917    737
   918    737
   919    737
   920    737
   921    737
   922    737
   897    738
   898    738
   903    738
   904    738
   905    738
   906    738
   907    738
   908    738
   909    738
   910    738
   911    738
   916    738
   917    738
   918    738
   919    738
   920    738
   921    738
   922    738
   923    738
   924    738
   925    738
   894    739
   903    739
   904    739
   905    739
   906    739
   907    739
   908    739
   909    739
   910    739
   920    739
   921    739
   922    739
   923    739
   926    739
   927    739
   928    739
   935    739
   936    739
   937    739
   938    739
   939    739
   882    740
   883    740
   903    740
   904    740
   905    740
   906    740
   907    740
   908    740
   909    740
   910    740
   917    740
   918    740
   919    740
   920    740
   923    740
   924    740
   925    740
   926    740
   927    740
   928    740
   929    740
   930    740
   931    740
   932    740
   937    740
   938    740
   939    740
   940    740
   941    740
   942    740
   943    740
   944    740
   945    740
   949    740
   950    740
   951    740
   902    741
   903    741
   904    741
   905    741
   906    741
   907    741
   908    741
   909    741
   910    741
   921    741
   922    741
   923    741
   924    741
   927    741
   928    741
   929    741
   930    741
   931    741
   932    741
   933    741
   934    741
   935    741
   940    741
   941    741
   942    741
   943    741
   944    741
   945    741
   946    741
   947    741
   948    741
   949    741
   902    742
   903    742
   904    742
   905    742
   906    742
   907    742
   908    742
   909    742
   910    742
   920    742
   921    742
   922    742
   923    742
   924    742
   925    742
   926    742
   927    742
   928    742
   929    742
   932    742
   933    742
   934    742
   935    742
   936    742
   937    742
   938    742
   939    742
   940    742
   941    742
   945    742
   946    742
   947    742
   948    742
   949    742
   950    742
   951    742
   952    742
   953    742
   954    742
   955    742
   902    743
   903    743
   904    743
   905    743
   906    743
   907    743
   908    743
   909    743
   910    743
   911    743
   925    743
   926    743
   927    743
   931    743
   932    743
   933    743
   938    743
   939    743
   940    743
   941    743
   942    743
   943    743
   944    743
   945    743
   946    743
   947    743
   952    743
   953    743
   954    743
   955    743
   956    743
   957    743
   958    743
   959    743
   960    743
   961    743
   962    743
   902    744
   903    744
   904    744
   905    744
   906    744
   907    744
   908    744
   909    744
   910    744
   911    744
   930    744
   936    744
   937    744
   938    744
   943    744
   944    744
   945    744
   946    744
   947    744
   948    744
   949    744
   950    744
   951    744
   952    744
   953    744
   958    744
   959    744
   960    744
   961    744
   965    744
   966    744
   967    744
   968    744
   902    745
   903    745
   904    745
   905    745
   906    745
   907    745
   908    745
   909    745
   910    745
   911    745
   942    745
   943    745
   944    745
   948    745
   949    745
   950    745
   954    745
   955    745
   956    745
   957    745
   958    745
   965    745
   966    745
   967    745
   968    745
   969    745
   970    745
   971    745
   972    745
   973    745
   902    746
   903    746
   904    746
   905    746
   906    746
   907    746
   908    746
   909    746
   910    746
   960    746
   961    746
   962    746
   963    746
   964    746
   902    747
   903    747
   904    747
   905    747
   906    747
   907    747
   908    747
   909    747
   910    747
   911    747
   961    747
   962    747
   963    747
   964    747
   965    747
   966    747
   967    747
   968    747
   969    747
   970    747
   971    747
   972    747
   973    747
   902    748
   903    748
   904    748
   905    748
   906    748
   907    748
   908    748
   909    748
   910    748
   911    748
   968    748
   969    748
   970    748
   971    748
   972    748
   973    748
   974    748
   975    748
   988    748
   989    748
   990    748
   991    748
   992    748
   996    748
   997    748
   998    748
   999    748
   902    749
   903    749
   904    749
   905    749
   906    749
   907    749
   908    749
   909    749
   910    749
   911    749
   962    749
   966    749
   967    749
   968    749
   969    749
   970    749
   971    749
   976    749
   977    749
   978    749
   979    749
   985    749
   986    749
   987    749
   994    749
   995    749
   996    749
   997    749
   998    749
   999    749
  1003    749
  1004    749
  1005    749
   902    750
   903    750
   904    750
   905    750
   906    750
   907    750
   908    750
   909    750
   910    750
   911    750
   967    750
   968    750
   969    750
   970    750
   971    750
   972    750
   973    750
   974    750
   975    750
   976    750
   984    750
   985    750
   986    750
   989    750
   990    750
   991    750
   992    750
   993    750
   994    750
   995    750
  1001    750
  1002    750
  1003    750
  1004    750
  1005    750
  1006    750
  1007    750
  1009    750
  1010    750
  1011    750
  1012    750
  1013    750
   902    751
   903    751
   904    751
   905    751
   906    751
   907    751
   908    751
   909    751
   910    751
   971    751
   972    751
   973    751
   982    751
   983    751
   992    751
   993    751
   994    751
   995    751
   996    751
   997    751
   998    751
   999    751
  1000    751
  1001    751
  1002    751
  1003    751
  1010    751
  1011    751
  1012    751
  1013    751
  1014    751
  1018    751
  1019    751
  1020    751
  1021    751
   902    752
   903    752
   904    752
   905    752
   906    752
   907    752
   908    752
   909    752
   910    752
   911    752
   991    752
   992    752
   993    752
  1001    752
  1002    752
  1003    752
  1004    752
  1005    752
  1006    752
  1007    752
  1008    752
  1009    752
  1010    752
  1011    752
  1012    752
  1013    752
  1014    752
  1022    752
  1023    752
  1024    752
  1025    752
  1026    752
  1027    752
  1028    752
  1029    752
  1030    752
  1031    752
  1032    752
  1033    752
  1034    752
  1048    752
  1049    752
   902    753
   903    753
   904    753
   905    753
   906    753
   907    753
   908    753
   909    753
   910    753
  1000    753
  1001    753
  1002    753
  1003    753
  1004    753
  1005    753
  1006    753
  1007    753
  1010    753
  1011    753
  1012    753
  1013    753
  1014    753
  1015    753
  1016    753
  1017    753
  1018    753
  1019    753
  1020    753
  1021    753
  1022    753
  1023    753
  1024    753
  1025    753
  1026    753
  1027    753
  1029    753
  1030    753
  1031    753
  1032    753
  1033    753
  1034    753
  1035    753
  1036    753
  1037    753
  1044    753
  1045    753
  1046    753
  1047    753
  1048    753
  1049    753
  1050    753
  1051    753
  1052    753
   901    754
   902    754
   903    754
   904    754
   905    754
   906    754
   907    754
   908    754
   909    754
   910    754
   911    754
  1000    754
  1001    754
  1002    754
  1003    754
  1004    754
  1005    754
  1006    754
  1007    754
  1008    754
  1009    754
  1010    754
  1011    754
  1012    754
  1019    754
  1020    754
  1021    754
  1022    754
  1023    754
  1024    754
  1025    754
  1026    754
  1027    754
  1028    754
  1029    754
  1030    754
  1031    754
  1032    754
  1033    754
  1034    754
  1035    754
  1036    754
  1044    754
  1045    754
  1046    754
  1047    754
  1048    754
  1049    754
  1050    754
  1051    754
  1052    754
  1053    754
  1054    754
   901    755
   902    755
   903    755
   904    755
   905    755
   906    755
   907    755
   908    755
   909    755
   910    755
   911    755
  1007    755
  1008    755
  1009    755
  1010    755
  1011    755
  1012    755
  1013    755
  1014    755
  1019    755
  1020    755
  1021    755
  1022    755
  1023    755
  1024    755
  1029    755
  1030    755
  1031    755
  1032    755
  1033    755
  1044    755
  1045    755
  1046    755
  1090    755
  1091    755
  1092    755
  1095    755
  1098    755
  1103    755
  1104    755
  1105    755
  1106    755
   901    756
   902    756
   903    756
   904    756
   905    756
   906    756
   907    756
   908    756
   909    756
   910    756
  1022    756
  1023    756
  1024    756
  1025    756
  1026    756
  1027    756
  1028    756
  1029    756
  1030    756
  1043    756
  1044    756
  1045    756
  1046    756
  1047    756
  1048    756
  1049    756
  1089    756
  1090    756
  1106    756
  1107    756
  1108    756
  1109    756
  1110    756
  1111    756
  1112    756
  1113    756
  1114    756
  1115    756
  1116    756
  1117    756
  1118    756
   901    757
   902    757
   903    757
   904    757
   905    757
   906    757
   907    757
   908    757
   909    757
   910    757
   911    757
  1026    757
  1027    757
  1028    757
  1029    757
  1065    757
  1066    757
  1067    757
  1068    757
  1069    757
  1070    757
  1071    757
  1073    757
  1074    757
  1075    757
  1085    757
  1086    757
  1087    757
  1088    757
  1089    757
  1090    757
  1091    757
  1092    757
  1093    757
  1094    757
  1095    757
  1096    757
  1097    757
  1098    757
  1099    757
  1100    757
  1101    757
  1102    757
  1103    757
  1104    757
  1105    757
  1106    757
  1107    757
   901    758
   902    758
   903    758
   904    758
   905    758
   906    758
   907    758
   908    758
   909    758
   910    758
   911    758
  1021    758
  1022    758
  1023    758
  1060    758
  1061    758
  1062    758
  1063    758
  1064    758
  1065    758
  1066    758
  1067    758
  1068    758
  1069    758
  1070    758
  1071    758
  1072    758
  1073    758
  1074    758
  1075    758
  1076    758
  1077    758
  1078    758
  1079    758
  1085    758
  1086    758
  1087    758
  1088    758
  1100    758
  1101    758
  1102    758
  1103    758
  1104    758
  1105    758
  1106    758
  1107    758
  1108    758
  1109    758
  1110    758
  1111    758
  1112    758
  1113    758
  1114    758
  1115    758
  1116    758
  1117    758
  1118    758
  1140    758
  1141    758
  1142    758
  1143    758
  1144    758
  1152    758
  1153    758
  1154    758
  1155    758
   901    759
   902    759
   903    759
   904    759
   905    759
   906    759
   907    759
   908    759
   909    759
   910    759
   911    759
  1063    759
  1064    759
  1065    759
  1066    759
  1071    759
  1072    759
  1073    759
  1074    759
  1075    759
  1076    759
  1077    759
  1085    759
  1086    759
  1087    759
  1088    759
  1089    759
  1090    759
  1091    759
  1092    759
  1093    759
  1094    759
  1095    759
  1096    759
  1097    759
  1098    759
  1099    759
  1100    759
  1111    759
  1112    759
  1113    759
  1114    759
  1115    759
  1116    759
  1117    759
  1118    759
  1119    759
  1124    759
  1125    759
  1126    759
  1128    759
  1129    759
  1130    759
  1131    759
  1132    759
  1133    759
  1134    759
  1149    759
  1150    759
  1151    759
  1152    759
  1153    759
  1171    759
  1172    759
  1173    759
  1174    759
  1175    759
   901    760
   902    760
   903    760
   904    760
   905    760
   906    760
   907    760
   908    760
   909    760
   910    760
   911    760
  1073    760
  1074    760
  1075    760
  1086    760
  1087    760
  1088    760
  1089    760
  1090    760
  1091    760
  1092    760
  1093    760
  1094    760
  1095    760
  1096    760
  1097    760
  1098    760
  1099    760
  1100    760
  1101    760
  1102    760
  1103    760
  1104    760
  1105    760
  1106    760
  1107    760
  1108    760
  1109    760
  1110    760
  1111    760
  1112    760
  1113    760
  1114    760
  1115    760
  1128    760
  1129    760
  1130    760
  1131    760
  1132    760
  1133    760
  1134    760
  1135    760
  1136    760
  1137    760
  1138    760
  1139    760
  1140    760
  1141    760
  1142    760
  1143    760
  1144    760
  1145    760
  1146    760
  1147    760
  1148    760
  1149    760
  1150    760
  1151    760
  1152    760
  1153    760
  1154    760
  1155    760
  1156    760
  1157    760
  1158    760
  1159    760
   901    761
   902    761
   903    761
   904    761
   905    761
   906    761
   907    761
   908    761
   909    761
   910    761
   911    761
  1087    761
  1088    761
  1089    761
  1090    761
  1091    761
  1092    761
  1093    761
  1094    761
  1095    761
  1096    761
  1097    761
  1098    761
  1099    761
  1100    761
  1101    761
  1102    761
  1103    761
  1104    761
  1105    761
  1106    761
  1107    761
  1108    761
  1109    761
  1110    761
  1111    761
  1112    761
  1113    761
  1114    761
  1115    761
  1116    761
  1117    761
  1118    761
  1119    761
  1120    761
  1121    761
  1122    761
  1123    761
  1124    761
  1125    761
  1126    761
  1127    761
  1128    761
  1129    761
  1135    761
  1136    761
  1137    761
  1138    761
  1139    761
  1140    761
  1141    761
  1142    761
  1143    761
  1144    761
  1145    761
  1146    761
  1147    761
  1148    761
  1156    761
  1157    761
  1158    761
  1159    761
  1160    761
  1161    761
  1162    761
  1163    761
  1164    761
  1165    761
  1166    761
  1167    761
  1168    761
  1169    761
  1170    761
  1171    761
  1172    761
  1173    761
  1176    761
  1177    761
  1178    761
   901    762
   902    762
   903    762
   904    762
   905    762
   906    762
   907    762
   908    762
   909    762
   910    762
   911    762
  1097    762
  1098    762
  1099    762
  1100    762
  1101    762
  1102    762
  1103    762
  1104    762
  1105    762
  1106    762
  1107    762
  1108    762
  1109    762
  1110    762
  1111    762
  1112    762
  1113    762
  1114    762
  1115    762
  1116    762
  1117    762
  1118    762
  1119    762
  1120    762
  1121    762
  1122    762
  1123    762
  1124    762
  1132    762
  1133    762
  1134    762
  1135    762
  1136    762
  1137    762
  1138    762
  1139    762
  1140    762
  1141    762
  1142    762
  1143    762
  1144    762
  1145    762
  1146    762
  1147    762
  1148    762
  1149    762
  1150    762
  1167    762
  1168    762
  1169    762
  1170    762
  1171    762
  1172    762
  1173    762
  1174    762
  1175    762
  1176    762
  1177    762
  1178    762
  1179    762
  1180    762
  1181    762
  1182    762
  1183    762
  1190    762
  1191    762
  1192    762
  1193    762
   901    763
   902    763
   903    763
   904    763
   905    763
   906    763
   907    763
   908    763
   909    763
   910    763
   911    763
  1118    763
  1119    763
  1120    763
  1121    763
  1125    763
  1126    763
  1127    763
  1128    763
  1129    763
  1130    763
  1131    763
  1132    763
  1133    763
  1134    763
  1135    763
  1136    763
  1137    763
  1138    763
  1139    763
  1140    763
  1141    763
  1146    763
  1147    763
  1148    763
  1149    763
  1150    763
  1151    763
  1152    763
  1158    763
  1159    763
  1160    763
  1161    763
  1162    763
  1163    763
  1164    763
  1165    763
  1166    763
  1167    763
  1168    763
  1169    763
  1170    763
  1193    763
   901    764
   902    764
   903    764
   904    764
   905    764
   906    764
   907    764
   908    764
   909    764
   910    764
   911    764
  1133    764
  1134    764
  1135    764
  1136    764
  1137    764
  1138    764
  1157    764
  1158    764
  1159    764
  1160    764
  1161    764
  1162    764
  1163    764
  1164    764
  1165    764
  1166    764
  1167    764
  1168    764
  1169    764
  1170    764
  1171    764
  1172    764
  1173    764
  1174    764
  1175    764
  1176    764
  1177    764
  1190    764
  1191    764
  1192    764
  1193    764
   901    765
   902    765
   903    765
   904    765
   905    765
   906    765
   907    765
   908    765
   909    765
   910    765
   911    765
  1134    765
  1135    765
  1136    765
  1159    765
  1160    765
  1161    765
  1162    765
  1163    765
  1164    765
  1165    765
  1166    765
  1167    765
  1168    765
  1169    765
  1170    765
  1171    765
  1172    765
  1173    765
  1174    765
   900    766
   901    766
   902    766
   903    766
   904    766
   905    766
   906    766
   907    766
   908    766
   909    766
   910    766
   911    766
   900    767
   901    767
   902    767
   903    767
   904    767
   905    767
   906    767
   907    767
   908    767
   909    767
   910    767
   911    767
   912    767
   900    768
   901    768
   902    768
   903    768
   904    768
   905    768
   906    768
   907    768
   908    768
   909    768
   910    768
   911    768
   900    769
   901    769
   902    769
   903    769
   904    769
   905    769
   906    769
   907    769
   908    769
   909    769
   910    769
   911    769
   912    769
   900    770
   901    770
   902    770
   903    770
   904    770
   905    770
   906    770
   907    770
   908    770
   909    770
   910    770
   911    770
   900    771
   901    771
   902    771
   903    771
   904    771
   905    771
   906    771
   907    771
   908    771
   909    771
   910    771
   911    771
   900    772
   901    772
   902    772
   903    772
   904    772
   905    772
   906    772
   907    772
   908    772
   909    772
   910    772
   911    772
   900    773
   901    773
   902    773
   903    773
   904    773
   905    773
   906    773
   907    773
   908    773
   909    773
   910    773
   911    773
   899    774
   900    774
   901    774
   902    774
   903    774
   904    774
   905    774
   906    774
   907    774
   908    774
   909    774
   910    774
   911    774
   899    775
   900    775
   901    775
   902    775
   903    775
   904    775
   905    775
   906    775
   907    775
   908    775
   909    775
   910    775
   911    775
   899    776
   900    776
   901    776
   902    776
   903    776
   904    776
   905    776
   906    776
   907    776
   908    776
   909    776
   910    776
   911    776
   899    777
   900    777
   901    777
   902    777
   903    777
   904    777
   905    777
   906    777
   907    777
   908    777
   909    777
   910    777
   911    777
   899    778
   900    778
   901    778
   902    778
   903    778
   904    778
   905    778
   906    778
   907    778
   908    778
   909    778
   910    778
   899    779
   900    779
   901    779
   902    779
   903    779
   904    779
   905    779
   906    779
   907    779
   908    779
   909    779
   910    779
   901    780
   902    780
   903    780
   904    780
   905    780
   906    780
   907    780
   908    780
   909    780
   903    781
   904    781
   905    781
   906    781
   907    781
   908    781
   909    781
