   905    706
   906    706
   907    706
   905    707
   906    707
   905    708
   906    708
   907    708
   905    709
   906    709
   907    709
   905    710
   906    710
   907    710
   905    711
   906    711
   907    711
   908    711
   909    711
   905    712
   906    712
   907    712
   908    712
   909    712
   905    713
   906    713
   907    713
   908    713
   909    713
   905    714
   906    714
   907    714
   908    714
   909    714
   905    715
   906    715
   907    715
   908    715
   909    715
   904    716
   905    716
   906    716
   907    716
   908    716
   909    716
   904    717
   905    717
   906    717
   907    717
   908    717
   909    717
   904    718
   905    718
   906    718
   907    718
   908    718
   909    718
   904    719
   905    719
   906    719
   907    719
   908    719
   909    719
   904    720
   905    720
   906    720
   907    720
   908    720
   909    720
   904    721
   905    721
   906    721
   907    721
   908    721
   909    721
   904    722
   905    722
   906    722
   907    722
   908    722
   909    722
   904    723
   905    723
   906    723
   907    723
   908    723
   909    723
   903    724
   904    724
   905    724
   906    724
   907    724
   908    724
   909    724
   903    725
   904    725
   905    725
   906    725
   907    725
   908    725
   904    726
   905    726
   906    726
   907    726
   908    726
   903    727
   904    727
   905    727
   906    727
   907    727
   908    727
   903    728
   904    728
   905    728
   906    728
   907    728
   903    729
   904    729
   905    729
   906    729
   907    729
   908    729
   909    729
   910    729
   903    730
   904    730
   905    730
   906    730
   907    730
   908    730
   909    730
   903    731
   904    731
   905    731
   906    731
   907    731
   908    731
   909    731
   903    732
   904    732
   905    732
   906    732
   907    732
   908    732
   909    732
   910    732
   903    733
   904    733
   905    733
   906    733
   907    733
   908    733
   909    733
   910    733
   903    734
   904    734
   905    734
   906    734
   907    734
   908    734
   909    734
   910    734
   903    735
   904    735
   905    735
   906    735
   907    735
   908    735
   909    735
   910    735
   911    735
   902    736
   903    736
   904    736
   905    736
   906    736
   907    736
   908    736
   909    736
   910    736
   911    736
   912    736
   901    737
   902    737
   903    737
   904    737
   905    737
   906    737
   907    737
   908    737
   909    737
   910    737
   911    737
   912    737
   913    737
   914    737
   899    738
   900    738
   901    738
   902    738
   903    738
   904    738
   905    738
   906    738
   907    738
   908    738
   909    738
   910    738
   911    738
   912    738
   913    738
   914    738
   915    738
   916    738
   897    739
   898    739
   899    739
   900    739
   901    739
   902    739
   903    739
   904    739
   905    739
   906    739
   907    739
   908    739
   909    739
   910    739
   911    739
   912    739
   913    739
   914    739
   915    739
   916    739
   917    739
   918    739
   899    740
   900    740
   901    740
   902    740
   903    740
   904    740
   905    740
   906    740
   907    740
   908    740
   909    740
   910    740
   911    740
   912    740
   913    740
   914    740
   915    740
   916    740
   917    740
   918    740
   919    740
   920    740
   898    741
   899    741
   902    741
   903    741
   904    741
   905    741
   906    741
   907    741
   908    741
   909    741
   910    741
   914    741
   915    741
   916    741
   917    741
   918    741
   919    741
   920    741
   921    741
   922    741
   923    741
   902    742
   903    742
   904    742
   905    742
   906    742
   907    742
   908    742
   909    742
   910    742
   917    742
   918    742
   919    742
   920    742
   921    742
   922    742
   923    742
   924    742
   925    742
   926    742
   902    743
   903    743
   904    743
   905    743
   906    743
   907    743
   908    743
   909    743
   910    743
   920    743
   921    743
   922    743
   923    743
   924    743
   925    743
   926    743
   927    743
   928    743
   936    743
   937    743
   938    743
   939    743
   940    743
   941    743
   902    744
   903    744
   904    744
   905    744
   906    744
   907    744
   908    744
   909    744
   910    744
   917    744
   918    744
   919    744
   920    744
   923    744
   924    744
   925    744
   926    744
   927    744
   928    744
   929    744
   930    744
   931    744
   932    744
   938    744
   939    744
   940    744
   941    744
   942    744
   943    744
   944    744
   945    744
   946    744
   901    745
   902    745
   903    745
   904    745
   905    745
   906    745
   907    745
   908    745
   909    745
   910    745
   920    745
   921    745
   922    745
   923    745
   924    745
   926    745
   927    745
   928    745
   929    745
   930    745
   931    745
   932    745
   933    745
   934    745
   935    745
   936    745
   941    745
   942    745
   943    745
   944    745
   945    745
   946    745
   947    745
   948    745
   949    745
   950    745
   951    745
   957    745
   958    745
   959    745
   901    746
   902    746
   903    746
   904    746
   905    746
   906    746
   907    746
   908    746
   909    746
   919    746
   920    746
   921    746
   922    746
   923    746
   924    746
   925    746
   926    746
   927    746
   928    746
   931    746
   932    746
   933    746
   934    746
   935    746
   936    746
   937    746
   938    746
   939    746
   940    746
   946    746
   947    746
   948    746
   949    746
   950    746
   951    746
   952    746
   953    746
   954    746
   955    746
   901    747
   902    747
   903    747
   904    747
   905    747
   906    747
   907    747
   908    747
   909    747
   910    747
   923    747
   924    747
   925    747
   927    747
   928    747
   929    747
   930    747
   931    747
   932    747
   935    747
   936    747
   937    747
   938    747
   939    747
   940    747
   941    747
   942    747
   943    747
   944    747
   945    747
   946    747
   951    747
   952    747
   953    747
   954    747
   955    747
   956    747
   957    747
   958    747
   959    747
   960    747
   961    747
   901    748
   902    748
   903    748
   904    748
   905    748
   906    748
   907    748
   908    748
   909    748
   927    748
   928    748
   929    748
   930    748
   931    748
   932    748
   933    748
   934    748
   935    748
   936    748
   941    748
   942    748
   943    748
   944    748
   945    748
   946    748
   947    748
   948    748
   949    748
   950    748
   951    748
   957    748
   958    748
   959    748
   960    748
   964    748
   965    748
   966    748
   901    749
   902    749
   903    749
   904    749
   905    749
   906    749
   907    749
   908    749
   909    749
   932    749
   933    749
   934    749
   935    749
   936    749
   937    749
   938    749
   939    749
   940    749
   941    749
   947    749
   948    749
   949    749
   952    749
   953    749
   954    749
   955    749
   956    749
   957    749
   963    749
   964    749
   965    749
   966    749
   969    749
   970    749
   971    749
   972    749
   901    750
   902    750
   903    750
   904    750
   905    750
   906    750
   907    750
   908    750
   909    750
   910    750
   937    750
   938    750
   939    750
   940    750
   941    750
   942    750
   944    750
   945    750
   946    750
   952    750
   958    750
   959    750
   960    750
   961    750
   962    750
   970    750
   971    750
   972    750
   973    750
   974    750
   975    750
   901    751
   902    751
   903    751
   904    751
   905    751
   906    751
   907    751
   908    751
   909    751
   943    751
   944    751
   960    751
   961    751
   962    751
   963    751
   964    751
   965    751
   966    751
   967    751
   968    751
   901    752
   902    752
   903    752
   904    752
   905    752
   906    752
   907    752
   908    752
   909    752
   910    752
   963    752
   964    752
   965    752
   966    752
   967    752
   968    752
   969    752
   970    752
   971    752
   972    752
   973    752
   974    752
   975    752
   976    752
   901    753
   902    753
   903    753
   904    753
   905    753
   906    753
   907    753
   908    753
   909    753
   910    753
   971    753
   972    753
   973    753
   974    753
   975    753
   976    753
   977    753
   978    753
   981    753
   982    753
   983    753
   991    753
   992    753
   993    753
   994    753
   995    753
   996    753
   997    753
   998    753
   999    753
  1000    753
  1001    753
  1002    753
   901    754
   902    754
   903    754
   904    754
   905    754
   906    754
   907    754
   908    754
   909    754
   910    754
   968    754
   969    754
   970    754
   971    754
   972    754
   973    754
   978    754
   979    754
   980    754
   981    754
   987    754
   988    754
   989    754
   990    754
   996    754
   997    754
   998    754
   999    754
  1000    754
  1001    754
  1002    754
  1003    754
  1004    754
  1005    754
  1006    754
  1007    754
  1008    754
  1009    754
   901    755
   902    755
   903    755
   904    755
   905    755
   906    755
   907    755
   908    755
   909    755
   968    755
   973    755
   974    755
   975    755
   976    755
   977    755
   978    755
   985    755
   986    755
   987    755
   991    755
   992    755
   993    755
   994    755
   995    755
  1004    755
  1005    755
  1006    755
  1007    755
  1008    755
  1009    755
  1010    755
  1011    755
  1012    755
  1013    755
  1014    755
  1015    755
   901    756
   902    756
   903    756
   904    756
   905    756
   906    756
   907    756
   908    756
   909    756
   910    756
   973    756
   974    756
   975    756
   976    756
   977    756
   978    756
   979    756
   980    756
   981    756
   982    756
   983    756
   992    756
   993    756
   994    756
   995    756
   996    756
   997    756
   998    756
   999    756
  1000    756
  1001    756
  1002    756
  1003    756
  1010    756
  1011    756
  1012    756
  1013    756
  1014    756
  1015    756
  1016    756
  1017    756
  1018    756
  1019    756
  1020    756
  1021    756
  1022    756
   901    757
   902    757
   903    757
   904    757
   905    757
   906    757
   907    757
   908    757
   909    757
   910    757
   979    757
   980    757
   981    757
   988    757
   989    757
   990    757
   999    757
  1000    757
  1001    757
  1002    757
  1003    757
  1004    757
  1005    757
  1006    757
  1007    757
  1008    757
  1009    757
  1010    757
  1011    757
  1018    757
  1019    757
  1020    757
  1021    757
  1022    757
  1023    757
  1024    757
  1025    757
  1027    757
  1028    757
  1029    757
  1030    757
  1043    757
  1044    757
  1045    757
  1046    757
  1047    757
   901    758
   902    758
   903    758
   904    758
   905    758
   906    758
   907    758
   908    758
   909    758
   910    758
   992    758
   993    758
   994    758
   995    758
   996    758
   997    758
   998    758
   999    758
  1000    758
  1010    758
  1011    758
  1012    758
  1013    758
  1014    758
  1015    758
  1016    758
  1017    758
  1018    758
  1019    758
  1020    758
  1021    758
  1022    758
  1028    758
  1029    758
  1030    758
  1031    758
  1032    758
  1033    758
  1034    758
  1035    758
  1036    758
  1037    758
  1038    758
  1039    758
  1040    758
  1041    758
  1055    758
  1056    758
  1057    758
  1058    758
  1059    758
  1060    758
  1061    758
   900    759
   901    759
   902    759
   903    759
   904    759
   905    759
   906    759
   907    759
   908    759
   909    759
   910    759
   995    759
   996    759
   997    759
   998    759
   999    759
  1007    759
  1008    759
  1009    759
  1010    759
  1019    759
  1020    759
  1021    759
  1022    759
  1023    759
  1024    759
  1025    759
  1026    759
  1027    759
  1028    759
  1029    759
  1030    759
  1031    759
  1032    759
  1037    759
  1038    759
  1039    759
  1040    759
  1041    759
  1042    759
  1043    759
  1044    759
  1045    759
  1046    759
  1047    759
   900    760
   901    760
   902    760
   903    760
   904    760
   905    760
   906    760
   907    760
   908    760
   909    760
  1006    760
  1007    760
  1008    760
  1009    760
  1010    760
  1011    760
  1012    760
  1013    760
  1014    760
  1015    760
  1016    760
  1017    760
  1018    760
  1027    760
  1028    760
  1029    760
  1030    760
  1031    760
  1032    760
  1033    760
  1034    760
  1035    760
  1036    760
  1037    760
  1038    760
  1039    760
  1040    760
  1041    760
  1042    760
  1043    760
  1052    760
  1053    760
  1054    760
  1055    760
  1056    760
  1057    760
  1058    760
  1059    760
  1060    760
  1061    760
  1062    760
  1063    760
  1064    760
   900    761
   901    761
   902    761
   903    761
   904    761
   905    761
   906    761
   907    761
   908    761
   909    761
   910    761
  1015    761
  1016    761
  1017    761
  1018    761
  1019    761
  1020    761
  1021    761
  1022    761
  1023    761
  1024    761
  1025    761
  1026    761
  1027    761
  1038    761
  1039    761
  1040    761
  1041    761
  1044    761
  1051    761
  1052    761
  1053    761
  1106    761
   900    762
   901    762
   902    762
   903    762
   904    762
   905    762
   906    762
   907    762
   908    762
   909    762
   910    762
  1024    762
  1025    762
  1026    762
  1027    762
  1028    762
  1029    762
  1030    762
  1031    762
  1032    762
  1033    762
  1034    762
  1035    762
  1036    762
  1037    762
  1038    762
  1047    762
  1048    762
  1049    762
  1055    762
  1056    762
  1057    762
  1058    762
  1059    762
  1060    762
  1061    762
  1062    762
  1063    762
  1064    762
  1065    762
  1105    762
  1106    762
  1107    762
  1108    762
  1109    762
  1112    762
  1113    762
  1114    762
   900    763
   901    763
   902    763
   903    763
   904    763
   905    763
   906    763
   907    763
   908    763
   909    763
   910    763
  1033    763
  1034    763
  1035    763
  1036    763
  1057    763
  1058    763
  1059    763
  1060    763
  1073    763
  1074    763
  1075    763
  1076    763
  1077    763
  1078    763
  1079    763
  1120    763
  1121    763
  1122    763
  1123    763
  1124    763
  1125    763
  1126    763
   900    764
   901    764
   902    764
   903    764
   904    764
   905    764
   906    764
   907    764
   908    764
   909    764
   910    764
  1073    764
  1074    764
  1075    764
  1076    764
  1077    764
  1078    764
  1079    764
  1080    764
  1081    764
  1082    764
  1083    764
  1084    764
  1085    764
  1086    764
  1087    764
  1088    764
  1089    764
  1090    764
  1091    764
  1100    764
  1101    764
  1102    764
  1103    764
  1104    764
  1105    764
  1106    764
  1107    764
  1108    764
  1109    764
  1110    764
  1111    764
  1112    764
  1113    764
  1114    764
  1115    764
  1116    764
  1117    764
  1118    764
  1119    764
  1142    764
  1143    764
  1144    764
   900    765
   901    765
   902    765
   903    765
   904    765
   905    765
   906    765
   907    765
   908    765
   909    765
   910    765
  1073    765
  1074    765
  1075    765
  1076    765
  1087    765
  1088    765
  1089    765
  1098    765
  1099    765
  1100    765
  1101    765
  1102    765
  1103    765
  1104    765
  1105    765
  1106    765
  1114    765
  1115    765
  1116    765
  1117    765
  1118    765
  1119    765
  1120    765
  1121    765
  1122    765
  1123    765
  1124    765
  1125    765
  1126    765
  1127    765
  1128    765
  1129    765
  1130    765
  1149    765
  1150    765
  1151    765
  1152    765
  1153    765
  1154    765
  1155    765
   899    766
   900    766
   901    766
   902    766
   903    766
   904    766
   905    766
   906    766
   907    766
   908    766
   909    766
   910    766
  1074    766
  1075    766
  1076    766
  1077    766
  1085    766
  1086    766
  1087    766
  1100    766
  1101    766
  1102    766
  1103    766
  1104    766
  1105    766
  1106    766
  1107    766
  1108    766
  1109    766
  1110    766
  1111    766
  1112    766
  1113    766
  1114    766
  1115    766
  1116    766
  1117    766
  1118    766
  1119    766
  1124    766
  1125    766
  1126    766
  1127    766
  1128    766
  1129    766
  1130    766
  1131    766
  1132    766
  1133    766
  1134    766
  1135    766
  1136    766
  1137    766
  1138    766
  1139    766
  1140    766
  1141    766
  1142    766
  1143    766
  1144    766
   900    767
   901    767
   902    767
   903    767
   904    767
   905    767
   906    767
   907    767
   908    767
   909    767
   910    767
  1082    767
  1087    767
  1088    767
  1097    767
  1098    767
  1099    767
  1111    767
  1112    767
  1113    767
  1114    767
  1115    767
  1116    767
  1117    767
  1118    767
  1119    767
  1120    767
  1121    767
  1122    767
  1123    767
  1124    767
  1125    767
  1126    767
  1127    767
  1128    767
  1129    767
  1130    767
  1131    767
  1132    767
  1139    767
  1140    767
  1141    767
  1142    767
  1143    767
  1144    767
  1145    767
  1146    767
  1147    767
  1148    767
  1149    767
  1150    767
  1151    767
  1152    767
  1153    767
  1154    767
  1155    767
  1156    767
  1157    767
  1158    767
  1159    767
  1160    767
  1161    767
   900    768
   901    768
   902    768
   903    768
   904    768
   905    768
   906    768
   907    768
   908    768
   909    768
   910    768
  1096    768
  1097    768
  1098    768
  1099    768
  1100    768
  1101    768
  1102    768
  1103    768
  1104    768
  1107    768
  1108    768
  1109    768
  1110    768
  1126    768
  1127    768
  1128    768
  1129    768
  1130    768
  1131    768
  1132    768
  1133    768
  1134    768
  1135    768
  1136    768
  1137    768
  1138    768
  1139    768
  1140    768
  1141    768
  1142    768
  1143    768
  1144    768
  1145    768
  1146    768
  1153    768
  1154    768
  1155    768
  1156    768
  1157    768
  1158    768
  1159    768
  1160    768
  1161    768
  1162    768
  1163    768
  1164    768
  1165    768
  1166    768
  1167    768
  1168    768
  1172    768
  1173    768
  1174    768
  1175    768
  1176    768
  1177    768
  1178    768
  1179    768
  1180    768
  1181    768
  1182    768
  1183    768
  1184    768
  1185    768
   899    769
   900    769
   901    769
   902    769
   903    769
   904    769
   905    769
   906    769
   907    769
   908    769
   909    769
   910    769
  1107    769
  1108    769
  1109    769
  1110    769
  1122    769
  1123    769
  1124    769
  1125    769
  1142    769
  1143    769
  1144    769
  1145    769
  1146    769
  1147    769
  1148    769
  1149    769
  1150    769
  1151    769
  1152    769
  1153    769
  1154    769
  1155    769
  1156    769
  1157    769
  1158    769
  1159    769
  1160    769
  1161    769
  1162    769
  1163    769
  1164    769
  1178    769
  1179    769
  1180    769
  1181    769
  1182    769
  1183    769
  1184    769
  1185    769
  1186    769
  1187    769
  1188    769
  1189    769
  1190    769
  1191    769
  1192    769
  1193    769
  1194    769
  1195    769
  1196    769
  1197    769
  1198    769
  1199    769
   899    770
   900    770
   901    770
   902    770
   903    770
   904    770
   905    770
   906    770
   907    770
   908    770
   909    770
   910    770
  1122    770
  1123    770
  1124    770
  1125    770
  1126    770
  1127    770
  1128    770
  1129    770
  1130    770
  1131    770
  1132    770
  1133    770
  1134    770
  1135    770
  1137    770
  1138    770
  1139    770
  1140    770
  1158    770
  1159    770
  1160    770
  1161    770
  1162    770
  1163    770
  1164    770
  1165    770
  1166    770
  1167    770
  1168    770
  1169    770
  1170    770
  1171    770
  1172    770
  1173    770
  1174    770
  1195    770
  1196    770
  1197    770
  1198    770
   899    771
   900    771
   901    771
   902    771
   903    771
   904    771
   905    771
   906    771
   907    771
   908    771
   909    771
   910    771
  1133    771
  1134    771
  1135    771
  1136    771
  1137    771
  1138    771
  1139    771
  1140    771
  1141    771
  1142    771
  1144    771
  1153    771
  1154    771
  1155    771
  1156    771
  1157    771
  1177    771
  1178    771
  1179    771
  1180    771
  1181    771
  1182    771
  1183    771
  1184    771
  1185    771
  1187    771
  1188    771
  1189    771
  1190    771
  1191    771
  1192    771
  1193    771
   899    772
   900    772
   901    772
   902    772
   903    772
   904    772
   905    772
   906    772
   907    772
   908    772
   909    772
   910    772
  1151    772
  1152    772
  1153    772
  1156    772
  1166    772
  1167    772
  1168    772
  1169    772
  1170    772
  1171    772
  1172    772
  1173    772
  1174    772
  1175    772
  1176    772
  1195    772
  1196    772
  1197    772
  1198    772
  1199    772
  1213    772
  1214    772
  1215    772
  1216    772
   899    773
   900    773
   901    773
   902    773
   903    773
   904    773
   905    773
   906    773
   907    773
   908    773
   909    773
   910    773
  1169    773
  1170    773
  1171    773
  1172    773
  1173    773
  1174    773
  1175    773
  1192    773
  1193    773
  1194    773
  1195    773
  1196    773
  1197    773
  1198    773
  1211    773
  1212    773
  1213    773
  1214    773
  1215    773
  1216    773
  1217    773
   899    774
   900    774
   901    774
   902    774
   903    774
   904    774
   905    774
   906    774
   907    774
   908    774
   909    774
   910    774
  1187    774
  1188    774
  1189    774
  1190    774
  1191    774
  1192    774
  1193    774
  1194    774
  1195    774
  1196    774
   899    775
   900    775
   901    775
   902    775
   903    775
   904    775
   905    775
   906    775
   907    775
   908    775
   909    775
   910    775
   911    775
   899    776
   900    776
   901    776
   902    776
   903    776
   904    776
   905    776
   906    776
   907    776
   908    776
   909    776
   910    776
   899    777
   900    777
   901    777
   902    777
   903    777
   904    777
   905    777
   906    777
   907    777
   908    777
   909    777
   910    777
   911    777
   898    778
   899    778
   900    778
   901    778
   902    778
   903    778
   904    778
   905    778
   906    778
   907    778
   908    778
   909    778
   910    778
   898    779
   899    779
   900    779
   901    779
   902    779
   903    779
   904    779
   905    779
   906    779
   907    779
   908    779
   909    779
   910    779
   898    780
   899    780
   900    780
   901    780
   902    780
   903    780
   904    780
   905    780
   906    780
   907    780
   908    780
   909    780
   910    780
   898    781
   899    781
   900    781
   901    781
   902    781
   903    781
   904    781
   905    781
   906    781
   907    781
   908    781
   909    781
   910    781
   911    781
   898    782
   899    782
   900    782
   901    782
   902    782
   903    782
   904    782
   905    782
   906    782
   907    782
   908    782
   909    782
   910    782
   898    783
   899    783
   900    783
   901    783
   902    783
   903    783
   904    783
   905    783
   906    783
   907    783
   908    783
   909    783
   910    783
   911    783
   898    784
   899    784
   900    784
   901    784
   902    784
   903    784
   904    784
   905    784
   906    784
   907    784
   908    784
   909    784
   910    784
   911    784
   897    785
   898    785
   899    785
   900    785
   901    785
   902    785
   903    785
   904    785
   905    785
   906    785
   907    785
   908    785
   909    785
   910    785
   911    785
   898    786
   899    786
   900    786
   901    786
   902    786
   903    786
   904    786
   905    786
   906    786
   907    786
   908    786
   909    786
   910    786
   900    787
   901    787
   902    787
   903    787
   904    787
   905    787
   906    787
   909    787
   910    787
   901    788
   902    788
   903    788
