   905    705
   906    705
   907    705
   905    706
   906    706
   907    706
   905    707
   906    707
   905    708
   906    708
   907    708
   905    709
   906    709
   907    709
   905    710
   906    710
   907    710
   908    710
   909    710
   905    711
   906    711
   907    711
   905    712
   906    712
   907    712
   908    712
   909    712
   904    713
   905    713
   906    713
   907    713
   908    713
   909    713
   905    714
   906    714
   907    714
   908    714
   909    714
   905    715
   906    715
   907    715
   908    715
   909    715
   904    716
   905    716
   906    716
   907    716
   908    716
   909    716
   904    717
   905    717
   906    717
   907    717
   908    717
   909    717
   910    717
   905    718
   906    718
   907    718
   908    718
   909    718
   910    718
   904    719
   905    719
   906    719
   907    719
   908    719
   904    720
   905    720
   906    720
   907    720
   908    720
   909    720
   904    721
   905    721
   906    721
   907    721
   908    721
   909    721
   910    721
   904    722
   905    722
   906    722
   907    722
   908    722
   909    722
   904    723
   905    723
   906    723
   907    723
   908    723
   909    723
   910    723
   904    724
   905    724
   906    724
   907    724
   908    724
   909    724
   904    725
   905    725
   906    725
   907    725
   908    725
   909    725
   910    725
   904    726
   905    726
   906    726
   907    726
   908    726
   909    726
   910    726
   903    727
   904    727
   905    727
   906    727
   907    727
   908    727
   909    727
   903    728
   904    728
   905    728
   906    728
   907    728
   908    728
   909    728
   903    729
   904    729
   905    729
   906    729
   907    729
   908    729
   909    729
   910    729
   903    730
   904    730
   905    730
   906    730
   907    730
   908    730
   909    730
   903    731
   904    731
   905    731
   906    731
   907    731
   908    731
   909    731
   910    731
   904    732
   905    732
   906    732
   907    732
   908    732
   909    732
   910    732
   903    733
   904    733
   905    733
   906    733
   907    733
   908    733
   909    733
   910    733
   903    734
   904    734
   905    734
   906    734
   907    734
   908    734
   909    734
   910    734
   911    734
   902    735
   903    735
   904    735
   905    735
   906    735
   907    735
   908    735
   909    735
   910    735
   911    735
   912    735
   900    736
   901    736
   902    736
   903    736
   904    736
   905    736
   906    736
   907    736
   908    736
   909    736
   910    736
   911    736
   912    736
   913    736
   914    736
   899    737
   900    737
   901    737
   902    737
   903    737
   904    737
   905    737
   906    737
   907    737
   908    737
   909    737
   910    737
   911    737
   912    737
   913    737
   914    737
   915    737
   916    737
   897    738
   898    738
   900    738
   901    738
   902    738
   903    738
   904    738
   905    738
   906    738
   907    738
   908    738
   909    738
   910    738
   911    738
   912    738
   913    738
   916    738
   917    738
   918    738
   919    738
   895    739
   899    739
   900    739
   901    739
   902    739
   903    739
   904    739
   905    739
   906    739
   907    739
   908    739
   909    739
   910    739
   912    739
   913    739
   914    739
   915    739
   916    739
   917    739
   918    739
   919    739
   920    739
   921    739
   891    740
   892    740
   898    740
   899    740
   903    740
   904    740
   905    740
   906    740
   907    740
   908    740
   909    740
   910    740
   915    740
   916    740
   917    740
   918    740
   919    740
   920    740
   921    740
   922    740
   923    740
   887    741
   888    741
   889    741
   894    741
   895    741
   896    741
   902    741
   903    741
   904    741
   905    741
   906    741
   907    741
   908    741
   909    741
   910    741
   918    741
   919    741
   920    741
   921    741
   922    741
   923    741
   924    741
   925    741
   926    741
   932    741
   933    741
   934    741
   935    741
   936    741
   937    741
   938    741
   939    741
   902    742
   903    742
   904    742
   905    742
   906    742
   907    742
   908    742
   909    742
   910    742
   921    742
   922    742
   923    742
   924    742
   925    742
   926    742
   927    742
   928    742
   929    742
   936    742
   937    742
   938    742
   939    742
   940    742
   941    742
   942    742
   943    742
   949    742
   950    742
   952    742
   902    743
   903    743
   904    743
   905    743
   906    743
   907    743
   908    743
   909    743
   910    743
   917    743
   918    743
   919    743
   920    743
   921    743
   924    743
   925    743
   926    743
   927    743
   928    743
   929    743
   931    743
   932    743
   933    743
   938    743
   939    743
   940    743
   941    743
   942    743
   943    743
   944    743
   945    743
   946    743
   947    743
   951    743
   952    743
   953    743
   954    743
   955    743
   956    743
   959    743
   960    743
   961    743
   962    743
   902    744
   903    744
   904    744
   905    744
   906    744
   907    744
   908    744
   909    744
   910    744
   916    744
   917    744
   918    744
   919    744
   921    744
   922    744
   923    744
   924    744
   925    744
   928    744
   929    744
   930    744
   931    744
   932    744
   934    744
   935    744
   936    744
   937    744
   942    744
   943    744
   944    744
   945    744
   946    744
   947    744
   948    744
   949    744
   950    744
   951    744
   963    744
   964    744
   901    745
   902    745
   903    745
   904    745
   905    745
   906    745
   907    745
   908    745
   909    745
   910    745
   921    745
   922    745
   923    745
   924    745
   925    745
   926    745
   927    745
   928    745
   929    745
   933    745
   934    745
   935    745
   936    745
   937    745
   938    745
   939    745
   940    745
   941    745
   942    745
   947    745
   948    745
   949    745
   950    745
   951    745
   952    745
   953    745
   954    745
   955    745
   956    745
   957    745
   901    746
   902    746
   903    746
   904    746
   905    746
   906    746
   907    746
   908    746
   909    746
   910    746
   925    746
   926    746
   927    746
   928    746
   929    746
   930    746
   931    746
   932    746
   933    746
   934    746
   938    746
   939    746
   940    746
   941    746
   942    746
   943    746
   944    746
   945    746
   946    746
   947    746
   948    746
   952    746
   953    746
   954    746
   955    746
   956    746
   957    746
   959    746
   960    746
   961    746
   962    746
   963    746
   902    747
   903    747
   904    747
   905    747
   906    747
   907    747
   908    747
   909    747
   910    747
   929    747
   930    747
   931    747
   932    747
   933    747
   934    747
   935    747
   936    747
   937    747
   938    747
   943    747
   944    747
   945    747
   946    747
   947    747
   948    747
   949    747
   950    747
   951    747
   952    747
   953    747
   959    747
   960    747
   961    747
   962    747
   965    747
   966    747
   967    747
   968    747
   901    748
   902    748
   903    748
   904    748
   905    748
   906    748
   907    748
   908    748
   909    748
   910    748
   926    748
   927    748
   935    748
   936    748
   937    748
   941    748
   942    748
   943    748
   949    748
   950    748
   951    748
   956    748
   957    748
   958    748
   959    748
   965    748
   966    748
   967    748
   968    748
   969    748
   971    748
   901    749
   902    749
   903    749
   904    749
   905    749
   906    749
   907    749
   908    749
   909    749
   910    749
   940    749
   941    749
   943    749
   944    749
   945    749
   948    749
   949    749
   962    749
   963    749
   964    749
   965    749
   973    749
   974    749
   975    749
   902    750
   903    750
   904    750
   905    750
   906    750
   907    750
   908    750
   909    750
   910    750
   960    750
   961    750
   962    750
   963    750
   964    750
   965    750
   966    750
   967    750
   968    750
   969    750
   970    750
   971    750
   901    751
   902    751
   903    751
   904    751
   905    751
   906    751
   907    751
   908    751
   909    751
   910    751
   966    751
   967    751
   968    751
   969    751
   970    751
   971    751
   972    751
   973    751
   974    751
   977    751
   978    751
   979    751
   992    751
   993    751
   994    751
   995    751
   996    751
   997    751
   998    751
   999    751
   902    752
   903    752
   904    752
   905    752
   906    752
   907    752
   908    752
   909    752
   910    752
   964    752
   965    752
   966    752
   967    752
   968    752
   969    752
   970    752
   974    752
   975    752
   976    752
   977    752
   978    752
   979    752
   980    752
   982    752
   983    752
   984    752
   985    752
   986    752
   992    752
   993    752
   994    752
   995    752
   996    752
   997    752
   998    752
   999    752
  1000    752
  1001    752
  1002    752
  1003    752
  1004    752
  1005    752
  1015    752
  1016    752
   902    753
   903    753
   904    753
   905    753
   906    753
   907    753
   908    753
   909    753
   910    753
   970    753
   971    753
   972    753
   973    753
   974    753
   975    753
   976    753
   981    753
   982    753
   983    753
   984    753
   985    753
   988    753
   989    753
   990    753
   991    753
   992    753
  1000    753
  1001    753
  1002    753
  1003    753
  1004    753
  1005    753
  1006    753
  1007    753
  1009    753
  1010    753
  1011    753
  1012    753
   901    754
   902    754
   903    754
   904    754
   905    754
   906    754
   907    754
   908    754
   909    754
   910    754
   970    754
   971    754
   972    754
   973    754
   977    754
   978    754
   979    754
   980    754
   988    754
   989    754
   990    754
   991    754
   994    754
   995    754
   996    754
   997    754
   998    754
   999    754
  1000    754
  1007    754
  1008    754
  1009    754
  1010    754
  1011    754
  1012    754
  1013    754
  1014    754
  1015    754
  1016    754
  1017    754
  1018    754
  1019    754
  1031    754
  1032    754
  1033    754
   901    755
   902    755
   903    755
   904    755
   905    755
   906    755
   907    755
   908    755
   909    755
   910    755
   977    755
   978    755
   979    755
   980    755
   981    755
   987    755
   988    755
   998    755
   999    755
  1000    755
  1001    755
  1002    755
  1003    755
  1004    755
  1005    755
  1006    755
  1007    755
  1008    755
  1009    755
  1010    755
  1014    755
  1015    755
  1016    755
  1017    755
  1018    755
  1019    755
  1020    755
  1021    755
  1022    755
  1023    755
  1024    755
  1025    755
  1026    755
  1040    755
  1041    755
  1042    755
  1043    755
  1044    755
  1045    755
   901    756
   902    756
   903    756
   904    756
   905    756
   906    756
   907    756
   908    756
   909    756
   910    756
   996    756
   997    756
   998    756
  1006    756
  1007    756
  1008    756
  1009    756
  1010    756
  1011    756
  1012    756
  1013    756
  1014    756
  1015    756
  1016    756
  1017    756
  1018    756
  1019    756
  1023    756
  1024    756
  1025    756
  1026    756
  1027    756
  1028    756
  1029    756
  1030    756
  1031    756
  1032    756
  1033    756
  1034    756
  1035    756
  1036    756
  1037    756
  1051    756
  1052    756
  1053    756
  1054    756
  1055    756
  1056    756
   901    757
   902    757
   903    757
   904    757
   905    757
   906    757
   907    757
   908    757
   909    757
   910    757
   999    757
  1000    757
  1001    757
  1002    757
  1003    757
  1004    757
  1005    757
  1006    757
  1007    757
  1016    757
  1017    757
  1018    757
  1019    757
  1020    757
  1021    757
  1022    757
  1023    757
  1024    757
  1025    757
  1026    757
  1027    757
  1028    757
  1029    757
  1030    757
  1033    757
  1034    757
  1035    757
  1036    757
  1037    757
  1038    757
  1039    757
  1040    757
  1041    757
  1042    757
  1043    757
  1044    757
  1045    757
  1046    757
  1047    757
  1048    757
  1049    757
   901    758
   902    758
   903    758
   904    758
   905    758
   906    758
   907    758
   908    758
   909    758
   910    758
  1003    758
  1004    758
  1007    758
  1008    758
  1009    758
  1010    758
  1011    758
  1012    758
  1013    758
  1014    758
  1015    758
  1025    758
  1026    758
  1027    758
  1028    758
  1029    758
  1030    758
  1031    758
  1032    758
  1033    758
  1034    758
  1035    758
  1036    758
  1037    758
  1038    758
  1039    758
  1040    758
  1041    758
  1042    758
  1047    758
  1048    758
  1049    758
  1050    758
  1051    758
  1052    758
  1057    758
  1058    758
  1059    758
  1061    758
  1062    758
   900    759
   901    759
   902    759
   903    759
   904    759
   905    759
   906    759
   907    759
   908    759
   909    759
   910    759
  1013    759
  1014    759
  1015    759
  1017    759
  1018    759
  1019    759
  1020    759
  1021    759
  1022    759
  1023    759
  1024    759
  1025    759
  1026    759
  1036    759
  1037    759
  1038    759
  1043    759
  1044    759
  1045    759
  1046    759
  1047    759
  1048    759
  1049    759
  1050    759
  1101    759
  1102    759
  1103    759
   900    760
   901    760
   902    760
   903    760
   904    760
   905    760
   906    760
   907    760
   908    760
   909    760
   910    760
  1019    760
  1020    760
  1021    760
  1022    760
  1023    760
  1024    760
  1025    760
  1026    760
  1027    760
  1028    760
  1029    760
  1030    760
  1031    760
  1032    760
  1033    760
  1034    760
  1035    760
  1036    760
  1037    760
  1044    760
  1045    760
  1046    760
  1060    760
  1061    760
  1062    760
  1064    760
  1093    760
  1094    760
  1098    760
  1099    760
  1100    760
  1101    760
  1102    760
  1103    760
  1104    760
  1105    760
  1106    760
  1107    760
  1108    760
  1109    760
  1110    760
   900    761
   901    761
   902    761
   903    761
   904    761
   905    761
   906    761
   907    761
   908    761
   909    761
   910    761
  1067    761
  1068    761
  1069    761
  1070    761
  1071    761
  1072    761
  1073    761
  1074    761
  1075    761
  1076    761
  1077    761
  1095    761
  1096    761
  1097    761
  1098    761
  1099    761
  1100    761
  1101    761
  1102    761
  1121    761
  1122    761
  1123    761
  1124    761
  1125    761
  1126    761
  1127    761
  1128    761
  1132    761
  1133    761
  1134    761
  1135    761
   900    762
   901    762
   902    762
   903    762
   904    762
   905    762
   906    762
   907    762
   908    762
   909    762
   910    762
  1071    762
  1072    762
  1073    762
  1074    762
  1084    762
  1085    762
  1086    762
  1087    762
  1088    762
  1089    762
  1090    762
  1091    762
  1092    762
  1093    762
  1094    762
  1095    762
  1096    762
  1097    762
  1098    762
  1099    762
  1100    762
  1101    762
  1102    762
  1103    762
  1104    762
  1105    762
  1106    762
  1107    762
  1108    762
  1113    762
  1114    762
  1115    762
  1116    762
  1117    762
  1118    762
  1131    762
  1132    762
  1133    762
  1134    762
  1135    762
  1136    762
  1137    762
  1138    762
  1139    762
  1140    762
   900    763
   901    763
   902    763
   903    763
   904    763
   905    763
   906    763
   907    763
   908    763
   909    763
   910    763
  1067    763
  1068    763
  1069    763
  1070    763
  1071    763
  1072    763
  1073    763
  1086    763
  1087    763
  1088    763
  1089    763
  1090    763
  1091    763
  1092    763
  1093    763
  1094    763
  1095    763
  1096    763
  1097    763
  1098    763
  1099    763
  1100    763
  1101    763
  1102    763
  1103    763
  1111    763
  1112    763
  1113    763
  1114    763
  1115    763
  1116    763
  1117    763
  1118    763
  1119    763
  1120    763
  1121    763
  1122    763
  1123    763
  1124    763
  1125    763
  1126    763
  1127    763
  1128    763
  1129    763
  1155    763
  1156    763
  1157    763
  1158    763
  1166    763
  1167    763
  1172    763
   900    764
   901    764
   902    764
   903    764
   904    764
   905    764
   906    764
   907    764
   908    764
   909    764
   910    764
  1074    764
  1085    764
  1086    764
  1099    764
  1100    764
  1101    764
  1102    764
  1103    764
  1104    764
  1105    764
  1106    764
  1107    764
  1108    764
  1109    764
  1110    764
  1111    764
  1112    764
  1113    764
  1114    764
  1115    764
  1116    764
  1117    764
  1123    764
  1124    764
  1125    764
  1126    764
  1127    764
  1128    764
  1129    764
  1130    764
  1131    764
  1132    764
  1133    764
  1134    764
  1135    764
  1136    764
  1142    764
  1143    764
  1144    764
  1145    764
  1161    764
  1162    764
  1163    764
  1164    764
  1165    764
  1166    764
  1178    764
  1179    764
  1180    764
  1181    764
   900    765
   901    765
   902    765
   903    765
   904    765
   905    765
   906    765
   907    765
   908    765
   909    765
   910    765
  1082    765
  1083    765
  1084    765
  1085    765
  1086    765
  1090    765
  1091    765
  1092    765
  1093    765
  1094    765
  1095    765
  1096    765
  1097    765
  1098    765
  1112    765
  1113    765
  1114    765
  1115    765
  1116    765
  1117    765
  1118    765
  1119    765
  1120    765
  1121    765
  1122    765
  1123    765
  1124    765
  1125    765
  1126    765
  1127    765
  1128    765
  1129    765
  1130    765
  1139    765
  1140    765
  1141    765
  1142    765
  1143    765
  1144    765
  1145    765
  1146    765
  1147    765
  1148    765
  1149    765
  1150    765
  1151    765
  1152    765
  1153    765
  1154    765
  1155    765
  1156    765
  1157    765
  1158    765
  1159    765
  1160    765
  1161    765
  1162    765
  1163    765
  1164    765
  1165    765
  1166    765
  1167    765
  1168    765
  1169    765
  1170    765
  1171    765
  1172    765
   900    766
   901    766
   902    766
   903    766
   904    766
   905    766
   906    766
   907    766
   908    766
   909    766
   910    766
   911    766
  1094    766
  1095    766
  1096    766
  1097    766
  1098    766
  1099    766
  1100    766
  1101    766
  1108    766
  1109    766
  1110    766
  1111    766
  1112    766
  1128    766
  1129    766
  1130    766
  1131    766
  1132    766
  1133    766
  1134    766
  1135    766
  1136    766
  1137    766
  1138    766
  1139    766
  1140    766
  1141    766
  1142    766
  1143    766
  1144    766
  1145    766
  1146    766
  1151    766
  1152    766
  1153    766
  1154    766
  1155    766
  1156    766
  1157    766
  1158    766
  1159    766
  1160    766
  1161    766
  1162    766
  1163    766
  1164    766
  1165    766
  1166    766
  1167    766
  1168    766
  1169    766
  1170    766
  1171    766
  1172    766
  1173    766
  1174    766
  1175    766
  1176    766
  1177    766
  1178    766
  1179    766
  1180    766
  1181    766
  1182    766
   900    767
   901    767
   902    767
   903    767
   904    767
   905    767
   906    767
   907    767
   908    767
   909    767
   910    767
  1106    767
  1107    767
  1108    767
  1109    767
  1110    767
  1111    767
  1112    767
  1113    767
  1114    767
  1115    767
  1116    767
  1117    767
  1118    767
  1119    767
  1120    767
  1121    767
  1122    767
  1123    767
  1124    767
  1125    767
  1126    767
  1127    767
  1128    767
  1129    767
  1145    767
  1146    767
  1147    767
  1148    767
  1149    767
  1150    767
  1151    767
  1152    767
  1153    767
  1154    767
  1155    767
  1156    767
  1157    767
  1158    767
  1176    767
  1177    767
  1178    767
  1179    767
  1180    767
  1200    767
  1201    767
  1202    767
  1203    767
  1204    767
  1205    767
  1206    767
  1207    767
   900    768
   901    768
   902    768
   903    768
   904    768
   905    768
   906    768
   907    768
   908    768
   909    768
   910    768
   911    768
  1122    768
  1123    768
  1124    768
  1125    768
  1126    768
  1127    768
  1140    768
  1141    768
  1142    768
  1143    768
  1144    768
  1145    768
  1160    768
  1161    768
  1162    768
  1163    768
  1164    768
  1165    768
  1166    768
  1167    768
  1171    768
  1172    768
  1173    768
  1174    768
  1175    768
  1202    768
  1203    768
  1204    768
  1205    768
  1206    768
  1211    768
  1212    768
  1213    768
  1214    768
   900    769
   901    769
   902    769
   903    769
   904    769
   905    769
   906    769
   907    769
   908    769
   909    769
   910    769
   911    769
  1138    769
  1139    769
  1140    769
  1141    769
  1142    769
  1151    769
  1152    769
  1153    769
  1154    769
  1155    769
  1156    769
  1157    769
  1158    769
  1159    769
  1160    769
  1161    769
  1162    769
  1163    769
  1164    769
  1172    769
  1173    769
  1174    769
  1175    769
  1176    769
  1177    769
  1178    769
  1179    769
  1180    769
  1181    769
  1182    769
  1183    769
  1199    769
  1200    769
   900    770
   901    770
   902    770
   903    770
   904    770
   905    770
   906    770
   907    770
   908    770
   909    770
   910    770
  1157    770
  1158    770
  1159    770
  1160    770
  1161    770
  1181    770
  1182    770
   899    771
   900    771
   901    771
   902    771
   903    771
   904    771
   905    771
   906    771
   907    771
   908    771
   909    771
   910    771
   911    771
   899    772
   900    772
   901    772
   902    772
   903    772
   904    772
   905    772
   906    772
   907    772
   908    772
   909    772
   910    772
   911    772
   899    773
   900    773
   901    773
   902    773
   903    773
   904    773
   905    773
   906    773
   907    773
   908    773
   909    773
   910    773
   911    773
   899    774
   900    774
   901    774
   902    774
   903    774
   904    774
   905    774
   906    774
   907    774
   908    774
   909    774
   910    774
   899    775
   900    775
   901    775
   902    775
   903    775
   904    775
   905    775
   906    775
   907    775
   908    775
   909    775
   910    775
   911    775
   899    776
   900    776
   901    776
   902    776
   903    776
   904    776
   905    776
   906    776
   907    776
   908    776
   909    776
   910    776
   911    776
   899    777
   900    777
   901    777
   902    777
   903    777
   904    777
   905    777
   906    777
   907    777
   908    777
   909    777
   910    777
   911    777
   898    778
   899    778
   900    778
   901    778
   902    778
   903    778
   904    778
   905    778
   906    778
   907    778
   908    778
   909    778
   910    778
   911    778
   898    779
   899    779
   900    779
   901    779
   902    779
   903    779
   904    779
   905    779
   906    779
   907    779
   908    779
   909    779
   910    779
   911    779
   899    780
   900    780
   901    780
   902    780
   903    780
   904    780
   905    780
   906    780
   907    780
   908    780
   909    780
   910    780
   911    780
   898    781
   899    781
   900    781
   901    781
   902    781
   903    781
   904    781
   905    781
   906    781
   907    781
   908    781
   909    781
   910    781
   911    781
   899    782
   900    782
   901    782
   902    782
   903    782
   904    782
   905    782
   906    782
   907    782
   908    782
   909    782
   910    782
   911    782
   896    783
   897    783
   898    783
   899    783
   900    783
   901    783
   902    783
   903    783
   904    783
   905    783
   906    783
   907    783
   908    783
   909    783
   910    783
   900    784
   901    784
   902    784
   903    784
   904    784
   905    784
   906    784
   907    784
   908    784
   905    785
   906    785
   907    785
