   905    702
   906    702
   907    702
   905    704
   906    704
   907    704
   905    705
   906    705
   907    705
   905    706
   906    706
   907    706
   908    706
   909    706
   906    707
   905    708
   906    708
   907    708
   905    709
   906    709
   907    709
   906    710
   907    710
   905    711
   906    711
   907    711
   905    712
   906    712
   907    712
   908    712
   909    712
   904    713
   905    713
   906    713
   907    713
   908    713
   909    713
   905    714
   906    714
   907    714
   908    714
   909    714
   905    715
   906    715
   907    715
   908    715
   904    716
   905    716
   906    716
   907    716
   908    716
   909    716
   904    717
   905    717
   906    717
   907    717
   908    717
   909    717
   905    718
   906    718
   907    718
   908    718
   909    718
   910    718
   904    719
   905    719
   906    719
   907    719
   908    719
   909    719
   904    720
   905    720
   906    720
   907    720
   908    720
   909    720
   904    721
   905    721
   906    721
   907    721
   908    721
   909    721
   904    722
   905    722
   906    722
   907    722
   908    722
   909    722
   904    723
   905    723
   906    723
   907    723
   908    723
   909    723
   903    724
   904    724
   905    724
   906    724
   907    724
   908    724
   909    724
   904    725
   905    725
   906    725
   907    725
   908    725
   909    725
   904    726
   905    726
   906    726
   907    726
   908    726
   909    726
   910    726
   903    727
   904    727
   905    727
   906    727
   907    727
   908    727
   909    727
   903    728
   904    728
   905    728
   906    728
   907    728
   908    728
   909    728
   903    729
   904    729
   905    729
   906    729
   907    729
   908    729
   909    729
   910    729
   903    730
   904    730
   905    730
   906    730
   907    730
   908    730
   909    730
   903    731
   904    731
   905    731
   906    731
   907    731
   908    731
   909    731
   910    731
   903    732
   904    732
   905    732
   906    732
   907    732
   908    732
   909    732
   910    732
   903    733
   904    733
   905    733
   906    733
   907    733
   908    733
   909    733
   910    733
   903    734
   904    734
   905    734
   906    734
   907    734
   908    734
   909    734
   910    734
   911    734
   902    735
   903    735
   904    735
   905    735
   906    735
   907    735
   908    735
   909    735
   910    735
   911    735
   912    735
   902    736
   903    736
   904    736
   905    736
   906    736
   907    736
   908    736
   909    736
   910    736
   911    736
   912    736
   913    736
   900    737
   901    737
   902    737
   903    737
   904    737
   905    737
   906    737
   907    737
   908    737
   909    737
   910    737
   911    737
   912    737
   913    737
   914    737
   915    737
   898    738
   899    738
   900    738
   901    738
   902    738
   903    738
   904    738
   905    738
   906    738
   907    738
   908    738
   909    738
   910    738
   911    738
   912    738
   914    738
   915    738
   916    738
   917    738
   896    739
   897    739
   900    739
   901    739
   902    739
   903    739
   904    739
   905    739
   906    739
   907    739
   908    739
   909    739
   910    739
   911    739
   912    739
   913    739
   917    739
   918    739
   919    739
   893    740
   894    740
   899    740
   900    740
   901    740
   902    740
   903    740
   904    740
   905    740
   906    740
   907    740
   908    740
   909    740
   910    740
   913    740
   914    740
   915    740
   916    740
   917    740
   918    740
   919    740
   920    740
   921    740
   890    741
   891    741
   892    741
   897    741
   898    741
   902    741
   903    741
   904    741
   905    741
   906    741
   907    741
   908    741
   909    741
   910    741
   915    741
   916    741
   917    741
   918    741
   919    741
   920    741
   921    741
   922    741
   923    741
   924    741
   892    742
   893    742
   894    742
   902    742
   903    742
   904    742
   905    742
   906    742
   907    742
   908    742
   909    742
   910    742
   919    742
   920    742
   921    742
   922    742
   923    742
   924    742
   925    742
   926    742
   927    742
   901    743
   902    743
   903    743
   904    743
   905    743
   906    743
   907    743
   908    743
   909    743
   910    743
   912    743
   913    743
   914    743
   915    743
   916    743
   917    743
   918    743
   922    743
   923    743
   924    743
   925    743
   926    743
   927    743
   928    743
   929    743
   930    743
   931    743
   937    743
   938    743
   939    743
   941    743
   942    743
   943    743
   944    743
   945    743
   902    744
   903    744
   904    744
   905    744
   906    744
   907    744
   908    744
   909    744
   910    744
   918    744
   919    744
   920    744
   921    744
   922    744
   925    744
   926    744
   927    744
   928    744
   929    744
   930    744
   931    744
   932    744
   933    744
   934    744
   935    744
   939    744
   940    744
   941    744
   942    744
   943    744
   944    744
   945    744
   946    744
   947    744
   948    744
   901    745
   902    745
   903    745
   904    745
   905    745
   906    745
   907    745
   908    745
   909    745
   910    745
   921    745
   922    745
   923    745
   924    745
   925    745
   926    745
   929    745
   930    745
   931    745
   932    745
   933    745
   934    745
   935    745
   936    745
   937    745
   938    745
   943    745
   944    745
   945    745
   946    745
   947    745
   948    745
   949    745
   950    745
   951    745
   952    745
   953    745
   954    745
   901    746
   902    746
   903    746
   904    746
   905    746
   906    746
   907    746
   908    746
   909    746
   910    746
   922    746
   923    746
   924    746
   925    746
   926    746
   927    746
   928    746
   929    746
   930    746
   933    746
   934    746
   935    746
   936    746
   937    746
   938    746
   939    746
   940    746
   941    746
   942    746
   943    746
   949    746
   950    746
   951    746
   952    746
   953    746
   954    746
   955    746
   956    746
   957    746
   958    746
   959    746
   901    747
   902    747
   903    747
   904    747
   905    747
   906    747
   907    747
   908    747
   909    747
   910    747
   925    747
   926    747
   927    747
   928    747
   929    747
   930    747
   931    747
   932    747
   933    747
   934    747
   938    747
   939    747
   940    747
   941    747
   942    747
   943    747
   944    747
   945    747
   946    747
   947    747
   948    747
   954    747
   955    747
   956    747
   957    747
   958    747
   959    747
   960    747
   961    747
   963    747
   964    747
   965    747
   901    748
   902    748
   903    748
   904    748
   905    748
   906    748
   907    748
   908    748
   909    748
   910    748
   931    748
   932    748
   933    748
   936    748
   937    748
   938    748
   939    748
   940    748
   943    748
   944    748
   945    748
   946    748
   947    748
   948    748
   949    748
   950    748
   951    748
   952    748
   953    748
   954    748
   960    748
   961    748
   962    748
   963    748
   964    748
   965    748
   968    748
   969    748
   970    748
   901    749
   902    749
   903    749
   904    749
   905    749
   906    749
   907    749
   908    749
   909    749
   910    749
   936    749
   937    749
   938    749
   940    749
   941    749
   942    749
   943    749
   944    749
   945    749
   946    749
   949    749
   950    749
   951    749
   952    749
   953    749
   957    749
   958    749
   959    749
   965    749
   966    749
   967    749
   968    749
   969    749
   970    749
   974    749
   975    749
   976    749
   901    750
   902    750
   903    750
   904    750
   905    750
   906    750
   907    750
   908    750
   909    750
   910    750
   911    750
   942    750
   943    750
   944    750
   956    750
   957    750
   961    750
   962    750
   963    750
   964    750
   965    750
   966    750
   967    750
   972    750
   973    750
   974    750
   975    750
   901    751
   902    751
   903    751
   904    751
   905    751
   906    751
   907    751
   908    751
   909    751
   910    751
   961    751
   962    751
   963    751
   964    751
   965    751
   968    751
   969    751
   970    751
   971    751
   972    751
   973    751
   974    751
   901    752
   902    752
   903    752
   904    752
   905    752
   906    752
   907    752
   908    752
   909    752
   910    752
   969    752
   970    752
   971    752
   972    752
   973    752
   974    752
   975    752
   976    752
   979    752
   980    752
   981    752
   991    752
   992    752
   993    752
   994    752
   995    752
   996    752
   997    752
   998    752
   999    752
  1000    752
   902    753
   903    753
   904    753
   905    753
   906    753
   907    753
   908    753
   909    753
   910    753
   966    753
   967    753
   968    753
   969    753
   976    753
   977    753
   978    753
   979    753
   983    753
   984    753
   985    753
   986    753
   987    753
   988    753
   994    753
   995    753
   996    753
   997    753
   998    753
   999    753
  1000    753
  1001    753
  1002    753
  1003    753
  1004    753
  1005    753
  1006    753
   901    754
   902    754
   903    754
   904    754
   905    754
   906    754
   907    754
   908    754
   909    754
   910    754
   968    754
   969    754
   971    754
   972    754
   973    754
   974    754
   975    754
   981    754
   982    754
   983    754
   984    754
   985    754
   986    754
   990    754
   991    754
   992    754
   993    754
  1002    754
  1003    754
  1004    754
  1005    754
  1006    754
  1007    754
  1008    754
  1009    754
  1010    754
  1011    754
  1012    754
  1013    754
  1014    754
   901    755
   902    755
   903    755
   904    755
   905    755
   906    755
   907    755
   908    755
   909    755
   910    755
   972    755
   973    755
   974    755
   979    755
   980    755
   981    755
   988    755
   989    755
   990    755
   991    755
   992    755
   996    755
   997    755
   998    755
   999    755
  1000    755
  1007    755
  1008    755
  1009    755
  1010    755
  1011    755
  1012    755
  1013    755
  1014    755
  1015    755
  1017    755
  1018    755
  1019    755
  1020    755
   901    756
   902    756
   903    756
   904    756
   905    756
   906    756
   907    756
   908    756
   909    756
   910    756
   985    756
   986    756
   987    756
   988    756
   989    756
   997    756
   998    756
   999    756
  1000    756
  1001    756
  1002    756
  1003    756
  1004    756
  1005    756
  1006    756
  1007    756
  1008    756
  1015    756
  1016    756
  1017    756
  1018    756
  1019    756
  1020    756
  1021    756
  1022    756
  1023    756
  1024    756
  1025    756
  1026    756
  1027    756
  1049    756
  1050    756
   901    757
   902    757
   903    757
   904    757
   905    757
   906    757
   907    757
   908    757
   909    757
   910    757
   996    757
   997    757
   998    757
   999    757
  1007    757
  1008    757
  1009    757
  1010    757
  1011    757
  1012    757
  1013    757
  1014    757
  1015    757
  1016    757
  1017    757
  1018    757
  1019    757
  1020    757
  1025    757
  1026    757
  1027    757
  1028    757
  1029    757
  1030    757
  1031    757
  1032    757
  1033    757
  1034    757
  1035    757
  1036    757
  1037    757
  1044    757
   901    758
   902    758
   903    758
   904    758
   905    758
   906    758
   907    758
   908    758
   909    758
   910    758
   996    758
   997    758
   998    758
   999    758
  1000    758
  1001    758
  1002    758
  1003    758
  1004    758
  1005    758
  1006    758
  1007    758
  1008    758
  1016    758
  1017    758
  1018    758
  1019    758
  1020    758
  1021    758
  1022    758
  1023    758
  1024    758
  1025    758
  1026    758
  1027    758
  1028    758
  1029    758
  1037    758
  1038    758
  1039    758
  1040    758
  1041    758
  1042    758
  1043    758
  1044    758
  1045    758
  1046    758
  1047    758
  1048    758
  1049    758
  1050    758
   900    759
   901    759
   902    759
   903    759
   904    759
   905    759
   906    759
   907    759
   908    759
   909    759
   910    759
   995    759
  1003    759
  1004    759
  1005    759
  1006    759
  1014    759
  1015    759
  1016    759
  1024    759
  1025    759
  1026    759
  1027    759
  1028    759
  1029    759
  1030    759
  1031    759
  1032    759
  1033    759
  1034    759
  1035    759
  1036    759
  1037    759
  1038    759
  1039    759
  1040    759
  1041    759
  1049    759
  1050    759
   900    760
   901    760
   902    760
   903    760
   904    760
   905    760
   906    760
   907    760
   908    760
   909    760
   910    760
  1015    760
  1016    760
  1017    760
  1018    760
  1019    760
  1020    760
  1021    760
  1022    760
  1023    760
  1024    760
  1025    760
  1035    760
  1036    760
  1037    760
  1038    760
  1039    760
  1040    760
  1041    760
  1042    760
  1043    760
  1048    760
  1049    760
  1099    760
  1100    760
  1101    760
   900    761
   901    761
   902    761
   903    761
   904    761
   905    761
   906    761
   907    761
   908    761
   909    761
   910    761
  1020    761
  1021    761
  1022    761
  1023    761
  1024    761
  1025    761
  1034    761
  1035    761
  1036    761
  1037    761
  1043    761
  1044    761
  1045    761
  1046    761
  1060    761
  1061    761
  1107    761
  1108    761
  1109    761
  1110    761
  1111    761
  1112    761
  1113    761
  1114    761
  1115    761
  1116    761
  1117    761
  1118    761
  1119    761
  1120    761
  1123    761
  1125    761
  1126    761
   900    762
   901    762
   902    762
   903    762
   904    762
   905    762
   906    762
   907    762
   908    762
   909    762
   910    762
  1056    762
  1057    762
  1058    762
  1097    762
  1098    762
  1099    762
  1100    762
  1101    762
  1102    762
  1103    762
  1119    762
  1120    762
  1121    762
  1122    762
  1123    762
  1124    762
  1125    762
  1126    762
  1127    762
  1128    762
  1129    762
  1130    762
  1147    762
  1148    762
  1149    762
   900    763
   901    763
   902    763
   903    763
   904    763
   905    763
   906    763
   907    763
   908    763
   909    763
   910    763
  1037    763
  1038    763
  1084    763
  1085    763
  1086    763
  1094    763
  1095    763
  1096    763
  1097    763
  1098    763
  1099    763
  1101    763
  1102    763
  1103    763
  1104    763
  1105    763
  1106    763
  1107    763
  1108    763
  1109    763
  1110    763
  1111    763
  1112    763
  1113    763
  1114    763
  1115    763
  1116    763
  1117    763
  1118    763
  1132    763
  1133    763
  1134    763
  1135    763
  1136    763
  1144    763
  1145    763
  1146    763
  1147    763
  1148    763
  1149    763
  1150    763
  1151    763
  1152    763
  1154    763
   900    764
   901    764
   902    764
   903    764
   904    764
   905    764
   906    764
   907    764
   908    764
   909    764
   910    764
  1076    764
  1077    764
  1078    764
  1079    764
  1080    764
  1081    764
  1082    764
  1083    764
  1084    764
  1085    764
  1086    764
  1087    764
  1088    764
  1089    764
  1090    764
  1091    764
  1092    764
  1093    764
  1094    764
  1095    764
  1096    764
  1097    764
  1098    764
  1113    764
  1114    764
  1115    764
  1116    764
  1117    764
  1118    764
  1119    764
  1120    764
  1121    764
  1122    764
  1123    764
  1124    764
  1125    764
  1126    764
  1127    764
  1128    764
  1129    764
  1146    764
  1147    764
  1148    764
  1149    764
  1150    764
  1153    764
  1154    764
  1155    764
  1156    764
  1157    764
  1158    764
  1159    764
  1160    764
   900    765
   901    765
   902    765
   903    765
   904    765
   905    765
   906    765
   907    765
   908    765
   909    765
   910    765
  1082    765
  1083    765
  1084    765
  1085    765
  1086    765
  1087    765
  1088    765
  1089    765
  1098    765
  1099    765
  1100    765
  1101    765
  1102    765
  1103    765
  1104    765
  1105    765
  1106    765
  1107    765
  1108    765
  1109    765
  1110    765
  1111    765
  1112    765
  1113    765
  1123    765
  1124    765
  1125    765
  1126    765
  1127    765
  1128    765
  1129    765
  1130    765
  1131    765
  1132    765
  1133    765
  1134    765
  1135    765
  1136    765
  1137    765
  1138    765
  1139    765
  1140    765
  1141    765
  1142    765
  1143    765
  1144    765
  1164    765
  1165    765
   899    766
   900    766
   901    766
   902    766
   903    766
   904    766
   905    766
   906    766
   907    766
   908    766
   909    766
   910    766
  1084    766
  1085    766
  1086    766
  1094    766
  1095    766
  1096    766
  1097    766
  1098    766
  1099    766
  1100    766
  1111    766
  1112    766
  1113    766
  1114    766
  1115    766
  1116    766
  1117    766
  1118    766
  1119    766
  1120    766
  1121    766
  1122    766
  1123    766
  1124    766
  1125    766
  1126    766
  1127    766
  1128    766
  1129    766
  1130    766
  1136    766
  1137    766
  1138    766
  1139    766
  1140    766
  1141    766
  1142    766
  1143    766
  1144    766
  1145    766
  1146    766
  1147    766
  1148    766
  1149    766
  1150    766
  1152    766
  1153    766
  1154    766
  1155    766
  1156    766
  1157    766
  1158    766
  1186    766
  1187    766
  1188    766
  1189    766
  1190    766
   900    767
   901    767
   902    767
   903    767
   904    767
   905    767
   906    767
   907    767
   908    767
   909    767
   910    767
  1094    767
  1095    767
  1096    767
  1097    767
  1100    767
  1101    767
  1102    767
  1103    767
  1104    767
  1105    767
  1106    767
  1107    767
  1108    767
  1109    767
  1110    767
  1111    767
  1126    767
  1127    767
  1128    767
  1129    767
  1130    767
  1131    767
  1132    767
  1133    767
  1134    767
  1135    767
  1136    767
  1137    767
  1138    767
  1139    767
  1140    767
  1141    767
  1142    767
  1143    767
  1144    767
  1151    767
  1152    767
  1153    767
  1154    767
  1155    767
  1156    767
  1157    767
  1158    767
  1159    767
  1160    767
  1161    767
  1162    767
  1163    767
  1164    767
  1165    767
  1166    767
  1167    767
  1168    767
  1169    767
  1170    767
  1171    767
  1172    767
  1173    767
  1174    767
  1175    767
  1176    767
  1178    767
  1179    767
  1180    767
  1181    767
   900    768
   901    768
   902    768
   903    768
   904    768
   905    768
   906    768
   907    768
   908    768
   909    768
   910    768
  1104    768
  1105    768
  1106    768
  1107    768
  1108    768
  1117    768
  1118    768
  1120    768
  1121    768
  1122    768
  1123    768
  1124    768
  1125    768
  1126    768
  1142    768
  1143    768
  1144    768
  1145    768
  1146    768
  1147    768
  1148    768
  1149    768
  1150    768
  1151    768
  1152    768
  1153    768
  1154    768
  1155    768
  1156    768
  1157    768
  1158    768
  1159    768
  1160    768
  1161    768
  1176    768
  1177    768
  1178    768
  1179    768
  1180    768
  1181    768
  1182    768
  1183    768
  1184    768
  1185    768
  1186    768
  1187    768
  1193    768
  1194    768
  1195    768
  1196    768
  1197    768
  1198    768
   899    769
   900    769
   901    769
   902    769
   903    769
   904    769
   905    769
   906    769
   907    769
   908    769
   909    769
   910    769
   911    769
  1123    769
  1124    769
  1125    769
  1126    769
  1127    769
  1128    769
  1129    769
  1130    769
  1131    769
  1132    769
  1133    769
  1134    769
  1135    769
  1136    769
  1137    769
  1138    769
  1139    769
  1140    769
  1141    769
  1158    769
  1159    769
  1160    769
  1161    769
  1162    769
  1163    769
  1164    769
  1165    769
  1166    769
  1167    769
  1168    769
  1169    769
  1170    769
  1171    769
  1172    769
  1173    769
  1174    769
  1175    769
  1176    769
  1177    769
  1178    769
  1179    769
  1180    769
  1181    769
  1182    769
  1196    769
  1197    769
  1198    769
  1199    769
  1200    769
  1201    769
  1202    769
  1203    769
  1204    769
  1205    769
  1206    769
  1207    769
  1208    769
  1209    769
  1211    769
  1212    769
  1213    769
  1214    769
  1215    769
  1216    769
  1217    769
  1218    769
   900    770
   901    770
   902    770
   903    770
   904    770
   905    770
   906    770
   907    770
   908    770
   909    770
   910    770
  1135    770
  1136    770
  1137    770
  1138    770
  1139    770
  1140    770
  1141    770
  1142    770
  1143    770
  1144    770
  1153    770
  1154    770
  1155    770
  1156    770
  1157    770
  1173    770
  1174    770
  1175    770
  1176    770
  1177    770
  1178    770
  1179    770
  1180    770
  1181    770
  1182    770
  1183    770
  1184    770
  1185    770
  1186    770
  1187    770
  1188    770
  1189    770
  1190    770
  1191    770
  1192    770
  1193    770
  1194    770
  1195    770
  1196    770
  1197    770
  1198    770
  1199    770
  1200    770
  1201    770
   899    771
   900    771
   901    771
   902    771
   903    771
   904    771
   905    771
   906    771
   907    771
   908    771
   909    771
   910    771
  1150    771
  1151    771
  1152    771
  1153    771
  1154    771
  1155    771
  1156    771
  1157    771
  1158    771
  1159    771
  1160    771
  1161    771
  1162    771
  1163    771
  1164    771
  1165    771
  1166    771
  1167    771
  1170    771
  1171    771
  1172    771
  1193    771
  1194    771
  1195    771
  1211    771
  1212    771
  1213    771
  1214    771
  1215    771
  1216    771
   899    772
   900    772
   901    772
   902    772
   903    772
   904    772
   905    772
   906    772
   907    772
   908    772
   909    772
   910    772
  1164    772
  1165    772
  1166    772
  1167    772
  1168    772
  1169    772
  1170    772
  1171    772
  1172    772
  1191    772
  1192    772
  1193    772
  1208    772
  1209    772
  1210    772
  1211    772
  1212    772
   899    773
   900    773
   901    773
   902    773
   903    773
   904    773
   905    773
   906    773
   907    773
   908    773
   909    773
   910    773
   911    773
   899    774
   900    774
   901    774
   902    774
   903    774
   904    774
   905    774
   906    774
   907    774
   908    774
   909    774
   910    774
   899    775
   900    775
   901    775
   902    775
   903    775
   904    775
   905    775
   906    775
   907    775
   908    775
   909    775
   910    775
   911    775
   899    776
   900    776
   901    776
   902    776
   903    776
   904    776
   905    776
   906    776
   907    776
   908    776
   909    776
   910    776
   911    776
   899    777
   900    777
   901    777
   902    777
   903    777
   904    777
   905    777
   906    777
   907    777
   908    777
   909    777
   910    777
   911    777
   898    778
   899    778
   900    778
   901    778
   902    778
   903    778
   904    778
   905    778
   906    778
   907    778
   908    778
   909    778
   910    778
   911    778
   898    779
   899    779
   900    779
   901    779
   902    779
   903    779
   904    779
   905    779
   906    779
   907    779
   908    779
   909    779
   910    779
   911    779
   898    780
   899    780
   900    780
   901    780
   902    780
   903    780
   904    780
   905    780
   906    780
   907    780
   908    780
   909    780
   910    780
   911    780
   898    781
   899    781
   900    781
   901    781
   902    781
   903    781
   904    781
   905    781
   906    781
   907    781
   908    781
   909    781
   910    781
   911    781
   898    782
   899    782
   900    782
   901    782
   902    782
   903    782
   904    782
   905    782
   906    782
   907    782
   908    782
   909    782
   910    782
   911    782
   898    783
   899    783
   900    783
   901    783
   902    783
   903    783
   904    783
   905    783
   906    783
   907    783
   908    783
   909    783
   910    783
   897    784
   898    784
   899    784
   900    784
   901    784
   902    784
   903    784
   904    784
   905    784
   906    784
   907    784
   908    784
   909    784
   899    785
   900    785
   901    785
   902    785
   903    785
   904    785
   905    785
   906    785
   907    785
   908    785
   902    786
   903    786
   904    786
   905    786
   906    786
   907    786
