   905    702
   906    702
   907    702
   906    704
   905    705
   906    705
   907    705
   905    706
   906    706
   907    706
   905    707
   906    707
   907    707
   905    708
   906    708
   907    708
   905    709
   906    709
   907    709
   905    710
   906    710
   907    710
   908    710
   909    710
   905    711
   906    711
   907    711
   908    711
   909    711
   905    712
   906    712
   907    712
   908    712
   909    712
   905    713
   906    713
   907    713
   908    713
   909    713
   905    714
   906    714
   907    714
   908    714
   909    714
   905    715
   906    715
   907    715
   908    715
   909    715
   904    716
   905    716
   906    716
   907    716
   908    716
   909    716
   904    717
   905    717
   906    717
   907    717
   908    717
   909    717
   910    717
   905    718
   906    718
   907    718
   908    718
   909    718
   910    718
   904    719
   905    719
   906    719
   907    719
   908    719
   909    719
   904    720
   905    720
   906    720
   907    720
   908    720
   909    720
   904    721
   905    721
   906    721
   907    721
   908    721
   909    721
   910    721
   904    722
   905    722
   906    722
   907    722
   908    722
   909    722
   904    723
   905    723
   906    723
   907    723
   908    723
   909    723
   910    723
   904    724
   905    724
   906    724
   907    724
   908    724
   909    724
   904    725
   905    725
   906    725
   907    725
   908    725
   909    725
   904    726
   905    726
   906    726
   907    726
   908    726
   909    726
   910    726
   903    727
   904    727
   905    727
   906    727
   907    727
   908    727
   909    727
   903    728
   904    728
   905    728
   906    728
   907    728
   908    728
   909    728
   903    729
   904    729
   905    729
   906    729
   907    729
   908    729
   909    729
   910    729
   903    730
   904    730
   905    730
   906    730
   907    730
   908    730
   909    730
   903    731
   904    731
   905    731
   906    731
   907    731
   908    731
   909    731
   910    731
   904    732
   905    732
   906    732
   907    732
   908    732
   909    732
   910    732
   903    733
   904    733
   905    733
   906    733
   907    733
   908    733
   909    733
   910    733
   911    733
   903    734
   904    734
   905    734
   906    734
   907    734
   908    734
   909    734
   910    734
   911    734
   902    735
   903    735
   904    735
   905    735
   906    735
   907    735
   908    735
   909    735
   910    735
   911    735
   912    735
   913    735
   900    736
   901    736
   902    736
   903    736
   904    736
   905    736
   906    736
   907    736
   908    736
   909    736
   910    736
   911    736
   912    736
   913    736
   914    736
   899    737
   900    737
   901    737
   902    737
   903    737
   904    737
   905    737
   906    737
   907    737
   908    737
   909    737
   910    737
   911    737
   912    737
   914    737
   915    737
   916    737
   896    738
   897    738
   898    738
   899    738
   900    738
   901    738
   902    738
   903    738
   904    738
   905    738
   906    738
   907    738
   908    738
   909    738
   910    738
   911    738
   912    738
   913    738
   917    738
   918    738
   919    738
   894    739
   899    739
   900    739
   901    739
   902    739
   903    739
   904    739
   905    739
   906    739
   907    739
   908    739
   909    739
   910    739
   913    739
   914    739
   915    739
   916    739
   917    739
   918    739
   919    739
   920    739
   921    739
   922    739
   890    740
   891    740
   903    740
   904    740
   905    740
   906    740
   907    740
   908    740
   909    740
   910    740
   916    740
   917    740
   918    740
   919    740
   920    740
   921    740
   922    740
   923    740
   924    740
   902    741
   903    741
   904    741
   905    741
   906    741
   907    741
   908    741
   909    741
   910    741
   918    741
   919    741
   920    741
   921    741
   922    741
   923    741
   924    741
   925    741
   926    741
   927    741
   933    741
   934    741
   935    741
   936    741
   937    741
   938    741
   939    741
   902    742
   903    742
   904    742
   905    742
   906    742
   907    742
   908    742
   909    742
   910    742
   914    742
   915    742
   916    742
   917    742
   918    742
   921    742
   922    742
   923    742
   924    742
   925    742
   927    742
   928    742
   929    742
   930    742
   931    742
   936    742
   937    742
   938    742
   939    742
   940    742
   941    742
   942    742
   943    742
   944    742
   902    743
   903    743
   904    743
   905    743
   906    743
   907    743
   908    743
   909    743
   910    743
   918    743
   919    743
   920    743
   921    743
   922    743
   926    743
   927    743
   928    743
   929    743
   930    743
   931    743
   932    743
   933    743
   934    743
   935    743
   940    743
   941    743
   942    743
   943    743
   944    743
   945    743
   946    743
   947    743
   948    743
   949    743
   902    744
   903    744
   904    744
   905    744
   906    744
   907    744
   908    744
   909    744
   910    744
   917    744
   918    744
   919    744
   920    744
   921    744
   923    744
   924    744
   925    744
   926    744
   930    744
   931    744
   932    744
   933    744
   934    744
   935    744
   936    744
   937    744
   938    744
   939    744
   944    744
   945    744
   946    744
   947    744
   948    744
   949    744
   950    744
   951    744
   952    744
   953    744
   954    744
   901    745
   902    745
   903    745
   904    745
   905    745
   906    745
   907    745
   908    745
   909    745
   910    745
   922    745
   923    745
   924    745
   925    745
   927    745
   928    745
   929    745
   930    745
   931    745
   934    745
   935    745
   936    745
   937    745
   938    745
   939    745
   940    745
   941    745
   942    745
   943    745
   949    745
   950    745
   951    745
   952    745
   953    745
   954    745
   955    745
   956    745
   957    745
   958    745
   959    745
   960    745
   901    746
   902    746
   903    746
   904    746
   905    746
   906    746
   907    746
   908    746
   909    746
   910    746
   927    746
   928    746
   929    746
   930    746
   931    746
   932    746
   933    746
   934    746
   935    746
   936    746
   938    746
   939    746
   940    746
   941    746
   942    746
   943    746
   944    746
   945    746
   946    746
   947    746
   948    746
   955    746
   956    746
   957    746
   958    746
   959    746
   960    746
   961    746
   962    746
   963    746
   964    746
   965    746
   966    746
   902    747
   903    747
   904    747
   905    747
   906    747
   907    747
   908    747
   909    747
   910    747
   932    747
   933    747
   934    747
   936    747
   937    747
   938    747
   939    747
   940    747
   941    747
   942    747
   944    747
   945    747
   946    747
   947    747
   948    747
   949    747
   950    747
   951    747
   952    747
   953    747
   954    747
   961    747
   962    747
   963    747
   964    747
   965    747
   967    747
   968    747
   969    747
   970    747
   901    748
   902    748
   903    748
   904    748
   905    748
   906    748
   907    748
   908    748
   909    748
   910    748
   911    748
   928    748
   929    748
   930    748
   931    748
   938    748
   939    748
   940    748
   943    748
   944    748
   945    748
   946    748
   947    748
   948    748
   951    748
   952    748
   953    748
   957    748
   958    748
   959    748
   960    748
   967    748
   968    748
   969    748
   970    748
   971    748
   972    748
   973    748
   901    749
   902    749
   903    749
   904    749
   905    749
   906    749
   907    749
   908    749
   909    749
   910    749
   944    749
   945    749
   957    749
   958    749
   959    749
   963    749
   964    749
   965    749
   966    749
   967    749
   968    749
   996    749
   997    749
   998    749
   902    750
   903    750
   904    750
   905    750
   906    750
   907    750
   908    750
   909    750
   910    750
   965    750
   966    750
   967    750
   968    750
   969    750
   970    750
   971    750
   972    750
   973    750
   974    750
   975    750
   901    751
   902    751
   903    751
   904    751
   905    751
   906    751
   907    751
   908    751
   909    751
   910    751
   971    751
   972    751
   973    751
   974    751
   975    751
   979    751
   980    751
   981    751
   982    751
   983    751
   984    751
   992    751
   993    751
   997    751
   998    751
   999    751
  1000    751
   902    752
   903    752
   904    752
   905    752
   906    752
   907    752
   908    752
   909    752
   910    752
   911    752
   966    752
   967    752
   968    752
   969    752
   970    752
   971    752
   972    752
   978    752
   979    752
   980    752
   981    752
   986    752
   987    752
   988    752
   989    752
   996    752
   997    752
   998    752
   999    752
  1000    752
  1001    752
  1002    752
  1004    752
  1005    752
  1006    752
  1007    752
  1019    752
  1020    752
  1021    752
  1022    752
  1023    752
   902    753
   903    753
   904    753
   905    753
   906    753
   907    753
   908    753
   909    753
   910    753
   967    753
   968    753
   969    753
   970    753
   971    753
   972    753
   973    753
   974    753
   975    753
   976    753
   977    753
   984    753
   985    753
   986    753
   990    753
   991    753
   992    753
   993    753
   994    753
   995    753
   996    753
  1003    753
  1004    753
  1005    753
  1006    753
  1007    753
  1008    753
  1010    753
  1011    753
  1012    753
  1013    753
  1014    753
  1015    753
  1022    753
  1023    753
  1024    753
  1025    753
   901    754
   902    754
   903    754
   904    754
   905    754
   906    754
   907    754
   908    754
   909    754
   910    754
   972    754
   973    754
   974    754
   975    754
   976    754
   980    754
   981    754
   982    754
   990    754
   991    754
   992    754
   993    754
   994    754
   995    754
   996    754
   997    754
   998    754
   999    754
  1000    754
  1001    754
  1002    754
  1003    754
  1012    754
  1013    754
  1014    754
  1015    754
  1016    754
  1017    754
  1018    754
  1019    754
  1020    754
  1021    754
  1022    754
   901    755
   902    755
   903    755
   904    755
   905    755
   906    755
   907    755
   908    755
   909    755
   910    755
   968    755
   969    755
   970    755
   971    755
   979    755
   980    755
   981    755
   989    755
   990    755
  1000    755
  1001    755
  1002    755
  1003    755
  1004    755
  1005    755
  1006    755
  1007    755
  1008    755
  1009    755
  1010    755
  1011    755
  1012    755
  1013    755
  1021    755
  1022    755
  1023    755
  1024    755
  1025    755
  1026    755
  1027    755
  1028    755
  1029    755
  1030    755
  1031    755
  1032    755
  1045    755
  1046    755
  1047    755
  1050    755
  1051    755
  1052    755
  1053    755
  1054    755
  1056    755
  1057    755
  1058    755
   901    756
   902    756
   903    756
   904    756
   905    756
   906    756
   907    756
   908    756
   909    756
   910    756
   991    756
   992    756
   993    756
   994    756
   995    756
   996    756
   997    756
   998    756
   999    756
  1000    756
  1009    756
  1010    756
  1011    756
  1012    756
  1013    756
  1014    756
  1015    756
  1016    756
  1017    756
  1018    756
  1019    756
  1020    756
  1021    756
  1022    756
  1032    756
  1033    756
  1034    756
  1035    756
  1036    756
  1037    756
  1038    756
  1039    756
  1040    756
  1041    756
  1042    756
  1043    756
  1059    756
  1060    756
   901    757
   902    757
   903    757
   904    757
   905    757
   906    757
   907    757
   908    757
   909    757
   910    757
   999    757
  1000    757
  1001    757
  1002    757
  1007    757
  1008    757
  1009    757
  1010    757
  1018    757
  1019    757
  1020    757
  1021    757
  1022    757
  1023    757
  1024    757
  1025    757
  1026    757
  1027    757
  1028    757
  1029    757
  1030    757
  1031    757
  1032    757
  1045    757
  1046    757
  1047    757
  1049    757
  1050    757
  1051    757
  1052    757
  1053    757
  1059    757
   901    758
   902    758
   903    758
   904    758
   905    758
   906    758
   907    758
   908    758
   909    758
   910    758
  1009    758
  1010    758
  1011    758
  1012    758
  1015    758
  1016    758
  1017    758
  1018    758
  1019    758
  1027    758
  1028    758
  1029    758
  1030    758
  1031    758
  1032    758
  1033    758
  1034    758
  1035    758
  1036    758
  1037    758
  1038    758
  1039    758
  1044    758
  1045    758
  1056    758
  1057    758
  1058    758
  1059    758
  1060    758
   900    759
   901    759
   902    759
   903    759
   904    759
   905    759
   906    759
   907    759
   908    759
   909    759
   910    759
  1021    759
  1022    759
  1026    759
  1027    759
  1028    759
  1029    759
  1030    759
  1031    759
  1036    759
  1037    759
  1038    759
  1039    759
  1040    759
  1055    759
   900    760
   901    760
   902    760
   903    760
   904    760
   905    760
   906    760
   907    760
   908    760
   909    760
   910    760
  1070    760
   900    761
   901    761
   902    761
   903    761
   904    761
   905    761
   906    761
   907    761
   908    761
   909    761
   910    761
  1025    761
  1026    761
  1027    761
  1028    761
  1029    761
  1030    761
   900    762
   901    762
   902    762
   903    762
   904    762
   905    762
   906    762
   907    762
   908    762
   909    762
   910    762
   901    763
   902    763
   903    763
   904    763
   905    763
   906    763
   907    763
   908    763
   909    763
   910    763
   900    764
   901    764
   902    764
   903    764
   904    764
   905    764
   906    764
   907    764
   908    764
   909    764
   910    764
   911    764
   900    765
   901    765
   902    765
   903    765
   904    765
   905    765
   906    765
   907    765
   908    765
   909    765
   910    765
   900    766
   901    766
   902    766
   903    766
   904    766
   905    766
   906    766
   907    766
   908    766
   909    766
   910    766
   911    766
   900    767
   901    767
   902    767
   903    767
   904    767
   905    767
   906    767
   907    767
   908    767
   909    767
   910    767
   911    767
   900    768
   901    768
   902    768
   903    768
   904    768
   905    768
   906    768
   907    768
   908    768
   909    768
   910    768
   911    768
   900    769
   901    769
   902    769
   903    769
   904    769
   905    769
   906    769
   907    769
   908    769
   909    769
   910    769
   911    769
   900    770
   901    770
   902    770
   903    770
   904    770
   905    770
   906    770
   907    770
   908    770
   909    770
   910    770
   911    770
   899    771
   900    771
   901    771
   902    771
   903    771
   904    771
   905    771
   906    771
   907    771
   908    771
   909    771
   910    771
   911    771
   899    772
   900    772
   901    772
   902    772
   903    772
   904    772
   905    772
   906    772
   907    772
   908    772
   909    772
   910    772
   911    772
   900    773
   901    773
   902    773
   903    773
   904    773
   905    773
   906    773
   907    773
   908    773
   909    773
   910    773
   911    773
   899    774
   900    774
   901    774
   902    774
   903    774
   904    774
   905    774
   906    774
   907    774
   908    774
   909    774
   910    774
   911    774
   899    775
   900    775
   901    775
   902    775
   903    775
   904    775
   905    775
   906    775
   907    775
   908    775
   909    775
   910    775
   911    775
   899    776
   900    776
   901    776
   902    776
   903    776
   904    776
   905    776
   906    776
   907    776
   908    776
   909    776
   910    776
   911    776
   899    777
   900    777
   901    777
   902    777
   903    777
   904    777
   905    777
   906    777
   907    777
   908    777
   909    777
   910    777
   911    777
   898    778
   899    778
   900    778
   901    778
   902    778
   903    778
   904    778
   905    778
   906    778
   907    778
   908    778
   909    778
   910    778
   911    778
   899    779
   900    779
   901    779
   902    779
   903    779
   904    779
   905    779
   906    779
   907    779
   908    779
   909    779
   910    779
   911    779
   899    780
   900    780
   901    780
   902    780
   903    780
   904    780
   905    780
   906    780
   907    780
   908    780
   909    780
   910    780
   911    780
   898    781
   899    781
   900    781
   901    781
   902    781
   903    781
   904    781
   905    781
   906    781
   907    781
   908    781
   909    781
   910    781
   897    782
   898    782
   899    782
   900    782
   901    782
   902    782
   903    782
   904    782
   905    782
   906    782
   907    782
   908    782
   909    782
   899    783
   900    783
   901    783
   902    783
   903    783
   904    783
   905    783
   906    783
   907    783
   908    783
   909    783
   903    784
   904    784
   905    784
   906    784
   907    784
