   905    705
   906    705
   907    705
   905    706
   906    706
   907    706
   905    708
   906    708
   907    708
   905    709
   906    709
   907    709
   906    710
   907    710
   905    711
   906    711
   907    711
   905    712
   906    712
   907    712
   908    712
   909    712
   905    713
   906    713
   907    713
   908    713
   909    713
   905    714
   906    714
   907    714
   908    714
   909    714
   905    715
   906    715
   907    715
   908    715
   909    715
   904    716
   905    716
   906    716
   907    716
   908    716
   909    716
   904    717
   905    717
   906    717
   907    717
   908    717
   909    717
   904    718
   905    718
   906    718
   907    718
   908    718
   909    718
   904    719
   905    719
   906    719
   907    719
   908    719
   909    719
   904    720
   905    720
   906    720
   907    720
   908    720
   909    720
   904    721
   905    721
   906    721
   907    721
   908    721
   909    721
   904    722
   905    722
   906    722
   907    722
   908    722
   909    722
   904    723
   905    723
   906    723
   907    723
   908    723
   909    723
   903    724
   904    724
   905    724
   906    724
   907    724
   908    724
   909    724
   903    725
   904    725
   905    725
   906    725
   907    725
   908    725
   909    725
   904    726
   905    726
   906    726
   907    726
   908    726
   909    726
   903    727
   904    727
   905    727
   906    727
   907    727
   908    727
   909    727
   903    728
   904    728
   905    728
   906    728
   907    728
   908    728
   909    728
   903    729
   904    729
   905    729
   906    729
   907    729
   908    729
   909    729
   903    730
   904    730
   905    730
   906    730
   907    730
   908    730
   909    730
   903    731
   904    731
   905    731
   906    731
   907    731
   908    731
   909    731
   903    732
   904    732
   905    732
   906    732
   907    732
   908    732
   909    732
   910    732
   903    733
   904    733
   905    733
   906    733
   907    733
   908    733
   909    733
   910    733
   903    734
   904    734
   905    734
   906    734
   907    734
   908    734
   909    734
   910    734
   903    735
   904    735
   905    735
   906    735
   907    735
   908    735
   909    735
   910    735
   903    736
   904    736
   905    736
   906    736
   907    736
   908    736
   909    736
   910    736
   911    736
   902    737
   903    737
   904    737
   905    737
   906    737
   907    737
   908    737
   909    737
   910    737
   911    737
   912    737
   901    738
   902    738
   903    738
   904    738
   905    738
   906    738
   907    738
   908    738
   909    738
   910    738
   911    738
   912    738
   913    738
   899    739
   900    739
   901    739
   902    739
   903    739
   904    739
   905    739
   906    739
   907    739
   908    739
   909    739
   910    739
   911    739
   912    739
   913    739
   914    739
   915    739
   897    740
   898    740
   899    740
   900    740
   901    740
   902    740
   903    740
   904    740
   905    740
   906    740
   907    740
   908    740
   909    740
   910    740
   911    740
   912    740
   913    740
   914    740
   915    740
   916    740
   917    740
   894    741
   895    741
   896    741
   899    741
   900    741
   901    741
   902    741
   903    741
   904    741
   905    741
   906    741
   907    741
   908    741
   909    741
   910    741
   911    741
   912    741
   913    741
   914    741
   915    741
   916    741
   917    741
   918    741
   919    741
   920    741
   898    742
   899    742
   902    742
   903    742
   904    742
   905    742
   906    742
   907    742
   908    742
   909    742
   910    742
   914    742
   915    742
   916    742
   917    742
   918    742
   919    742
   920    742
   921    742
   922    742
   923    742
   902    743
   903    743
   904    743
   905    743
   906    743
   907    743
   908    743
   909    743
   910    743
   917    743
   918    743
   919    743
   920    743
   923    743
   924    743
   925    743
   902    744
   903    744
   904    744
   905    744
   906    744
   907    744
   908    744
   909    744
   910    744
   919    744
   920    744
   921    744
   922    744
   923    744
   925    744
   926    744
   927    744
   928    744
   937    744
   938    744
   939    744
   940    744
   941    744
   942    744
   901    745
   902    745
   903    745
   904    745
   905    745
   906    745
   907    745
   908    745
   909    745
   910    745
   915    745
   916    745
   917    745
   918    745
   919    745
   922    745
   923    745
   924    745
   925    745
   926    745
   927    745
   928    745
   929    745
   930    745
   931    745
   938    745
   939    745
   940    745
   941    745
   942    745
   943    745
   944    745
   945    745
   901    746
   902    746
   903    746
   904    746
   905    746
   906    746
   907    746
   908    746
   909    746
   918    746
   919    746
   920    746
   921    746
   922    746
   926    746
   927    746
   928    746
   929    746
   930    746
   931    746
   932    746
   933    746
   934    746
   935    746
   941    746
   942    746
   943    746
   944    746
   945    746
   946    746
   947    746
   948    746
   949    746
   950    746
   901    747
   902    747
   903    747
   904    747
   905    747
   906    747
   907    747
   908    747
   909    747
   910    747
   917    747
   918    747
   919    747
   920    747
   921    747
   922    747
   923    747
   924    747
   925    747
   926    747
   930    747
   931    747
   932    747
   933    747
   934    747
   935    747
   936    747
   937    747
   938    747
   939    747
   945    747
   946    747
   947    747
   948    747
   949    747
   950    747
   951    747
   952    747
   953    747
   954    747
   901    748
   902    748
   903    748
   904    748
   905    748
   906    748
   907    748
   908    748
   909    748
   922    748
   923    748
   924    748
   925    748
   926    748
   927    748
   928    748
   929    748
   930    748
   934    748
   935    748
   936    748
   937    748
   938    748
   939    748
   940    748
   941    748
   942    748
   943    748
   944    748
   950    748
   951    748
   952    748
   953    748
   954    748
   955    748
   956    748
   957    748
   958    748
   959    748
   901    749
   902    749
   903    749
   904    749
   905    749
   906    749
   907    749
   908    749
   909    749
   926    749
   927    749
   928    749
   929    749
   930    749
   931    749
   932    749
   933    749
   934    749
   938    749
   939    749
   940    749
   941    749
   942    749
   943    749
   944    749
   945    749
   946    749
   947    749
   948    749
   949    749
   955    749
   956    749
   957    749
   958    749
   959    749
   960    749
   961    749
   962    749
   963    749
   964    749
   965    749
   900    750
   901    750
   902    750
   903    750
   904    750
   905    750
   906    750
   907    750
   908    750
   909    750
   910    750
   931    750
   932    750
   933    750
   934    750
   935    750
   936    750
   937    750
   938    750
   939    750
   940    750
   943    750
   944    750
   945    750
   946    750
   947    750
   948    750
   949    750
   950    750
   951    750
   952    750
   953    750
   954    750
   960    750
   961    750
   962    750
   963    750
   964    750
   965    750
   966    750
   969    750
   970    750
   901    751
   902    751
   903    751
   904    751
   905    751
   906    751
   907    751
   908    751
   909    751
   910    751
   936    751
   937    751
   938    751
   940    751
   941    751
   942    751
   943    751
   944    751
   945    751
   950    751
   951    751
   952    751
   958    751
   959    751
   960    751
   961    751
   967    751
   968    751
   969    751
   970    751
   971    751
   901    752
   902    752
   903    752
   904    752
   905    752
   906    752
   907    752
   908    752
   909    752
   910    752
   941    752
   942    752
   943    752
   950    752
   962    752
   963    752
   964    752
   965    752
   966    752
   967    752
   901    753
   902    753
   903    753
   904    753
   905    753
   906    753
   907    753
   908    753
   909    753
   910    753
   961    753
   962    753
   963    753
   965    753
   966    753
   967    753
   968    753
   969    753
   970    753
   971    753
   972    753
   901    754
   902    754
   903    754
   904    754
   905    754
   906    754
   907    754
   908    754
   909    754
   910    754
   968    754
   969    754
   970    754
   971    754
   972    754
   973    754
   974    754
   975    754
   976    754
   978    754
   979    754
   980    754
   996    754
   997    754
   901    755
   902    755
   903    755
   904    755
   905    755
   906    755
   907    755
   908    755
   909    755
   910    755
   975    755
   976    755
   977    755
   978    755
   979    755
   985    755
   986    755
   987    755
   994    755
   995    755
   996    755
   997    755
   998    755
   999    755
  1000    755
  1001    755
  1002    755
  1003    755
  1004    755
  1005    755
  1006    755
   901    756
   902    756
   903    756
   904    756
   905    756
   906    756
   907    756
   908    756
   909    756
   910    756
   970    756
   971    756
   972    756
   973    756
   974    756
   975    756
   976    756
   982    756
   983    756
   984    756
   985    756
   986    756
   989    756
   990    756
   991    756
   992    756
   993    756
  1001    756
  1002    756
  1003    756
  1004    756
  1005    756
  1006    756
  1007    756
  1008    756
  1009    756
  1010    756
  1011    756
  1012    756
  1021    756
  1022    756
  1023    756
  1024    756
  1025    756
   901    757
   902    757
   903    757
   904    757
   905    757
   906    757
   907    757
   908    757
   909    757
   910    757
   971    757
   972    757
   973    757
   974    757
   976    757
   977    757
   978    757
   979    757
   980    757
   981    757
   988    757
   989    757
   990    757
   991    757
   994    757
   995    757
   996    757
   997    757
   998    757
   999    757
  1000    757
  1001    757
  1008    757
  1009    757
  1010    757
  1011    757
  1012    757
  1013    757
  1014    757
  1015    757
  1016    757
  1017    757
  1018    757
  1019    757
  1020    757
   901    758
   902    758
   903    758
   904    758
   905    758
   906    758
   907    758
   908    758
   909    758
   975    758
   976    758
   977    758
   983    758
   984    758
   985    758
   986    758
   995    758
   996    758
   997    758
   998    758
   999    758
  1000    758
  1001    758
  1002    758
  1003    758
  1004    758
  1005    758
  1006    758
  1007    758
  1015    758
  1016    758
  1017    758
  1018    758
  1019    758
  1020    758
  1021    758
  1022    758
  1023    758
  1024    758
  1025    758
  1026    758
  1027    758
   900    759
   901    759
   902    759
   903    759
   904    759
   905    759
   906    759
   907    759
   908    759
   909    759
   910    759
   970    759
   971    759
   972    759
   983    759
   984    759
   992    759
   993    759
   994    759
  1003    759
  1004    759
  1005    759
  1006    759
  1007    759
  1008    759
  1009    759
  1010    759
  1011    759
  1012    759
  1013    759
  1014    759
  1015    759
  1016    759
  1025    759
  1026    759
  1027    759
  1028    759
  1029    759
  1030    759
  1031    759
  1032    759
  1033    759
  1034    759
  1035    759
  1036    759
  1037    759
  1038    759
   900    760
   901    760
   902    760
   903    760
   904    760
   905    760
   906    760
   907    760
   908    760
   909    760
   989    760
   990    760
   991    760
  1000    760
  1001    760
  1002    760
  1003    760
  1012    760
  1013    760
  1014    760
  1015    760
  1016    760
  1017    760
  1018    760
  1019    760
  1020    760
  1021    760
  1022    760
  1023    760
  1024    760
  1034    760
  1035    760
  1036    760
  1037    760
  1038    760
  1039    760
  1040    760
  1041    760
  1042    760
  1043    760
  1044    760
  1045    760
  1046    760
  1047    760
  1048    760
  1049    760
  1050    760
   900    761
   901    761
   902    761
   903    761
   904    761
   905    761
   906    761
   907    761
   908    761
   909    761
   910    761
  1000    761
  1001    761
  1002    761
  1003    761
  1004    761
  1005    761
  1010    761
  1011    761
  1020    761
  1021    761
  1022    761
  1023    761
  1024    761
  1025    761
  1026    761
  1027    761
  1028    761
  1029    761
  1030    761
  1031    761
  1032    761
  1033    761
  1034    761
  1044    761
  1045    761
  1046    761
  1047    761
  1048    761
  1049    761
  1050    761
  1051    761
  1052    761
  1053    761
  1054    761
  1055    761
  1056    761
  1057    761
  1058    761
   900    762
   901    762
   902    762
   903    762
   904    762
   905    762
   906    762
   907    762
   908    762
   909    762
  1017    762
  1018    762
  1019    762
  1020    762
  1029    762
  1030    762
  1031    762
  1032    762
  1033    762
  1034    762
  1035    762
  1036    762
  1037    762
  1038    762
  1039    762
  1040    762
  1041    762
  1042    762
  1043    762
  1044    762
  1045    762
  1054    762
  1055    762
  1056    762
  1057    762
  1058    762
   900    763
   901    763
   902    763
   903    763
   904    763
   905    763
   906    763
   907    763
   908    763
   909    763
   910    763
  1019    763
  1020    763
  1021    763
  1022    763
  1024    763
  1025    763
  1026    763
  1027    763
  1028    763
  1029    763
  1030    763
  1031    763
  1032    763
  1033    763
  1034    763
  1035    763
  1039    763
  1040    763
  1041    763
  1042    763
  1043    763
  1044    763
  1045    763
  1052    763
  1053    763
   900    764
   901    764
   902    764
   903    764
   904    764
   905    764
   906    764
   907    764
   908    764
   909    764
   910    764
  1031    764
  1032    764
  1033    764
  1036    764
  1037    764
  1038    764
  1039    764
  1040    764
  1041    764
  1042    764
  1043    764
  1063    764
  1064    764
  1065    764
   900    765
   901    765
   902    765
   903    765
   904    765
   905    765
   906    765
   907    765
   908    765
   909    765
   910    765
  1076    765
  1077    765
  1078    765
  1079    765
  1080    765
  1081    765
  1127    765
  1128    765
  1129    765
  1130    765
  1131    765
  1132    765
   899    766
   900    766
   901    766
   902    766
   903    766
   904    766
   905    766
   906    766
   907    766
   908    766
   909    766
   910    766
  1039    766
  1040    766
  1041    766
  1078    766
  1079    766
  1080    766
  1081    766
  1082    766
  1083    766
  1084    766
  1085    766
  1086    766
  1087    766
  1088    766
  1089    766
  1090    766
  1091    766
  1092    766
  1093    766
  1094    766
  1095    766
  1102    766
  1103    766
  1104    766
  1105    766
  1106    766
  1107    766
  1108    766
  1109    766
  1110    766
  1111    766
  1112    766
  1113    766
  1114    766
  1115    766
  1116    766
  1117    766
  1118    766
  1119    766
  1120    766
  1121    766
   899    767
   900    767
   901    767
   902    767
   903    767
   904    767
   905    767
   906    767
   907    767
   908    767
   909    767
   910    767
  1075    767
  1076    767
  1077    767
  1078    767
  1079    767
  1080    767
  1090    767
  1091    767
  1092    767
  1093    767
  1096    767
  1097    767
  1098    767
  1099    767
  1100    767
  1101    767
  1102    767
  1103    767
  1104    767
  1105    767
  1106    767
  1107    767
  1121    767
  1122    767
  1123    767
  1124    767
  1125    767
  1126    767
  1127    767
  1128    767
  1129    767
  1130    767
  1131    767
  1132    767
  1133    767
  1134    767
  1135    767
   900    768
   901    768
   902    768
   903    768
   904    768
   905    768
   906    768
   907    768
   908    768
   909    768
   910    768
  1074    768
  1075    768
  1077    768
  1079    768
  1080    768
  1081    768
  1089    768
  1090    768
  1102    768
  1103    768
  1104    768
  1105    768
  1106    768
  1107    768
  1108    768
  1109    768
  1110    768
  1111    768
  1112    768
  1113    768
  1114    768
  1115    768
  1116    768
  1117    768
  1118    768
  1119    768
  1120    768
  1132    768
  1133    768
  1134    768
  1135    768
  1136    768
  1137    768
  1138    768
  1139    768
  1140    768
  1141    768
  1142    768
  1143    768
  1144    768
  1145    768
  1146    768
  1147    768
  1148    768
  1149    768
  1150    768
  1151    768
  1152    768
   899    769
   900    769
   901    769
   902    769
   903    769
   904    769
   905    769
   906    769
   907    769
   908    769
   909    769
   910    769
  1085    769
  1086    769
  1087    769
  1088    769
  1097    769
  1098    769
  1099    769
  1100    769
  1113    769
  1114    769
  1115    769
  1116    769
  1117    769
  1118    769
  1119    769
  1120    769
  1121    769
  1122    769
  1123    769
  1124    769
  1125    769
  1126    769
  1127    769
  1128    769
  1129    769
  1130    769
  1131    769
  1132    769
  1147    769
  1148    769
  1149    769
  1156    769
  1157    769
  1158    769
  1159    769
  1160    769
  1161    769
  1162    769
  1163    769
  1164    769
  1165    769
  1166    769
  1167    769
   899    770
   900    770
   901    770
   902    770
   903    770
   904    770
   905    770
   906    770
   907    770
   908    770
   909    770
   910    770
  1096    770
  1097    770
  1098    770
  1099    770
  1100    770
  1101    770
  1102    770
  1108    770
  1109    770
  1110    770
  1111    770
  1125    770
  1126    770
  1127    770
  1128    770
  1129    770
  1130    770
  1131    770
  1132    770
  1133    770
  1134    770
  1135    770
  1136    770
  1137    770
  1138    770
  1139    770
  1140    770
  1141    770
  1142    770
  1143    770
  1144    770
  1162    770
  1163    770
  1164    770
  1165    770
  1166    770
  1167    770
  1168    770
  1169    770
  1170    770
  1171    770
  1172    770
  1173    770
  1174    770
  1175    770
  1176    770
  1177    770
  1178    770
  1179    770
  1180    770
  1181    770
  1182    770
  1183    770
  1184    770
  1185    770
  1186    770
  1187    770
  1188    770
  1189    770
   899    771
   900    771
   901    771
   902    771
   903    771
   904    771
   905    771
   906    771
   907    771
   908    771
   909    771
   910    771
  1112    771
  1113    771
  1114    771
  1115    771
  1120    771
  1121    771
  1122    771
  1123    771
  1124    771
  1139    771
  1140    771
  1141    771
  1142    771
  1143    771
  1144    771
  1145    771
  1146    771
  1147    771
  1148    771
  1149    771
  1150    771
  1151    771
  1152    771
  1153    771
  1154    771
  1155    771
  1156    771
  1157    771
  1158    771
  1159    771
  1160    771
  1161    771
  1162    771
  1163    771
  1184    771
  1185    771
  1186    771
  1187    771
  1188    771
  1189    771
  1190    771
  1191    771
  1192    771
  1193    771
  1194    771
  1195    771
  1196    771
  1197    771
  1198    771
  1199    771
  1200    771
  1201    771
  1202    771
  1203    771
  1204    771
  1205    771
  1206    771
  1207    771
  1208    771
   899    772
   900    772
   901    772
   902    772
   903    772
   904    772
   905    772
   906    772
   907    772
   908    772
   909    772
   910    772
  1129    772
  1130    772
  1131    772
  1134    772
  1135    772
  1136    772
  1137    772
  1138    772
  1139    772
  1140    772
  1141    772
  1142    772
  1143    772
  1156    772
  1157    772
  1158    772
  1159    772
  1160    772
  1161    772
  1162    772
  1163    772
  1164    772
  1165    772
  1166    772
  1167    772
  1168    772
  1169    772
  1170    772
  1171    772
  1172    772
  1173    772
  1174    772
  1175    772
  1176    772
  1177    772
  1197    772
  1198    772
  1199    772
  1200    772
  1201    772
  1202    772
  1203    772
  1204    772
  1205    772
  1206    772
  1207    772
  1208    772
  1209    772
  1212    772
  1213    772
  1214    772
  1215    772
  1216    772
  1217    772
  1218    772
  1219    772
  1220    772
  1221    772
  1222    772
  1223    772
   899    773
   900    773
   901    773
   902    773
   903    773
   904    773
   905    773
   906    773
   907    773
   908    773
   909    773
   910    773
  1141    773
  1142    773
  1143    773
  1144    773
  1145    773
  1148    773
  1149    773
  1150    773
  1151    773
  1152    773
  1153    773
  1154    773
  1155    773
  1156    773
  1157    773
  1158    773
  1170    773
  1171    773
  1172    773
  1173    773
  1174    773
  1175    773
  1176    773
  1177    773
  1178    773
  1179    773
  1180    773
  1181    773
  1182    773
  1183    773
  1184    773
  1185    773
  1186    773
  1187    773
  1188    773
  1189    773
  1190    773
  1191    773
  1192    773
  1193    773
  1194    773
  1195    773
  1196    773
  1218    773
  1219    773
  1220    773
  1221    773
   899    774
   900    774
   901    774
   902    774
   903    774
   904    774
   905    774
   906    774
   907    774
   908    774
   909    774
   910    774
  1152    774
  1153    774
  1154    774
  1155    774
  1156    774
  1157    774
  1164    774
  1165    774
  1166    774
  1167    774
  1168    774
  1169    774
  1170    774
  1171    774
  1172    774
  1173    774
  1174    774
  1175    774
  1176    774
  1177    774
  1188    774
  1189    774
  1190    774
  1191    774
  1192    774
  1193    774
  1194    774
  1195    774
  1196    774
  1197    774
  1198    774
  1199    774
  1200    774
  1201    774
  1202    774
  1203    774
  1204    774
  1205    774
  1212    774
  1213    774
   899    775
   900    775
   901    775
   902    775
   903    775
   904    775
   905    775
   906    775
   907    775
   908    775
   909    775
   910    775
  1187    775
  1188    775
  1189    775
  1190    775
  1191    775
  1192    775
  1193    775
  1194    775
  1195    775
  1196    775
  1197    775
  1210    775
   898    776
   899    776
   900    776
   901    776
   902    776
   903    776
   904    776
   905    776
   906    776
   907    776
   908    776
   909    776
   910    776
  1192    776
  1193    776
  1194    776
  1195    776
  1196    776
  1197    776
  1198    776
  1199    776
  1200    776
  1202    776
  1203    776
  1204    776
   899    777
   900    777
   901    777
   902    777
   903    777
   904    777
   905    777
   906    777
   907    777
   908    777
   909    777
   910    777
   898    778
   899    778
   900    778
   901    778
   902    778
   903    778
   904    778
   905    778
   906    778
   907    778
   908    778
   909    778
   910    778
   898    779
   899    779
   900    779
   901    779
   902    779
   903    779
   904    779
   905    779
   906    779
   907    779
   908    779
   909    779
   910    779
   898    780
   899    780
   900    780
   901    780
   902    780
   903    780
   904    780
   905    780
   906    780
   907    780
   908    780
   909    780
   910    780
   898    781
   899    781
   900    781
   901    781
   902    781
   903    781
   904    781
   905    781
   906    781
   907    781
   908    781
   909    781
   910    781
   898    782
   899    782
   900    782
   901    782
   902    782
   903    782
   904    782
   905    782
   906    782
   907    782
   908    782
   909    782
   910    782
   897    783
   898    783
   899    783
   900    783
   901    783
   902    783
   903    783
   904    783
   905    783
   906    783
   907    783
   908    783
   909    783
   910    783
   911    783
   897    784
   898    784
   899    784
   900    784
   901    784
   902    784
   903    784
   904    784
   905    784
   906    784
   907    784
   908    784
   909    784
   910    784
   897    785
   898    785
   899    785
   900    785
   901    785
   902    785
   903    785
   904    785
   905    785
   906    785
   907    785
   908    785
   909    785
   910    785
   897    786
   898    786
   899    786
   900    786
   901    786
   902    786
   903    786
   904    786
   905    786
   906    786
   907    786
   908    786
   909    786
   910    786
   896    787
   897    787
   898    787
   899    787
   900    787
   901    787
   902    787
   903    787
   904    787
   905    787
   906    787
   907    787
   908    787
   910    787
   911    787
   899    788
   900    788
   901    788
   902    788
   903    788
   904    788
   905    788
   906    788
   907    788
   908    788
   902    789
   903    789
   904    789
   905    789
   906    789
