   905    704
   906    704
   907    704
   905    705
   906    705
   907    705
   905    706
   906    706
   907    706
   905    707
   906    707
   905    708
   906    708
   907    708
   905    709
   906    709
   907    709
   906    710
   907    710
   905    711
   906    711
   907    711
   905    712
   906    712
   907    712
   904    713
   905    713
   906    713
   904    714
   905    714
   906    714
   907    714
   905    715
   906    715
   907    715
   904    716
   905    716
   906    716
   907    716
   904    717
   905    717
   906    717
   907    717
   904    718
   905    718
   906    718
   907    718
   904    719
   905    719
   906    719
   907    719
   904    720
   905    720
   906    720
   907    720
   908    720
   904    721
   905    721
   906    721
   907    721
   908    721
   909    721
   904    722
   905    722
   906    722
   907    722
   908    722
   909    722
   904    723
   905    723
   906    723
   907    723
   908    723
   909    723
   903    724
   904    724
   905    724
   906    724
   907    724
   908    724
   909    724
   903    725
   904    725
   905    725
   906    725
   907    725
   908    725
   909    725
   904    726
   905    726
   906    726
   907    726
   908    726
   909    726
   903    727
   904    727
   905    727
   906    727
   907    727
   908    727
   903    728
   904    728
   905    728
   906    728
   907    728
   908    728
   909    728
   903    729
   904    729
   905    729
   906    729
   907    729
   908    729
   909    729
   903    730
   904    730
   905    730
   906    730
   907    730
   908    730
   909    730
   903    731
   904    731
   905    731
   906    731
   907    731
   908    731
   909    731
   902    732
   903    732
   904    732
   905    732
   906    732
   907    732
   908    732
   909    732
   903    733
   904    733
   905    733
   906    733
   907    733
   908    733
   909    733
   903    734
   904    734
   905    734
   906    734
   907    734
   908    734
   909    734
   903    735
   904    735
   905    735
   906    735
   907    735
   908    735
   909    735
   903    736
   904    736
   905    736
   906    736
   907    736
   908    736
   909    736
   910    736
   903    737
   904    737
   905    737
   906    737
   907    737
   908    737
   909    737
   910    737
   902    738
   903    738
   904    738
   905    738
   906    738
   907    738
   908    738
   909    738
   910    738
   911    738
   912    738
   901    739
   902    739
   903    739
   904    739
   905    739
   906    739
   907    739
   908    739
   909    739
   910    739
   911    739
   912    739
   913    739
   900    740
   901    740
   902    740
   903    740
   904    740
   905    740
   906    740
   907    740
   908    740
   909    740
   910    740
   911    740
   912    740
   913    740
   914    740
   915    740
   898    741
   899    741
   900    741
   901    741
   902    741
   903    741
   904    741
   905    741
   906    741
   907    741
   908    741
   909    741
   910    741
   911    741
   912    741
   913    741
   914    741
   915    741
   916    741
   917    741
   896    742
   897    742
   898    742
   899    742
   900    742
   901    742
   902    742
   903    742
   904    742
   905    742
   906    742
   907    742
   908    742
   909    742
   910    742
   911    742
   912    742
   913    742
   914    742
   915    742
   917    742
   918    742
   919    742
   898    743
   899    743
   900    743
   901    743
   902    743
   903    743
   904    743
   905    743
   906    743
   907    743
   908    743
   909    743
   910    743
   912    743
   913    743
   914    743
   915    743
   916    743
   919    743
   920    743
   921    743
   902    744
   903    744
   904    744
   905    744
   906    744
   907    744
   908    744
   909    744
   910    744
   914    744
   915    744
   916    744
   917    744
   918    744
   921    744
   922    744
   923    744
   901    745
   902    745
   903    745
   904    745
   905    745
   906    745
   907    745
   908    745
   909    745
   910    745
   917    745
   918    745
   919    745
   920    745
   921    745
   922    745
   923    745
   924    745
   925    745
   926    745
   901    746
   902    746
   903    746
   904    746
   905    746
   906    746
   907    746
   908    746
   909    746
   920    746
   921    746
   922    746
   923    746
   924    746
   925    746
   926    746
   927    746
   928    746
   929    746
   936    746
   937    746
   902    747
   903    747
   904    747
   905    747
   906    747
   907    747
   908    747
   909    747
   915    747
   916    747
   917    747
   918    747
   919    747
   920    747
   923    747
   924    747
   925    747
   926    747
   927    747
   928    747
   929    747
   930    747
   931    747
   932    747
   933    747
   938    747
   939    747
   940    747
   941    747
   943    747
   944    747
   945    747
   946    747
   947    747
   952    747
   953    747
   955    747
   901    748
   902    748
   903    748
   904    748
   905    748
   906    748
   907    748
   908    748
   909    748
   918    748
   919    748
   920    748
   921    748
   922    748
   923    748
   926    748
   927    748
   928    748
   929    748
   930    748
   931    748
   932    748
   933    748
   934    748
   935    748
   936    748
   941    748
   942    748
   943    748
   944    748
   945    748
   946    748
   947    748
   948    748
   949    748
   950    748
   962    748
   963    748
   901    749
   902    749
   903    749
   904    749
   905    749
   906    749
   907    749
   908    749
   909    749
   918    749
   919    749
   920    749
   921    749
   922    749
   923    749
   924    749
   925    749
   926    749
   927    749
   930    749
   931    749
   932    749
   933    749
   934    749
   935    749
   936    749
   937    749
   938    749
   939    749
   940    749
   945    749
   946    749
   947    749
   948    749
   949    749
   950    749
   951    749
   952    749
   953    749
   954    749
   955    749
   901    750
   902    750
   903    750
   904    750
   905    750
   906    750
   907    750
   908    750
   909    750
   910    750
   922    750
   923    750
   924    750
   925    750
   926    750
   927    750
   928    750
   929    750
   930    750
   931    750
   935    750
   936    750
   937    750
   938    750
   939    750
   940    750
   941    750
   942    750
   943    750
   944    750
   945    750
   950    750
   951    750
   952    750
   953    750
   954    750
   955    750
   956    750
   957    750
   958    750
   959    750
   960    750
   901    751
   902    751
   903    751
   904    751
   905    751
   906    751
   907    751
   908    751
   909    751
   926    751
   927    751
   928    751
   929    751
   930    751
   931    751
   932    751
   933    751
   934    751
   935    751
   939    751
   940    751
   941    751
   942    751
   943    751
   944    751
   945    751
   946    751
   947    751
   948    751
   949    751
   950    751
   956    751
   957    751
   958    751
   959    751
   960    751
   962    751
   963    751
   964    751
   965    751
   966    751
   967    751
   901    752
   902    752
   903    752
   904    752
   905    752
   906    752
   907    752
   908    752
   909    752
   931    752
   932    752
   933    752
   934    752
   935    752
   936    752
   937    752
   938    752
   939    752
   940    752
   945    752
   946    752
   947    752
   948    752
   949    752
   950    752
   951    752
   952    752
   953    752
   954    752
   955    752
   962    752
   963    752
   964    752
   965    752
   967    752
   968    752
   969    752
   970    752
   971    752
   972    752
   900    753
   901    753
   902    753
   903    753
   904    753
   905    753
   906    753
   907    753
   908    753
   909    753
   935    753
   936    753
   937    753
   938    753
   939    753
   940    753
   941    753
   942    753
   943    753
   944    753
   945    753
   950    753
   951    753
   952    753
   953    753
   957    753
   958    753
   959    753
   960    753
   967    753
   968    753
   969    753
   970    753
   971    753
   972    753
   973    753
   974    753
   975    753
   901    754
   902    754
   903    754
   904    754
   905    754
   906    754
   907    754
   908    754
   909    754
   941    754
   942    754
   943    754
   944    754
   947    754
   948    754
   949    754
   955    754
   956    754
   957    754
   958    754
   963    754
   964    754
   965    754
   973    754
   974    754
   975    754
   976    754
   977    754
   978    754
   901    755
   902    755
   903    755
   904    755
   905    755
   906    755
   907    755
   908    755
   909    755
   961    755
   962    755
   963    755
   968    755
   969    755
   970    755
   971    755
   972    755
   900    756
   901    756
   902    756
   903    756
   904    756
   905    756
   906    756
   907    756
   908    756
   909    756
   968    756
   969    756
   970    756
   971    756
   972    756
   973    756
   974    756
   975    756
   976    756
   977    756
   978    756
   979    756
   980    756
   901    757
   902    757
   903    757
   904    757
   905    757
   906    757
   907    757
   908    757
   909    757
   910    757
   975    757
   976    757
   977    757
   978    757
   979    757
   980    757
   981    757
   982    757
   983    757
   984    757
   985    757
   986    757
  1000    757
  1001    757
  1002    757
  1003    757
  1004    757
  1005    757
   901    758
   902    758
   903    758
   904    758
   905    758
   906    758
   907    758
   908    758
   909    758
   969    758
   970    758
   971    758
   972    758
   973    758
   974    758
   981    758
   982    758
   983    758
   991    758
   992    758
   993    758
  1001    758
  1002    758
  1003    758
  1004    758
  1005    758
  1006    758
  1007    758
  1008    758
  1009    758
  1010    758
  1011    758
  1012    758
  1013    758
  1024    758
  1025    758
  1026    758
  1027    758
   900    759
   901    759
   902    759
   903    759
   904    759
   905    759
   906    759
   907    759
   908    759
   909    759
   910    759
   968    759
   969    759
   970    759
   971    759
   972    759
   973    759
   975    759
   976    759
   977    759
   978    759
   979    759
   987    759
   988    759
   997    759
   998    759
   999    759
  1000    759
  1008    759
  1009    759
  1010    759
  1011    759
  1012    759
  1013    759
  1014    759
  1015    759
  1016    759
  1017    759
  1018    759
  1019    759
  1020    759
  1028    759
  1029    759
  1030    759
  1031    759
  1032    759
  1033    759
   900    760
   901    760
   902    760
   903    760
   904    760
   905    760
   906    760
   907    760
   908    760
   909    760
   974    760
   975    760
   976    760
   977    760
   982    760
   983    760
   984    760
   993    760
   994    760
   995    760
   996    760
   997    760
   998    760
   999    760
  1000    760
  1001    760
  1002    760
  1003    760
  1004    760
  1005    760
  1006    760
  1014    760
  1015    760
  1016    760
  1017    760
  1018    760
  1019    760
  1020    760
  1021    760
  1022    760
  1023    760
  1024    760
  1025    760
  1026    760
   900    761
   901    761
   902    761
   903    761
   904    761
   905    761
   906    761
   907    761
   908    761
   909    761
   981    761
   982    761
   990    761
   991    761
   992    761
  1000    761
  1001    761
  1002    761
  1003    761
  1004    761
  1005    761
  1006    761
  1007    761
  1008    761
  1009    761
  1010    761
  1011    761
  1012    761
  1020    761
  1021    761
  1022    761
  1023    761
  1024    761
  1025    761
  1026    761
  1027    761
  1028    761
  1029    761
  1030    761
  1031    761
  1032    761
  1033    761
  1044    761
  1045    761
  1046    761
  1047    761
  1048    761
  1049    761
   900    762
   901    762
   902    762
   903    762
   904    762
   905    762
   906    762
   907    762
   908    762
   909    762
   997    762
   998    762
   999    762
  1000    762
  1010    762
  1011    762
  1012    762
  1013    762
  1014    762
  1015    762
  1016    762
  1017    762
  1018    762
  1019    762
  1020    762
  1029    762
  1030    762
  1031    762
  1032    762
  1033    762
  1034    762
  1035    762
  1036    762
  1037    762
  1038    762
  1039    762
  1040    762
  1041    762
  1042    762
   899    763
   900    763
   901    763
   902    763
   903    763
   904    763
   905    763
   906    763
   907    763
   908    763
   909    763
   910    763
  1004    763
  1005    763
  1006    763
  1007    763
  1008    763
  1009    763
  1018    763
  1019    763
  1020    763
  1021    763
  1022    763
  1023    763
  1024    763
  1025    763
  1026    763
  1027    763
  1028    763
  1029    763
  1030    763
  1038    763
  1039    763
  1040    763
  1041    763
  1042    763
  1043    763
  1044    763
  1045    763
  1046    763
  1047    763
  1048    763
  1049    763
  1050    763
  1051    763
  1063    763
  1064    763
  1065    763
  1066    763
   900    764
   901    764
   902    764
   903    764
   904    764
   905    764
   906    764
   907    764
   908    764
   909    764
   910    764
  1005    764
  1006    764
  1007    764
  1014    764
  1015    764
  1016    764
  1017    764
  1018    764
  1029    764
  1030    764
  1031    764
  1032    764
  1033    764
  1034    764
  1035    764
  1036    764
  1037    764
  1038    764
  1039    764
  1040    764
  1041    764
  1042    764
  1043    764
  1047    764
  1048    764
  1049    764
  1050    764
  1051    764
  1052    764
  1053    764
  1054    764
  1055    764
  1056    764
  1057    764
  1058    764
  1059    764
  1060    764
  1061    764
  1062    764
   900    765
   901    765
   902    765
   903    765
   904    765
   905    765
   906    765
   907    765
   908    765
   909    765
  1014    765
  1015    765
  1023    765
  1024    765
  1025    765
  1026    765
  1037    765
  1038    765
  1039    765
  1040    765
  1041    765
  1042    765
  1043    765
  1044    765
  1045    765
  1046    765
  1047    765
  1048    765
  1049    765
  1050    765
  1051    765
  1052    765
  1053    765
  1062    765
  1063    765
  1064    765
  1065    765
   899    766
   900    766
   901    766
   902    766
   903    766
   904    766
   905    766
   906    766
   907    766
   908    766
   909    766
   910    766
  1023    766
  1024    766
  1025    766
  1026    766
  1027    766
  1028    766
  1029    766
  1030    766
  1031    766
  1032    766
  1033    766
  1034    766
  1035    766
  1036    766
  1046    766
  1047    766
  1048    766
  1049    766
  1052    766
  1053    766
  1056    766
  1057    766
  1058    766
  1059    766
  1060    766
  1061    766
  1062    766
   899    767
   900    767
   901    767
   902    767
   903    767
   904    767
   905    767
   906    767
   907    767
   908    767
   909    767
  1031    767
  1032    767
  1033    767
  1034    767
  1035    767
  1036    767
  1037    767
  1038    767
  1039    767
  1040    767
  1041    767
  1042    767
  1043    767
  1044    767
  1045    767
  1046    767
  1054    767
  1055    767
  1069    767
  1070    767
  1071    767
  1126    767
   900    768
   901    768
   902    768
   903    768
   904    768
   905    768
   906    768
   907    768
   908    768
   909    768
   910    768
  1083    768
  1084    768
  1085    768
  1109    768
  1110    768
  1111    768
  1112    768
  1113    768
  1136    768
  1137    768
  1138    768
  1139    768
  1140    768
   899    769
   900    769
   901    769
   902    769
   903    769
   904    769
   905    769
   906    769
   907    769
   908    769
   909    769
  1082    769
  1084    769
  1085    769
  1086    769
  1087    769
  1088    769
  1091    769
  1092    769
  1093    769
  1094    769
  1095    769
  1096    769
  1106    769
  1107    769
  1108    769
  1109    769
  1110    769
  1111    769
  1112    769
  1113    769
  1114    769
  1115    769
  1116    769
  1117    769
  1118    769
  1119    769
  1120    769
  1121    769
  1122    769
  1123    769
  1124    769
  1125    769
  1126    769
  1127    769
  1128    769
  1129    769
  1130    769
   899    770
   900    770
   901    770
   902    770
   903    770
   904    770
   905    770
   906    770
   907    770
   908    770
   909    770
  1089    770
  1090    770
  1091    770
  1092    770
  1093    770
  1094    770
  1095    770
  1096    770
  1097    770
  1098    770
  1099    770
  1100    770
  1101    770
  1105    770
  1106    770
  1107    770
  1121    770
  1122    770
  1123    770
  1124    770
  1125    770
  1126    770
  1127    770
  1128    770
  1129    770
  1130    770
  1131    770
  1132    770
  1133    770
  1134    770
  1135    770
  1136    770
  1137    770
  1138    770
  1139    770
  1160    770
  1161    770
  1162    770
  1163    770
   899    771
   900    771
   901    771
   902    771
   903    771
   904    771
   905    771
   906    771
   907    771
   908    771
   909    771
  1087    771
  1088    771
  1089    771
  1090    771
  1091    771
  1092    771
  1093    771
  1094    771
  1095    771
  1102    771
  1103    771
  1104    771
  1105    771
  1106    771
  1107    771
  1108    771
  1109    771
  1110    771
  1111    771
  1112    771
  1113    771
  1114    771
  1115    771
  1116    771
  1117    771
  1118    771
  1119    771
  1134    771
  1135    771
  1136    771
  1137    771
  1138    771
  1139    771
  1140    771
  1141    771
  1142    771
  1143    771
  1144    771
  1145    771
  1146    771
  1147    771
  1148    771
  1149    771
  1150    771
  1151    771
  1152    771
  1153    771
  1154    771
   899    772
   900    772
   901    772
   902    772
   903    772
   904    772
   905    772
   906    772
   907    772
   908    772
   909    772
   910    772
  1089    772
  1090    772
  1091    772
  1092    772
  1096    772
  1097    772
  1098    772
  1099    772
  1100    772
  1101    772
  1102    772
  1103    772
  1104    772
  1105    772
  1106    772
  1116    772
  1117    772
  1118    772
  1119    772
  1120    772
  1121    772
  1122    772
  1123    772
  1124    772
  1125    772
  1126    772
  1127    772
  1128    772
  1129    772
  1130    772
  1131    772
  1132    772
  1147    772
  1148    772
  1149    772
  1150    772
  1151    772
  1152    772
  1153    772
  1154    772
  1155    772
  1156    772
  1157    772
  1158    772
  1159    772
  1160    772
  1161    772
  1162    772
  1163    772
  1164    772
  1165    772
  1166    772
  1167    772
   898    773
   899    773
   900    773
   901    773
   902    773
   903    773
   904    773
   905    773
   906    773
   907    773
   908    773
   909    773
   910    773
  1098    773
  1099    773
  1100    773
  1101    773
  1106    773
  1107    773
  1108    773
  1109    773
  1110    773
  1111    773
  1112    773
  1113    773
  1114    773
  1115    773
  1116    773
  1127    773
  1128    773
  1129    773
  1130    773
  1131    773
  1132    773
  1133    773
  1134    773
  1135    773
  1136    773
  1137    773
  1138    773
  1139    773
  1140    773
  1141    773
  1142    773
  1143    773
  1144    773
  1145    773
  1160    773
  1161    773
  1162    773
  1163    773
  1164    773
  1165    773
  1166    773
  1167    773
  1168    773
  1169    773
  1170    773
  1171    773
  1172    773
  1173    773
  1174    773
  1175    773
  1176    773
  1177    773
  1178    773
  1179    773
  1180    773
  1181    773
  1182    773
  1183    773
   898    774
   899    774
   900    774
   901    774
   902    774
   903    774
   904    774
   905    774
   906    774
   907    774
   908    774
   909    774
   910    774
  1109    774
  1110    774
  1111    774
  1112    774
  1113    774
  1114    774
  1115    774
  1116    774
  1117    774
  1118    774
  1119    774
  1120    774
  1121    774
  1122    774
  1123    774
  1124    774
  1125    774
  1126    774
  1127    774
  1128    774
  1141    774
  1142    774
  1143    774
  1144    774
  1145    774
  1146    774
  1147    774
  1148    774
  1149    774
  1150    774
  1151    774
  1152    774
  1153    774
  1154    774
  1155    774
  1156    774
  1157    774
  1158    774
  1175    774
  1176    774
  1177    774
  1178    774
  1179    774
  1180    774
  1181    774
  1182    774
  1183    774
  1184    774
  1185    774
  1186    774
  1187    774
  1188    774
  1189    774
  1190    774
  1191    774
  1192    774
  1193    774
  1194    774
  1195    774
  1196    774
  1197    774
  1198    774
  1199    774
  1200    774
  1201    774
   899    775
   900    775
   901    775
   902    775
   903    775
   904    775
   905    775
   906    775
   907    775
   908    775
   909    775
   910    775
  1122    775
  1123    775
  1124    775
  1125    775
  1126    775
  1127    775
  1128    775
  1129    775
  1130    775
  1131    775
  1132    775
  1133    775
  1134    775
  1135    775
  1136    775
  1137    775
  1138    775
  1139    775
  1140    775
  1141    775
  1162    775
  1163    775
  1164    775
  1165    775
  1166    775
  1167    775
  1168    775
  1169    775
  1170    775
  1171    775
  1172    775
  1173    775
  1174    775
  1175    775
  1176    775
  1177    775
  1178    775
  1194    775
  1195    775
  1196    775
  1197    775
  1198    775
  1199    775
  1200    775
  1201    775
  1202    775
  1203    775
  1204    775
  1205    775
  1206    775
  1207    775
  1208    775
  1209    775
  1210    775
  1211    775
  1212    775
  1213    775
  1214    775
  1215    775
  1216    775
  1217    775
  1218    775
  1219    775
  1220    775
  1221    775
   898    776
   899    776
   900    776
   901    776
   902    776
   903    776
   904    776
   905    776
   906    776
   907    776
   908    776
   909    776
   910    776
  1137    776
  1138    776
  1139    776
  1140    776
  1141    776
  1142    776
  1143    776
  1144    776
  1145    776
  1146    776
  1147    776
  1148    776
  1149    776
  1150    776
  1151    776
  1152    776
  1153    776
  1154    776
  1155    776
  1156    776
  1174    776
  1175    776
  1176    776
  1177    776
  1178    776
  1179    776
  1180    776
  1181    776
  1183    776
  1184    776
  1185    776
  1186    776
  1187    776
  1188    776
  1189    776
  1190    776
  1191    776
  1192    776
  1193    776
  1194    776
  1195    776
  1210    776
  1211    776
  1212    776
  1213    776
  1214    776
  1215    776
  1216    776
  1217    776
  1218    776
  1219    776
  1220    776
  1221    776
  1222    776
  1223    776
  1224    776
  1225    776
  1226    776
  1227    776
  1228    776
  1229    776
  1230    776
  1231    776
   899    777
   900    777
   901    777
   902    777
   903    777
   904    777
   905    777
   906    777
   907    777
   908    777
   909    777
   910    777
  1149    777
  1150    777
  1151    777
  1152    777
  1153    777
  1154    777
  1160    777
  1161    777
  1162    777
  1163    777
  1164    777
  1165    777
  1166    777
  1167    777
  1168    777
  1169    777
  1170    777
  1171    777
  1190    777
  1191    777
  1192    777
  1193    777
  1194    777
  1195    777
  1196    777
  1197    777
  1198    777
  1199    777
  1200    777
  1201    777
  1202    777
  1203    777
  1204    777
  1205    777
  1206    777
  1207    777
  1208    777
  1209    777
  1210    777
  1211    777
  1212    777
  1213    777
  1231    777
  1232    777
  1233    777
   898    778
   899    778
   900    778
   901    778
   902    778
   903    778
   904    778
   905    778
   906    778
   907    778
   908    778
   909    778
  1162    778
  1163    778
  1164    778
  1165    778
  1166    778
  1167    778
  1168    778
  1171    778
  1172    778
  1173    778
  1174    778
  1175    778
  1176    778
  1177    778
  1178    778
  1179    778
  1180    778
  1181    778
  1183    778
  1184    778
  1185    778
  1186    778
  1187    778
  1188    778
  1207    778
  1208    778
  1209    778
  1210    778
  1211    778
  1212    778
  1213    778
  1214    778
  1224    778
  1225    778
  1226    778
  1227    778
  1228    778
  1229    778
   898    779
   899    779
   900    779
   901    779
   902    779
   903    779
   904    779
   905    779
   906    779
   907    779
   908    779
   909    779
   910    779
  1181    779
  1182    779
  1183    779
  1184    779
  1185    779
  1186    779
  1187    779
  1188    779
  1189    779
  1190    779
  1191    779
  1192    779
  1193    779
  1194    779
  1195    779
  1196    779
  1197    779
  1198    779
  1199    779
  1200    779
  1201    779
  1202    779
  1203    779
  1204    779
  1205    779
  1206    779
   898    780
   899    780
   900    780
   901    780
   902    780
   903    780
   904    780
   905    780
   906    780
   907    780
   908    780
   909    780
  1197    780
  1198    780
  1199    780
  1200    780
  1201    780
  1202    780
  1203    780
  1204    780
  1215    780
   898    781
   899    781
   900    781
   901    781
   902    781
   903    781
   904    781
   905    781
   906    781
   907    781
   908    781
   909    781
   910    781
   898    782
   899    782
   900    782
   901    782
   902    782
   903    782
   904    782
   905    782
   906    782
   907    782
   908    782
   909    782
   910    782
   898    783
   899    783
   900    783
   901    783
   902    783
   903    783
   904    783
   905    783
   906    783
   907    783
   908    783
   909    783
   910    783
   898    784
   899    784
   900    784
   901    784
   902    784
   903    784
   904    784
   905    784
   906    784
   907    784
   908    784
   909    784
   897    785
   898    785
   899    785
   900    785
   901    785
   902    785
   903    785
   904    785
   905    785
   906    785
   907    785
   908    785
   909    785
   896    786
   897    786
   898    786
   899    786
   900    786
   901    786
   902    786
   903    786
   904    786
   905    786
   906    786
   907    786
   908    786
   896    787
   897    787
   898    787
   899    787
   900    787
   901    787
   902    787
   903    787
   904    787
   905    787
   906    787
   907    787
   908    787
   901    788
   902    788
   903    788
   904    788
