   906    704
   905    705
   906    705
   907    705
   905    706
   906    706
   907    706
   906    708
   905    709
   906    709
   907    709
   905    710
   906    710
   905    711
   906    711
   905    713
   906    713
   905    714
   906    714
   905    715
   906    715
   907    715
   904    716
   905    716
   906    716
   904    717
   905    717
   906    717
   907    717
   904    718
   905    718
   906    718
   907    718
   904    719
   905    719
   906    719
   907    719
   904    720
   905    720
   906    720
   907    720
   908    720
   904    721
   905    721
   906    721
   907    721
   908    721
   909    721
   904    722
   905    722
   906    722
   907    722
   908    722
   909    722
   904    723
   905    723
   906    723
   907    723
   908    723
   909    723
   903    724
   904    724
   905    724
   906    724
   907    724
   908    724
   909    724
   903    725
   904    725
   905    725
   906    725
   907    725
   908    725
   909    725
   904    726
   905    726
   906    726
   907    726
   908    726
   903    727
   904    727
   905    727
   906    727
   907    727
   908    727
   903    728
   904    728
   905    728
   906    728
   907    728
   903    729
   904    729
   905    729
   906    729
   907    729
   908    729
   903    730
   904    730
   905    730
   906    730
   907    730
   908    730
   909    730
   903    731
   904    731
   905    731
   906    731
   907    731
   908    731
   909    731
   902    732
   903    732
   904    732
   905    732
   906    732
   907    732
   908    732
   903    733
   904    733
   905    733
   906    733
   907    733
   908    733
   909    733
   903    734
   904    734
   905    734
   906    734
   907    734
   908    734
   903    735
   904    735
   905    735
   906    735
   907    735
   908    735
   909    735
   903    736
   904    736
   905    736
   906    736
   907    736
   908    736
   909    736
   910    736
   903    737
   904    737
   905    737
   906    737
   907    737
   908    737
   909    737
   910    737
   911    737
   902    738
   903    738
   904    738
   905    738
   906    738
   907    738
   908    738
   909    738
   910    738
   911    738
   902    739
   903    739
   904    739
   905    739
   906    739
   907    739
   908    739
   909    739
   910    739
   911    739
   912    739
   900    740
   901    740
   902    740
   903    740
   904    740
   905    740
   906    740
   907    740
   908    740
   909    740
   910    740
   911    740
   912    740
   913    740
   914    740
   898    741
   899    741
   900    741
   901    741
   902    741
   903    741
   904    741
   905    741
   906    741
   907    741
   908    741
   909    741
   910    741
   911    741
   912    741
   913    741
   914    741
   915    741
   916    741
   896    742
   897    742
   898    742
   899    742
   900    742
   901    742
   902    742
   903    742
   904    742
   905    742
   906    742
   907    742
   908    742
   909    742
   910    742
   911    742
   912    742
   913    742
   916    742
   917    742
   918    742
   898    743
   899    743
   900    743
   901    743
   902    743
   903    743
   904    743
   905    743
   906    743
   907    743
   908    743
   909    743
   910    743
   912    743
   913    743
   914    743
   919    743
   920    743
   898    744
   899    744
   902    744
   903    744
   904    744
   905    744
   906    744
   907    744
   908    744
   909    744
   910    744
   914    744
   915    744
   916    744
   921    744
   922    744
   923    744
   887    745
   888    745
   889    745
   901    745
   902    745
   903    745
   904    745
   905    745
   906    745
   907    745
   908    745
   909    745
   910    745
   916    745
   917    745
   918    745
   919    745
   920    745
   922    745
   923    745
   924    745
   925    745
   884    746
   885    746
   886    746
   901    746
   902    746
   903    746
   904    746
   905    746
   906    746
   907    746
   908    746
   909    746
   919    746
   920    746
   921    746
   922    746
   923    746
   924    746
   925    746
   926    746
   927    746
   928    746
   936    746
   937    746
   881    747
   882    747
   902    747
   903    747
   904    747
   905    747
   906    747
   907    747
   908    747
   909    747
   915    747
   916    747
   917    747
   922    747
   923    747
   924    747
   925    747
   926    747
   927    747
   928    747
   929    747
   930    747
   931    747
   938    747
   939    747
   940    747
   941    747
   942    747
   943    747
   944    747
   945    747
   952    747
   953    747
   954    747
   955    747
   901    748
   902    748
   903    748
   904    748
   905    748
   906    748
   907    748
   908    748
   909    748
   918    748
   919    748
   920    748
   921    748
   922    748
   925    748
   926    748
   927    748
   928    748
   929    748
   930    748
   931    748
   932    748
   933    748
   934    748
   935    748
   940    748
   941    748
   942    748
   943    748
   944    748
   945    748
   946    748
   947    748
   948    748
   949    748
   901    749
   902    749
   903    749
   904    749
   905    749
   906    749
   907    749
   908    749
   909    749
   916    749
   917    749
   918    749
   919    749
   920    749
   921    749
   922    749
   923    749
   924    749
   925    749
   929    749
   930    749
   931    749
   932    749
   933    749
   934    749
   935    749
   936    749
   937    749
   938    749
   939    749
   944    749
   945    749
   946    749
   947    749
   948    749
   949    749
   950    749
   951    749
   952    749
   953    749
   901    750
   902    750
   903    750
   904    750
   905    750
   906    750
   907    750
   908    750
   909    750
   910    750
   921    750
   922    750
   923    750
   924    750
   925    750
   926    750
   927    750
   928    750
   929    750
   930    750
   933    750
   934    750
   935    750
   936    750
   937    750
   938    750
   939    750
   940    750
   941    750
   942    750
   943    750
   944    750
   949    750
   950    750
   951    750
   952    750
   953    750
   954    750
   955    750
   956    750
   957    750
   958    750
   959    750
   901    751
   902    751
   903    751
   904    751
   905    751
   906    751
   907    751
   908    751
   909    751
   924    751
   925    751
   926    751
   927    751
   928    751
   929    751
   930    751
   931    751
   932    751
   933    751
   934    751
   938    751
   939    751
   940    751
   941    751
   942    751
   943    751
   944    751
   945    751
   946    751
   947    751
   948    751
   954    751
   955    751
   956    751
   957    751
   958    751
   959    751
   960    751
   961    751
   962    751
   963    751
   964    751
   901    752
   902    752
   903    752
   904    752
   905    752
   906    752
   907    752
   908    752
   909    752
   910    752
   929    752
   930    752
   931    752
   932    752
   933    752
   934    752
   935    752
   936    752
   937    752
   938    752
   943    752
   944    752
   945    752
   946    752
   947    752
   948    752
   949    752
   950    752
   951    752
   952    752
   953    752
   960    752
   961    752
   962    752
   963    752
   964    752
   965    752
   966    752
   967    752
   968    752
   969    752
   900    753
   901    753
   902    753
   903    753
   904    753
   905    753
   906    753
   907    753
   908    753
   909    753
   934    753
   935    753
   936    753
   937    753
   938    753
   939    753
   940    753
   941    753
   942    753
   943    753
   948    753
   949    753
   950    753
   954    753
   955    753
   956    753
   957    753
   958    753
   959    753
   965    753
   966    753
   967    753
   968    753
   969    753
   970    753
   901    754
   902    754
   903    754
   904    754
   905    754
   906    754
   907    754
   908    754
   909    754
   939    754
   940    754
   941    754
   942    754
   945    754
   946    754
   947    754
   953    754
   954    754
   955    754
   956    754
   960    754
   961    754
   962    754
   963    754
   971    754
   972    754
   973    754
   974    754
   901    755
   902    755
   903    755
   904    755
   905    755
   906    755
   907    755
   908    755
   909    755
   944    755
   945    755
   946    755
   947    755
   958    755
   959    755
   960    755
   966    755
   967    755
   968    755
   969    755
   900    756
   901    756
   902    756
   903    756
   904    756
   905    756
   906    756
   907    756
   908    756
   909    756
   965    756
   966    756
   967    756
   968    756
   969    756
   970    756
   971    756
   972    756
   973    756
   974    756
   975    756
   976    756
   901    757
   902    757
   903    757
   904    757
   905    757
   906    757
   907    757
   908    757
   909    757
   973    757
   974    757
   975    757
   976    757
   977    757
   978    757
   979    757
   980    757
   981    757
   982    757
   983    757
   999    757
  1000    757
  1001    757
  1002    757
   901    758
   902    758
   903    758
   904    758
   905    758
   906    758
   907    758
   908    758
   909    758
   968    758
   969    758
   970    758
   971    758
   972    758
   979    758
   980    758
   981    758
   982    758
   999    758
  1000    758
  1001    758
  1002    758
  1003    758
  1004    758
  1005    758
  1006    758
  1007    758
  1008    758
  1009    758
   900    759
   901    759
   902    759
   903    759
   904    759
   905    759
   906    759
   907    759
   908    759
   909    759
   968    759
   969    759
   970    759
   971    759
   972    759
   973    759
   974    759
   975    759
   976    759
   977    759
   978    759
   985    759
   986    759
   996    759
   997    759
  1004    759
  1005    759
  1006    759
  1007    759
  1008    759
  1009    759
  1010    759
  1011    759
  1012    759
  1013    759
  1014    759
  1015    759
   900    760
   901    760
   902    760
   903    760
   904    760
   905    760
   906    760
   907    760
   908    760
   909    760
   972    760
   973    760
   974    760
   975    760
   976    760
   977    760
   978    760
   979    760
   980    760
   981    760
   982    760
   990    760
   991    760
   992    760
   999    760
  1000    760
  1001    760
  1002    760
  1003    760
  1012    760
  1013    760
  1014    760
  1015    760
  1016    760
  1017    760
  1018    760
  1019    760
  1020    760
  1021    760
  1022    760
  1023    760
  1024    760
  1025    760
   900    761
   901    761
   902    761
   903    761
   904    761
   905    761
   906    761
   907    761
   908    761
   909    761
   977    761
   978    761
   979    761
   980    761
   981    761
   987    761
   988    761
   997    761
   998    761
   999    761
  1000    761
  1001    761
  1002    761
  1003    761
  1004    761
  1005    761
  1006    761
  1007    761
  1008    761
  1009    761
  1019    761
  1020    761
  1021    761
  1022    761
  1023    761
  1024    761
  1025    761
  1026    761
  1027    761
  1028    761
  1029    761
  1030    761
  1045    761
  1046    761
   900    762
   901    762
   902    762
   903    762
   904    762
   905    762
   906    762
   907    762
   908    762
   909    762
   983    762
  1003    762
  1004    762
  1005    762
  1006    762
  1007    762
  1008    762
  1009    762
  1010    762
  1011    762
  1012    762
  1013    762
  1014    762
  1015    762
  1016    762
  1026    762
  1027    762
  1028    762
  1029    762
  1030    762
  1031    762
  1032    762
  1033    762
  1034    762
  1035    762
  1036    762
  1037    762
  1038    762
  1039    762
  1040    762
  1053    762
   899    763
   900    763
   901    763
   902    763
   903    763
   904    763
   905    763
   906    763
   907    763
   908    763
   909    763
  1001    763
  1002    763
  1003    763
  1012    763
  1013    763
  1014    763
  1015    763
  1016    763
  1017    763
  1018    763
  1019    763
  1020    763
  1021    763
  1022    763
  1023    763
  1024    763
  1025    763
  1036    763
  1037    763
  1038    763
  1039    763
  1040    763
  1041    763
  1042    763
  1043    763
  1044    763
  1045    763
  1046    763
  1047    763
  1048    763
  1049    763
  1063    763
  1064    763
   899    764
   900    764
   901    764
   902    764
   903    764
   904    764
   905    764
   906    764
   907    764
   908    764
   909    764
   910    764
  1008    764
  1009    764
  1010    764
  1011    764
  1012    764
  1013    764
  1014    764
  1015    764
  1021    764
  1022    764
  1023    764
  1024    764
  1025    764
  1026    764
  1027    764
  1028    764
  1029    764
  1030    764
  1031    764
  1032    764
  1033    764
  1034    764
  1035    764
  1045    764
  1046    764
  1047    764
  1048    764
  1049    764
  1050    764
  1051    764
  1052    764
  1053    764
  1054    764
  1055    764
  1056    764
  1057    764
  1058    764
  1059    764
  1060    764
   899    765
   900    765
   901    765
   902    765
   903    765
   904    765
   905    765
   906    765
   907    765
   908    765
   909    765
  1011    765
  1012    765
  1013    765
  1017    765
  1018    765
  1019    765
  1020    765
  1021    765
  1022    765
  1023    765
  1024    765
  1034    765
  1035    765
  1036    765
  1037    765
  1038    765
  1039    765
  1040    765
  1041    765
  1042    765
  1043    765
  1044    765
  1045    765
  1056    765
  1057    765
  1058    765
  1059    765
  1060    765
  1061    765
  1066    765
  1067    765
  1068    765
  1069    765
   899    766
   900    766
   901    766
   902    766
   903    766
   904    766
   905    766
   906    766
   907    766
   908    766
   909    766
   910    766
  1020    766
  1021    766
  1022    766
  1023    766
  1024    766
  1025    766
  1026    766
  1027    766
  1028    766
  1029    766
  1030    766
  1031    766
  1032    766
  1033    766
  1034    766
  1042    766
  1043    766
  1044    766
  1045    766
  1046    766
  1047    766
  1052    766
  1053    766
  1054    766
  1055    766
  1065    766
  1066    766
  1067    766
  1068    766
  1069    766
  1070    766
  1071    766
   899    767
   900    767
   901    767
   902    767
   903    767
   904    767
   905    767
   906    767
   907    767
   908    767
   909    767
  1028    767
  1029    767
  1030    767
  1031    767
  1032    767
  1033    767
  1034    767
  1035    767
  1036    767
  1037    767
  1038    767
  1039    767
  1040    767
  1041    767
  1042    767
  1051    767
  1052    767
  1053    767
  1061    767
  1062    767
  1063    767
  1064    767
  1065    767
   900    768
   901    768
   902    768
   903    768
   904    768
   905    768
   906    768
   907    768
   908    768
   909    768
   910    768
  1038    768
  1039    768
  1040    768
  1041    768
  1042    768
  1043    768
  1044    768
  1045    768
  1046    768
  1047    768
  1048    768
  1124    768
  1125    768
  1126    768
   899    769
   900    769
   901    769
   902    769
   903    769
   904    769
   905    769
   906    769
   907    769
   908    769
   909    769
  1083    769
  1084    769
  1085    769
  1086    769
  1087    769
  1088    769
  1089    769
  1108    769
  1109    769
  1110    769
  1111    769
  1112    769
  1113    769
  1114    769
  1115    769
  1116    769
  1117    769
  1136    769
  1137    769
  1138    769
  1139    769
  1140    769
  1141    769
  1142    769
   899    770
   900    770
   901    770
   902    770
   903    770
   904    770
   905    770
   906    770
   907    770
   908    770
   909    770
  1086    770
  1087    770
  1088    770
  1089    770
  1090    770
  1091    770
  1092    770
  1093    770
  1094    770
  1095    770
  1096    770
  1097    770
  1098    770
  1099    770
  1100    770
  1101    770
  1108    770
  1109    770
  1110    770
  1111    770
  1112    770
  1113    770
  1114    770
  1115    770
  1116    770
  1117    770
  1118    770
  1119    770
  1120    770
  1121    770
  1122    770
  1123    770
  1124    770
  1125    770
  1126    770
  1127    770
  1128    770
  1129    770
  1130    770
  1131    770
   899    771
   900    771
   901    771
   902    771
   903    771
   904    771
   905    771
   906    771
   907    771
   908    771
   909    771
  1081    771
  1082    771
  1083    771
  1084    771
  1085    771
  1086    771
  1098    771
  1099    771
  1100    771
  1101    771
  1102    771
  1103    771
  1104    771
  1105    771
  1106    771
  1107    771
  1108    771
  1109    771
  1110    771
  1111    771
  1112    771
  1113    771
  1114    771
  1115    771
  1116    771
  1126    771
  1127    771
  1128    771
  1129    771
  1130    771
  1131    771
  1132    771
  1133    771
  1134    771
  1135    771
  1136    771
  1137    771
  1138    771
  1139    771
  1140    771
  1141    771
  1142    771
   899    772
   900    772
   901    772
   902    772
   903    772
   904    772
   905    772
   906    772
   907    772
   908    772
   909    772
  1080    772
  1081    772
  1082    772
  1083    772
  1084    772
  1085    772
  1086    772
  1087    772
  1088    772
  1089    772
  1090    772
  1091    772
  1092    772
  1093    772
  1094    772
  1095    772
  1096    772
  1097    772
  1110    772
  1111    772
  1112    772
  1113    772
  1114    772
  1115    772
  1116    772
  1117    772
  1118    772
  1119    772
  1120    772
  1121    772
  1122    772
  1123    772
  1124    772
  1125    772
  1126    772
  1127    772
  1128    772
  1138    772
  1139    772
  1140    772
  1141    772
  1142    772
  1143    772
  1144    772
  1145    772
  1146    772
  1147    772
  1148    772
  1149    772
  1150    772
  1151    772
  1154    772
  1155    772
  1156    772
  1157    772
   898    773
   899    773
   900    773
   901    773
   902    773
   903    773
   904    773
   905    773
   906    773
   907    773
   908    773
   909    773
   910    773
  1091    773
  1092    773
  1093    773
  1094    773
  1095    773
  1096    773
  1097    773
  1098    773
  1099    773
  1104    773
  1105    773
  1106    773
  1107    773
  1121    773
  1122    773
  1123    773
  1124    773
  1125    773
  1126    773
  1127    773
  1128    773
  1129    773
  1130    773
  1131    773
  1132    773
  1133    773
  1134    773
  1135    773
  1136    773
  1137    773
  1138    773
  1139    773
  1140    773
  1141    773
  1142    773
  1156    773
  1158    773
  1159    773
  1160    773
   898    774
   899    774
   900    774
   901    774
   902    774
   903    774
   904    774
   905    774
   906    774
   907    774
   908    774
   909    774
   910    774
  1101    774
  1102    774
  1103    774
  1104    774
  1105    774
  1106    774
  1107    774
  1108    774
  1109    774
  1110    774
  1111    774
  1112    774
  1113    774
  1114    774
  1115    774
  1116    774
  1117    774
  1118    774
  1133    774
  1134    774
  1135    774
  1136    774
  1137    774
  1138    774
  1139    774
  1140    774
  1141    774
  1142    774
  1143    774
  1144    774
  1145    774
  1146    774
  1147    774
  1148    774
  1149    774
  1150    774
  1151    774
  1152    774
  1153    774
   899    775
   900    775
   901    775
   902    775
   903    775
   904    775
   905    775
   906    775
   907    775
   908    775
   909    775
   910    775
  1112    775
  1113    775
  1114    775
  1115    775
  1116    775
  1117    775
  1118    775
  1119    775
  1120    775
  1121    775
  1122    775
  1123    775
  1124    775
  1125    775
  1126    775
  1127    775
  1128    775
  1129    775
  1130    775
  1147    775
  1148    775
  1149    775
  1150    775
  1151    775
  1152    775
  1153    775
  1154    775
  1155    775
  1156    775
  1157    775
  1158    775
  1159    775
  1160    775
   898    776
   899    776
   900    776
   901    776
   902    776
   903    776
   904    776
   905    776
   906    776
   907    776
   908    776
   909    776
   910    776
  1126    776
  1127    776
  1128    776
  1129    776
  1130    776
  1131    776
  1132    776
  1133    776
  1134    776
  1135    776
  1136    776
  1137    776
  1138    776
  1139    776
  1140    776
  1141    776
  1142    776
  1143    776
   899    777
   900    777
   901    777
   902    777
   903    777
   904    777
   905    777
   906    777
   907    777
   908    777
   909    777
   910    777
  1145    777
  1146    777
   898    778
   899    778
   900    778
   901    778
   902    778
   903    778
   904    778
   905    778
   906    778
   907    778
   908    778
   909    778
   898    779
   899    779
   900    779
   901    779
   902    779
   903    779
   904    779
   905    779
   906    779
   907    779
   908    779
   909    779
   910    779
   898    780
   899    780
   900    780
   901    780
   902    780
   903    780
   904    780
   905    780
   906    780
   907    780
   908    780
   909    780
   910    780
   898    781
   899    781
   900    781
   901    781
   902    781
   903    781
   904    781
   905    781
   906    781
   907    781
   908    781
   909    781
   910    781
   898    782
   899    782
   900    782
   901    782
   902    782
   903    782
   904    782
   905    782
   906    782
   907    782
   908    782
   909    782
   910    782
   898    783
   899    783
   900    783
   901    783
   902    783
   903    783
   904    783
   905    783
   906    783
   907    783
   908    783
   909    783
   910    783
   898    784
   899    784
   900    784
   901    784
   902    784
   903    784
   904    784
   905    784
   906    784
   907    784
   908    784
   896    785
   897    785
   898    785
   899    785
   900    785
   901    785
   902    785
   903    785
   904    785
   905    785
   906    785
   907    785
   908    785
   896    786
   897    786
   898    786
   899    786
   900    786
   901    786
   902    786
   903    786
   904    786
   905    786
   906    786
   907    786
   908    786
   897    787
   898    787
   901    787
   902    787
   903    787
   904    787
   905    787
   906    787
   907    787
   901    788
   902    788
   903    788
