   905    704
   906    704
   907    704
   905    705
   906    705
   907    705
   905    706
   906    706
   907    706
   905    707
   906    707
   907    707
   908    707
   905    708
   906    708
   907    708
   908    708
   909    708
   905    709
   906    709
   907    709
   906    710
   907    710
   905    711
   906    711
   907    711
   905    712
   906    712
   907    712
   908    712
   909    712
   904    713
   905    713
   906    713
   907    713
   908    713
   909    713
   905    714
   906    714
   907    714
   908    714
   909    714
   905    715
   906    715
   907    715
   908    715
   909    715
   904    716
   905    716
   906    716
   907    716
   908    716
   909    716
   904    717
   905    717
   906    717
   907    717
   908    717
   909    717
   904    718
   905    718
   906    718
   907    718
   908    718
   909    718
   904    719
   905    719
   906    719
   907    719
   908    719
   909    719
   904    720
   905    720
   906    720
   907    720
   908    720
   909    720
   903    721
   904    721
   905    721
   906    721
   907    721
   908    721
   909    721
   904    722
   905    722
   906    722
   907    722
   908    722
   909    722
   904    723
   905    723
   906    723
   907    723
   908    723
   909    723
   903    724
   904    724
   905    724
   906    724
   907    724
   908    724
   909    724
   903    725
   904    725
   905    725
   906    725
   907    725
   908    725
   909    725
   904    726
   905    726
   906    726
   907    726
   908    726
   909    726
   903    727
   904    727
   905    727
   906    727
   907    727
   908    727
   903    728
   904    728
   905    728
   906    728
   907    728
   908    728
   909    728
   903    729
   904    729
   905    729
   906    729
   907    729
   908    729
   909    729
   903    730
   904    730
   905    730
   906    730
   907    730
   908    730
   909    730
   903    731
   904    731
   905    731
   906    731
   907    731
   908    731
   909    731
   902    732
   903    732
   904    732
   905    732
   906    732
   907    732
   908    732
   903    733
   904    733
   905    733
   906    733
   907    733
   908    733
   909    733
   903    734
   904    734
   905    734
   906    734
   907    734
   908    734
   909    734
   903    735
   904    735
   905    735
   906    735
   907    735
   908    735
   909    735
   903    736
   904    736
   905    736
   906    736
   907    736
   908    736
   909    736
   910    736
   903    737
   904    737
   905    737
   906    737
   907    737
   908    737
   909    737
   910    737
   902    738
   903    738
   904    738
   905    738
   906    738
   907    738
   908    738
   909    738
   910    738
   911    738
   902    739
   903    739
   904    739
   905    739
   906    739
   907    739
   908    739
   909    739
   910    739
   911    739
   912    739
   900    740
   901    740
   902    740
   903    740
   904    740
   905    740
   906    740
   907    740
   908    740
   909    740
   910    740
   911    740
   912    740
   913    740
   899    741
   900    741
   901    741
   902    741
   903    741
   904    741
   905    741
   906    741
   907    741
   908    741
   909    741
   910    741
   911    741
   912    741
   913    741
   914    741
   915    741
   897    742
   898    742
   899    742
   900    742
   901    742
   902    742
   903    742
   904    742
   905    742
   906    742
   907    742
   908    742
   909    742
   910    742
   911    742
   912    742
   915    742
   916    742
   917    742
   918    742
   895    743
   896    743
   897    743
   898    743
   899    743
   900    743
   901    743
   902    743
   903    743
   904    743
   905    743
   906    743
   907    743
   908    743
   909    743
   910    743
   911    743
   912    743
   913    743
   918    743
   919    743
   920    743
   893    744
   897    744
   898    744
   899    744
   900    744
   901    744
   902    744
   903    744
   904    744
   905    744
   906    744
   907    744
   908    744
   909    744
   910    744
   913    744
   914    744
   915    744
   919    744
   920    744
   921    744
   922    744
   889    745
   890    745
   901    745
   902    745
   903    745
   904    745
   905    745
   906    745
   907    745
   908    745
   909    745
   910    745
   915    745
   916    745
   917    745
   918    745
   919    745
   920    745
   921    745
   922    745
   923    745
   924    745
   886    746
   887    746
   892    746
   893    746
   894    746
   901    746
   902    746
   903    746
   904    746
   905    746
   906    746
   907    746
   908    746
   909    746
   910    746
   918    746
   919    746
   920    746
   921    746
   922    746
   923    746
   924    746
   925    746
   926    746
   927    746
   947    746
   948    746
   901    747
   902    747
   903    747
   904    747
   905    747
   906    747
   907    747
   908    747
   909    747
   910    747
   921    747
   922    747
   923    747
   924    747
   925    747
   926    747
   927    747
   928    747
   929    747
   930    747
   937    747
   938    747
   941    747
   942    747
   943    747
   944    747
   952    747
   953    747
   901    748
   902    748
   903    748
   904    748
   905    748
   906    748
   907    748
   908    748
   909    748
   915    748
   916    748
   917    748
   918    748
   919    748
   920    748
   921    748
   923    748
   924    748
   925    748
   926    748
   927    748
   928    748
   929    748
   930    748
   931    748
   932    748
   933    748
   934    748
   938    748
   939    748
   940    748
   941    748
   942    748
   943    748
   944    748
   945    748
   946    748
   947    748
   948    748
   953    748
   954    748
   955    748
   956    748
   901    749
   902    749
   903    749
   904    749
   905    749
   906    749
   907    749
   908    749
   909    749
   915    749
   916    749
   917    749
   918    749
   919    749
   920    749
   921    749
   922    749
   923    749
   924    749
   927    749
   928    749
   929    749
   930    749
   931    749
   932    749
   933    749
   934    749
   935    749
   936    749
   937    749
   942    749
   943    749
   944    749
   945    749
   946    749
   947    749
   948    749
   949    749
   950    749
   951    749
   952    749
   900    750
   901    750
   902    750
   903    750
   904    750
   905    750
   906    750
   907    750
   908    750
   909    750
   918    750
   919    750
   920    750
   921    750
   922    750
   923    750
   924    750
   925    750
   926    750
   927    750
   931    750
   932    750
   933    750
   934    750
   935    750
   936    750
   937    750
   938    750
   939    750
   940    750
   941    750
   942    750
   947    750
   948    750
   949    750
   950    750
   951    750
   952    750
   953    750
   954    750
   955    750
   956    750
   900    751
   901    751
   902    751
   903    751
   904    751
   905    751
   906    751
   907    751
   908    751
   909    751
   923    751
   924    751
   925    751
   926    751
   927    751
   928    751
   929    751
   930    751
   931    751
   932    751
   936    751
   937    751
   938    751
   939    751
   940    751
   941    751
   942    751
   943    751
   944    751
   945    751
   946    751
   947    751
   951    751
   952    751
   953    751
   954    751
   955    751
   956    751
   958    751
   959    751
   960    751
   961    751
   962    751
   900    752
   901    752
   902    752
   903    752
   904    752
   905    752
   906    752
   907    752
   908    752
   909    752
   910    752
   927    752
   928    752
   929    752
   930    752
   931    752
   932    752
   933    752
   934    752
   935    752
   936    752
   941    752
   942    752
   943    752
   944    752
   945    752
   946    752
   947    752
   948    752
   949    752
   950    752
   951    752
   957    752
   958    752
   959    752
   960    752
   961    752
   962    752
   963    752
   964    752
   965    752
   966    752
   967    752
   968    752
   900    753
   901    753
   902    753
   903    753
   904    753
   905    753
   906    753
   907    753
   908    753
   909    753
   910    753
   931    753
   932    753
   933    753
   934    753
   935    753
   936    753
   937    753
   938    753
   939    753
   940    753
   945    753
   946    753
   947    753
   948    753
   949    753
   950    753
   951    753
   952    753
   953    753
   954    753
   955    753
   956    753
   962    753
   963    753
   964    753
   965    753
   966    753
   967    753
   968    753
   969    753
   970    753
   971    753
   972    753
   900    754
   901    754
   902    754
   903    754
   904    754
   905    754
   906    754
   907    754
   908    754
   909    754
   910    754
   936    754
   937    754
   938    754
   939    754
   940    754
   941    754
   942    754
   943    754
   944    754
   945    754
   946    754
   950    754
   951    754
   952    754
   953    754
   954    754
   955    754
   958    754
   959    754
   960    754
   961    754
   969    754
   970    754
   971    754
   972    754
   973    754
   974    754
   975    754
   976    754
   977    754
   978    754
   901    755
   902    755
   903    755
   904    755
   905    755
   906    755
   907    755
   908    755
   909    755
   942    755
   943    755
   944    755
   945    755
   949    755
   950    755
   956    755
   957    755
   958    755
   959    755
   964    755
   965    755
   966    755
   974    755
   975    755
   976    755
   977    755
   978    755
   979    755
   980    755
   981    755
   900    756
   901    756
   902    756
   903    756
   904    756
   905    756
   906    756
   907    756
   908    756
   909    756
   910    756
   961    756
   962    756
   963    756
   964    756
   969    756
   970    756
   971    756
   972    756
  1007    756
  1008    756
   900    757
   901    757
   902    757
   903    757
   904    757
   905    757
   906    757
   907    757
   908    757
   909    757
   910    757
   968    757
   969    757
   970    757
   971    757
   972    757
   973    757
   974    757
   975    757
   976    757
   977    757
   978    757
   979    757
   980    757
   981    757
   901    758
   902    758
   903    758
   904    758
   905    758
   906    758
   907    758
   908    758
   909    758
   910    758
   975    758
   976    758
   977    758
   978    758
   979    758
   980    758
   981    758
   982    758
   983    758
   984    758
   985    758
   986    758
  1003    758
  1004    758
  1005    758
  1006    758
  1007    758
   900    759
   901    759
   902    759
   903    759
   904    759
   905    759
   906    759
   907    759
   908    759
   909    759
   910    759
   970    759
   971    759
   972    759
   973    759
   974    759
   975    759
   982    759
   983    759
   984    759
  1002    759
  1003    759
  1004    759
  1005    759
  1006    759
  1007    759
  1008    759
  1009    759
  1010    759
  1011    759
  1012    759
  1013    759
  1014    759
   900    760
   901    760
   902    760
   903    760
   904    760
   905    760
   906    760
   907    760
   908    760
   909    760
   969    760
   970    760
   971    760
   972    760
   973    760
   975    760
   976    760
   977    760
   978    760
   979    760
   980    760
   996    760
   997    760
   998    760
   999    760
  1000    760
  1008    760
  1009    760
  1010    760
  1011    760
  1012    760
  1013    760
  1014    760
  1015    760
  1016    760
  1017    760
  1018    760
  1019    760
  1020    760
  1032    760
  1033    760
   900    761
   901    761
   902    761
   903    761
   904    761
   905    761
   906    761
   907    761
   908    761
   909    761
   975    761
   976    761
   977    761
   978    761
   979    761
   982    761
   983    761
   984    761
   985    761
   993    761
   994    761
   995    761
   996    761
   997    761
   998    761
   999    761
  1000    761
  1001    761
  1002    761
  1003    761
  1004    761
  1005    761
  1006    761
  1015    761
  1016    761
  1017    761
  1018    761
  1019    761
  1020    761
  1021    761
  1022    761
  1023    761
  1024    761
  1025    761
  1026    761
  1027    761
  1028    761
   900    762
   901    762
   902    762
   903    762
   904    762
   905    762
   906    762
   907    762
   908    762
   909    762
   981    762
   982    762
   983    762
   999    762
  1000    762
  1001    762
  1002    762
  1003    762
  1004    762
  1005    762
  1006    762
  1007    762
  1008    762
  1009    762
  1010    762
  1011    762
  1012    762
  1022    762
  1023    762
  1024    762
  1025    762
  1026    762
  1027    762
  1028    762
  1029    762
  1030    762
  1031    762
  1032    762
  1033    762
  1034    762
  1035    762
  1047    762
  1048    762
  1049    762
   899    763
   900    763
   901    763
   902    763
   903    763
   904    763
   905    763
   906    763
   907    763
   908    763
   909    763
   996    763
   997    763
   998    763
   999    763
  1000    763
  1007    763
  1008    763
  1009    763
  1010    763
  1011    763
  1012    763
  1013    763
  1014    763
  1015    763
  1016    763
  1017    763
  1018    763
  1019    763
  1020    763
  1030    763
  1031    763
  1032    763
  1033    763
  1034    763
  1035    763
  1036    763
  1037    763
  1038    763
  1039    763
  1040    763
  1041    763
  1042    763
  1043    763
  1044    763
  1057    763
  1058    763
   899    764
   900    764
   901    764
   902    764
   903    764
   904    764
   905    764
   906    764
   907    764
   908    764
   909    764
  1003    764
  1004    764
  1005    764
  1006    764
  1007    764
  1008    764
  1009    764
  1015    764
  1016    764
  1017    764
  1018    764
  1019    764
  1020    764
  1021    764
  1022    764
  1023    764
  1024    764
  1025    764
  1026    764
  1027    764
  1028    764
  1029    764
  1039    764
  1040    764
  1041    764
  1042    764
  1043    764
  1044    764
  1045    764
  1046    764
  1047    764
  1048    764
  1049    764
  1050    764
  1051    764
  1052    764
  1053    764
   899    765
   900    765
   901    765
   902    765
   903    765
   904    765
   905    765
   906    765
   907    765
   908    765
   909    765
  1005    765
  1006    765
  1007    765
  1010    765
  1011    765
  1012    765
  1013    765
  1014    765
  1015    765
  1016    765
  1017    765
  1018    765
  1026    765
  1027    765
  1028    765
  1029    765
  1030    765
  1031    765
  1032    765
  1033    765
  1034    765
  1035    765
  1036    765
  1037    765
  1038    765
  1039    765
  1048    765
  1049    765
  1050    765
  1051    765
  1052    765
  1053    765
  1055    765
  1056    765
  1057    765
  1058    765
  1059    765
  1061    765
  1062    765
  1063    765
  1064    765
   899    766
   900    766
   901    766
   902    766
   903    766
   904    766
   905    766
   906    766
   907    766
   908    766
   909    766
  1014    766
  1015    766
  1016    766
  1017    766
  1018    766
  1020    766
  1021    766
  1022    766
  1023    766
  1024    766
  1025    766
  1026    766
  1027    766
  1037    766
  1038    766
  1039    766
  1040    766
  1041    766
  1042    766
  1043    766
  1044    766
  1045    766
  1046    766
  1047    766
  1048    766
  1049    766
  1050    766
  1051    766
  1052    766
  1059    766
  1060    766
  1061    766
  1062    766
  1063    766
  1064    766
  1065    766
  1066    766
  1067    766
  1071    766
  1072    766
  1073    766
  1074    766
   899    767
   900    767
   901    767
   902    767
   903    767
   904    767
   905    767
   906    767
   907    767
   908    767
   909    767
  1023    767
  1024    767
  1025    767
  1026    767
  1027    767
  1028    767
  1029    767
  1030    767
  1031    767
  1032    767
  1033    767
  1034    767
  1035    767
  1036    767
  1047    767
  1048    767
  1049    767
  1050    767
  1056    767
  1057    767
  1058    767
  1059    767
  1060    767
  1061    767
  1069    767
  1070    767
  1071    767
  1072    767
  1073    767
  1074    767
  1075    767
  1076    767
   899    768
   900    768
   901    768
   902    768
   903    768
   904    768
   905    768
   906    768
   907    768
   908    768
   909    768
  1030    768
  1031    768
  1032    768
  1033    768
  1035    768
  1036    768
  1037    768
  1038    768
  1039    768
  1040    768
  1041    768
  1042    768
  1043    768
  1044    768
  1045    768
  1046    768
  1068    768
  1069    768
  1070    768
  1071    768
  1072    768
  1126    768
  1127    768
   899    769
   900    769
   901    769
   902    769
   903    769
   904    769
   905    769
   906    769
   907    769
   908    769
   909    769
  1042    769
  1043    769
  1044    769
  1045    769
  1046    769
  1047    769
  1048    769
  1082    769
  1083    769
  1127    769
  1128    769
  1129    769
  1130    769
  1131    769
  1132    769
  1133    769
  1134    769
  1135    769
  1138    769
  1139    769
  1142    769
   899    770
   900    770
   901    770
   902    770
   903    770
   904    770
   905    770
   906    770
   907    770
   908    770
   909    770
  1090    770
  1091    770
  1092    770
  1093    770
  1094    770
  1095    770
  1110    770
  1111    770
  1112    770
  1116    770
  1117    770
  1118    770
  1119    770
  1120    770
  1121    770
  1138    770
  1139    770
  1140    770
  1141    770
  1142    770
  1143    770
  1144    770
  1145    770
   899    771
   900    771
   901    771
   902    771
   903    771
   904    771
   905    771
   906    771
   907    771
   908    771
   909    771
  1089    771
  1090    771
  1091    771
  1092    771
  1093    771
  1094    771
  1095    771
  1096    771
  1097    771
  1098    771
  1099    771
  1100    771
  1101    771
  1102    771
  1103    771
  1104    771
  1105    771
  1106    771
  1107    771
  1108    771
  1120    771
  1121    771
  1122    771
  1123    771
  1124    771
  1125    771
  1126    771
  1127    771
  1128    771
  1129    771
  1130    771
  1131    771
  1132    771
  1133    771
  1134    771
  1135    771
   899    772
   900    772
   901    772
   902    772
   903    772
   904    772
   905    772
   906    772
   907    772
   908    772
   909    772
  1085    772
  1086    772
  1087    772
  1088    772
  1101    772
  1102    772
  1103    772
  1104    772
  1105    772
  1106    772
  1107    772
  1108    772
  1109    772
  1110    772
  1111    772
  1112    772
  1113    772
  1114    772
  1115    772
  1116    772
  1117    772
  1118    772
  1119    772
  1133    772
  1134    772
  1135    772
  1136    772
  1137    772
  1138    772
  1139    772
  1140    772
  1141    772
  1142    772
  1143    772
  1144    772
  1145    772
  1146    772
  1147    772
   898    773
   899    773
   900    773
   901    773
   902    773
   903    773
   904    773
   905    773
   906    773
   907    773
   908    773
   909    773
   910    773
  1085    773
  1086    773
  1087    773
  1088    773
  1089    773
  1090    773
  1091    773
  1092    773
  1095    773
  1096    773
  1097    773
  1098    773
  1099    773
  1100    773
  1113    773
  1114    773
  1115    773
  1116    773
  1117    773
  1118    773
  1119    773
  1120    773
  1121    773
  1122    773
  1123    773
  1124    773
  1125    773
  1126    773
  1127    773
  1128    773
  1129    773
  1130    773
  1131    773
  1132    773
  1146    773
  1147    773
  1148    773
  1149    773
  1150    773
  1151    773
  1152    773
  1153    773
  1154    773
  1155    773
  1156    773
  1157    773
  1158    773
  1159    773
  1160    773
  1161    773
  1162    773
   898    774
   899    774
   900    774
   901    774
   902    774
   903    774
   904    774
   905    774
   906    774
   907    774
   908    774
   909    774
  1094    774
  1095    774
  1096    774
  1097    774
  1098    774
  1099    774
  1100    774
  1105    774
  1106    774
  1107    774
  1108    774
  1109    774
  1110    774
  1111    774
  1124    774
  1125    774
  1126    774
  1127    774
  1128    774
  1129    774
  1130    774
  1131    774
  1132    774
  1133    774
  1134    774
  1135    774
  1136    774
  1137    774
  1138    774
  1139    774
  1140    774
  1141    774
  1142    774
  1143    774
  1144    774
  1145    774
  1161    774
  1162    774
  1163    774
  1164    774
  1169    774
  1170    774
  1171    774
  1172    774
  1173    774
  1174    774
  1175    774
  1176    774
  1177    774
   898    775
   899    775
   900    775
   901    775
   902    775
   903    775
   904    775
   905    775
   906    775
   907    775
   908    775
   909    775
   910    775
  1107    775
  1108    775
  1109    775
  1110    775
  1111    775
  1112    775
  1117    775
  1118    775
  1119    775
  1120    775
  1121    775
  1122    775
  1123    775
  1136    775
  1137    775
  1138    775
  1139    775
  1140    775
  1141    775
  1142    775
  1143    775
  1144    775
  1145    775
  1146    775
  1147    775
  1148    775
  1149    775
  1150    775
  1151    775
  1152    775
  1153    775
  1154    775
  1155    775
  1156    775
  1157    775
  1158    775
  1176    775
  1177    775
  1178    775
  1179    775
  1180    775
  1181    775
  1191    775
  1192    775
  1193    775
  1194    775
  1195    775
  1196    775
  1197    775
   898    776
   899    776
   900    776
   901    776
   902    776
   903    776
   904    776
   905    776
   906    776
   907    776
   908    776
   909    776
   910    776
  1121    776
  1122    776
  1128    776
  1129    776
  1130    776
  1131    776
  1132    776
  1133    776
  1134    776
  1135    776
  1150    776
  1151    776
  1152    776
  1153    776
  1154    776
  1155    776
  1156    776
  1157    776
  1158    776
  1159    776
  1160    776
  1161    776
  1162    776
  1163    776
  1164    776
  1165    776
  1166    776
  1167    776
  1168    776
  1169    776
  1170    776
  1171    776
  1172    776
  1173    776
  1174    776
  1175    776
  1197    776
  1198    776
  1199    776
  1205    776
  1206    776
  1207    776
  1208    776
  1239    776
  1240    776
  1241    776
   898    777
   899    777
   900    777
   901    777
   902    777
   903    777
   904    777
   905    777
   906    777
   907    777
   908    777
   909    777
   910    777
  1130    777
  1131    777
  1132    777
  1133    777
  1134    777
  1135    777
  1136    777
  1137    777
  1138    777
  1142    777
  1143    777
  1144    777
  1145    777
  1146    777
  1147    777
  1148    777
  1149    777
  1150    777
  1167    777
  1168    777
  1169    777
  1170    777
  1171    777
  1172    777
  1173    777
  1174    777
  1175    777
  1176    777
  1177    777
  1178    777
  1179    777
  1180    777
  1181    777
  1182    777
  1183    777
  1184    777
  1185    777
  1186    777
  1187    777
  1188    777
  1189    777
  1190    777
  1209    777
  1210    777
  1211    777
  1212    777
  1213    777
  1214    777
  1215    777
  1216    777
  1217    777
  1218    777
  1219    777
  1220    777
  1221    777
  1222    777
  1223    777
  1224    777
  1225    777
  1226    777
  1227    777
  1228    777
  1229    777
  1230    777
  1231    777
  1232    777
  1233    777
   898    778
   899    778
   900    778
   901    778
   902    778
   903    778
   904    778
   905    778
   906    778
   907    778
   908    778
   909    778
  1147    778
  1148    778
  1149    778
  1150    778
  1151    778
  1152    778
  1153    778
  1154    778
  1156    778
  1157    778
  1158    778
  1159    778
  1160    778
  1161    778
  1162    778
  1163    778
  1164    778
  1165    778
  1181    778
  1182    778
  1183    778
  1184    778
  1185    778
  1186    778
  1187    778
  1188    778
  1189    778
  1190    778
  1191    778
  1192    778
  1193    778
  1194    778
  1195    778
  1196    778
  1197    778
  1198    778
  1199    778
  1200    778
  1201    778
  1202    778
  1203    778
  1204    778
  1205    778
  1206    778
  1207    778
  1208    778
  1209    778
  1228    778
  1229    778
  1230    778
  1231    778
  1232    778
  1233    778
  1234    778
  1235    778
  1236    778
  1237    778
   898    779
   899    779
   900    779
   901    779
   902    779
   903    779
   904    779
   905    779
   906    779
   907    779
   908    779
   909    779
   910    779
  1160    779
  1161    779
  1162    779
  1163    779
  1164    779
  1165    779
  1173    779
  1174    779
  1175    779
  1176    779
  1177    779
  1178    779
  1179    779
  1180    779
  1197    779
  1198    779
  1199    779
  1200    779
  1201    779
  1202    779
  1203    779
  1204    779
  1205    779
  1206    779
  1207    779
  1208    779
  1209    779
  1210    779
  1211    779
  1212    779
  1213    779
  1214    779
  1215    779
  1216    779
  1217    779
  1218    779
  1219    779
  1220    779
  1221    779
  1222    779
  1223    779
  1224    779
  1225    779
  1226    779
  1227    779
  1228    779
   898    780
   899    780
   900    780
   901    780
   902    780
   903    780
   904    780
   905    780
   906    780
   907    780
   908    780
   909    780
  1178    780
  1179    780
  1180    780
  1191    780
  1192    780
  1193    780
  1194    780
  1195    780
  1217    780
  1218    780
  1219    780
  1220    780
   898    781
   899    781
   900    781
   901    781
   902    781
   903    781
   904    781
   905    781
   906    781
   907    781
   908    781
   909    781
   910    781
  1195    781
  1196    781
  1197    781
  1198    781
  1199    781
  1200    781
  1201    781
  1204    781
  1207    781
  1208    781
  1209    781
  1210    781
  1211    781
  1212    781
  1213    781
  1214    781
  1215    781
   898    782
   899    782
   900    782
   901    782
   902    782
   903    782
   904    782
   905    782
   906    782
   907    782
   908    782
   909    782
   910    782
   897    783
   898    783
   899    783
   900    783
   901    783
   902    783
   903    783
   904    783
   905    783
   906    783
   907    783
   908    783
   909    783
   897    784
   898    784
   899    784
   900    784
   901    784
   902    784
   903    784
   904    784
   905    784
   906    784
   907    784
   908    784
   896    785
   897    785
   898    785
   899    785
   900    785
   901    785
   902    785
   903    785
   904    785
   905    785
   906    785
   907    785
   900    786
   901    786
   902    786
   903    786
   904    786
   905    786
   906    786
   907    786
   902    787
   903    787
   904    787
   905    787
   906    787
