   905    706
   906    706
   907    706
   905    709
   906    709
   907    709
   906    710
   907    710
   905    711
   906    711
   907    711
   905    712
   906    712
   907    712
   905    713
   906    713
   907    713
   908    713
   909    713
   905    714
   906    714
   907    714
   908    714
   909    714
   905    715
   906    715
   907    715
   908    715
   909    715
   904    716
   905    716
   906    716
   907    716
   908    716
   909    716
   904    717
   905    717
   906    717
   907    717
   908    717
   909    717
   904    718
   905    718
   906    718
   907    718
   908    718
   909    718
   904    719
   905    719
   906    719
   907    719
   908    719
   909    719
   904    720
   905    720
   906    720
   907    720
   908    720
   909    720
   904    721
   905    721
   906    721
   907    721
   908    721
   909    721
   904    722
   905    722
   906    722
   907    722
   908    722
   909    722
   904    723
   905    723
   906    723
   907    723
   908    723
   909    723
   903    724
   904    724
   905    724
   906    724
   907    724
   908    724
   909    724
   903    725
   904    725
   905    725
   906    725
   907    725
   908    725
   909    725
   904    726
   905    726
   906    726
   907    726
   908    726
   909    726
   903    727
   904    727
   905    727
   906    727
   907    727
   908    727
   909    727
   903    728
   904    728
   905    728
   906    728
   907    728
   908    728
   909    728
   903    729
   904    729
   905    729
   906    729
   907    729
   908    729
   909    729
   903    730
   904    730
   905    730
   906    730
   907    730
   908    730
   909    730
   903    731
   904    731
   905    731
   906    731
   907    731
   908    731
   909    731
   902    732
   903    732
   904    732
   905    732
   906    732
   907    732
   908    732
   909    732
   902    733
   903    733
   904    733
   905    733
   906    733
   907    733
   908    733
   903    734
   904    734
   905    734
   906    734
   907    734
   908    734
   909    734
   902    735
   903    735
   904    735
   905    735
   906    735
   907    735
   908    735
   909    735
   903    736
   904    736
   905    736
   906    736
   907    736
   908    736
   909    736
   903    737
   904    737
   905    737
   906    737
   907    737
   908    737
   909    737
   910    737
   903    738
   904    738
   905    738
   906    738
   907    738
   908    738
   909    738
   910    738
   911    738
   902    739
   903    739
   904    739
   905    739
   906    739
   907    739
   908    739
   909    739
   910    739
   911    739
   901    740
   902    740
   903    740
   904    740
   905    740
   906    740
   907    740
   908    740
   909    740
   910    740
   911    740
   912    740
   900    741
   901    741
   902    741
   903    741
   904    741
   905    741
   906    741
   907    741
   908    741
   909    741
   910    741
   911    741
   912    741
   913    741
   914    741
   898    742
   899    742
   900    742
   901    742
   902    742
   903    742
   904    742
   905    742
   906    742
   907    742
   908    742
   909    742
   910    742
   911    742
   912    742
   913    742
   914    742
   915    742
   916    742
   896    743
   897    743
   898    743
   899    743
   900    743
   901    743
   902    743
   903    743
   904    743
   905    743
   906    743
   907    743
   908    743
   909    743
   910    743
   911    743
   912    743
   917    743
   918    743
   898    744
   899    744
   900    744
   901    744
   902    744
   903    744
   904    744
   905    744
   906    744
   907    744
   908    744
   909    744
   910    744
   911    744
   912    744
   913    744
   918    744
   919    744
   920    744
   898    745
   899    745
   901    745
   902    745
   903    745
   904    745
   905    745
   906    745
   907    745
   908    745
   909    745
   910    745
   913    745
   914    745
   915    745
   916    745
   917    745
   918    745
   919    745
   920    745
   921    745
   922    745
   888    746
   889    746
   901    746
   902    746
   903    746
   904    746
   905    746
   906    746
   907    746
   908    746
   909    746
   910    746
   916    746
   917    746
   918    746
   919    746
   920    746
   921    746
   922    746
   923    746
   924    746
   901    747
   902    747
   903    747
   904    747
   905    747
   906    747
   907    747
   908    747
   909    747
   910    747
   919    747
   920    747
   921    747
   922    747
   923    747
   924    747
   925    747
   926    747
   927    747
   928    747
   901    748
   902    748
   903    748
   904    748
   905    748
   906    748
   907    748
   908    748
   909    748
   922    748
   923    748
   924    748
   925    748
   926    748
   927    748
   928    748
   929    748
   930    748
   931    748
   938    748
   939    748
   940    748
   942    748
   943    748
   944    748
   945    748
   901    749
   902    749
   903    749
   904    749
   905    749
   906    749
   907    749
   908    749
   909    749
   916    749
   917    749
   918    749
   919    749
   920    749
   921    749
   925    749
   926    749
   927    749
   928    749
   929    749
   930    749
   931    749
   932    749
   933    749
   934    749
   940    749
   941    749
   942    749
   943    749
   945    749
   946    749
   947    749
   948    749
   949    749
   901    750
   902    750
   903    750
   904    750
   905    750
   906    750
   907    750
   908    750
   909    750
   916    750
   917    750
   919    750
   920    750
   921    750
   922    750
   923    750
   924    750
   925    750
   928    750
   929    750
   930    750
   931    750
   932    750
   933    750
   934    750
   935    750
   936    750
   937    750
   938    750
   943    750
   944    750
   945    750
   946    750
   947    750
   948    750
   949    750
   950    750
   951    750
   952    750
   953    750
   901    751
   902    751
   903    751
   904    751
   905    751
   906    751
   907    751
   908    751
   909    751
   920    751
   921    751
   922    751
   923    751
   924    751
   925    751
   926    751
   927    751
   928    751
   933    751
   934    751
   935    751
   936    751
   937    751
   938    751
   939    751
   940    751
   941    751
   942    751
   943    751
   948    751
   949    751
   950    751
   951    751
   952    751
   953    751
   954    751
   955    751
   956    751
   957    751
   958    751
   959    751
   901    752
   902    752
   903    752
   904    752
   905    752
   906    752
   907    752
   908    752
   909    752
   924    752
   925    752
   926    752
   927    752
   928    752
   929    752
   930    752
   931    752
   932    752
   936    752
   937    752
   938    752
   939    752
   940    752
   941    752
   942    752
   943    752
   944    752
   945    752
   946    752
   947    752
   953    752
   954    752
   955    752
   956    752
   957    752
   958    752
   959    752
   960    752
   961    752
   962    752
   900    753
   901    753
   902    753
   903    753
   904    753
   905    753
   906    753
   907    753
   908    753
   909    753
   927    753
   928    753
   929    753
   930    753
   933    753
   934    753
   935    753
   936    753
   941    753
   942    753
   943    753
   944    753
   945    753
   946    753
   947    753
   948    753
   949    753
   950    753
   951    753
   957    753
   958    753
   959    753
   960    753
   961    753
   962    753
   963    753
   964    753
   965    753
   966    753
   967    753
   968    753
   900    754
   901    754
   902    754
   903    754
   904    754
   905    754
   906    754
   907    754
   908    754
   909    754
   932    754
   933    754
   934    754
   935    754
   937    754
   938    754
   939    754
   940    754
   941    754
   946    754
   947    754
   948    754
   949    754
   950    754
   951    754
   952    754
   953    754
   954    754
   955    754
   956    754
   963    754
   964    754
   965    754
   966    754
   967    754
   968    754
   969    754
   971    754
   972    754
   973    754
   901    755
   902    755
   903    755
   904    755
   905    755
   906    755
   907    755
   908    755
   909    755
   937    755
   938    755
   939    755
   940    755
   941    755
   942    755
   943    755
   944    755
   945    755
   946    755
   952    755
   953    755
   954    755
   955    755
   958    755
   959    755
   960    755
   961    755
   962    755
   969    755
   970    755
   971    755
   972    755
   973    755
   974    755
   975    755
   976    755
   978    755
   979    755
   900    756
   901    756
   902    756
   903    756
   904    756
   905    756
   906    756
   907    756
   908    756
   909    756
   910    756
   942    756
   943    756
   957    756
   958    756
   964    756
   965    756
   966    756
   967    756
   975    756
   976    756
   977    756
   978    756
   979    756
   980    756
   901    757
   902    757
   903    757
   904    757
   905    757
   906    757
   907    757
   908    757
   909    757
   962    757
   963    757
   964    757
   968    757
   969    757
   970    757
   971    757
   972    757
   973    757
   974    757
   901    758
   902    758
   903    758
   904    758
   905    758
   906    758
   907    758
   908    758
   909    758
   968    758
   969    758
   970    758
   971    758
   972    758
   973    758
   974    758
   975    758
   976    758
   977    758
   978    758
   979    758
   980    758
   981    758
   900    759
   901    759
   902    759
   903    759
   904    759
   905    759
   906    759
   907    759
   908    759
   909    759
   975    759
   976    759
   977    759
   978    759
   979    759
   980    759
   981    759
   982    759
  1001    759
  1002    759
  1003    759
  1004    759
  1005    759
  1006    759
  1007    759
   900    760
   901    760
   902    760
   903    760
   904    760
   905    760
   906    760
   907    760
   908    760
   909    760
   969    760
   970    760
   971    760
   972    760
   973    760
   974    760
   981    760
   982    760
   983    760
   984    760
  1000    760
  1001    760
  1002    760
  1003    760
  1004    760
  1005    760
  1006    760
  1007    760
  1008    760
  1009    760
  1010    760
  1011    760
  1012    760
  1013    760
   900    761
   901    761
   902    761
   903    761
   904    761
   905    761
   906    761
   907    761
   908    761
   909    761
   970    761
   971    761
   972    761
   973    761
   975    761
   976    761
   977    761
   978    761
   979    761
   980    761
   981    761
   988    761
   989    761
   990    761
   991    761
   994    761
   995    761
   996    761
   997    761
   998    761
  1008    761
  1009    761
  1010    761
  1011    761
  1012    761
  1013    761
  1014    761
  1015    761
  1016    761
  1017    761
  1018    761
  1019    761
  1020    761
  1030    761
  1031    761
  1032    761
  1033    761
   900    762
   901    762
   902    762
   903    762
   904    762
   905    762
   906    762
   907    762
   908    762
   909    762
   975    762
   976    762
   977    762
   978    762
   979    762
   980    762
   981    762
   982    762
   983    762
   984    762
   985    762
   993    762
   994    762
   995    762
   996    762
   997    762
   998    762
   999    762
  1000    762
  1001    762
  1002    762
  1003    762
  1004    762
  1005    762
  1006    762
  1014    762
  1015    762
  1016    762
  1017    762
  1018    762
  1019    762
  1020    762
  1021    762
  1022    762
  1023    762
  1024    762
  1025    762
  1026    762
  1027    762
   899    763
   900    763
   901    763
   902    763
   903    763
   904    763
   905    763
   906    763
   907    763
   908    763
   909    763
   980    763
   981    763
   982    763
   987    763
   988    763
   989    763
   990    763
   991    763
  1000    763
  1001    763
  1002    763
  1003    763
  1004    763
  1005    763
  1006    763
  1007    763
  1008    763
  1009    763
  1010    763
  1011    763
  1012    763
  1013    763
  1022    763
  1023    763
  1024    763
  1025    763
  1026    763
  1027    763
  1028    763
  1029    763
  1030    763
  1031    763
  1032    763
  1033    763
   900    764
   901    764
   902    764
   903    764
   904    764
   905    764
   906    764
   907    764
   908    764
   909    764
   977    764
   987    764
   988    764
   991    764
   992    764
   993    764
   994    764
   995    764
   996    764
   997    764
   998    764
   999    764
  1008    764
  1009    764
  1010    764
  1011    764
  1012    764
  1013    764
  1014    764
  1015    764
  1016    764
  1017    764
  1018    764
  1019    764
  1020    764
  1021    764
  1022    764
  1032    764
  1033    764
  1034    764
  1035    764
  1036    764
  1037    764
  1038    764
  1039    764
  1040    764
  1041    764
  1042    764
  1043    764
   900    765
   901    765
   902    765
   903    765
   904    765
   905    765
   906    765
   907    765
   908    765
   909    765
   994    765
   995    765
   996    765
   997    765
   998    765
   999    765
  1000    765
  1001    765
  1002    765
  1003    765
  1004    765
  1005    765
  1006    765
  1017    765
  1018    765
  1019    765
  1020    765
  1021    765
  1022    765
  1023    765
  1024    765
  1025    765
  1026    765
  1027    765
  1028    765
  1029    765
  1030    765
  1040    765
  1041    765
  1042    765
  1043    765
  1044    765
  1045    765
  1046    765
  1047    765
  1048    765
  1049    765
  1050    765
  1051    765
  1052    765
  1053    765
  1054    765
   899    766
   900    766
   901    766
   902    766
   903    766
   904    766
   905    766
   906    766
   907    766
   908    766
   909    766
  1004    766
  1005    766
  1006    766
  1007    766
  1008    766
  1012    766
  1013    766
  1014    766
  1015    766
  1025    766
  1026    766
  1027    766
  1028    766
  1029    766
  1030    766
  1031    766
  1032    766
  1033    766
  1034    766
  1035    766
  1036    766
  1037    766
  1038    766
  1039    766
  1051    766
  1052    766
  1053    766
  1054    766
  1055    766
  1056    766
  1057    766
  1058    766
  1059    766
  1060    766
  1061    766
  1062    766
  1063    766
  1064    766
   899    767
   900    767
   901    767
   902    767
   903    767
   904    767
   905    767
   906    767
   907    767
   908    767
   909    767
  1011    767
  1012    767
  1013    767
  1014    767
  1015    767
  1016    767
  1021    767
  1022    767
  1023    767
  1024    767
  1034    767
  1035    767
  1036    767
  1037    767
  1038    767
  1039    767
  1040    767
  1041    767
  1042    767
  1043    767
  1044    767
  1045    767
  1046    767
  1047    767
  1048    767
  1049    767
  1050    767
  1060    767
  1061    767
  1062    767
  1063    767
  1064    767
  1069    767
  1070    767
   899    768
   900    768
   901    768
   902    768
   903    768
   904    768
   905    768
   906    768
   907    768
   908    768
   909    768
  1023    768
  1024    768
  1030    768
  1031    768
  1032    768
  1033    768
  1034    768
  1043    768
  1044    768
  1045    768
  1046    768
  1047    768
  1048    768
  1049    768
  1050    768
  1051    768
  1052    768
  1053    768
  1054    768
  1055    768
  1056    768
  1057    768
  1058    768
  1070    768
  1071    768
  1072    768
   899    769
   900    769
   901    769
   902    769
   903    769
   904    769
   905    769
   906    769
   907    769
   908    769
   909    769
  1032    769
  1033    769
  1039    769
  1040    769
  1041    769
  1042    769
  1043    769
  1044    769
  1045    769
  1046    769
  1052    769
  1053    769
  1054    769
  1055    769
  1056    769
  1057    769
  1065    769
  1066    769
  1067    769
  1068    769
  1118    769
   899    770
   900    770
   901    770
   902    770
   903    770
   904    770
   905    770
   906    770
   907    770
   908    770
   909    770
  1041    770
  1042    770
  1043    770
  1048    770
  1049    770
  1050    770
  1064    770
  1065    770
  1066    770
  1125    770
  1126    770
  1127    770
  1128    770
  1129    770
  1130    770
  1131    770
   899    771
   900    771
   901    771
   902    771
   903    771
   904    771
   905    771
   906    771
   907    771
   908    771
   909    771
  1085    771
  1086    771
  1087    771
  1088    771
  1089    771
  1090    771
  1114    771
  1115    771
  1116    771
  1117    771
  1118    771
  1119    771
  1120    771
  1140    771
  1141    771
  1142    771
  1143    771
   899    772
   900    772
   901    772
   902    772
   903    772
   904    772
   905    772
   906    772
   907    772
   908    772
   909    772
  1087    772
  1088    772
  1089    772
  1090    772
  1095    772
  1096    772
  1097    772
  1098    772
  1099    772
  1100    772
  1101    772
  1102    772
  1112    772
  1113    772
  1114    772
  1115    772
  1116    772
  1117    772
  1118    772
  1119    772
  1120    772
  1121    772
  1122    772
  1123    772
  1124    772
  1125    772
  1126    772
  1127    772
  1128    772
  1129    772
  1130    772
  1131    772
  1132    772
  1133    772
  1134    772
  1150    772
  1151    772
  1152    772
  1153    772
  1154    772
  1155    772
  1156    772
  1157    772
  1158    772
  1160    772
  1161    772
   898    773
   899    773
   900    773
   901    773
   902    773
   903    773
   904    773
   905    773
   906    773
   907    773
   908    773
   909    773
  1100    773
  1101    773
  1102    773
  1103    773
  1109    773
  1110    773
  1111    773
  1112    773
  1113    773
  1114    773
  1115    773
  1116    773
  1117    773
  1118    773
  1129    773
  1130    773
  1131    773
  1132    773
  1133    773
  1134    773
  1135    773
  1136    773
  1137    773
  1138    773
  1139    773
  1140    773
  1141    773
  1142    773
  1143    773
  1144    773
  1145    773
   898    774
   899    774
   900    774
   901    774
   902    774
   903    774
   904    774
   905    774
   906    774
   907    774
   908    774
   909    774
  1084    774
  1085    774
  1086    774
  1087    774
  1088    774
  1095    774
  1096    774
  1097    774
  1098    774
  1112    774
  1113    774
  1114    774
  1115    774
  1116    774
  1117    774
  1118    774
  1119    774
  1120    774
  1121    774
  1122    774
  1123    774
  1124    774
  1125    774
  1126    774
  1127    774
  1128    774
  1129    774
  1130    774
  1142    774
  1143    774
  1144    774
  1145    774
  1146    774
  1147    774
  1148    774
  1149    774
  1150    774
  1151    774
  1152    774
  1153    774
  1154    774
  1155    774
  1156    774
  1157    774
  1179    774
  1180    774
  1181    774
  1182    774
   898    775
   899    775
   900    775
   901    775
   902    775
   903    775
   904    775
   905    775
   906    775
   907    775
   908    775
   909    775
  1092    775
  1093    775
  1094    775
  1095    775
  1096    775
  1097    775
  1098    775
  1099    775
  1100    775
  1101    775
  1105    775
  1106    775
  1107    775
  1120    775
  1121    775
  1122    775
  1123    775
  1124    775
  1125    775
  1126    775
  1127    775
  1128    775
  1129    775
  1130    775
  1131    775
  1132    775
  1133    775
  1134    775
  1135    775
  1136    775
  1137    775
  1138    775
  1139    775
  1140    775
  1141    775
  1157    775
  1158    775
  1159    775
  1160    775
  1161    775
  1162    775
  1168    775
  1169    775
  1170    775
  1171    775
  1172    775
  1173    775
  1174    775
  1175    775
   898    776
   899    776
   900    776
   901    776
   902    776
   903    776
   904    776
   905    776
   906    776
   907    776
   908    776
   909    776
  1102    776
  1103    776
  1104    776
  1105    776
  1106    776
  1114    776
  1115    776
  1116    776
  1117    776
  1118    776
  1133    776
  1134    776
  1135    776
  1136    776
  1137    776
  1138    776
  1139    776
  1140    776
  1141    776
  1142    776
  1143    776
  1144    776
  1145    776
  1146    776
  1147    776
  1148    776
  1149    776
  1150    776
  1151    776
  1152    776
  1153    776
  1154    776
  1170    776
  1171    776
  1172    776
  1173    776
  1174    776
  1175    776
  1176    776
  1177    776
  1178    776
  1179    776
  1180    776
  1181    776
  1182    776
  1183    776
  1184    776
  1212    776
  1213    776
  1214    776
  1215    776
   898    777
   899    777
   900    777
   901    777
   902    777
   903    777
   904    777
   905    777
   906    777
   907    777
   908    777
   909    777
   910    777
  1116    777
  1117    777
  1118    777
  1119    777
  1120    777
  1126    777
  1127    777
  1128    777
  1129    777
  1130    777
  1131    777
  1146    777
  1147    777
  1148    777
  1149    777
  1150    777
  1151    777
  1152    777
  1153    777
  1154    777
  1155    777
  1156    777
  1157    777
  1158    777
  1159    777
  1160    777
  1161    777
  1162    777
  1163    777
  1164    777
  1165    777
  1166    777
  1167    777
  1168    777
  1169    777
  1170    777
  1191    777
  1192    777
  1193    777
  1194    777
  1195    777
  1196    777
  1197    777
  1198    777
  1199    777
  1200    777
  1201    777
  1202    777
  1203    777
  1204    777
  1205    777
  1206    777
  1207    777
  1208    777
  1209    777
   898    778
   899    778
   900    778
   901    778
   902    778
   903    778
   904    778
   905    778
   906    778
   907    778
   908    778
  1129    778
  1130    778
  1131    778
  1132    778
  1133    778
  1134    778
  1135    778
  1139    778
  1140    778
  1141    778
  1142    778
  1143    778
  1160    778
  1161    778
  1162    778
  1163    778
  1164    778
  1165    778
  1166    778
  1167    778
  1168    778
  1169    778
  1170    778
  1171    778
  1172    778
  1173    778
  1174    778
  1175    778
  1176    778
  1177    778
  1178    778
  1179    778
  1180    778
  1181    778
  1182    778
  1183    778
  1184    778
  1185    778
  1205    778
  1206    778
  1207    778
  1208    778
  1209    778
  1210    778
  1211    778
  1212    778
  1213    778
  1214    778
  1215    778
  1216    778
  1219    778
  1220    778
  1221    778
  1222    778
  1223    778
  1224    778
  1225    778
   898    779
   899    779
   900    779
   901    779
   902    779
   903    779
   904    779
   905    779
   906    779
   907    779
   908    779
  1144    779
  1145    779
  1146    779
  1148    779
  1149    779
  1151    779
  1152    779
  1153    779
  1154    779
  1155    779
  1156    779
  1157    779
  1158    779
  1175    779
  1176    779
  1177    779
  1178    779
  1179    779
  1180    779
  1181    779
  1182    779
  1183    779
  1184    779
  1185    779
  1186    779
  1187    779
  1188    779
  1189    779
  1190    779
  1191    779
  1192    779
  1193    779
  1194    779
  1195    779
  1196    779
  1197    779
  1198    779
  1199    779
  1200    779
  1201    779
  1223    779
  1224    779
  1225    779
  1226    779
  1227    779
  1228    779
  1229    779
  1230    779
  1231    779
  1232    779
  1234    779
  1235    779
  1236    779
  1237    779
  1238    779
  1239    779
  1240    779
  1241    779
  1242    779
  1243    779
   898    780
   899    780
   900    780
   901    780
   902    780
   903    780
   904    780
   905    780
   906    780
   907    780
   908    780
  1157    780
  1158    780
  1159    780
  1160    780
  1168    780
  1169    780
  1170    780
  1171    780
  1172    780
  1173    780
  1174    780
  1190    780
  1191    780
  1192    780
  1193    780
  1194    780
  1195    780
  1196    780
  1197    780
  1198    780
  1199    780
  1200    780
  1201    780
  1202    780
  1203    780
  1204    780
  1205    780
  1206    780
  1207    780
  1208    780
  1209    780
  1210    780
  1211    780
  1212    780
  1213    780
  1214    780
  1215    780
  1216    780
  1217    780
  1218    780
  1241    780
  1242    780
  1243    780
  1244    780
  1245    780
  1246    780
  1247    780
  1248    780
   898    781
   899    781
   900    781
   901    781
   902    781
   903    781
   904    781
   905    781
   906    781
   907    781
   908    781
  1170    781
  1171    781
  1172    781
  1173    781
  1182    781
  1183    781
  1184    781
  1185    781
  1186    781
  1187    781
  1188    781
  1189    781
  1190    781
  1191    781
  1208    781
  1209    781
  1210    781
  1211    781
  1212    781
  1213    781
  1214    781
  1215    781
  1216    781
  1217    781
  1218    781
  1219    781
  1220    781
  1221    781
  1222    781
  1223    781
  1224    781
  1225    781
  1226    781
  1227    781
  1228    781
  1229    781
  1230    781
  1231    781
  1232    781
  1233    781
  1234    781
  1235    781
   898    782
   899    782
   900    782
   901    782
   902    782
   903    782
   904    782
   905    782
   906    782
   907    782
  1188    782
  1189    782
  1190    782
  1199    782
  1200    782
  1201    782
  1202    782
  1203    782
  1204    782
  1205    782
  1206    782
  1207    782
  1208    782
  1223    782
  1224    782
  1225    782
  1226    782
  1227    782
  1228    782
   898    783
   899    783
   900    783
   901    783
   902    783
   903    783
   904    783
   905    783
   906    783
   907    783
  1201    783
  1202    783
  1203    783
  1204    783
  1205    783
  1206    783
  1216    783
  1217    783
  1218    783
  1219    783
  1220    783
  1221    783
  1222    783
  1223    783
   901    784
   902    784
   903    784
   904    784
   905    784
   906    784
