   905    704
   906    704
   907    704
   905    705
   906    705
   907    705
   905    706
   906    706
   907    706
   905    707
   906    707
   907    707
   905    708
   906    708
   907    708
   905    709
   906    709
   907    709
   905    710
   906    710
   907    710
   905    711
   906    711
   907    711
   905    712
   906    712
   907    712
   905    713
   906    713
   907    713
   905    714
   906    714
   907    714
   905    715
   906    715
   907    715
   908    715
   904    716
   905    716
   906    716
   907    716
   908    716
   904    717
   905    717
   906    717
   907    717
   908    717
   909    717
   904    718
   905    718
   906    718
   907    718
   908    718
   904    719
   905    719
   906    719
   907    719
   908    719
   904    720
   905    720
   906    720
   907    720
   908    720
   904    721
   905    721
   906    721
   907    721
   908    721
   903    722
   904    722
   905    722
   906    722
   907    722
   908    722
   904    723
   905    723
   906    723
   907    723
   908    723
   909    723
   903    724
   904    724
   905    724
   906    724
   907    724
   908    724
   909    724
   903    725
   904    725
   905    725
   906    725
   907    725
   908    725
   909    725
   904    726
   905    726
   906    726
   907    726
   908    726
   903    727
   904    727
   905    727
   906    727
   907    727
   908    727
   903    728
   904    728
   905    728
   906    728
   907    728
   908    728
   903    729
   904    729
   905    729
   906    729
   907    729
   908    729
   909    729
   903    730
   904    730
   905    730
   906    730
   907    730
   908    730
   909    730
   903    731
   904    731
   905    731
   906    731
   907    731
   908    731
   909    731
   903    732
   904    732
   905    732
   906    732
   907    732
   908    732
   909    732
   910    732
   903    733
   904    733
   905    733
   906    733
   907    733
   908    733
   909    733
   903    734
   904    734
   905    734
   906    734
   907    734
   908    734
   909    734
   910    734
   903    735
   904    735
   905    735
   906    735
   907    735
   908    735
   909    735
   910    735
   903    736
   904    736
   905    736
   906    736
   907    736
   908    736
   909    736
   910    736
   902    737
   903    737
   904    737
   905    737
   906    737
   907    737
   908    737
   909    737
   910    737
   911    737
   901    738
   902    738
   903    738
   904    738
   905    738
   906    738
   907    738
   908    738
   909    738
   910    738
   911    738
   912    738
   913    738
   900    739
   901    739
   902    739
   903    739
   904    739
   905    739
   906    739
   907    739
   908    739
   909    739
   910    739
   911    739
   912    739
   913    739
   914    739
   915    739
   898    740
   899    740
   900    740
   901    740
   902    740
   903    740
   904    740
   905    740
   906    740
   907    740
   908    740
   909    740
   910    740
   911    740
   912    740
   913    740
   914    740
   915    740
   916    740
   917    740
   895    741
   896    741
   897    741
   898    741
   899    741
   900    741
   901    741
   902    741
   903    741
   904    741
   905    741
   906    741
   907    741
   908    741
   909    741
   910    741
   911    741
   912    741
   913    741
   914    741
   915    741
   916    741
   917    741
   918    741
   919    741
   893    742
   894    742
   895    742
   898    742
   899    742
   900    742
   901    742
   902    742
   903    742
   904    742
   905    742
   906    742
   907    742
   908    742
   909    742
   910    742
   912    742
   913    742
   914    742
   915    742
   919    742
   920    742
   921    742
   890    743
   891    743
   897    743
   902    743
   903    743
   904    743
   905    743
   906    743
   907    743
   908    743
   909    743
   910    743
   916    743
   917    743
   918    743
   922    743
   923    743
   924    743
   893    744
   894    744
   902    744
   903    744
   904    744
   905    744
   906    744
   907    744
   908    744
   909    744
   910    744
   918    744
   919    744
   920    744
   921    744
   922    744
   923    744
   924    744
   925    744
   926    744
   901    745
   902    745
   903    745
   904    745
   905    745
   906    745
   907    745
   908    745
   909    745
   910    745
   921    745
   922    745
   923    745
   924    745
   925    745
   926    745
   927    745
   928    745
   929    745
   937    745
   938    745
   939    745
   940    745
   941    745
   942    745
   943    745
   901    746
   902    746
   903    746
   904    746
   905    746
   906    746
   907    746
   908    746
   909    746
   918    746
   919    746
   920    746
   921    746
   924    746
   925    746
   926    746
   927    746
   928    746
   929    746
   930    746
   931    746
   932    746
   933    746
   939    746
   940    746
   941    746
   942    746
   943    746
   944    746
   945    746
   946    746
   947    746
   948    746
   901    747
   902    747
   903    747
   904    747
   905    747
   906    747
   907    747
   908    747
   909    747
   917    747
   918    747
   920    747
   921    747
   922    747
   923    747
   924    747
   927    747
   928    747
   929    747
   930    747
   931    747
   932    747
   933    747
   934    747
   935    747
   936    747
   937    747
   943    747
   944    747
   945    747
   946    747
   947    747
   948    747
   949    747
   950    747
   951    747
   952    747
   901    748
   902    748
   903    748
   904    748
   905    748
   906    748
   907    748
   908    748
   909    748
   919    748
   920    748
   921    748
   922    748
   923    748
   924    748
   925    748
   926    748
   927    748
   928    748
   931    748
   932    748
   933    748
   934    748
   935    748
   936    748
   937    748
   938    748
   939    748
   940    748
   941    748
   947    748
   948    748
   949    748
   950    748
   951    748
   952    748
   953    748
   954    748
   955    748
   956    748
   901    749
   902    749
   903    749
   904    749
   905    749
   906    749
   907    749
   908    749
   909    749
   923    749
   924    749
   925    749
   926    749
   927    749
   928    749
   929    749
   930    749
   931    749
   932    749
   935    749
   936    749
   937    749
   938    749
   939    749
   940    749
   941    749
   942    749
   943    749
   944    749
   945    749
   952    749
   953    749
   954    749
   955    749
   956    749
   957    749
   958    749
   959    749
   960    749
   961    749
   962    749
   900    750
   901    750
   902    750
   903    750
   904    750
   905    750
   906    750
   907    750
   908    750
   909    750
   910    750
   928    750
   929    750
   930    750
   931    750
   932    750
   933    750
   934    750
   935    750
   936    750
   937    750
   940    750
   941    750
   942    750
   943    750
   944    750
   945    750
   946    750
   947    750
   948    750
   949    750
   950    750
   951    750
   957    750
   958    750
   959    750
   960    750
   961    750
   962    750
   965    750
   966    750
   967    750
   901    751
   902    751
   903    751
   904    751
   905    751
   906    751
   907    751
   908    751
   909    751
   910    751
   933    751
   934    751
   937    751
   938    751
   939    751
   940    751
   941    751
   942    751
   947    751
   948    751
   949    751
   950    751
   951    751
   952    751
   953    751
   954    751
   955    751
   956    751
   957    751
   963    751
   964    751
   965    751
   966    751
   967    751
   968    751
   970    751
   971    751
   972    751
   973    751
   901    752
   902    752
   903    752
   904    752
   905    752
   906    752
   907    752
   908    752
   909    752
   910    752
   938    752
   939    752
   940    752
   941    752
   942    752
   943    752
   944    752
   945    752
   946    752
   947    752
   952    752
   953    752
   958    752
   959    752
   960    752
   961    752
   962    752
   969    752
   970    752
   971    752
   972    752
   973    752
   974    752
   975    752
   976    752
   900    753
   901    753
   902    753
   903    753
   904    753
   905    753
   906    753
   907    753
   908    753
   909    753
   910    753
   943    753
   944    753
   951    753
   963    753
   964    753
   965    753
   966    753
   967    753
   968    753
   969    753
   901    754
   902    754
   903    754
   904    754
   905    754
   906    754
   907    754
   908    754
   909    754
   963    754
   964    754
   965    754
   966    754
   967    754
   968    754
   969    754
   970    754
   971    754
   972    754
   973    754
   974    754
   975    754
   901    755
   902    755
   903    755
   904    755
   905    755
   906    755
   907    755
   908    755
   909    755
   970    755
   971    755
   972    755
   973    755
   974    755
   975    755
   976    755
   977    755
   978    755
   979    755
   980    755
   981    755
   982    755
   998    755
   999    755
  1000    755
  1001    755
   901    756
   902    756
   903    756
   904    756
   905    756
   906    756
   907    756
   908    756
   909    756
   910    756
   977    756
   978    756
   979    756
   980    756
   981    756
   982    756
   987    756
   988    756
   989    756
   996    756
   997    756
   998    756
   999    756
  1000    756
  1001    756
  1002    756
  1003    756
  1004    756
  1005    756
  1006    756
  1007    756
  1008    756
   901    757
   902    757
   903    757
   904    757
   905    757
   906    757
   907    757
   908    757
   909    757
   910    757
   973    757
   974    757
   975    757
   976    757
   977    757
   978    757
   983    757
   984    757
   985    757
   986    757
   987    757
   992    757
   993    757
   994    757
   995    757
  1003    757
  1004    757
  1005    757
  1006    757
  1007    757
  1008    757
  1009    757
  1010    757
  1011    757
  1012    757
  1013    757
  1014    757
  1015    757
   901    758
   902    758
   903    758
   904    758
   905    758
   906    758
   907    758
   908    758
   909    758
   910    758
   972    758
   973    758
   974    758
   977    758
   978    758
   979    758
   980    758
   981    758
   982    758
   989    758
   990    758
   991    758
   992    758
   993    758
   994    758
   995    758
   996    758
   997    758
   998    758
   999    758
  1000    758
  1001    758
  1010    758
  1011    758
  1012    758
  1013    758
  1014    758
  1015    758
  1016    758
  1017    758
  1018    758
  1019    758
  1020    758
  1021    758
  1022    758
  1023    758
   900    759
   901    759
   902    759
   903    759
   904    759
   905    759
   906    759
   907    759
   908    759
   909    759
   910    759
   977    759
   978    759
   998    759
   999    759
  1000    759
  1001    759
  1002    759
  1003    759
  1004    759
  1005    759
  1006    759
  1007    759
  1008    759
  1016    759
  1017    759
  1018    759
  1019    759
  1020    759
  1021    759
  1022    759
  1023    759
  1026    759
  1027    759
  1028    759
  1044    759
  1045    759
   900    760
   901    760
   902    760
   903    760
   904    760
   905    760
   906    760
   907    760
   908    760
   909    760
   993    760
   994    760
   995    760
   996    760
   997    760
  1006    760
  1007    760
  1008    760
  1009    760
  1010    760
  1011    760
  1012    760
  1013    760
  1014    760
  1015    760
  1016    760
  1017    760
  1024    760
  1025    760
  1026    760
  1027    760
  1028    760
  1029    760
  1030    760
  1031    760
  1032    760
  1033    760
  1034    760
  1035    760
  1036    760
  1037    760
   900    761
   901    761
   902    761
   903    761
   904    761
   905    761
   906    761
   907    761
   908    761
   909    761
   910    761
  1000    761
  1001    761
  1002    761
  1003    761
  1004    761
  1005    761
  1015    761
  1016    761
  1017    761
  1018    761
  1019    761
  1020    761
  1021    761
  1022    761
  1023    761
  1024    761
  1025    761
  1026    761
  1027    761
  1033    761
  1034    761
  1035    761
  1036    761
  1037    761
  1038    761
  1039    761
  1040    761
  1041    761
  1042    761
  1043    761
  1044    761
  1045    761
  1046    761
   900    762
   901    762
   902    762
   903    762
   904    762
   905    762
   906    762
   907    762
   908    762
   909    762
  1001    762
  1002    762
  1003    762
  1004    762
  1005    762
  1006    762
  1007    762
  1008    762
  1009    762
  1010    762
  1011    762
  1012    762
  1013    762
  1014    762
  1023    762
  1024    762
  1025    762
  1026    762
  1027    762
  1028    762
  1029    762
  1030    762
  1031    762
  1032    762
  1033    762
  1034    762
  1035    762
  1036    762
  1037    762
  1038    762
  1046    762
  1047    762
  1048    762
  1049    762
  1050    762
  1051    762
  1052    762
  1053    762
  1054    762
  1055    762
  1056    762
  1057    762
  1058    762
   899    763
   900    763
   901    763
   902    763
   903    763
   904    763
   905    763
   906    763
   907    763
   908    763
   909    763
   910    763
  1009    763
  1010    763
  1011    763
  1012    763
  1018    763
  1019    763
  1020    763
  1021    763
  1022    763
  1033    763
  1034    763
  1035    763
  1036    763
  1037    763
  1038    763
  1039    763
  1040    763
  1041    763
  1042    763
  1043    763
  1044    763
  1045    763
  1046    763
  1047    763
  1048    763
  1049    763
  1050    763
  1058    763
  1059    763
  1060    763
  1061    763
  1062    763
  1069    763
  1070    763
   900    764
   901    764
   902    764
   903    764
   904    764
   905    764
   906    764
   907    764
   908    764
   909    764
   910    764
  1019    764
  1020    764
  1021    764
  1022    764
  1023    764
  1024    764
  1025    764
  1026    764
  1027    764
  1028    764
  1029    764
  1030    764
  1031    764
  1032    764
  1043    764
  1044    764
  1045    764
  1046    764
  1047    764
  1048    764
  1049    764
  1050    764
  1051    764
  1052    764
  1053    764
  1054    764
  1055    764
  1056    764
  1057    764
   900    765
   901    765
   902    765
   903    765
   904    765
   905    765
   906    765
   907    765
   908    765
   909    765
  1028    765
  1029    765
  1030    765
  1031    765
  1032    765
  1033    765
  1034    765
  1035    765
  1036    765
  1040    765
  1041    765
  1042    765
  1043    765
  1051    765
  1052    765
  1053    765
  1054    765
   899    766
   900    766
   901    766
   902    766
   903    766
   904    766
   905    766
   906    766
   907    766
   908    766
   909    766
   910    766
  1079    766
  1080    766
  1081    766
  1082    766
  1083    766
   899    767
   900    767
   901    767
   902    767
   903    767
   904    767
   905    767
   906    767
   907    767
   908    767
   909    767
  1087    767
  1089    767
  1090    767
  1091    767
  1092    767
  1093    767
  1094    767
  1106    767
  1107    767
  1108    767
  1109    767
  1110    767
  1111    767
  1112    767
  1114    767
  1115    767
  1116    767
  1117    767
  1118    767
  1119    767
  1120    767
  1121    767
  1122    767
   899    768
   900    768
   901    768
   902    768
   903    768
   904    768
   905    768
   906    768
   907    768
   908    768
   909    768
   910    768
  1089    768
  1090    768
  1091    768
  1092    768
  1093    768
  1094    768
  1095    768
  1096    768
  1097    768
  1098    768
  1099    768
  1100    768
  1101    768
  1102    768
  1103    768
  1104    768
  1105    768
  1106    768
  1107    768
  1121    768
  1122    768
  1123    768
  1124    768
  1125    768
  1126    768
  1127    768
  1128    768
  1129    768
  1130    768
  1131    768
  1132    768
  1133    768
  1134    768
   899    769
   900    769
   901    769
   902    769
   903    769
   904    769
   905    769
   906    769
   907    769
   908    769
   909    769
  1078    769
  1079    769
  1080    769
  1081    769
  1086    769
  1087    769
  1088    769
  1089    769
  1101    769
  1102    769
  1103    769
  1104    769
  1105    769
  1106    769
  1107    769
  1108    769
  1109    769
  1110    769
  1111    769
  1112    769
  1113    769
  1114    769
  1115    769
  1116    769
  1117    769
  1118    769
  1119    769
  1133    769
  1134    769
  1135    769
  1136    769
  1137    769
  1138    769
  1139    769
  1142    769
  1143    769
  1144    769
  1145    769
  1146    769
  1169    769
  1170    769
  1171    769
  1172    769
  1173    769
  1186    769
  1187    769
  1188    769
  1192    769
  1193    769
  1194    769
  1195    769
   899    770
   900    770
   901    770
   902    770
   903    770
   904    770
   905    770
   906    770
   907    770
   908    770
   909    770
   910    770
  1088    770
  1089    770
  1090    770
  1091    770
  1092    770
  1096    770
  1097    770
  1098    770
  1099    770
  1100    770
  1113    770
  1114    770
  1115    770
  1116    770
  1117    770
  1118    770
  1119    770
  1120    770
  1121    770
  1122    770
  1123    770
  1124    770
  1125    770
  1126    770
  1127    770
  1128    770
  1129    770
  1130    770
  1131    770
  1132    770
  1147    770
  1148    770
  1149    770
  1150    770
  1151    770
  1152    770
  1153    770
  1154    770
  1155    770
  1156    770
  1157    770
  1158    770
  1159    770
  1160    770
  1161    770
  1162    770
  1163    770
  1164    770
  1194    770
  1195    770
  1196    770
   899    771
   900    771
   901    771
   902    771
   903    771
   904    771
   905    771
   906    771
   907    771
   908    771
   909    771
   910    771
  1099    771
  1100    771
  1101    771
  1102    771
  1107    771
  1108    771
  1109    771
  1110    771
  1111    771
  1125    771
  1126    771
  1127    771
  1128    771
  1129    771
  1130    771
  1131    771
  1132    771
  1133    771
  1134    771
  1135    771
  1136    771
  1137    771
  1138    771
  1139    771
  1140    771
  1141    771
  1142    771
  1143    771
  1144    771
  1145    771
  1146    771
  1161    771
  1162    771
  1163    771
  1164    771
  1165    771
  1166    771
  1167    771
  1168    771
  1169    771
  1170    771
  1171    771
  1172    771
  1173    771
  1174    771
  1175    771
  1176    771
  1177    771
  1178    771
  1184    771
  1185    771
  1186    771
  1187    771
   899    772
   900    772
   901    772
   902    772
   903    772
   904    772
   905    772
   906    772
   907    772
   908    772
   909    772
   910    772
  1111    772
  1112    772
  1121    772
  1122    772
  1123    772
  1139    772
  1140    772
  1141    772
  1142    772
  1143    772
  1144    772
  1145    772
  1146    772
  1147    772
  1148    772
  1149    772
  1150    772
  1151    772
  1152    772
  1153    772
  1154    772
  1155    772
  1156    772
  1157    772
  1158    772
  1159    772
  1160    772
  1185    772
  1186    772
  1187    772
  1188    772
  1189    772
  1190    772
  1191    772
  1192    772
  1193    772
  1194    772
  1195    772
  1196    772
  1197    772
   899    773
   900    773
   901    773
   902    773
   903    773
   904    773
   905    773
   906    773
   907    773
   908    773
   909    773
   910    773
  1126    773
  1127    773
  1128    773
  1129    773
  1130    773
  1131    773
  1132    773
  1133    773
  1134    773
  1135    773
  1136    773
  1137    773
  1138    773
  1139    773
  1156    773
  1157    773
  1158    773
  1159    773
  1160    773
  1161    773
  1162    773
  1163    773
  1164    773
  1165    773
  1166    773
  1167    773
  1168    773
  1169    773
  1170    773
  1171    773
  1172    773
  1173    773
  1174    773
  1175    773
  1176    773
  1177    773
  1178    773
  1179    773
  1180    773
  1192    773
  1193    773
  1194    773
  1195    773
  1196    773
  1197    773
  1198    773
  1199    773
  1200    773
  1201    773
  1202    773
  1203    773
  1204    773
  1205    773
  1215    773
  1216    773
  1217    773
  1218    773
  1219    773
   899    774
   900    774
   901    774
   902    774
   903    774
   904    774
   905    774
   906    774
   907    774
   908    774
   909    774
   910    774
  1139    774
  1140    774
  1141    774
  1142    774
  1143    774
  1144    774
  1147    774
  1148    774
  1149    774
  1150    774
  1151    774
  1152    774
  1172    774
  1173    774
  1174    774
  1175    774
  1176    774
  1177    774
  1178    774
  1179    774
  1180    774
  1181    774
  1182    774
  1183    774
  1184    774
  1185    774
  1186    774
  1187    774
  1188    774
  1189    774
  1190    774
  1191    774
  1192    774
  1193    774
  1194    774
  1195    774
  1196    774
  1212    774
  1213    774
  1214    774
  1215    774
  1216    774
  1217    774
  1218    774
  1219    774
  1220    774
  1221    774
  1222    774
  1223    774
  1224    774
  1225    774
  1226    774
  1227    774
  1228    774
  1229    774
  1230    774
  1231    774
  1232    774
   899    775
   900    775
   901    775
   902    775
   903    775
   904    775
   905    775
   906    775
   907    775
   908    775
   909    775
   910    775
  1153    775
  1154    775
  1155    775
  1156    775
  1166    775
  1167    775
  1168    775
  1169    775
  1170    775
  1187    775
  1188    775
  1189    775
  1190    775
  1191    775
  1192    775
  1193    775
  1194    775
  1195    775
  1196    775
  1197    775
  1198    775
  1199    775
  1200    775
  1201    775
  1202    775
  1203    775
  1204    775
  1205    775
  1206    775
  1207    775
  1208    775
  1209    775
  1210    775
  1211    775
  1212    775
  1213    775
  1214    775
  1215    775
  1216    775
   899    776
   900    776
   901    776
   902    776
   903    776
   904    776
   905    776
   906    776
   907    776
   908    776
   909    776
   910    776
  1169    776
  1170    776
  1171    776
  1172    776
  1173    776
  1174    776
  1175    776
  1176    776
  1181    776
  1182    776
  1183    776
  1184    776
  1207    776
  1208    776
  1209    776
  1223    776
  1224    776
  1225    776
  1226    776
  1227    776
  1228    776
  1229    776
  1230    776
  1231    776
  1232    776
   899    777
   900    777
   901    777
   902    777
   903    777
   904    777
   905    777
   906    777
   907    777
   908    777
   909    777
   910    777
  1188    777
  1190    777
  1197    777
  1198    777
  1199    777
  1200    777
  1201    777
  1202    777
  1203    777
  1204    777
  1205    777
  1222    777
  1223    777
  1224    777
   898    778
   899    778
   900    778
   901    778
   902    778
   903    778
   904    778
   905    778
   906    778
   907    778
   908    778
   909    778
   910    778
  1201    778
  1202    778
  1203    778
  1204    778
   898    779
   899    779
   900    779
   901    779
   902    779
   903    779
   904    779
   905    779
   906    779
   907    779
   908    779
   909    779
   910    779
   898    780
   899    780
   900    780
   901    780
   902    780
   903    780
   904    780
   905    780
   906    780
   907    780
   908    780
   909    780
   910    780
   898    781
   899    781
   900    781
   901    781
   902    781
   903    781
   904    781
   905    781
   906    781
   907    781
   908    781
   909    781
   910    781
   898    782
   899    782
   900    782
   901    782
   902    782
   903    782
   904    782
   905    782
   906    782
   907    782
   908    782
   909    782
   910    782
   897    783
   898    783
   899    783
   900    783
   901    783
   902    783
   903    783
   904    783
   905    783
   906    783
   907    783
   908    783
   909    783
   910    783
   897    784
   898    784
   899    784
   900    784
   901    784
   902    784
   903    784
   904    784
   905    784
   906    784
   907    784
   908    784
   909    784
   910    784
   897    785
   898    785
   899    785
   900    785
   901    785
   902    785
   903    785
   904    785
   905    785
   906    785
   907    785
   908    785
   909    785
   910    785
   896    786
   897    786
   898    786
   899    786
   900    786
   901    786
   902    786
   903    786
   904    786
   905    786
   906    786
   907    786
   908    786
   909    786
   910    786
   898    787
   899    787
   900    787
   901    787
   902    787
   903    787
   904    787
   905    787
   906    787
   907    787
   908    787
   909    787
   901    788
   902    788
   903    788
   904    788
   905    788
   906    788
   902    789
   903    789
   904    789
   905    789
   906    789
