   905    705
   906    705
   907    705
   905    706
   906    706
   907    706
   905    708
   906    708
   907    708
   905    709
   906    709
   907    709
   905    710
   906    710
   905    712
   906    712
   907    712
   905    713
   906    713
   905    714
   906    714
   905    715
   906    715
   904    716
   905    716
   906    716
   904    717
   905    717
   906    717
   907    717
   905    718
   906    718
   907    718
   904    719
   905    719
   906    719
   907    719
   904    720
   905    720
   906    720
   907    720
   904    721
   905    721
   906    721
   907    721
   908    721
   904    722
   905    722
   906    722
   907    722
   908    722
   904    723
   905    723
   906    723
   907    723
   908    723
   903    724
   904    724
   905    724
   906    724
   907    724
   908    724
   903    725
   904    725
   905    725
   906    725
   907    725
   908    725
   904    726
   905    726
   906    726
   907    726
   908    726
   903    727
   904    727
   905    727
   906    727
   907    727
   908    727
   903    728
   904    728
   905    728
   906    728
   907    728
   908    728
   909    728
   903    729
   904    729
   905    729
   906    729
   907    729
   908    729
   909    729
   903    730
   904    730
   905    730
   906    730
   907    730
   908    730
   909    730
   903    731
   904    731
   905    731
   906    731
   907    731
   908    731
   909    731
   902    732
   903    732
   904    732
   905    732
   906    732
   907    732
   908    732
   909    732
   903    733
   904    733
   905    733
   906    733
   907    733
   908    733
   903    734
   904    734
   905    734
   906    734
   907    734
   908    734
   909    734
   903    735
   904    735
   905    735
   906    735
   907    735
   908    735
   909    735
   903    736
   904    736
   905    736
   906    736
   907    736
   908    736
   909    736
   910    736
   903    737
   904    737
   905    737
   906    737
   907    737
   908    737
   909    737
   910    737
   911    737
   902    738
   903    738
   904    738
   905    738
   906    738
   907    738
   908    738
   909    738
   910    738
   911    738
   912    738
   901    739
   902    739
   903    739
   904    739
   905    739
   906    739
   907    739
   908    739
   909    739
   910    739
   911    739
   912    739
   913    739
   914    739
   899    740
   900    740
   901    740
   902    740
   903    740
   904    740
   905    740
   906    740
   907    740
   908    740
   909    740
   910    740
   911    740
   912    740
   913    740
   914    740
   915    740
   897    741
   898    741
   899    741
   900    741
   901    741
   902    741
   903    741
   904    741
   905    741
   906    741
   907    741
   908    741
   909    741
   910    741
   911    741
   912    741
   913    741
   914    741
   915    741
   916    741
   917    741
   898    742
   899    742
   900    742
   901    742
   902    742
   903    742
   904    742
   905    742
   906    742
   907    742
   908    742
   909    742
   910    742
   911    742
   912    742
   913    742
   914    742
   915    742
   916    742
   917    742
   918    742
   919    742
   892    743
   893    743
   898    743
   899    743
   900    743
   902    743
   903    743
   904    743
   905    743
   906    743
   907    743
   908    743
   909    743
   913    743
   914    743
   915    743
   916    743
   917    743
   921    743
   922    743
   902    744
   903    744
   904    744
   905    744
   906    744
   907    744
   908    744
   909    744
   910    744
   916    744
   917    744
   918    744
   919    744
   924    744
   901    745
   902    745
   903    745
   904    745
   905    745
   906    745
   907    745
   908    745
   909    745
   910    745
   918    745
   919    745
   920    745
   921    745
   922    745
   924    745
   925    745
   926    745
   901    746
   902    746
   903    746
   904    746
   905    746
   906    746
   907    746
   908    746
   909    746
   914    746
   915    746
   922    746
   923    746
   924    746
   925    746
   926    746
   927    746
   928    746
   929    746
   930    746
   938    746
   939    746
   940    746
   941    746
   942    746
   943    746
   944    746
   945    746
   902    747
   903    747
   904    747
   905    747
   906    747
   907    747
   908    747
   909    747
   917    747
   918    747
   919    747
   920    747
   921    747
   925    747
   926    747
   927    747
   928    747
   929    747
   930    747
   931    747
   932    747
   933    747
   934    747
   940    747
   941    747
   942    747
   945    747
   946    747
   947    747
   948    747
   901    748
   902    748
   903    748
   904    748
   905    748
   906    748
   907    748
   908    748
   909    748
   918    748
   919    748
   920    748
   921    748
   922    748
   923    748
   924    748
   925    748
   928    748
   929    748
   930    748
   931    748
   932    748
   933    748
   934    748
   935    748
   936    748
   937    748
   943    748
   944    748
   945    748
   946    748
   947    748
   948    748
   949    748
   950    748
   951    748
   952    748
   953    748
   901    749
   902    749
   903    749
   904    749
   905    749
   906    749
   907    749
   908    749
   909    749
   920    749
   921    749
   922    749
   923    749
   924    749
   925    749
   926    749
   927    749
   928    749
   932    749
   933    749
   934    749
   935    749
   936    749
   937    749
   938    749
   939    749
   940    749
   941    749
   942    749
   948    749
   949    749
   950    749
   951    749
   952    749
   953    749
   954    749
   955    749
   956    749
   957    749
   901    750
   902    750
   903    750
   904    750
   905    750
   906    750
   907    750
   908    750
   923    750
   924    750
   925    750
   928    750
   929    750
   930    750
   931    750
   932    750
   937    750
   938    750
   939    750
   940    750
   941    750
   942    750
   943    750
   944    750
   945    750
   946    750
   953    750
   954    750
   955    750
   956    750
   957    750
   958    750
   959    750
   960    750
   961    750
   962    750
   963    750
   901    751
   902    751
   903    751
   904    751
   905    751
   906    751
   907    751
   908    751
   909    751
   929    751
   930    751
   931    751
   933    751
   934    751
   935    751
   936    751
   937    751
   941    751
   942    751
   943    751
   944    751
   945    751
   946    751
   947    751
   948    751
   949    751
   950    751
   951    751
   958    751
   959    751
   960    751
   961    751
   962    751
   963    751
   964    751
   965    751
   966    751
   967    751
   968    751
   901    752
   902    752
   903    752
   904    752
   905    752
   906    752
   907    752
   908    752
   934    752
   935    752
   936    752
   937    752
   938    752
   939    752
   940    752
   941    752
   942    752
   947    752
   948    752
   949    752
   950    752
   951    752
   952    752
   953    752
   954    752
   955    752
   956    752
   963    752
   964    752
   965    752
   966    752
   967    752
   968    752
   969    752
   970    752
   971    752
   972    752
   901    753
   902    753
   903    753
   904    753
   905    753
   906    753
   907    753
   908    753
   909    753
   939    753
   940    753
   941    753
   943    753
   944    753
   945    753
   946    753
   947    753
   948    753
   952    753
   953    753
   954    753
   959    753
   960    753
   961    753
   962    753
   963    753
   970    753
   971    753
   972    753
   973    753
   974    753
   901    754
   902    754
   903    754
   904    754
   905    754
   906    754
   907    754
   908    754
   909    754
   944    754
   945    754
   946    754
   950    754
   951    754
   964    754
   965    754
   966    754
   967    754
   968    754
   969    754
   901    755
   902    755
   903    755
   904    755
   905    755
   906    755
   907    755
   908    755
   909    755
   964    755
   965    755
   966    755
   967    755
   968    755
   969    755
   970    755
   971    755
   972    755
   973    755
   974    755
   975    755
   901    756
   902    756
   903    756
   904    756
   905    756
   906    756
   907    756
   908    756
   909    756
   971    756
   972    756
   973    756
   974    756
   975    756
   976    756
   977    756
   978    756
   979    756
   980    756
   981    756
   982    756
   997    756
   998    756
   999    756
  1000    756
  1001    756
   901    757
   902    757
   903    757
   904    757
   905    757
   906    757
   907    757
   908    757
   909    757
   977    757
   978    757
   979    757
   980    757
   981    757
   982    757
   988    757
   989    757
   996    757
   997    757
   998    757
   999    757
  1000    757
  1001    757
  1002    757
  1003    757
  1004    757
  1005    757
  1006    757
  1007    757
  1008    757
  1009    757
   901    758
   902    758
   903    758
   904    758
   905    758
   906    758
   907    758
   908    758
   909    758
   972    758
   973    758
   974    758
   975    758
   976    758
   977    758
   984    758
   985    758
   986    758
   987    758
   988    758
   993    758
   994    758
  1004    758
  1005    758
  1006    758
  1007    758
  1008    758
  1009    758
  1010    758
  1011    758
  1012    758
  1013    758
  1014    758
  1015    758
   900    759
   901    759
   902    759
   903    759
   904    759
   905    759
   906    759
   907    759
   908    759
   909    759
   910    759
   972    759
   973    759
   974    759
   977    759
   978    759
   979    759
   980    759
   981    759
   982    759
   990    759
   991    759
   992    759
   993    759
   997    759
   998    759
   999    759
  1000    759
  1001    759
  1010    759
  1011    759
  1012    759
  1013    759
  1014    759
  1015    759
  1016    759
  1017    759
  1018    759
  1019    759
  1020    759
  1021    759
  1022    759
   900    760
   901    760
   902    760
   903    760
   904    760
   905    760
   906    760
   907    760
   908    760
   909    760
   977    760
   978    760
   985    760
   986    760
   987    760
   988    760
   998    760
   999    760
  1000    760
  1001    760
  1002    760
  1003    760
  1004    760
  1005    760
  1006    760
  1007    760
  1008    760
  1009    760
  1010    760
  1017    760
  1018    760
  1019    760
  1020    760
  1021    760
  1022    760
  1023    760
  1024    760
  1025    760
  1026    760
  1027    760
  1028    760
   900    761
   901    761
   902    761
   903    761
   904    761
   905    761
   906    761
   907    761
   908    761
   909    761
   994    761
   995    761
   996    761
  1006    761
  1007    761
  1008    761
  1009    761
  1010    761
  1011    761
  1012    761
  1013    761
  1014    761
  1015    761
  1016    761
  1017    761
  1018    761
  1028    761
  1029    761
  1030    761
  1031    761
  1032    761
  1033    761
  1034    761
  1035    761
  1036    761
  1037    761
   900    762
   901    762
   902    762
   903    762
   904    762
   905    762
   906    762
   907    762
   908    762
   909    762
  1001    762
  1002    762
  1003    762
  1004    762
  1014    762
  1015    762
  1016    762
  1017    762
  1018    762
  1019    762
  1020    762
  1021    762
  1022    762
  1023    762
  1024    762
  1025    762
  1026    762
  1037    762
  1038    762
  1039    762
  1040    762
  1041    762
  1042    762
  1043    762
  1044    762
  1045    762
  1046    762
  1047    762
  1048    762
   899    763
   900    763
   901    763
   902    763
   903    763
   904    763
   905    763
   906    763
   907    763
   908    763
   909    763
  1002    763
  1010    763
  1011    763
  1012    763
  1022    763
  1023    763
  1024    763
  1025    763
  1026    763
  1027    763
  1028    763
  1029    763
  1030    763
  1031    763
  1032    763
  1033    763
  1034    763
  1035    763
  1036    763
  1047    763
  1048    763
  1049    763
  1050    763
  1051    763
  1052    763
  1053    763
  1054    763
  1055    763
  1056    763
  1057    763
   900    764
   901    764
   902    764
   903    764
   904    764
   905    764
   906    764
   907    764
   908    764
   909    764
   910    764
  1009    764
  1010    764
  1011    764
  1012    764
  1013    764
  1014    764
  1015    764
  1019    764
  1020    764
  1021    764
  1031    764
  1032    764
  1033    764
  1034    764
  1035    764
  1036    764
  1037    764
  1038    764
  1039    764
  1040    764
  1041    764
  1042    764
  1043    764
  1044    764
  1045    764
  1046    764
  1047    764
  1057    764
  1058    764
  1059    764
  1064    764
  1065    764
  1066    764
  1067    764
  1068    764
  1069    764
  1070    764
  1071    764
   900    765
   901    765
   902    765
   903    765
   904    765
   905    765
   906    765
   907    765
   908    765
   909    765
  1021    765
  1022    765
  1023    765
  1024    765
  1025    765
  1026    765
  1027    765
  1028    765
  1029    765
  1030    765
  1031    765
  1041    765
  1042    765
  1043    765
  1044    765
  1045    765
  1046    765
  1047    765
  1053    765
  1054    765
  1055    765
   899    766
   900    766
   901    766
   902    766
   903    766
   904    766
   905    766
   906    766
   907    766
   908    766
   909    766
   910    766
  1031    766
  1032    766
  1033    766
  1034    766
  1035    766
  1036    766
  1037    766
  1038    766
  1039    766
  1040    766
  1064    766
  1065    766
  1066    766
   899    767
   900    767
   901    767
   902    767
   903    767
   904    767
   905    767
   906    767
   907    767
   908    767
   909    767
   900    768
   901    768
   902    768
   903    768
   904    768
   905    768
   906    768
   907    768
   908    768
   909    768
   910    768
  1080    768
  1081    768
  1086    768
  1087    768
  1088    768
  1089    768
  1106    768
  1111    768
  1112    768
  1113    768
  1114    768
  1115    768
  1116    768
  1117    768
  1118    768
  1119    768
  1123    768
   899    769
   900    769
   901    769
   902    769
   903    769
   904    769
   905    769
   906    769
   907    769
   908    769
   909    769
  1091    769
  1092    769
  1093    769
  1094    769
  1095    769
  1099    769
  1100    769
  1101    769
  1102    769
  1115    769
  1116    769
  1117    769
  1118    769
  1119    769
  1120    769
  1121    769
  1122    769
  1123    769
  1124    769
  1125    769
  1126    769
  1127    769
  1128    769
  1129    769
  1130    769
  1131    769
  1132    769
  1133    769
  1134    769
   899    770
   900    770
   901    770
   902    770
   903    770
   904    770
   905    770
   906    770
   907    770
   908    770
   909    770
  1082    770
  1083    770
  1084    770
  1085    770
  1086    770
  1087    770
  1088    770
  1089    770
  1090    770
  1102    770
  1103    770
  1104    770
  1105    770
  1106    770
  1107    770
  1108    770
  1109    770
  1110    770
  1111    770
  1112    770
  1113    770
  1129    770
  1130    770
  1131    770
  1132    770
  1133    770
  1134    770
  1135    770
  1136    770
  1137    770
  1138    770
  1139    770
  1140    770
  1141    770
  1142    770
  1143    770
  1144    770
  1145    770
  1146    770
   899    771
   900    771
   901    771
   902    771
   903    771
   904    771
   905    771
   906    771
   907    771
   908    771
   909    771
  1085    771
  1086    771
  1094    771
  1095    771
  1096    771
  1097    771
  1098    771
  1099    771
  1100    771
  1113    771
  1114    771
  1115    771
  1116    771
  1119    771
  1120    771
  1121    771
  1122    771
  1123    771
  1124    771
  1125    771
  1126    771
  1140    771
  1141    771
  1142    771
  1143    771
  1144    771
  1145    771
  1146    771
  1147    771
  1148    771
  1149    771
  1150    771
  1151    771
  1152    771
  1153    771
  1154    771
  1155    771
  1156    771
  1157    771
  1158    771
  1159    771
  1160    771
  1161    771
   899    772
   900    772
   901    772
   902    772
   903    772
   904    772
   905    772
   906    772
   907    772
   908    772
   909    772
   910    772
  1095    772
  1096    772
  1097    772
  1101    772
  1102    772
  1103    772
  1104    772
  1105    772
  1106    772
  1107    772
  1108    772
  1109    772
  1110    772
  1111    772
  1125    772
  1126    772
  1127    772
  1128    772
  1129    772
  1130    772
  1131    772
  1132    772
  1133    772
  1134    772
  1135    772
  1136    772
  1137    772
  1138    772
  1139    772
  1140    772
  1141    772
  1154    772
  1155    772
  1156    772
  1157    772
  1158    772
  1159    772
  1160    772
  1161    772
  1162    772
  1163    772
  1164    772
  1165    772
  1166    772
  1167    772
  1168    772
  1169    772
  1170    772
  1171    772
  1172    772
  1173    772
  1174    772
  1175    772
  1176    772
   899    773
   900    773
   901    773
   902    773
   903    773
   904    773
   905    773
   906    773
   907    773
   908    773
   909    773
   910    773
  1105    773
  1106    773
  1107    773
  1108    773
  1109    773
  1110    773
  1111    773
  1112    773
  1113    773
  1114    773
  1116    773
  1117    773
  1118    773
  1119    773
  1120    773
  1121    773
  1122    773
  1123    773
  1138    773
  1139    773
  1140    773
  1141    773
  1142    773
  1143    773
  1144    773
  1145    773
  1146    773
  1147    773
  1148    773
  1149    773
  1150    773
  1151    773
  1152    773
  1153    773
  1170    773
  1171    773
  1172    773
  1173    773
  1174    773
  1175    773
  1176    773
  1177    773
  1178    773
  1179    773
  1180    773
  1181    773
  1182    773
  1183    773
  1184    773
  1185    773
  1186    773
  1187    773
  1188    773
  1189    773
  1190    773
  1191    773
  1192    773
  1193    773
  1194    773
  1195    773
  1196    773
   899    774
   900    774
   901    774
   902    774
   903    774
   904    774
   905    774
   906    774
   907    774
   908    774
   909    774
  1117    774
  1118    774
  1119    774
  1120    774
  1121    774
  1122    774
  1123    774
  1124    774
  1125    774
  1126    774
  1127    774
  1128    774
  1129    774
  1130    774
  1131    774
  1132    774
  1133    774
  1134    774
  1135    774
  1136    774
  1154    774
  1155    774
  1156    774
  1157    774
  1158    774
  1159    774
  1160    774
  1161    774
  1162    774
  1163    774
  1164    774
  1165    774
  1166    774
  1167    774
  1168    774
  1169    774
  1170    774
  1171    774
  1172    774
  1173    774
  1174    774
  1192    774
  1193    774
  1194    774
  1195    774
  1196    774
  1197    774
  1198    774
  1199    774
  1200    774
  1201    774
  1202    774
  1203    774
  1204    774
  1205    774
  1206    774
  1207    774
  1208    774
  1209    774
  1210    774
  1211    774
  1212    774
  1213    774
  1214    774
   899    775
   900    775
   901    775
   902    775
   903    775
   904    775
   905    775
   906    775
   907    775
   908    775
   909    775
   910    775
  1127    775
  1128    775
  1129    775
  1130    775
  1131    775
  1132    775
  1133    775
  1134    775
  1135    775
  1136    775
  1137    775
  1138    775
  1139    775
  1140    775
  1141    775
  1142    775
  1143    775
  1144    775
  1145    775
  1146    775
  1147    775
  1148    775
  1149    775
  1150    775
  1170    775
  1171    775
  1172    775
  1173    775
  1174    775
  1175    775
  1176    775
  1177    775
  1178    775
  1179    775
  1180    775
  1181    775
  1182    775
  1183    775
  1184    775
  1185    775
  1186    775
  1203    775
  1204    775
  1205    775
  1206    775
  1207    775
  1208    775
  1209    775
  1210    775
  1211    775
  1212    775
  1213    775
  1214    775
  1215    775
  1216    775
  1217    775
  1218    775
  1219    775
  1220    775
  1221    775
  1222    775
  1223    775
  1226    775
  1227    775
  1228    775
  1229    775
  1230    775
  1231    775
  1232    775
  1233    775
   898    776
   899    776
   900    776
   901    776
   902    776
   903    776
   904    776
   905    776
   906    776
   907    776
   908    776
   909    776
   910    776
  1145    776
  1146    776
  1147    776
  1148    776
  1149    776
  1150    776
  1151    776
  1152    776
  1153    776
  1154    776
  1155    776
  1156    776
  1157    776
  1158    776
  1159    776
  1160    776
  1161    776
  1162    776
  1163    776
  1164    776
  1165    776
  1166    776
  1185    776
  1186    776
  1187    776
  1188    776
  1189    776
  1190    776
  1191    776
  1192    776
  1193    776
  1194    776
  1195    776
  1196    776
  1197    776
  1198    776
  1199    776
  1200    776
  1201    776
  1202    776
  1203    776
  1223    776
  1224    776
  1225    776
  1226    776
  1227    776
  1235    776
   899    777
   900    777
   901    777
   902    777
   903    777
   904    777
   905    777
   906    777
   907    777
   908    777
   909    777
   910    777
  1160    777
  1161    777
  1162    777
  1163    777
  1164    777
  1165    777
  1166    777
  1167    777
  1168    777
  1169    777
  1170    777
  1171    777
  1172    777
  1174    777
  1175    777
  1176    777
  1179    777
  1180    777
  1181    777
  1182    777
  1183    777
  1203    777
  1204    777
  1205    777
  1206    777
  1207    777
  1208    777
  1209    777
  1210    777
  1211    777
  1212    777
  1213    777
  1214    777
  1215    777
  1216    777
  1217    777
  1218    777
  1219    777
  1220    777
   898    778
   899    778
   900    778
   901    778
   902    778
   903    778
   904    778
   905    778
   906    778
   907    778
   908    778
   909    778
  1176    778
  1177    778
  1178    778
  1179    778
  1180    778
  1181    778
  1182    778
  1183    778
  1184    778
  1185    778
  1186    778
  1187    778
  1188    778
  1189    778
  1190    778
  1191    778
  1192    778
  1193    778
  1194    778
  1195    778
  1196    778
  1197    778
  1198    778
  1199    778
  1218    778
  1219    778
  1220    778
   898    779
   899    779
   900    779
   901    779
   902    779
   903    779
   904    779
   905    779
   906    779
   907    779
   908    779
   909    779
   910    779
  1190    779
  1191    779
  1192    779
  1193    779
  1194    779
  1195    779
  1196    779
  1197    779
  1198    779
  1199    779
  1212    779
   898    780
   899    780
   900    780
   901    780
   902    780
   903    780
   904    780
   905    780
   906    780
   907    780
   908    780
   909    780
   898    781
   899    781
   900    781
   901    781
   902    781
   903    781
   904    781
   905    781
   906    781
   907    781
   908    781
   909    781
   898    782
   899    782
   900    782
   901    782
   902    782
   903    782
   904    782
   905    782
   906    782
   907    782
   908    782
   909    782
   898    783
   899    783
   900    783
   901    783
   902    783
   903    783
   904    783
   905    783
   906    783
   907    783
   908    783
   909    783
   898    784
   899    784
   900    784
   901    784
   902    784
   903    784
   904    784
   905    784
   906    784
   907    784
   908    784
   909    784
   898    785
   899    785
   900    785
   901    785
   902    785
   903    785
   904    785
   905    785
   906    785
   907    785
   908    785
   909    785
   896    786
   897    786
   898    786
   899    786
   900    786
   901    786
   902    786
   903    786
   904    786
   905    786
   906    786
   907    786
   908    786
   897    787
   898    787
   899    787
   900    787
   901    787
   902    787
   903    787
   904    787
   905    787
   906    787
   907    787
   908    787
   900    788
   901    788
   902    788
   903    788
   904    788
   905    788
   906    788
