   906    706
   905    708
   906    708
   907    708
   905    709
   906    709
   907    709
   905    710
   906    710
   905    711
   906    711
   907    711
   905    712
   906    712
   907    712
   908    712
   909    712
   905    713
   906    713
   907    713
   908    713
   909    713
   905    714
   906    714
   907    714
   908    714
   909    714
   905    715
   906    715
   907    715
   908    715
   904    716
   905    716
   906    716
   907    716
   908    716
   909    716
   904    717
   905    717
   906    717
   907    717
   908    717
   909    717
   904    718
   905    718
   906    718
   907    718
   908    718
   904    719
   905    719
   906    719
   907    719
   908    719
   909    719
   904    720
   905    720
   906    720
   907    720
   908    720
   909    720
   904    721
   905    721
   906    721
   907    721
   908    721
   909    721
   904    722
   905    722
   906    722
   907    722
   908    722
   909    722
   904    723
   905    723
   906    723
   907    723
   908    723
   909    723
   903    724
   904    724
   905    724
   906    724
   907    724
   908    724
   903    725
   904    725
   905    725
   906    725
   907    725
   908    725
   909    725
   903    726
   904    726
   905    726
   906    726
   907    726
   908    726
   903    727
   904    727
   905    727
   906    727
   907    727
   908    727
   903    728
   904    728
   905    728
   906    728
   907    728
   908    728
   909    728
   903    729
   904    729
   905    729
   906    729
   907    729
   908    729
   903    730
   904    730
   905    730
   906    730
   907    730
   908    730
   909    730
   903    731
   904    731
   905    731
   906    731
   907    731
   908    731
   909    731
   902    732
   903    732
   904    732
   905    732
   906    732
   907    732
   908    732
   902    733
   903    733
   904    733
   905    733
   906    733
   907    733
   908    733
   909    733
   902    734
   903    734
   904    734
   905    734
   906    734
   907    734
   908    734
   909    734
   902    735
   903    735
   904    735
   905    735
   906    735
   907    735
   908    735
   902    736
   903    736
   904    736
   905    736
   906    736
   907    736
   908    736
   909    736
   902    737
   903    737
   904    737
   905    737
   906    737
   907    737
   908    737
   909    737
   902    738
   903    738
   904    738
   905    738
   906    738
   907    738
   908    738
   909    738
   902    739
   903    739
   904    739
   905    739
   906    739
   907    739
   908    739
   909    739
   903    740
   904    740
   905    740
   906    740
   907    740
   908    740
   909    740
   910    740
   902    741
   903    741
   904    741
   905    741
   906    741
   907    741
   908    741
   909    741
   910    741
   901    742
   902    742
   903    742
   904    742
   905    742
   906    742
   907    742
   908    742
   909    742
   910    742
   911    742
   900    743
   901    743
   902    743
   903    743
   904    743
   905    743
   906    743
   907    743
   908    743
   909    743
   910    743
   911    743
   912    743
   913    743
   898    744
   899    744
   900    744
   901    744
   902    744
   903    744
   904    744
   905    744
   906    744
   907    744
   908    744
   909    744
   910    744
   911    744
   912    744
   913    744
   914    744
   896    745
   897    745
   898    745
   899    745
   900    745
   901    745
   902    745
   903    745
   904    745
   905    745
   906    745
   907    745
   908    745
   909    745
   910    745
   911    745
   912    745
   913    745
   914    745
   915    745
   916    745
   895    746
   896    746
   897    746
   898    746
   899    746
   900    746
   901    746
   902    746
   903    746
   904    746
   905    746
   906    746
   907    746
   908    746
   909    746
   910    746
   911    746
   912    746
   913    746
   914    746
   915    746
   916    746
   917    746
   918    746
   897    747
   898    747
   899    747
   900    747
   901    747
   902    747
   903    747
   904    747
   905    747
   906    747
   907    747
   908    747
   909    747
   910    747
   911    747
   912    747
   913    747
   914    747
   915    747
   916    747
   917    747
   919    747
   920    747
   896    748
   897    748
   898    748
   901    748
   902    748
   903    748
   904    748
   905    748
   906    748
   907    748
   908    748
   909    748
   914    748
   915    748
   916    748
   917    748
   918    748
   919    748
   920    748
   921    748
   922    748
   901    749
   902    749
   903    749
   904    749
   905    749
   906    749
   907    749
   908    749
   909    749
   916    749
   917    749
   918    749
   919    749
   920    749
   921    749
   922    749
   923    749
   924    749
   925    749
   900    750
   901    750
   902    750
   903    750
   904    750
   905    750
   906    750
   907    750
   908    750
   909    750
   919    750
   920    750
   921    750
   922    750
   923    750
   924    750
   925    750
   926    750
   927    750
   928    750
   900    751
   901    751
   902    751
   903    751
   904    751
   905    751
   906    751
   907    751
   908    751
   909    751
   921    751
   922    751
   923    751
   924    751
   925    751
   926    751
   927    751
   928    751
   929    751
   930    751
   942    751
   943    751
   944    751
   945    751
   901    752
   902    752
   903    752
   904    752
   905    752
   906    752
   907    752
   908    752
   917    752
   918    752
   919    752
   920    752
   921    752
   924    752
   925    752
   926    752
   927    752
   928    752
   929    752
   930    752
   931    752
   932    752
   933    752
   940    752
   941    752
   942    752
   943    752
   945    752
   946    752
   947    752
   948    752
   949    752
   900    753
   901    753
   902    753
   903    753
   904    753
   905    753
   906    753
   907    753
   908    753
   909    753
   915    753
   916    753
   920    753
   921    753
   922    753
   923    753
   928    753
   929    753
   930    753
   931    753
   932    753
   933    753
   934    753
   935    753
   936    753
   937    753
   944    753
   945    753
   946    753
   947    753
   948    753
   949    753
   950    753
   951    753
   952    753
   953    753
   900    754
   901    754
   902    754
   903    754
   904    754
   905    754
   906    754
   907    754
   908    754
   909    754
   918    754
   919    754
   920    754
   921    754
   922    754
   923    754
   924    754
   925    754
   926    754
   927    754
   931    754
   932    754
   933    754
   934    754
   935    754
   936    754
   937    754
   938    754
   939    754
   940    754
   941    754
   942    754
   948    754
   949    754
   950    754
   951    754
   952    754
   953    754
   954    754
   955    754
   956    754
   957    754
   958    754
   900    755
   901    755
   902    755
   903    755
   904    755
   905    755
   906    755
   907    755
   908    755
   922    755
   923    755
   924    755
   925    755
   926    755
   927    755
   928    755
   929    755
   930    755
   931    755
   936    755
   937    755
   938    755
   939    755
   940    755
   941    755
   942    755
   943    755
   944    755
   945    755
   946    755
   952    755
   953    755
   954    755
   955    755
   956    755
   957    755
   958    755
   959    755
   960    755
   961    755
   962    755
   900    756
   901    756
   902    756
   903    756
   904    756
   905    756
   906    756
   907    756
   908    756
   909    756
   926    756
   927    756
   928    756
   929    756
   930    756
   931    756
   932    756
   933    756
   934    756
   935    756
   936    756
   940    756
   941    756
   942    756
   943    756
   944    756
   945    756
   946    756
   947    756
   948    756
   949    756
   950    756
   951    756
   957    756
   958    756
   959    756
   960    756
   961    756
   962    756
   963    756
   964    756
   965    756
   966    756
   967    756
   900    757
   901    757
   902    757
   903    757
   904    757
   905    757
   906    757
   907    757
   908    757
   909    757
   930    757
   931    757
   932    757
   933    757
   934    757
   935    757
   936    757
   937    757
   938    757
   939    757
   940    757
   945    757
   946    757
   947    757
   948    757
   949    757
   950    757
   951    757
   952    757
   953    757
   954    757
   955    757
   956    757
   963    757
   964    757
   965    757
   966    757
   967    757
   969    757
   970    757
   971    757
   972    757
   973    757
   900    758
   901    758
   902    758
   903    758
   904    758
   905    758
   906    758
   907    758
   908    758
   909    758
   934    758
   935    758
   936    758
   937    758
   938    758
   939    758
   940    758
   941    758
   942    758
   943    758
   944    758
   950    758
   951    758
   952    758
   953    758
   954    758
   955    758
   956    758
   957    758
   958    758
   959    758
   960    758
   968    758
   969    758
   970    758
   971    758
   972    758
   973    758
   974    758
   975    758
   976    758
   977    758
   978    758
   900    759
   901    759
   902    759
   903    759
   904    759
   905    759
   906    759
   907    759
   908    759
   909    759
   940    759
   941    759
   942    759
   943    759
   946    759
   947    759
   948    759
   955    759
   956    759
   957    759
   958    759
   960    759
   961    759
   962    759
   963    759
   964    759
   965    759
   973    759
   974    759
   975    759
   976    759
   977    759
   978    759
   979    759
   900    760
   901    760
   902    760
   903    760
   904    760
   905    760
   906    760
   907    760
   908    760
   909    760
   944    760
   945    760
   946    760
   959    760
   960    760
   961    760
   962    760
   968    760
   969    760
   970    760
   978    760
   979    760
   980    760
   981    760
   982    760
   983    760
   900    761
   901    761
   902    761
   903    761
   904    761
   905    761
   906    761
   907    761
   908    761
   909    761
   966    761
   967    761
   972    761
   973    761
   974    761
   975    761
   976    761
   977    761
  1005    761
  1006    761
   900    762
   901    762
   902    762
   903    762
   904    762
   905    762
   906    762
   907    762
   908    762
   909    762
   971    762
   972    762
   973    762
   974    762
   975    762
   976    762
   977    762
   978    762
   979    762
   980    762
   981    762
   982    762
   983    762
   899    763
   900    763
   901    763
   902    763
   903    763
   904    763
   905    763
   906    763
   907    763
   908    763
   909    763
   977    763
   978    763
   979    763
   980    763
   981    763
   982    763
   983    763
   984    763
   985    763
   986    763
   987    763
   988    763
   989    763
  1000    763
  1001    763
  1002    763
  1003    763
  1004    763
  1005    763
  1006    763
  1007    763
  1008    763
   900    764
   901    764
   902    764
   903    764
   904    764
   905    764
   906    764
   907    764
   908    764
   909    764
   971    764
   972    764
   973    764
   974    764
   975    764
   976    764
   983    764
   984    764
   985    764
   986    764
   987    764
   988    764
   989    764
   991    764
   992    764
   993    764
   994    764
   995    764
   996    764
  1005    764
  1006    764
  1007    764
  1008    764
  1009    764
  1010    764
  1011    764
  1012    764
  1013    764
  1014    764
  1015    764
  1016    764
  1030    764
  1031    764
  1032    764
   900    765
   901    765
   902    765
   903    765
   904    765
   905    765
   906    765
   907    765
   908    765
   909    765
   976    765
   977    765
   978    765
   979    765
   980    765
   981    765
   988    765
   989    765
   990    765
   991    765
   992    765
   993    765
   994    765
   995    765
   996    765
   997    765
   998    765
   999    765
  1000    765
  1001    765
  1011    765
  1012    765
  1013    765
  1014    765
  1015    765
  1016    765
  1017    765
  1018    765
  1019    765
  1020    765
  1021    765
  1022    765
  1023    765
  1024    765
  1037    765
  1038    765
  1039    765
   899    766
   900    766
   901    766
   902    766
   903    766
   904    766
   905    766
   906    766
   907    766
   908    766
   909    766
   975    766
   976    766
   977    766
   978    766
   979    766
   980    766
   981    766
   982    766
   983    766
   984    766
   985    766
   986    766
   994    766
   995    766
   996    766
   997    766
   998    766
   999    766
  1000    766
  1001    766
  1002    766
  1003    766
  1004    766
  1005    766
  1006    766
  1007    766
  1008    766
  1017    766
  1018    766
  1019    766
  1020    766
  1021    766
  1022    766
  1023    766
  1024    766
  1025    766
  1026    766
  1027    766
  1028    766
  1029    766
  1030    766
   899    767
   900    767
   901    767
   902    767
   903    767
   904    767
   905    767
   906    767
   907    767
   908    767
   980    767
   981    767
   982    767
   983    767
   984    767
   985    767
   986    767
   987    767
   988    767
   989    767
   990    767
   991    767
  1000    767
  1001    767
  1002    767
  1003    767
  1004    767
  1005    767
  1006    767
  1007    767
  1008    767
  1009    767
  1010    767
  1011    767
  1012    767
  1013    767
  1014    767
  1023    767
  1024    767
  1025    767
  1026    767
  1027    767
  1028    767
  1029    767
  1030    767
  1031    767
  1032    767
  1033    767
  1034    767
  1035    767
  1036    767
   899    768
   900    768
   901    768
   902    768
   903    768
   904    768
   905    768
   906    768
   907    768
   908    768
   909    768
   986    768
   987    768
   988    768
   993    768
   994    768
   995    768
   996    768
   997    768
   998    768
   999    768
  1008    768
  1009    768
  1010    768
  1011    768
  1012    768
  1013    768
  1014    768
  1015    768
  1016    768
  1017    768
  1018    768
  1019    768
  1020    768
  1030    768
  1031    768
  1032    768
  1033    768
  1034    768
  1035    768
  1036    768
  1037    768
  1038    768
  1039    768
  1040    768
  1041    768
  1042    768
  1043    768
   899    769
   900    769
   901    769
   902    769
   903    769
   904    769
   905    769
   906    769
   907    769
   908    769
   994    769
   995    769
   996    769
  1001    769
  1002    769
  1003    769
  1004    769
  1005    769
  1006    769
  1007    769
  1017    769
  1018    769
  1019    769
  1020    769
  1021    769
  1022    769
  1023    769
  1024    769
  1025    769
  1026    769
  1027    769
  1028    769
  1029    769
  1038    769
  1039    769
  1040    769
  1041    769
  1042    769
  1043    769
  1044    769
  1045    769
  1046    769
  1047    769
  1048    769
  1049    769
  1050    769
  1051    769
   899    770
   900    770
   901    770
   902    770
   903    770
   904    770
   905    770
   906    770
   907    770
   908    770
   909    770
  1001    770
  1002    770
  1003    770
  1007    770
  1008    770
  1009    770
  1010    770
  1011    770
  1012    770
  1013    770
  1014    770
  1025    770
  1026    770
  1027    770
  1028    770
  1029    770
  1030    770
  1031    770
  1032    770
  1033    770
  1034    770
  1035    770
  1036    770
  1037    770
  1045    770
  1046    770
  1047    770
  1048    770
  1049    770
  1050    770
  1051    770
  1052    770
  1053    770
  1054    770
  1055    770
  1056    770
  1057    770
  1058    770
  1059    770
  1060    770
  1075    770
  1076    770
   898    771
   899    771
   900    771
   901    771
   902    771
   903    771
   904    771
   905    771
   906    771
   907    771
   908    771
   909    771
  1009    771
  1010    771
  1011    771
  1012    771
  1014    771
  1015    771
  1016    771
  1017    771
  1018    771
  1019    771
  1020    771
  1021    771
  1022    771
  1033    771
  1034    771
  1035    771
  1036    771
  1037    771
  1038    771
  1039    771
  1040    771
  1041    771
  1042    771
  1043    771
  1044    771
  1045    771
  1046    771
  1047    771
  1054    771
  1055    771
  1056    771
  1057    771
  1058    771
  1059    771
  1060    771
  1061    771
  1062    771
  1063    771
  1064    771
  1065    771
  1066    771
  1067    771
  1068    771
  1069    771
   898    772
   899    772
   900    772
   901    772
   902    772
   903    772
   904    772
   905    772
   906    772
   907    772
   908    772
   909    772
  1017    772
  1018    772
  1019    772
  1020    772
  1023    772
  1024    772
  1025    772
  1026    772
  1027    772
  1028    772
  1029    772
  1030    772
  1042    772
  1043    772
  1044    772
  1045    772
  1046    772
  1047    772
  1048    772
  1049    772
  1050    772
  1051    772
  1052    772
  1053    772
  1054    772
  1055    772
  1056    772
  1057    772
  1058    772
  1067    772
  1068    772
  1069    772
  1070    772
  1071    772
  1072    772
  1073    772
  1074    772
  1075    772
  1076    772
  1077    772
  1078    772
  1079    772
   898    773
   899    773
   900    773
   901    773
   902    773
   903    773
   904    773
   905    773
   906    773
   907    773
   908    773
  1026    773
  1027    773
  1028    773
  1029    773
  1030    773
  1031    773
  1035    773
  1036    773
  1037    773
  1038    773
  1050    773
  1051    773
  1052    773
  1053    773
  1054    773
  1055    773
  1056    773
  1057    773
  1058    773
  1059    773
  1060    773
  1061    773
  1062    773
  1063    773
  1064    773
  1065    773
  1066    773
  1079    773
  1080    773
  1081    773
  1082    773
  1083    773
  1084    773
  1085    773
  1086    773
   898    774
   899    774
   900    774
   901    774
   902    774
   903    774
   904    774
   905    774
   906    774
   907    774
   908    774
   909    774
  1033    774
  1034    774
  1035    774
  1036    774
  1037    774
  1038    774
  1039    774
  1040    774
  1041    774
  1043    774
  1044    774
  1045    774
  1046    774
  1047    774
  1058    774
  1059    774
  1060    774
  1068    774
  1069    774
  1070    774
  1071    774
  1072    774
  1073    774
  1074    774
  1075    774
   898    775
   899    775
   900    775
   901    775
   902    775
   903    775
   904    775
   905    775
   906    775
   907    775
   908    775
  1047    775
  1048    775
  1049    775
  1054    775
  1055    775
  1056    775
  1067    775
  1068    775
  1081    775
  1082    775
  1083    775
  1084    775
  1085    775
  1086    775
   897    776
   898    776
   899    776
   900    776
   901    776
   902    776
   903    776
   904    776
   905    776
   906    776
   907    776
  1093    776
  1094    776
  1095    776
  1096    776
  1125    776
  1126    776
  1127    776
   899    777
   900    777
   901    777
   902    777
   903    777
   904    777
   905    777
   906    777
  1090    777
  1091    777
  1092    777
  1093    777
  1094    777
  1095    777
  1096    777
  1097    777
  1098    777
  1099    777
  1100    777
  1101    777
  1104    777
  1105    777
  1106    777
  1107    777
  1120    777
  1121    777
  1122    777
  1123    777
  1124    777
  1125    777
  1126    777
  1127    777
  1128    777
  1129    777
  1130    777
  1131    777
  1132    777
  1133    777
  1134    777
  1135    777
  1136    777
  1137    777
  1138    777
   901    778
   902    778
   903    778
   904    778
   905    778
   906    778
  1098    778
  1099    778
  1100    778
  1101    778
  1102    778
  1103    778
  1104    778
  1105    778
  1106    778
  1107    778
  1108    778
  1109    778
  1110    778
  1111    778
  1112    778
  1113    778
  1114    778
  1115    778
  1116    778
  1117    778
  1118    778
  1119    778
  1133    778
  1134    778
  1135    778
  1136    778
  1137    778
  1138    778
  1139    778
  1140    778
  1141    778
  1142    778
  1143    778
  1144    778
  1145    778
  1146    778
  1147    778
  1148    778
  1149    778
  1150    778
  1151    778
  1152    778
  1153    778
  1091    779
  1092    779
  1093    779
  1094    779
  1095    779
  1096    779
  1097    779
  1098    779
  1099    779
  1100    779
  1101    779
  1102    779
  1111    779
  1112    779
  1113    779
  1114    779
  1115    779
  1116    779
  1117    779
  1118    779
  1119    779
  1120    779
  1121    779
  1122    779
  1123    779
  1124    779
  1125    779
  1126    779
  1127    779
  1128    779
  1129    779
  1130    779
  1131    779
  1147    779
  1148    779
  1149    779
  1150    779
  1151    779
  1152    779
  1153    779
  1154    779
  1155    779
  1156    779
  1157    779
  1158    779
  1159    779
  1160    779
  1161    779
  1162    779
  1163    779
  1164    779
  1165    779
  1096    780
  1097    780
  1098    780
  1099    780
  1104    780
  1105    780
  1106    780
  1107    780
  1108    780
  1109    780
  1110    780
  1111    780
  1112    780
  1123    780
  1124    780
  1125    780
  1126    780
  1127    780
  1128    780
  1129    780
  1130    780
  1131    780
  1132    780
  1133    780
  1134    780
  1135    780
  1136    780
  1137    780
  1138    780
  1139    780
  1140    780
  1141    780
  1157    780
  1158    780
  1159    780
  1160    780
  1161    780
  1162    780
  1163    780
  1164    780
  1165    780
  1166    780
  1167    780
  1168    780
  1169    780
  1170    780
  1171    780
  1172    780
  1173    780
  1174    780
  1175    780
  1176    780
  1177    780
  1178    780
  1104    781
  1105    781
  1106    781
  1107    781
  1108    781
  1109    781
  1111    781
  1113    781
  1114    781
  1115    781
  1116    781
  1117    781
  1118    781
  1119    781
  1120    781
  1121    781
  1122    781
  1123    781
  1132    781
  1133    781
  1134    781
  1135    781
  1136    781
  1137    781
  1138    781
  1139    781
  1140    781
  1141    781
  1142    781
  1143    781
  1144    781
  1145    781
  1146    781
  1147    781
  1148    781
  1149    781
  1150    781
  1151    781
  1152    781
  1153    781
  1171    781
  1172    781
  1173    781
  1174    781
  1175    781
  1176    781
  1177    781
  1178    781
  1179    781
  1180    781
  1181    781
  1182    781
  1183    781
  1184    781
  1185    781
  1186    781
  1187    781
  1188    781
  1189    781
  1190    781
  1191    781
  1115    782
  1116    782
  1117    782
  1118    782
  1119    782
  1120    782
  1121    782
  1122    782
  1123    782
  1124    782
  1125    782
  1126    782
  1127    782
  1128    782
  1129    782
  1130    782
  1131    782
  1132    782
  1133    782
  1144    782
  1145    782
  1146    782
  1147    782
  1148    782
  1149    782
  1150    782
  1151    782
  1152    782
  1153    782
  1154    782
  1155    782
  1156    782
  1157    782
  1158    782
  1159    782
  1160    782
  1161    782
  1162    782
  1163    782
  1164    782
  1165    782
  1166    782
  1183    782
  1184    782
  1185    782
  1186    782
  1187    782
  1188    782
  1189    782
  1190    782
  1191    782
  1192    782
  1193    782
  1194    782
  1195    782
  1196    782
  1197    782
  1198    782
  1199    782
  1200    782
  1201    782
  1202    782
  1229    782
  1230    782
  1124    783
  1125    783
  1126    783
  1127    783
  1132    783
  1133    783
  1134    783
  1135    783
  1136    783
  1137    783
  1138    783
  1139    783
  1140    783
  1141    783
  1142    783
  1143    783
  1144    783
  1145    783
  1158    783
  1159    783
  1160    783
  1161    783
  1162    783
  1163    783
  1164    783
  1165    783
  1166    783
  1167    783
  1168    783
  1169    783
  1170    783
  1171    783
  1172    783
  1173    783
  1174    783
  1175    783
  1176    783
  1177    783
  1178    783
  1197    783
  1198    783
  1199    783
  1200    783
  1201    783
  1202    783
  1203    783
  1204    783
  1205    783
  1206    783
  1207    783
  1208    783
  1209    783
  1210    783
  1211    783
  1212    783
  1213    783
  1214    783
  1215    783
  1216    783
  1217    783
  1218    783
  1219    783
  1220    783
  1221    783
  1222    783
  1136    784
  1137    784
  1138    784
  1139    784
  1142    784
  1143    784
  1145    784
  1146    784
  1147    784
  1148    784
  1149    784
  1150    784
  1151    784
  1152    784
  1153    784
  1154    784
  1155    784
  1156    784
  1157    784
  1171    784
  1172    784
  1173    784
  1174    784
  1175    784
  1176    784
  1177    784
  1178    784
  1179    784
  1180    784
  1181    784
  1182    784
  1183    784
  1184    784
  1185    784
  1186    784
  1187    784
  1188    784
  1189    784
  1190    784
  1191    784
  1192    784
  1193    784
  1194    784
  1195    784
  1218    784
  1219    784
  1220    784
  1221    784
  1222    784
  1223    784
  1224    784
  1225    784
  1226    784
  1227    784
  1228    784
  1229    784
  1230    784
  1231    784
  1232    784
  1233    784
  1234    784
  1235    784
  1236    784
  1237    784
  1148    785
  1149    785
  1150    785
  1151    785
  1152    785
  1153    785
  1154    785
  1155    785
  1156    785
  1157    785
  1158    785
  1159    785
  1160    785
  1161    785
  1162    785
  1163    785
  1164    785
  1165    785
  1166    785
  1167    785
  1168    785
  1169    785
  1170    785
  1187    785
  1188    785
  1189    785
  1190    785
  1191    785
  1192    785
  1193    785
  1194    785
  1195    785
  1196    785
  1197    785
  1198    785
  1199    785
  1200    785
  1201    785
  1202    785
  1203    785
  1204    785
  1205    785
  1206    785
  1207    785
  1208    785
  1209    785
  1230    785
  1231    785
  1232    785
  1233    785
  1234    785
  1235    785
  1236    785
  1237    785
  1238    785
  1239    785
  1240    785
  1241    785
  1242    785
  1243    785
  1244    785
  1245    785
  1246    785
  1247    785
  1248    785
  1249    785
  1250    785
  1251    785
  1252    785
  1253    785
  1254    785
  1255    785
  1162    786
  1163    786
  1164    786
  1165    786
  1166    786
  1167    786
  1168    786
  1169    786
  1170    786
  1171    786
  1172    786
  1173    786
  1174    786
  1175    786
  1176    786
  1177    786
  1178    786
  1179    786
  1180    786
  1181    786
  1182    786
  1183    786
  1184    786
  1197    786
  1198    786
  1199    786
  1200    786
  1201    786
  1202    786
  1203    786
  1204    786
  1205    786
  1206    786
  1207    786
  1208    786
  1209    786
  1210    786
  1211    786
  1212    786
  1213    786
  1214    786
  1215    786
  1216    786
  1217    786
  1218    786
  1219    786
  1220    786
  1221    786
  1222    786
  1223    786
  1224    786
  1250    786
  1251    786
  1252    786
  1253    786
  1254    786
  1255    786
  1256    786
  1257    786
  1258    786
  1259    786
  1260    786
  1261    786
  1262    786
  1174    787
  1175    787
  1176    787
  1177    787
  1178    787
  1179    787
  1180    787
  1186    787
  1187    787
  1188    787
  1189    787
  1190    787
  1191    787
  1192    787
  1193    787
  1194    787
  1195    787
  1196    787
  1197    787
  1215    787
  1216    787
  1217    787
  1218    787
  1219    787
  1220    787
  1221    787
  1222    787
  1223    787
  1224    787
  1225    787
  1226    787
  1227    787
  1228    787
  1229    787
  1230    787
  1231    787
  1232    787
  1233    787
  1234    787
  1235    787
  1236    787
  1237    787
  1238    787
  1239    787
  1240    787
  1241    787
  1187    788
  1188    788
  1189    788
  1190    788
  1191    788
  1192    788
  1193    788
  1197    788
  1198    788
  1199    788
  1200    788
  1201    788
  1202    788
  1203    788
  1204    788
  1205    788
  1206    788
  1207    788
  1208    788
  1209    788
  1210    788
  1211    788
  1212    788
  1213    788
  1214    788
  1229    788
  1230    788
  1231    788
  1232    788
  1233    788
  1234    788
  1235    788
  1236    788
  1237    788
  1238    788
  1239    788
  1240    788
  1241    788
  1242    788
  1243    788
  1244    788
  1250    788
  1251    788
  1252    788
  1253    788
  1254    788
  1255    788
  1256    788
  1257    788
  1258    788
  1259    788
  1260    788
  1202    789
  1203    789
  1204    789
  1205    789
  1206    789
  1207    789
  1208    789
  1209    789
  1210    789
  1211    789
  1212    789
  1214    789
  1215    789
  1216    789
  1217    789
  1218    789
  1219    789
  1220    789
  1221    789
  1222    789
  1223    789
  1224    789
  1225    789
  1226    789
  1227    789
  1228    789
  1229    789
  1230    789
  1231    789
  1245    789
  1246    789
  1247    789
  1248    789
  1249    789
  1250    789
  1251    789
  1252    789
  1253    789
  1254    789
  1255    789
  1261    789
  1216    790
  1217    790
  1218    790
  1219    790
  1220    790
  1221    790
  1222    790
  1223    790
  1224    790
  1225    790
  1226    790
  1227    790
  1228    790
  1229    790
  1230    790
  1231    790
  1232    790
  1233    790
  1234    790
  1235    790
  1236    790
  1237    790
  1238    790
  1239    790
  1240    790
  1241    790
  1261    790
  1262    790
  1263    790
