   905    709
   906    709
   907    709
   905    710
   906    710
   905    711
   906    711
   907    711
   905    712
   906    712
   907    712
   905    713
   906    713
   905    714
   906    714
   905    715
   906    715
   907    715
   904    716
   905    716
   906    716
   904    717
   905    717
   906    717
   907    717
   904    718
   905    718
   906    718
   907    718
   904    719
   905    719
   906    719
   907    719
   904    720
   905    720
   906    720
   907    720
   904    721
   905    721
   906    721
   907    721
   904    722
   905    722
   906    722
   904    723
   905    723
   906    723
   907    723
   903    724
   904    724
   905    724
   906    724
   907    724
   903    725
   904    725
   905    725
   906    725
   907    725
   903    726
   904    726
   905    726
   906    726
   907    726
   908    726
   903    727
   904    727
   905    727
   906    727
   907    727
   908    727
   903    728
   904    728
   905    728
   906    728
   907    728
   908    728
   903    729
   904    729
   905    729
   906    729
   907    729
   908    729
   903    730
   904    730
   905    730
   906    730
   907    730
   908    730
   909    730
   903    731
   904    731
   905    731
   906    731
   907    731
   908    731
   909    731
   902    732
   903    732
   904    732
   905    732
   906    732
   907    732
   908    732
   902    733
   903    733
   904    733
   905    733
   906    733
   907    733
   908    733
   902    734
   903    734
   904    734
   905    734
   906    734
   907    734
   908    734
   909    734
   902    735
   903    735
   904    735
   905    735
   906    735
   907    735
   908    735
   902    736
   903    736
   904    736
   905    736
   906    736
   907    736
   908    736
   902    737
   903    737
   904    737
   905    737
   906    737
   907    737
   908    737
   902    738
   903    738
   904    738
   905    738
   906    738
   907    738
   908    738
   909    738
   902    739
   903    739
   904    739
   905    739
   906    739
   907    739
   908    739
   909    739
   902    740
   903    740
   904    740
   905    740
   906    740
   907    740
   908    740
   909    740
   902    741
   903    741
   904    741
   905    741
   906    741
   907    741
   908    741
   909    741
   902    742
   903    742
   904    742
   905    742
   906    742
   907    742
   908    742
   909    742
   910    742
   901    743
   902    743
   903    743
   904    743
   905    743
   906    743
   907    743
   908    743
   909    743
   910    743
   911    743
   901    744
   902    744
   903    744
   904    744
   905    744
   906    744
   907    744
   908    744
   909    744
   910    744
   911    744
   900    745
   901    745
   902    745
   903    745
   904    745
   905    745
   906    745
   907    745
   908    745
   909    745
   910    745
   911    745
   912    745
   913    745
   898    746
   899    746
   900    746
   901    746
   902    746
   903    746
   904    746
   905    746
   906    746
   907    746
   908    746
   909    746
   910    746
   911    746
   912    746
   913    746
   914    746
   897    747
   898    747
   899    747
   900    747
   901    747
   902    747
   903    747
   904    747
   905    747
   906    747
   907    747
   908    747
   909    747
   910    747
   911    747
   912    747
   913    747
   914    747
   915    747
   916    747
   898    748
   899    748
   900    748
   901    748
   902    748
   903    748
   904    748
   905    748
   906    748
   907    748
   908    748
   909    748
   910    748
   911    748
   912    748
   913    748
   914    748
   915    748
   916    748
   917    748
   918    748
   892    749
   893    749
   897    749
   898    749
   899    749
   900    749
   901    749
   902    749
   903    749
   904    749
   905    749
   906    749
   907    749
   908    749
   909    749
   910    749
   911    749
   912    749
   913    749
   914    749
   915    749
   916    749
   917    749
   918    749
   919    749
   920    749
   896    750
   897    750
   898    750
   901    750
   902    750
   903    750
   904    750
   905    750
   906    750
   907    750
   908    750
   909    750
   913    750
   914    750
   915    750
   916    750
   917    750
   918    750
   919    750
   920    750
   921    750
   922    750
   901    751
   902    751
   903    751
   904    751
   905    751
   906    751
   907    751
   908    751
   909    751
   916    751
   917    751
   918    751
   919    751
   920    751
   921    751
   922    751
   923    751
   924    751
   925    751
   901    752
   902    752
   903    752
   904    752
   905    752
   906    752
   907    752
   908    752
   909    752
   918    752
   919    752
   920    752
   921    752
   922    752
   923    752
   924    752
   925    752
   926    752
   927    752
   900    753
   901    753
   902    753
   903    753
   904    753
   905    753
   906    753
   907    753
   908    753
   909    753
   921    753
   922    753
   923    753
   924    753
   925    753
   926    753
   927    753
   928    753
   929    753
   930    753
   942    753
   943    753
   900    754
   901    754
   902    754
   903    754
   904    754
   905    754
   906    754
   907    754
   908    754
   909    754
   916    754
   917    754
   918    754
   919    754
   920    754
   923    754
   924    754
   925    754
   926    754
   927    754
   928    754
   929    754
   930    754
   931    754
   932    754
   933    754
   940    754
   941    754
   942    754
   943    754
   944    754
   945    754
   946    754
   947    754
   948    754
   949    754
   899    755
   900    755
   901    755
   902    755
   903    755
   904    755
   905    755
   906    755
   907    755
   908    755
   919    755
   920    755
   921    755
   922    755
   923    755
   927    755
   928    755
   929    755
   930    755
   931    755
   932    755
   933    755
   934    755
   935    755
   936    755
   937    755
   944    755
   945    755
   946    755
   947    755
   948    755
   949    755
   950    755
   951    755
   952    755
   953    755
   900    756
   901    756
   902    756
   903    756
   904    756
   905    756
   906    756
   907    756
   908    756
   917    756
   918    756
   919    756
   920    756
   921    756
   922    756
   923    756
   924    756
   925    756
   926    756
   931    756
   932    756
   933    756
   934    756
   935    756
   936    756
   937    756
   938    756
   939    756
   940    756
   941    756
   948    756
   949    756
   950    756
   951    756
   952    756
   953    756
   954    756
   955    756
   956    756
   957    756
   900    757
   901    757
   902    757
   903    757
   904    757
   905    757
   906    757
   907    757
   908    757
   921    757
   922    757
   923    757
   924    757
   925    757
   926    757
   927    757
   928    757
   929    757
   930    757
   934    757
   935    757
   936    757
   937    757
   938    757
   939    757
   940    757
   941    757
   942    757
   943    757
   944    757
   951    757
   952    757
   953    757
   954    757
   955    757
   956    757
   957    757
   958    757
   959    757
   960    757
   961    757
   899    758
   900    758
   901    758
   902    758
   903    758
   904    758
   905    758
   906    758
   907    758
   908    758
   909    758
   925    758
   926    758
   927    758
   928    758
   929    758
   930    758
   931    758
   932    758
   933    758
   938    758
   939    758
   940    758
   941    758
   942    758
   943    758
   944    758
   945    758
   946    758
   947    758
   948    758
   949    758
   956    758
   957    758
   958    758
   959    758
   960    758
   961    758
   962    758
   963    758
   964    758
   965    758
   966    758
   899    759
   900    759
   901    759
   902    759
   903    759
   904    759
   905    759
   906    759
   907    759
   908    759
   909    759
   928    759
   929    759
   930    759
   931    759
   932    759
   933    759
   934    759
   935    759
   936    759
   937    759
   942    759
   943    759
   944    759
   945    759
   946    759
   947    759
   948    759
   949    759
   950    759
   951    759
   952    759
   953    759
   954    759
   960    759
   961    759
   962    759
   963    759
   964    759
   965    759
   966    759
   967    759
   968    759
   969    759
   970    759
   971    759
   899    760
   900    760
   901    760
   902    760
   903    760
   904    760
   905    760
   906    760
   907    760
   908    760
   909    760
   932    760
   933    760
   934    760
   935    760
   936    760
   937    760
   938    760
   939    760
   940    760
   941    760
   942    760
   947    760
   948    760
   949    760
   950    760
   951    760
   952    760
   953    760
   954    760
   955    760
   956    760
   957    760
   958    760
   966    760
   967    760
   968    760
   969    760
   970    760
   971    760
   972    760
   973    760
   974    760
   975    760
   976    760
   899    761
   900    761
   901    761
   902    761
   903    761
   904    761
   905    761
   906    761
   907    761
   908    761
   909    761
   937    761
   938    761
   939    761
   940    761
   942    761
   943    761
   944    761
   945    761
   946    761
   952    761
   953    761
   954    761
   955    761
   956    761
   957    761
   960    761
   961    761
   962    761
   963    761
   972    761
   973    761
   974    761
   975    761
   976    761
   977    761
   978    761
   979    761
   980    761
   981    761
   899    762
   900    762
   901    762
   902    762
   903    762
   904    762
   905    762
   906    762
   907    762
   908    762
   909    762
   941    762
   942    762
   943    762
   944    762
   947    762
   948    762
   949    762
   950    762
   957    762
   958    762
   959    762
   965    762
   966    762
   967    762
   976    762
   977    762
   978    762
   979    762
   980    762
   899    763
   900    763
   901    763
   902    763
   903    763
   904    763
   905    763
   906    763
   907    763
   908    763
   909    763
   946    763
   947    763
   948    763
   962    763
   963    763
   964    763
   969    763
   970    763
   971    763
   972    763
   973    763
   974    763
   899    764
   900    764
   901    764
   902    764
   903    764
   904    764
   905    764
   906    764
   907    764
   908    764
   909    764
   968    764
   969    764
   970    764
   971    764
   972    764
   973    764
   974    764
   975    764
   976    764
   977    764
   978    764
   979    764
   899    765
   900    765
   901    765
   902    765
   903    765
   904    765
   905    765
   906    765
   907    765
   908    765
   909    765
   973    765
   974    765
   975    765
   976    765
   977    765
   978    765
   979    765
   980    765
   981    765
   982    765
   983    765
   984    765
   985    765
   986    765
   899    766
   900    766
   901    766
   902    766
   903    766
   904    766
   905    766
   906    766
   907    766
   908    766
   909    766
   979    766
   980    766
   981    766
   982    766
   983    766
   984    766
   985    766
   986    766
   987    766
   988    766
   989    766
   990    766
   991    766
  1003    766
  1004    766
  1005    766
  1006    766
  1007    766
  1008    766
  1009    766
  1010    766
  1011    766
  1012    766
  1013    766
   899    767
   900    767
   901    767
   902    767
   903    767
   904    767
   905    767
   906    767
   907    767
   908    767
   909    767
   971    767
   972    767
   973    767
   985    767
   986    767
   987    767
   988    767
   989    767
   990    767
   991    767
   995    767
   996    767
   997    767
   998    767
  1007    767
  1008    767
  1009    767
  1010    767
  1011    767
  1012    767
  1013    767
  1014    767
  1015    767
  1016    767
  1017    767
  1018    767
  1019    767
   899    768
   900    768
   901    768
   902    768
   903    768
   904    768
   905    768
   906    768
   907    768
   908    768
   909    768
   977    768
   978    768
   979    768
   980    768
   981    768
   982    768
   983    768
   991    768
   992    768
   993    768
   994    768
   995    768
   996    768
   997    768
   998    768
   999    768
  1000    768
  1001    768
  1002    768
  1003    768
  1013    768
  1014    768
  1015    768
  1016    768
  1017    768
  1018    768
  1019    768
  1020    768
  1021    768
  1022    768
  1023    768
  1024    768
  1025    768
   899    769
   900    769
   901    769
   902    769
   903    769
   904    769
   905    769
   906    769
   907    769
   908    769
   909    769
   977    769
   978    769
   979    769
   980    769
   982    769
   983    769
   984    769
   985    769
   986    769
   987    769
   996    769
   997    769
   998    769
   999    769
  1000    769
  1001    769
  1002    769
  1003    769
  1004    769
  1005    769
  1006    769
  1007    769
  1008    769
  1009    769
  1018    769
  1019    769
  1020    769
  1021    769
  1022    769
  1023    769
  1024    769
  1025    769
  1026    769
  1027    769
  1028    769
  1029    769
  1030    769
  1031    769
  1032    769
   899    770
   900    770
   901    770
   902    770
   903    770
   904    770
   905    770
   906    770
   907    770
   908    770
   909    770
   982    770
   983    770
   984    770
   988    770
   989    770
   990    770
   991    770
   992    770
  1002    770
  1003    770
  1004    770
  1005    770
  1006    770
  1007    770
  1008    770
  1009    770
  1010    770
  1011    770
  1012    770
  1013    770
  1014    770
  1015    770
  1025    770
  1026    770
  1027    770
  1028    770
  1029    770
  1030    770
  1031    770
  1032    770
  1033    770
  1034    770
  1035    770
  1036    770
  1037    770
  1052    770
   899    771
   900    771
   901    771
   902    771
   903    771
   904    771
   905    771
   906    771
   907    771
   908    771
   986    771
   987    771
   988    771
   992    771
   993    771
   994    771
   995    771
   996    771
   997    771
   998    771
  1008    771
  1009    771
  1010    771
  1011    771
  1012    771
  1013    771
  1014    771
  1015    771
  1016    771
  1017    771
  1018    771
  1019    771
  1020    771
  1021    771
  1030    771
  1031    771
  1032    771
  1033    771
  1034    771
  1035    771
  1036    771
  1037    771
  1038    771
  1039    771
  1040    771
  1041    771
  1042    771
  1043    771
   899    772
   900    772
   901    772
   902    772
   903    772
   904    772
   905    772
   906    772
   907    772
   908    772
   909    772
   992    772
   993    772
   994    772
   999    772
  1000    772
  1001    772
  1002    772
  1003    772
  1004    772
  1005    772
  1015    772
  1016    772
  1017    772
  1018    772
  1019    772
  1020    772
  1021    772
  1022    772
  1023    772
  1024    772
  1025    772
  1026    772
  1027    772
  1028    772
  1029    772
  1037    772
  1038    772
  1039    772
  1040    772
  1041    772
  1042    772
  1043    772
  1044    772
  1045    772
  1046    772
  1047    772
  1048    772
  1049    772
  1050    772
  1051    772
  1052    772
  1068    772
  1069    772
   898    773
   899    773
   900    773
   901    773
   902    773
   903    773
   904    773
   905    773
   906    773
   907    773
   908    773
  1001    773
  1002    773
  1003    773
  1004    773
  1005    773
  1006    773
  1007    773
  1008    773
  1009    773
  1010    773
  1011    773
  1012    773
  1013    773
  1024    773
  1025    773
  1026    773
  1027    773
  1028    773
  1029    773
  1030    773
  1031    773
  1032    773
  1033    773
  1034    773
  1035    773
  1036    773
  1037    773
  1038    773
  1046    773
  1047    773
  1048    773
  1049    773
  1050    773
  1051    773
  1052    773
  1053    773
  1054    773
  1055    773
  1056    773
  1057    773
  1058    773
  1059    773
   898    774
   899    774
   900    774
   901    774
   902    774
   903    774
   904    774
   905    774
   906    774
   907    774
   908    774
  1008    774
  1009    774
  1010    774
  1016    774
  1017    774
  1018    774
  1019    774
  1020    774
  1021    774
  1032    774
  1033    774
  1034    774
  1035    774
  1036    774
  1037    774
  1038    774
  1039    774
  1040    774
  1041    774
  1042    774
  1043    774
  1044    774
  1045    774
  1046    774
  1056    774
  1057    774
  1058    774
  1059    774
  1060    774
  1061    774
  1062    774
  1063    774
  1064    774
  1065    774
  1066    774
  1067    774
  1068    774
   898    775
   899    775
   900    775
   901    775
   902    775
   903    775
   904    775
   905    775
   906    775
   907    775
   908    775
  1015    775
  1016    775
  1017    775
  1018    775
  1019    775
  1020    775
  1021    775
  1022    775
  1023    775
  1026    775
  1027    775
  1028    775
  1039    775
  1040    775
  1041    775
  1042    775
  1043    775
  1044    775
  1045    775
  1046    775
  1047    775
  1048    775
  1049    775
  1050    775
  1051    775
  1052    775
  1053    775
  1054    775
  1055    775
  1068    775
  1069    775
  1070    775
  1071    775
  1072    775
  1073    775
  1074    775
  1075    775
  1076    775
  1077    775
  1078    775
   898    776
   899    776
   900    776
   901    776
   902    776
   903    776
   904    776
   905    776
   906    776
   907    776
  1024    776
  1033    776
  1034    776
  1035    776
  1047    776
  1048    776
  1049    776
  1050    776
  1051    776
  1052    776
  1053    776
  1054    776
  1055    776
  1056    776
  1057    776
  1058    776
  1059    776
  1060    776
  1061    776
  1062    776
  1063    776
  1064    776
  1065    776
  1075    776
  1076    776
  1077    776
  1078    776
  1079    776
  1080    776
  1081    776
  1082    776
  1083    776
  1084    776
  1085    776
  1086    776
  1087    776
   897    777
   898    777
   899    777
   900    777
   901    777
   902    777
   903    777
   904    777
   905    777
   906    777
  1034    777
  1035    777
  1036    777
  1040    777
  1041    777
  1042    777
  1043    777
  1044    777
  1045    777
  1046    777
  1055    777
  1056    777
  1057    777
  1058    777
  1059    777
  1060    777
  1061    777
  1062    777
  1063    777
  1064    777
  1065    777
  1066    777
  1067    777
  1068    777
  1069    777
  1070    777
  1071    777
  1072    777
  1087    777
  1088    777
  1089    777
   902    778
   903    778
   904    778
   905    778
  1042    778
  1043    778
  1044    778
  1045    778
  1047    778
  1048    778
  1049    778
  1050    778
  1051    778
  1052    778
  1053    778
  1054    778
  1055    778
  1064    778
  1065    778
  1066    778
  1067    778
  1068    778
  1069    778
  1075    778
  1076    778
  1077    778
  1078    778
  1079    778
  1080    778
  1081    778
  1051    779
  1052    779
  1053    779
  1054    779
  1055    779
  1056    779
  1057    779
  1058    779
  1059    779
  1060    779
  1061    779
  1062    779
  1073    779
  1074    779
  1075    779
  1076    779
  1077    779
  1078    779
  1079    779
  1047    780
  1048    780
  1084    780
  1085    780
  1086    780
  1099    780
  1100    780
  1101    780
  1099    781
  1100    781
  1101    781
  1102    781
  1103    781
  1104    781
  1105    781
  1106    781
  1107    781
  1108    781
  1109    781
  1110    781
  1127    781
  1128    781
  1129    781
  1130    781
  1131    781
  1132    781
  1133    781
  1134    781
  1135    781
  1136    781
  1137    781
  1138    781
  1139    781
  1140    781
  1141    781
  1142    781
  1143    781
  1169    781
  1170    781
  1171    781
  1105    782
  1106    782
  1107    782
  1108    782
  1109    782
  1110    782
  1111    782
  1112    782
  1113    782
  1114    782
  1115    782
  1116    782
  1117    782
  1118    782
  1119    782
  1120    782
  1121    782
  1122    782
  1139    782
  1140    782
  1141    782
  1142    782
  1143    782
  1144    782
  1145    782
  1146    782
  1147    782
  1148    782
  1149    782
  1150    782
  1151    782
  1152    782
  1153    782
  1154    782
  1155    782
  1156    782
  1157    782
  1158    782
  1159    782
  1097    783
  1098    783
  1099    783
  1100    783
  1101    783
  1102    783
  1103    783
  1104    783
  1105    783
  1116    783
  1117    783
  1118    783
  1119    783
  1120    783
  1121    783
  1122    783
  1123    783
  1124    783
  1125    783
  1126    783
  1127    783
  1128    783
  1129    783
  1130    783
  1131    783
  1132    783
  1133    783
  1134    783
  1151    783
  1152    783
  1153    783
  1154    783
  1155    783
  1156    783
  1157    783
  1158    783
  1159    783
  1160    783
  1161    783
  1162    783
  1163    783
  1164    783
  1165    783
  1166    783
  1167    783
  1168    783
  1169    783
  1104    784
  1105    784
  1106    784
  1107    784
  1108    784
  1109    784
  1110    784
  1111    784
  1112    784
  1113    784
  1114    784
  1129    784
  1130    784
  1131    784
  1132    784
  1133    784
  1134    784
  1135    784
  1136    784
  1137    784
  1138    784
  1139    784
  1140    784
  1141    784
  1142    784
  1143    784
  1144    784
  1145    784
  1160    784
  1161    784
  1162    784
  1163    784
  1164    784
  1165    784
  1166    784
  1167    784
  1168    784
  1169    784
  1170    784
  1171    784
  1172    784
  1173    784
  1174    784
  1175    784
  1176    784
  1177    784
  1178    784
  1179    784
  1180    784
  1108    785
  1109    785
  1110    785
  1111    785
  1112    785
  1113    785
  1114    785
  1115    785
  1116    785
  1117    785
  1118    785
  1119    785
  1120    785
  1121    785
  1122    785
  1123    785
  1124    785
  1138    785
  1139    785
  1140    785
  1141    785
  1142    785
  1143    785
  1144    785
  1145    785
  1146    785
  1147    785
  1148    785
  1149    785
  1150    785
  1151    785
  1152    785
  1153    785
  1154    785
  1155    785
  1156    785
  1157    785
  1158    785
  1159    785
  1173    785
  1174    785
  1175    785
  1176    785
  1177    785
  1178    785
  1179    785
  1180    785
  1181    785
  1182    785
  1183    785
  1184    785
  1185    785
  1186    785
  1187    785
  1188    785
  1189    785
  1190    785
  1191    785
  1192    785
  1193    785
  1194    785
  1195    785
  1116    786
  1117    786
  1118    786
  1119    786
  1120    786
  1121    786
  1122    786
  1123    786
  1124    786
  1125    786
  1126    786
  1127    786
  1128    786
  1129    786
  1130    786
  1131    786
  1132    786
  1133    786
  1149    786
  1150    786
  1151    786
  1152    786
  1153    786
  1154    786
  1155    786
  1156    786
  1157    786
  1158    786
  1159    786
  1160    786
  1161    786
  1162    786
  1163    786
  1164    786
  1165    786
  1166    786
  1167    786
  1168    786
  1169    786
  1185    786
  1186    786
  1187    786
  1188    786
  1189    786
  1190    786
  1191    786
  1192    786
  1193    786
  1194    786
  1195    786
  1196    786
  1197    786
  1198    786
  1199    786
  1200    786
  1201    786
  1202    786
  1203    786
  1204    786
  1205    786
  1206    786
  1207    786
  1208    786
  1124    787
  1125    787
  1126    787
  1127    787
  1128    787
  1129    787
  1130    787
  1131    787
  1132    787
  1133    787
  1134    787
  1135    787
  1136    787
  1137    787
  1138    787
  1139    787
  1140    787
  1141    787
  1142    787
  1143    787
  1161    787
  1162    787
  1163    787
  1164    787
  1165    787
  1166    787
  1167    787
  1168    787
  1169    787
  1170    787
  1171    787
  1172    787
  1173    787
  1174    787
  1175    787
  1176    787
  1177    787
  1178    787
  1179    787
  1180    787
  1197    787
  1198    787
  1199    787
  1200    787
  1201    787
  1202    787
  1203    787
  1204    787
  1205    787
  1206    787
  1207    787
  1208    787
  1209    787
  1210    787
  1211    787
  1212    787
  1213    787
  1214    787
  1215    787
  1216    787
  1217    787
  1218    787
  1219    787
  1220    787
  1221    787
  1222    787
  1223    787
  1224    787
  1225    787
  1226    787
  1227    787
  1135    788
  1136    788
  1137    788
  1138    788
  1139    788
  1140    788
  1141    788
  1142    788
  1143    788
  1144    788
  1145    788
  1146    788
  1147    788
  1148    788
  1149    788
  1150    788
  1151    788
  1152    788
  1153    788
  1154    788
  1155    788
  1173    788
  1174    788
  1175    788
  1176    788
  1177    788
  1178    788
  1179    788
  1180    788
  1181    788
  1182    788
  1183    788
  1184    788
  1185    788
  1186    788
  1187    788
  1188    788
  1189    788
  1190    788
  1191    788
  1192    788
  1193    788
  1219    788
  1220    788
  1221    788
  1222    788
  1223    788
  1224    788
  1225    788
  1226    788
  1227    788
  1228    788
  1229    788
  1230    788
  1231    788
  1232    788
  1233    788
  1234    788
  1235    788
  1236    788
  1237    788
  1238    788
  1239    788
  1146    789
  1147    789
  1148    789
  1149    789
  1150    789
  1151    789
  1152    789
  1153    789
  1154    789
  1155    789
  1156    789
  1157    789
  1158    789
  1159    789
  1160    789
  1161    789
  1162    789
  1163    789
  1164    789
  1165    789
  1166    789
  1167    789
  1188    789
  1189    789
  1190    789
  1191    789
  1192    789
  1193    789
  1194    789
  1195    789
  1196    789
  1197    789
  1198    789
  1199    789
  1200    789
  1201    789
  1202    789
  1203    789
  1204    789
  1205    789
  1206    789
  1207    789
  1208    789
  1209    789
  1230    789
  1231    789
  1232    789
  1233    789
  1234    789
  1235    789
  1236    789
  1237    789
  1238    789
  1239    789
  1240    789
  1241    789
  1242    789
  1243    789
  1244    789
  1245    789
  1246    789
  1247    789
  1248    789
  1249    789
  1250    789
  1251    789
  1252    789
  1253    789
  1254    789
  1161    790
  1162    790
  1163    790
  1164    790
  1165    790
  1166    790
  1167    790
  1168    790
  1169    790
  1170    790
  1171    790
  1172    790
  1173    790
  1174    790
  1175    790
  1176    790
  1177    790
  1178    790
  1179    790
  1180    790
  1200    790
  1201    790
  1202    790
  1203    790
  1204    790
  1205    790
  1206    790
  1207    790
  1208    790
  1209    790
  1210    790
  1211    790
  1212    790
  1213    790
  1214    790
  1215    790
  1216    790
  1217    790
  1218    790
  1219    790
  1220    790
  1221    790
  1222    790
  1245    790
  1246    790
  1247    790
  1248    790
  1249    790
  1250    790
  1251    790
  1252    790
  1253    790
  1256    790
  1258    790
  1259    790
  1260    790
  1261    790
  1262    790
  1263    790
  1264    790
  1265    790
  1266    790
  1267    790
  1268    790
  1269    790
  1171    791
  1172    791
  1173    791
  1174    791
  1175    791
  1176    791
  1177    791
  1178    791
  1179    791
  1180    791
  1181    791
  1182    791
  1183    791
  1184    791
  1185    791
  1186    791
  1187    791
  1188    791
  1189    791
  1190    791
  1191    791
  1192    791
  1193    791
  1214    791
  1215    791
  1216    791
  1217    791
  1218    791
  1219    791
  1220    791
  1221    791
  1222    791
  1223    791
  1224    791
  1225    791
  1226    791
  1227    791
  1228    791
  1229    791
  1230    791
  1231    791
  1232    791
  1233    791
  1234    791
  1235    791
  1236    791
  1237    791
  1238    791
  1239    791
  1240    791
  1263    791
  1264    791
  1265    791
  1266    791
  1267    791
  1268    791
  1269    791
  1270    791
  1271    791
  1272    791
  1184    792
  1185    792
  1186    792
  1187    792
  1188    792
  1189    792
  1190    792
  1191    792
  1192    792
  1193    792
  1194    792
  1195    792
  1196    792
  1197    792
  1198    792
  1199    792
  1200    792
  1201    792
  1202    792
  1203    792
  1204    792
  1205    792
  1206    792
  1207    792
  1228    792
  1229    792
  1230    792
  1231    792
  1232    792
  1233    792
  1234    792
  1235    792
  1236    792
  1237    792
  1238    792
  1239    792
  1240    792
  1241    792
  1242    792
  1243    792
  1244    792
  1245    792
  1246    792
  1247    792
  1248    792
  1249    792
  1250    792
  1251    792
  1252    792
  1253    792
  1254    792
