   905    705
   906    705
   907    705
   905    708
   906    708
   907    708
   905    709
   906    709
   907    709
   905    711
   906    711
   907    711
   905    712
   906    712
   907    712
   905    713
   906    713
   905    714
   906    714
   905    715
   906    715
   904    716
   905    716
   906    716
   904    717
   905    717
   906    717
   904    718
   905    718
   906    718
   907    718
   904    719
   905    719
   906    719
   907    719
   904    720
   905    720
   906    720
   907    720
   904    721
   905    721
   906    721
   907    721
   908    721
   904    722
   905    722
   906    722
   907    722
   908    722
   904    723
   905    723
   906    723
   907    723
   908    723
   903    724
   904    724
   905    724
   906    724
   907    724
   908    724
   903    725
   904    725
   905    725
   906    725
   907    725
   904    726
   905    726
   906    726
   907    726
   908    726
   903    727
   904    727
   905    727
   906    727
   907    727
   908    727
   903    728
   904    728
   905    728
   906    728
   907    728
   903    729
   904    729
   905    729
   906    729
   907    729
   908    729
   903    730
   904    730
   905    730
   906    730
   907    730
   908    730
   903    731
   904    731
   905    731
   906    731
   907    731
   908    731
   902    732
   903    732
   904    732
   905    732
   906    732
   907    732
   908    732
   902    733
   903    733
   904    733
   905    733
   906    733
   907    733
   908    733
   909    733
   903    734
   904    734
   905    734
   906    734
   907    734
   902    735
   903    735
   904    735
   905    735
   906    735
   907    735
   908    735
   909    735
   903    736
   904    736
   905    736
   906    736
   907    736
   908    736
   909    736
   903    737
   904    737
   905    737
   906    737
   907    737
   908    737
   909    737
   902    738
   903    738
   904    738
   905    738
   906    738
   907    738
   908    738
   909    738
   903    739
   904    739
   905    739
   906    739
   907    739
   908    739
   909    739
   910    739
   902    740
   903    740
   904    740
   905    740
   906    740
   907    740
   908    740
   909    740
   910    740
   911    740
   901    741
   902    741
   903    741
   904    741
   905    741
   906    741
   907    741
   908    741
   909    741
   910    741
   911    741
   912    741
   900    742
   901    742
   902    742
   903    742
   904    742
   905    742
   906    742
   907    742
   908    742
   909    742
   910    742
   911    742
   912    742
   913    742
   898    743
   899    743
   900    743
   901    743
   902    743
   903    743
   904    743
   905    743
   906    743
   907    743
   908    743
   909    743
   910    743
   911    743
   912    743
   913    743
   914    743
   915    743
   897    744
   898    744
   899    744
   900    744
   901    744
   902    744
   903    744
   904    744
   905    744
   906    744
   907    744
   908    744
   909    744
   910    744
   911    744
   912    744
   913    744
   915    744
   916    744
   917    744
   918    744
   898    745
   899    745
   900    745
   901    745
   902    745
   903    745
   904    745
   905    745
   906    745
   907    745
   908    745
   909    745
   910    745
   911    745
   912    745
   913    745
   915    745
   916    745
   917    745
   918    745
   919    745
   897    746
   898    746
   899    746
   901    746
   902    746
   903    746
   904    746
   905    746
   906    746
   907    746
   908    746
   909    746
   913    746
   914    746
   915    746
   916    746
   917    746
   918    746
   919    746
   920    746
   921    746
   922    746
   901    747
   902    747
   903    747
   904    747
   905    747
   906    747
   907    747
   908    747
   909    747
   915    747
   916    747
   917    747
   918    747
   919    747
   920    747
   921    747
   922    747
   923    747
   924    747
   901    748
   902    748
   903    748
   904    748
   905    748
   906    748
   907    748
   908    748
   909    748
   918    748
   919    748
   920    748
   921    748
   922    748
   923    748
   924    748
   925    748
   926    748
   927    748
   935    748
   936    748
   937    748
   938    748
   901    749
   902    749
   903    749
   904    749
   905    749
   906    749
   907    749
   908    749
   909    749
   920    749
   921    749
   922    749
   923    749
   924    749
   925    749
   926    749
   927    749
   928    749
   929    749
   936    749
   937    749
   938    749
   939    749
   940    749
   941    749
   900    750
   901    750
   902    750
   903    750
   904    750
   905    750
   906    750
   907    750
   908    750
   909    750
   914    750
   915    750
   916    750
   917    750
   918    750
   923    750
   924    750
   925    750
   926    750
   927    750
   928    750
   929    750
   930    750
   931    750
   932    750
   939    750
   940    750
   941    750
   942    750
   943    750
   944    750
   945    750
   946    750
   947    750
   901    751
   902    751
   903    751
   904    751
   905    751
   906    751
   907    751
   908    751
   909    751
   919    751
   920    751
   921    751
   922    751
   923    751
   926    751
   927    751
   928    751
   929    751
   930    751
   931    751
   932    751
   933    751
   934    751
   935    751
   936    751
   937    751
   942    751
   943    751
   944    751
   945    751
   946    751
   947    751
   948    751
   949    751
   950    751
   951    751
   952    751
   901    752
   902    752
   903    752
   904    752
   905    752
   906    752
   907    752
   908    752
   909    752
   917    752
   918    752
   919    752
   920    752
   921    752
   922    752
   923    752
   924    752
   925    752
   926    752
   930    752
   931    752
   932    752
   933    752
   934    752
   935    752
   936    752
   937    752
   938    752
   939    752
   940    752
   946    752
   947    752
   948    752
   949    752
   950    752
   951    752
   952    752
   953    752
   954    752
   955    752
   956    752
   900    753
   901    753
   902    753
   903    753
   904    753
   905    753
   906    753
   907    753
   908    753
   909    753
   921    753
   922    753
   923    753
   924    753
   925    753
   926    753
   927    753
   928    753
   929    753
   930    753
   934    753
   935    753
   936    753
   937    753
   938    753
   939    753
   940    753
   941    753
   942    753
   943    753
   944    753
   951    753
   952    753
   953    753
   954    753
   955    753
   956    753
   957    753
   958    753
   959    753
   960    753
   961    753
   900    754
   901    754
   902    754
   903    754
   904    754
   905    754
   906    754
   907    754
   908    754
   909    754
   925    754
   926    754
   927    754
   928    754
   929    754
   930    754
   931    754
   932    754
   933    754
   934    754
   939    754
   940    754
   941    754
   942    754
   943    754
   944    754
   945    754
   946    754
   947    754
   948    754
   949    754
   956    754
   957    754
   958    754
   959    754
   960    754
   961    754
   962    754
   963    754
   964    754
   965    754
   900    755
   901    755
   902    755
   903    755
   904    755
   905    755
   906    755
   907    755
   908    755
   909    755
   929    755
   930    755
   931    755
   932    755
   933    755
   934    755
   935    755
   936    755
   937    755
   938    755
   944    755
   945    755
   946    755
   947    755
   948    755
   949    755
   950    755
   951    755
   952    755
   953    755
   954    755
   961    755
   962    755
   963    755
   964    755
   965    755
   966    755
   967    755
   968    755
   969    755
   970    755
   971    755
   900    756
   901    756
   902    756
   903    756
   904    756
   905    756
   906    756
   907    756
   908    756
   909    756
   934    756
   935    756
   936    756
   937    756
   939    756
   940    756
   941    756
   942    756
   943    756
   944    756
   949    756
   950    756
   951    756
   952    756
   956    756
   957    756
   958    756
   959    756
   966    756
   967    756
   968    756
   969    756
   970    756
   971    756
   972    756
   973    756
   974    756
   975    756
   976    756
   900    757
   901    757
   902    757
   903    757
   904    757
   905    757
   906    757
   907    757
   908    757
   909    757
   910    757
   939    757
   940    757
   941    757
   945    757
   946    757
   947    757
   948    757
   954    757
   955    757
   956    757
   957    757
   960    757
   961    757
   962    757
   963    757
   964    757
   965    757
   972    757
   973    757
   974    757
   975    757
   976    757
   900    758
   901    758
   902    758
   903    758
   904    758
   905    758
   906    758
   907    758
   908    758
   909    758
   944    758
   945    758
   959    758
   960    758
   961    758
   962    758
   965    758
   966    758
   967    758
   968    758
   969    758
   970    758
   971    758
   978    758
   979    758
   980    758
   900    759
   901    759
   902    759
   903    759
   904    759
   905    759
   906    759
   907    759
   908    759
   909    759
   910    759
   966    759
   967    759
   968    759
   969    759
   970    759
   971    759
   972    759
   973    759
   974    759
   975    759
   976    759
   900    760
   901    760
   902    760
   903    760
   904    760
   905    760
   906    760
   907    760
   908    760
   909    760
   971    760
   972    760
   973    760
   974    760
   975    760
   976    760
   977    760
   978    760
   979    760
   980    760
   981    760
   982    760
   900    761
   901    761
   902    761
   903    761
   904    761
   905    761
   906    761
   907    761
   908    761
   909    761
   977    761
   978    761
   979    761
   980    761
   981    761
   982    761
   983    761
   984    761
   985    761
   986    761
   987    761
   988    761
   998    761
   999    761
  1000    761
  1001    761
  1002    761
  1003    761
  1004    761
  1005    761
  1006    761
  1007    761
  1008    761
  1009    761
  1010    761
  1019    761
  1020    761
  1021    761
  1022    761
   900    762
   901    762
   902    762
   903    762
   904    762
   905    762
   906    762
   907    762
   908    762
   909    762
   972    762
   973    762
   974    762
   975    762
   976    762
   977    762
   984    762
   985    762
   986    762
   987    762
   988    762
   989    762
   990    762
   992    762
   993    762
   994    762
   995    762
   996    762
  1004    762
  1005    762
  1006    762
  1007    762
  1008    762
  1009    762
  1010    762
  1011    762
  1012    762
  1013    762
  1014    762
  1015    762
  1016    762
   900    763
   901    763
   902    763
   903    763
   904    763
   905    763
   906    763
   907    763
   908    763
   909    763
   972    763
   973    763
   974    763
   975    763
   976    763
   977    763
   978    763
   979    763
   980    763
   981    763
   982    763
   989    763
   990    763
   991    763
   992    763
   993    763
   994    763
   995    763
   997    763
   998    763
   999    763
  1000    763
  1001    763
  1002    763
  1010    763
  1011    763
  1012    763
  1013    763
  1014    763
  1015    763
  1016    763
  1017    763
  1018    763
  1019    763
  1020    763
  1021    763
  1022    763
  1023    763
  1031    763
  1032    763
  1033    763
   900    764
   901    764
   902    764
   903    764
   904    764
   905    764
   906    764
   907    764
   908    764
   909    764
   976    764
   977    764
   978    764
   979    764
   980    764
   981    764
   982    764
   983    764
   984    764
   985    764
   986    764
   987    764
   995    764
   996    764
   997    764
   998    764
   999    764
  1000    764
  1001    764
  1002    764
  1003    764
  1004    764
  1005    764
  1006    764
  1007    764
  1008    764
  1009    764
  1016    764
  1017    764
  1018    764
  1019    764
  1020    764
  1021    764
  1022    764
  1023    764
  1024    764
  1025    764
  1026    764
  1027    764
  1028    764
  1029    764
   900    765
   901    765
   902    765
   903    765
   904    765
   905    765
   906    765
   907    765
   908    765
   909    765
   981    765
   982    765
   983    765
   987    765
   988    765
   989    765
   990    765
   991    765
   992    765
   993    765
  1001    765
  1002    765
  1003    765
  1004    765
  1005    765
  1006    765
  1007    765
  1008    765
  1009    765
  1010    765
  1011    765
  1012    765
  1013    765
  1014    765
  1015    765
  1024    765
  1025    765
  1026    765
  1027    765
  1028    765
  1029    765
  1030    765
  1031    765
  1032    765
  1033    765
  1034    765
  1035    765
  1036    765
   899    766
   900    766
   901    766
   902    766
   903    766
   904    766
   905    766
   906    766
   907    766
   908    766
   909    766
   988    766
   989    766
   990    766
   991    766
   992    766
   993    766
   994    766
   995    766
   996    766
   997    766
   998    766
   999    766
  1010    766
  1011    766
  1012    766
  1013    766
  1014    766
  1015    766
  1016    766
  1017    766
  1018    766
  1019    766
  1020    766
  1021    766
  1022    766
  1023    766
  1034    766
  1035    766
  1036    766
  1037    766
  1038    766
  1039    766
  1040    766
  1041    766
  1042    766
  1043    766
  1044    766
  1045    766
  1046    766
   899    767
   900    767
   901    767
   902    767
   903    767
   904    767
   905    767
   906    767
   907    767
   908    767
   909    767
   994    767
   995    767
   996    767
   997    767
   998    767
  1000    767
  1001    767
  1002    767
  1003    767
  1004    767
  1005    767
  1006    767
  1007    767
  1008    767
  1018    767
  1019    767
  1020    767
  1021    767
  1022    767
  1023    767
  1024    767
  1025    767
  1026    767
  1027    767
  1028    767
  1029    767
  1030    767
  1031    767
  1032    767
  1042    767
  1043    767
  1044    767
  1045    767
  1046    767
  1047    767
  1048    767
  1049    767
  1050    767
  1051    767
  1052    767
  1053    767
  1054    767
  1055    767
  1056    767
   899    768
   900    768
   901    768
   902    768
   903    768
   904    768
   905    768
   906    768
   907    768
   908    768
   909    768
  1006    768
  1007    768
  1008    768
  1013    768
  1014    768
  1015    768
  1016    768
  1025    768
  1026    768
  1027    768
  1028    768
  1029    768
  1030    768
  1031    768
  1032    768
  1033    768
  1034    768
  1035    768
  1036    768
  1037    768
  1038    768
  1039    768
  1040    768
  1051    768
  1052    768
  1053    768
  1054    768
  1055    768
  1056    768
  1057    768
  1058    768
  1059    768
  1060    768
  1061    768
  1062    768
  1063    768
  1064    768
   899    769
   900    769
   901    769
   902    769
   903    769
   904    769
   905    769
   906    769
   907    769
   908    769
   909    769
  1016    769
  1017    769
  1022    769
  1023    769
  1024    769
  1025    769
  1034    769
  1035    769
  1036    769
  1037    769
  1038    769
  1039    769
  1040    769
  1041    769
  1042    769
  1043    769
  1044    769
  1045    769
  1046    769
  1047    769
  1048    769
  1049    769
  1050    769
  1061    769
  1062    769
  1063    769
  1064    769
  1065    769
  1066    769
  1067    769
  1068    769
  1069    769
  1070    769
  1071    769
  1072    769
  1073    769
  1074    769
  1075    769
   899    770
   900    770
   901    770
   902    770
   903    770
   904    770
   905    770
   906    770
   907    770
   908    770
   909    770
  1024    770
  1025    770
  1026    770
  1029    770
  1030    770
  1031    770
  1032    770
  1033    770
  1034    770
  1035    770
  1036    770
  1037    770
  1045    770
  1046    770
  1047    770
  1048    770
  1049    770
  1050    770
  1051    770
  1052    770
  1053    770
  1054    770
  1055    770
  1056    770
  1057    770
  1058    770
  1059    770
  1070    770
  1071    770
  1072    770
  1073    770
  1074    770
  1075    770
  1076    770
  1077    770
  1078    770
  1079    770
   898    771
   899    771
   900    771
   901    771
   902    771
   903    771
   904    771
   905    771
   906    771
   907    771
   908    771
   909    771
  1031    771
  1032    771
  1033    771
  1034    771
  1035    771
  1036    771
  1037    771
  1038    771
  1039    771
  1040    771
  1041    771
  1042    771
  1043    771
  1044    771
  1045    771
  1054    771
  1055    771
  1056    771
  1057    771
  1058    771
  1059    771
  1063    771
  1064    771
  1065    771
  1066    771
  1067    771
  1068    771
   899    772
   900    772
   901    772
   902    772
   903    772
   904    772
   905    772
   906    772
   907    772
   908    772
   909    772
  1040    772
  1041    772
  1042    772
  1043    772
  1044    772
  1047    772
  1048    772
  1064    772
  1065    772
  1066    772
  1074    772
  1075    772
  1076    772
  1077    772
  1078    772
  1079    772
   898    773
   899    773
   900    773
   901    773
   902    773
   903    773
   904    773
   905    773
   906    773
   907    773
   908    773
   909    773
  1073    773
  1074    773
  1075    773
  1087    773
  1088    773
  1089    773
  1090    773
  1091    773
  1141    773
  1142    773
   898    774
   899    774
   900    774
   901    774
   902    774
   903    774
   904    774
   905    774
   906    774
   907    774
   908    774
   909    774
  1097    774
  1098    774
  1099    774
  1100    774
  1101    774
  1102    774
  1103    774
  1104    774
  1116    774
  1117    774
  1118    774
  1119    774
  1120    774
  1121    774
  1122    774
  1123    774
  1124    774
  1125    774
  1126    774
  1127    774
  1128    774
  1129    774
  1130    774
  1131    774
  1151    774
  1152    774
  1153    774
  1154    774
  1155    774
   898    775
   899    775
   900    775
   901    775
   902    775
   903    775
   904    775
   905    775
   906    775
   907    775
   908    775
   909    775
  1097    775
  1098    775
  1099    775
  1100    775
  1101    775
  1102    775
  1103    775
  1105    775
  1106    775
  1107    775
  1108    775
  1109    775
  1110    775
  1111    775
  1112    775
  1113    775
  1114    775
  1115    775
  1131    775
  1132    775
  1133    775
  1134    775
  1135    775
  1136    775
  1137    775
  1138    775
  1139    775
  1140    775
  1141    775
  1142    775
  1143    775
  1144    775
  1145    775
   898    776
   899    776
   900    776
   901    776
   902    776
   903    776
   904    776
   905    776
   906    776
   907    776
   908    776
   909    776
  1086    776
  1087    776
  1093    776
  1094    776
  1095    776
  1108    776
  1109    776
  1110    776
  1111    776
  1112    776
  1113    776
  1114    776
  1115    776
  1116    776
  1117    776
  1118    776
  1119    776
  1120    776
  1121    776
  1122    776
  1123    776
  1124    776
  1125    776
  1126    776
  1127    776
  1128    776
  1142    776
  1143    776
  1144    776
  1145    776
  1146    776
  1147    776
  1148    776
  1149    776
  1150    776
  1151    776
  1152    776
  1153    776
  1154    776
  1155    776
  1156    776
  1157    776
   898    777
   899    777
   900    777
   901    777
   902    777
   903    777
   904    777
   905    777
   906    777
   907    777
   908    777
   909    777
  1093    777
  1094    777
  1095    777
  1096    777
  1097    777
  1098    777
  1099    777
  1100    777
  1101    777
  1102    777
  1103    777
  1104    777
  1105    777
  1106    777
  1107    777
  1120    777
  1121    777
  1122    777
  1123    777
  1124    777
  1125    777
  1126    777
  1127    777
  1128    777
  1129    777
  1130    777
  1131    777
  1132    777
  1133    777
  1134    777
  1135    777
  1136    777
  1137    777
  1138    777
  1139    777
  1140    777
  1156    777
  1157    777
  1158    777
  1159    777
  1160    777
  1161    777
  1162    777
  1163    777
  1164    777
  1165    777
  1166    777
  1167    777
  1168    777
  1169    777
  1170    777
  1171    777
  1172    777
  1173    777
   898    778
   899    778
   900    778
   901    778
   902    778
   903    778
   904    778
   905    778
   906    778
   907    778
   908    778
   909    778
  1104    778
  1105    778
  1106    778
  1107    778
  1112    778
  1113    778
  1114    778
  1115    778
  1116    778
  1117    778
  1118    778
  1131    778
  1132    778
  1133    778
  1134    778
  1135    778
  1136    778
  1137    778
  1138    778
  1139    778
  1140    778
  1141    778
  1142    778
  1143    778
  1144    778
  1145    778
  1146    778
  1147    778
  1148    778
  1149    778
  1150    778
  1151    778
  1152    778
  1169    778
  1170    778
  1171    778
  1172    778
  1173    778
  1174    778
  1175    778
  1176    778
  1177    778
  1178    778
  1179    778
  1180    778
  1181    778
  1182    778
  1183    778
  1184    778
  1185    778
  1186    778
  1187    778
   898    779
   899    779
   900    779
   901    779
   902    779
   903    779
   904    779
   905    779
   906    779
   907    779
   908    779
  1113    779
  1114    779
  1115    779
  1116    779
  1117    779
  1118    779
  1120    779
  1121    779
  1123    779
  1124    779
  1125    779
  1126    779
  1127    779
  1128    779
  1129    779
  1142    779
  1143    779
  1144    779
  1145    779
  1146    779
  1147    779
  1148    779
  1149    779
  1150    779
  1151    779
  1152    779
  1153    779
  1154    779
  1155    779
  1156    779
  1157    779
  1158    779
  1159    779
  1160    779
  1161    779
  1162    779
  1163    779
  1164    779
  1183    779
  1184    779
  1185    779
  1186    779
  1187    779
  1188    779
  1189    779
  1190    779
  1191    779
  1192    779
  1193    779
  1194    779
  1195    779
  1196    779
  1197    779
  1198    779
  1199    779
  1200    779
  1201    779
  1202    779
  1203    779
  1204    779
  1205    779
  1206    779
  1207    779
  1208    779
  1209    779
   896    780
   897    780
   898    780
   899    780
   900    780
   901    780
   902    780
   903    780
   904    780
   905    780
   906    780
   907    780
  1126    780
  1127    780
  1128    780
  1129    780
  1134    780
  1135    780
  1136    780
  1137    780
  1138    780
  1139    780
  1140    780
  1141    780
  1155    780
  1156    780
  1157    780
  1158    780
  1159    780
  1160    780
  1161    780
  1162    780
  1163    780
  1164    780
  1165    780
  1166    780
  1167    780
  1168    780
  1169    780
  1170    780
  1171    780
  1172    780
  1173    780
  1174    780
  1175    780
  1176    780
  1177    780
  1178    780
  1179    780
  1205    780
  1206    780
  1207    780
  1208    780
  1209    780
  1210    780
  1211    780
  1212    780
  1213    780
  1214    780
  1215    780
  1216    780
  1217    780
  1218    780
   901    781
   902    781
   903    781
   904    781
   905    781
   906    781
   907    781
  1135    781
  1136    781
  1137    781
  1138    781
  1139    781
  1140    781
  1141    781
  1147    781
  1148    781
  1149    781
  1150    781
  1151    781
  1152    781
  1153    781
  1154    781
  1155    781
  1156    781
  1157    781
  1158    781
  1159    781
  1173    781
  1174    781
  1175    781
  1176    781
  1177    781
  1178    781
  1179    781
  1180    781
  1181    781
  1182    781
  1183    781
  1184    781
  1185    781
  1186    781
  1187    781
  1188    781
  1189    781
  1190    781
  1191    781
  1192    781
  1193    781
  1194    781
  1195    781
  1196    781
  1214    781
  1215    781
  1216    781
  1217    781
  1218    781
  1219    781
  1220    781
  1221    781
  1222    781
  1223    781
  1230    781
  1231    781
  1232    781
  1233    781
  1234    781
  1235    781
  1236    781
  1237    781
  1238    781
   903    782
   904    782
  1131    782
  1132    782
  1133    782
  1153    782
  1154    782
  1155    782
  1156    782
  1157    782
  1159    782
  1160    782
  1161    782
  1162    782
  1163    782
  1164    782
  1165    782
  1166    782
  1167    782
  1168    782
  1169    782
  1170    782
  1171    782
  1172    782
  1185    782
  1186    782
  1187    782
  1188    782
  1189    782
  1190    782
  1191    782
  1192    782
  1193    782
  1194    782
  1195    782
  1196    782
  1197    782
  1198    782
  1199    782
  1200    782
  1201    782
  1202    782
  1203    782
  1204    782
  1205    782
  1206    782
  1207    782
  1208    782
  1209    782
  1210    782
  1234    782
  1235    782
  1236    782
  1237    782
  1238    782
  1239    782
  1240    782
  1241    782
  1242    782
  1243    782
  1244    782
  1245    782
  1246    782
  1247    782
  1163    783
  1164    783
  1165    783
  1166    783
  1167    783
  1175    783
  1176    783
  1177    783
  1178    783
  1179    783
  1180    783
  1181    783
  1182    783
  1183    783
  1184    783
  1185    783
  1186    783
  1187    783
  1200    783
  1201    783
  1202    783
  1203    783
  1204    783
  1205    783
  1206    783
  1207    783
  1208    783
  1209    783
  1210    783
  1211    783
  1212    783
  1213    783
  1214    783
  1215    783
  1216    783
  1217    783
  1218    783
  1219    783
  1220    783
  1221    783
  1222    783
  1223    783
  1224    783
  1225    783
  1226    783
  1227    783
  1177    784
  1178    784
  1179    784
  1180    784
  1185    784
  1188    784
  1189    784
  1190    784
  1191    784
  1192    784
  1193    784
  1194    784
  1195    784
  1196    784
  1197    784
  1198    784
  1199    784
  1200    784
  1201    784
  1202    784
  1216    784
  1217    784
  1218    784
  1219    784
  1220    784
  1221    784
  1222    784
  1223    784
  1224    784
  1225    784
  1226    784
  1227    784
  1228    784
  1229    784
  1230    784
  1231    784
  1232    784
  1243    784
  1244    784
  1245    784
  1246    784
  1193    785
  1194    785
  1195    785
  1205    785
  1206    785
  1207    785
  1208    785
  1209    785
  1210    785
  1211    785
  1212    785
  1213    785
  1214    785
  1215    785
  1216    785
  1217    785
  1218    785
  1219    785
  1208    786
  1209    786
  1210    786
  1211    786
  1212    786
  1216    786
  1217    786
  1218    786
  1219    786
  1220    786
  1221    786
  1222    786
  1223    786
  1224    786
  1225    786
  1226    786
  1227    786
  1228    786
  1229    786
  1230    786
  1231    786
  1232    786
