   905    703
   906    703
   906    705
   905    706
   906    706
   907    706
   905    707
   906    707
   905    708
   906    708
   905    709
   906    709
   907    709
   905    710
   906    710
   905    711
   906    711
   905    712
   906    712
   907    712
   905    713
   906    713
   905    714
   906    714
   907    714
   905    715
   906    715
   907    715
   904    716
   905    716
   906    716
   907    716
   908    716
   909    716
   904    717
   905    717
   906    717
   907    717
   908    717
   909    717
   904    718
   905    718
   906    718
   907    718
   908    718
   904    719
   905    719
   906    719
   907    719
   908    719
   909    719
   904    720
   905    720
   906    720
   907    720
   908    720
   909    720
   904    721
   905    721
   906    721
   907    721
   908    721
   909    721
   904    722
   905    722
   906    722
   907    722
   908    722
   909    722
   904    723
   905    723
   906    723
   907    723
   908    723
   909    723
   903    724
   904    724
   905    724
   906    724
   907    724
   908    724
   909    724
   903    725
   904    725
   905    725
   906    725
   907    725
   908    725
   909    725
   903    726
   904    726
   905    726
   906    726
   907    726
   908    726
   903    727
   904    727
   905    727
   906    727
   907    727
   908    727
   909    727
   903    728
   904    728
   905    728
   906    728
   907    728
   908    728
   903    729
   904    729
   905    729
   906    729
   907    729
   908    729
   903    730
   904    730
   905    730
   906    730
   907    730
   908    730
   903    731
   904    731
   905    731
   906    731
   907    731
   902    732
   903    732
   904    732
   905    732
   906    732
   907    732
   908    732
   902    733
   903    733
   904    733
   905    733
   906    733
   907    733
   908    733
   902    734
   903    734
   904    734
   905    734
   906    734
   907    734
   902    735
   903    735
   904    735
   905    735
   906    735
   907    735
   908    735
   902    736
   903    736
   904    736
   905    736
   906    736
   907    736
   902    737
   903    737
   904    737
   905    737
   906    737
   907    737
   902    738
   903    738
   904    738
   905    738
   906    738
   907    738
   908    738
   909    738
   902    739
   903    739
   904    739
   905    739
   906    739
   907    739
   908    739
   909    739
   902    740
   903    740
   904    740
   905    740
   906    740
   907    740
   908    740
   909    740
   902    741
   903    741
   904    741
   905    741
   906    741
   907    741
   908    741
   909    741
   910    741
   902    742
   903    742
   904    742
   905    742
   906    742
   907    742
   908    742
   909    742
   910    742
   911    742
   900    743
   901    743
   902    743
   903    743
   904    743
   905    743
   906    743
   907    743
   908    743
   909    743
   910    743
   911    743
   912    743
   899    744
   900    744
   901    744
   902    744
   903    744
   904    744
   905    744
   906    744
   907    744
   908    744
   909    744
   910    744
   911    744
   912    744
   913    744
   898    745
   899    745
   900    745
   901    745
   902    745
   903    745
   904    745
   905    745
   906    745
   907    745
   908    745
   909    745
   910    745
   911    745
   912    745
   913    745
   914    745
   896    746
   897    746
   898    746
   899    746
   900    746
   901    746
   902    746
   903    746
   904    746
   905    746
   906    746
   907    746
   908    746
   909    746
   910    746
   911    746
   912    746
   913    746
   914    746
   915    746
   916    746
   917    746
   898    747
   899    747
   900    747
   901    747
   902    747
   903    747
   904    747
   905    747
   906    747
   907    747
   908    747
   909    747
   910    747
   911    747
   912    747
   913    747
   914    747
   915    747
   916    747
   917    747
   918    747
   919    747
   891    748
   892    748
   893    748
   898    748
   899    748
   900    748
   901    748
   902    748
   903    748
   904    748
   905    748
   906    748
   907    748
   908    748
   909    748
   912    748
   913    748
   914    748
   915    748
   916    748
   917    748
   918    748
   919    748
   920    748
   921    748
   901    749
   902    749
   903    749
   904    749
   905    749
   906    749
   907    749
   908    749
   909    749
   914    749
   915    749
   916    749
   917    749
   918    749
   919    749
   920    749
   921    749
   922    749
   923    749
   894    750
   895    750
   900    750
   901    750
   902    750
   903    750
   904    750
   905    750
   906    750
   907    750
   908    750
   909    750
   910    750
   916    750
   917    750
   918    750
   919    750
   920    750
   921    750
   922    750
   923    750
   924    750
   925    750
   926    750
   901    751
   902    751
   903    751
   904    751
   905    751
   906    751
   907    751
   908    751
   909    751
   919    751
   920    751
   921    751
   922    751
   923    751
   924    751
   925    751
   926    751
   927    751
   928    751
   900    752
   901    752
   902    752
   903    752
   904    752
   905    752
   906    752
   907    752
   908    752
   921    752
   922    752
   923    752
   924    752
   925    752
   926    752
   927    752
   928    752
   929    752
   930    752
   931    752
   938    752
   939    752
   940    752
   942    752
   943    752
   944    752
   945    752
   900    753
   901    753
   902    753
   903    753
   904    753
   905    753
   906    753
   907    753
   908    753
   909    753
   916    753
   917    753
   918    753
   919    753
   920    753
   924    753
   925    753
   926    753
   927    753
   928    753
   929    753
   930    753
   931    753
   932    753
   933    753
   934    753
   940    753
   941    753
   942    753
   943    753
   944    753
   945    753
   946    753
   947    753
   948    753
   949    753
   950    753
   900    754
   901    754
   902    754
   903    754
   904    754
   905    754
   906    754
   907    754
   908    754
   909    754
   915    754
   916    754
   919    754
   920    754
   921    754
   922    754
   923    754
   924    754
   928    754
   929    754
   930    754
   931    754
   932    754
   933    754
   934    754
   935    754
   936    754
   937    754
   938    754
   944    754
   945    754
   946    754
   947    754
   948    754
   949    754
   950    754
   951    754
   952    754
   953    754
   899    755
   900    755
   901    755
   902    755
   903    755
   904    755
   905    755
   906    755
   907    755
   908    755
   918    755
   919    755
   920    755
   921    755
   922    755
   923    755
   924    755
   925    755
   926    755
   927    755
   928    755
   931    755
   932    755
   933    755
   934    755
   935    755
   936    755
   937    755
   938    755
   939    755
   940    755
   941    755
   948    755
   949    755
   950    755
   951    755
   952    755
   953    755
   954    755
   955    755
   956    755
   957    755
   958    755
   899    756
   900    756
   901    756
   902    756
   903    756
   904    756
   905    756
   906    756
   907    756
   908    756
   909    756
   922    756
   923    756
   924    756
   925    756
   927    756
   928    756
   929    756
   930    756
   931    756
   936    756
   937    756
   938    756
   939    756
   940    756
   941    756
   942    756
   943    756
   944    756
   945    756
   946    756
   947    756
   953    756
   954    756
   955    756
   956    756
   957    756
   958    756
   959    756
   960    756
   961    756
   962    756
   963    756
   964    756
   900    757
   901    757
   902    757
   903    757
   904    757
   905    757
   906    757
   907    757
   908    757
   909    757
   925    757
   926    757
   927    757
   928    757
   929    757
   930    757
   931    757
   932    757
   933    757
   934    757
   935    757
   940    757
   941    757
   942    757
   943    757
   944    757
   945    757
   946    757
   947    757
   948    757
   949    757
   950    757
   951    757
   957    757
   958    757
   959    757
   960    757
   961    757
   962    757
   963    757
   964    757
   965    757
   966    757
   967    757
   968    757
   975    757
   976    757
   977    757
   978    757
   899    758
   900    758
   901    758
   902    758
   903    758
   904    758
   905    758
   906    758
   907    758
   908    758
   909    758
   929    758
   930    758
   931    758
   932    758
   933    758
   934    758
   935    758
   936    758
   937    758
   938    758
   939    758
   944    758
   945    758
   946    758
   947    758
   948    758
   949    758
   950    758
   951    758
   952    758
   953    758
   954    758
   955    758
   962    758
   963    758
   964    758
   965    758
   966    758
   967    758
   968    758
   969    758
   970    758
   971    758
   972    758
   973    758
   899    759
   900    759
   901    759
   902    759
   903    759
   904    759
   905    759
   906    759
   907    759
   908    759
   909    759
   934    759
   935    759
   936    759
   937    759
   938    759
   939    759
   940    759
   941    759
   942    759
   943    759
   944    759
   949    759
   950    759
   951    759
   952    759
   953    759
   954    759
   955    759
   956    759
   957    759
   958    759
   959    759
   960    759
   967    759
   968    759
   969    759
   970    759
   971    759
   972    759
   973    759
   974    759
   975    759
   976    759
   977    759
   978    759
   899    760
   900    760
   901    760
   902    760
   903    760
   904    760
   905    760
   906    760
   907    760
   908    760
   909    760
   939    760
   940    760
   941    760
   942    760
   944    760
   945    760
   946    760
   947    760
   948    760
   949    760
   954    760
   955    760
   956    760
   957    760
   961    760
   962    760
   963    760
   964    760
   965    760
   972    760
   973    760
   974    760
   975    760
   976    760
   977    760
   978    760
   979    760
   899    761
   900    761
   901    761
   902    761
   903    761
   904    761
   905    761
   906    761
   907    761
   908    761
   943    761
   944    761
   945    761
   946    761
   949    761
   950    761
   951    761
   952    761
   953    761
   960    761
   961    761
   966    761
   967    761
   968    761
   969    761
   970    761
   971    761
   978    761
   979    761
   980    761
   981    761
   982    761
   983    761
   984    761
   899    762
   900    762
   901    762
   902    762
   903    762
   904    762
   905    762
   906    762
   907    762
   908    762
   965    762
   966    762
   967    762
   968    762
   969    762
   970    762
   971    762
   972    762
   973    762
   974    762
   975    762
   976    762
  1007    762
  1008    762
  1009    762
  1010    762
  1011    762
   899    763
   900    763
   901    763
   902    763
   903    763
   904    763
   905    763
   906    763
   907    763
   908    763
   970    763
   971    763
   972    763
   973    763
   974    763
   975    763
   976    763
   977    763
   978    763
   979    763
   980    763
   981    763
   982    763
   899    764
   900    764
   901    764
   902    764
   903    764
   904    764
   905    764
   906    764
   907    764
   908    764
   976    764
   977    764
   978    764
   979    764
   980    764
   981    764
   982    764
   983    764
   984    764
   985    764
   986    764
   987    764
   988    764
   989    764
  1001    764
  1002    764
  1003    764
  1004    764
  1005    764
  1006    764
  1007    764
  1008    764
  1009    764
  1010    764
  1018    764
  1019    764
  1020    764
  1021    764
  1022    764
  1023    764
  1024    764
   899    765
   900    765
   901    765
   902    765
   903    765
   904    765
   905    765
   906    765
   907    765
   908    765
   973    765
   974    765
   975    765
   981    765
   982    765
   983    765
   984    765
   985    765
   986    765
   987    765
   988    765
   989    765
   990    765
   991    765
   992    765
   993    765
   994    765
  1002    765
  1003    765
  1004    765
  1005    765
  1006    765
  1007    765
  1008    765
  1009    765
  1010    765
  1011    765
  1012    765
  1013    765
  1014    765
  1015    765
   899    766
   900    766
   901    766
   902    766
   903    766
   904    766
   905    766
   906    766
   907    766
   908    766
   909    766
   976    766
   977    766
   978    766
   979    766
   980    766
   981    766
   982    766
   988    766
   989    766
   990    766
   991    766
   992    766
   997    766
   998    766
   999    766
  1000    766
  1001    766
  1010    766
  1011    766
  1012    766
  1013    766
  1014    766
  1015    766
  1016    766
  1017    766
  1018    766
  1019    766
  1020    766
  1021    766
  1022    766
  1033    766
   899    767
   900    767
   901    767
   902    767
   903    767
   904    767
   905    767
   906    767
   907    767
   908    767
   909    767
   975    767
   976    767
   977    767
   978    767
   979    767
   980    767
   981    767
   982    767
   983    767
   984    767
   985    767
   986    767
   993    767
   994    767
   995    767
   996    767
   997    767
   998    767
   999    767
  1000    767
  1001    767
  1002    767
  1003    767
  1004    767
  1005    767
  1006    767
  1007    767
  1008    767
  1015    767
  1016    767
  1017    767
  1018    767
  1019    767
  1020    767
  1021    767
  1022    767
  1023    767
  1024    767
  1025    767
  1026    767
  1027    767
  1028    767
  1029    767
   899    768
   900    768
   901    768
   902    768
   903    768
   904    768
   905    768
   906    768
   907    768
   908    768
   979    768
   980    768
   981    768
   982    768
   983    768
   984    768
   985    768
   986    768
   987    768
   988    768
   989    768
   990    768
   999    768
  1000    768
  1001    768
  1002    768
  1003    768
  1004    768
  1005    768
  1006    768
  1007    768
  1008    768
  1009    768
  1010    768
  1011    768
  1012    768
  1013    768
  1023    768
  1024    768
  1025    768
  1026    768
  1027    768
  1028    768
  1029    768
  1030    768
  1031    768
  1032    768
  1033    768
  1034    768
  1035    768
  1036    768
   899    769
   900    769
   901    769
   902    769
   903    769
   904    769
   905    769
   906    769
   907    769
   908    769
   984    769
   985    769
   986    769
   987    769
   988    769
   989    769
   992    769
   993    769
   994    769
   995    769
   996    769
  1006    769
  1007    769
  1008    769
  1009    769
  1010    769
  1011    769
  1012    769
  1013    769
  1014    769
  1015    769
  1016    769
  1017    769
  1018    769
  1019    769
  1029    769
  1030    769
  1031    769
  1032    769
  1033    769
  1034    769
  1035    769
  1036    769
  1037    769
  1038    769
  1039    769
  1040    769
  1041    769
  1042    769
  1055    769
  1056    769
  1057    769
  1058    769
   899    770
   900    770
   901    770
   902    770
   903    770
   904    770
   905    770
   906    770
   907    770
   908    770
   909    770
   991    770
   992    770
   993    770
   994    770
   995    770
   996    770
   997    770
   998    770
   999    770
  1000    770
  1001    770
  1002    770
  1003    770
  1012    770
  1013    770
  1014    770
  1015    770
  1016    770
  1017    770
  1018    770
  1019    770
  1020    770
  1021    770
  1022    770
  1023    770
  1024    770
  1025    770
  1026    770
  1037    770
  1038    770
  1039    770
  1040    770
  1041    770
  1042    770
  1043    770
  1044    770
  1045    770
  1046    770
  1047    770
  1048    770
  1049    770
  1050    770
  1062    770
  1063    770
  1064    770
  1065    770
  1070    770
  1071    770
  1072    770
   898    771
   899    771
   900    771
   901    771
   902    771
   903    771
   904    771
   905    771
   906    771
   907    771
   908    771
  1000    771
  1001    771
  1002    771
  1003    771
  1006    771
  1007    771
  1008    771
  1009    771
  1010    771
  1020    771
  1021    771
  1022    771
  1023    771
  1024    771
  1025    771
  1026    771
  1027    771
  1028    771
  1029    771
  1030    771
  1031    771
  1032    771
  1033    771
  1034    771
  1044    771
  1045    771
  1046    771
  1047    771
  1048    771
  1049    771
  1050    771
  1051    771
  1052    771
  1053    771
  1054    771
  1055    771
  1056    771
  1057    771
  1058    771
  1072    771
  1073    771
  1074    771
  1075    771
  1076    771
  1077    771
  1078    771
  1079    771
   898    772
   899    772
   900    772
   901    772
   902    772
   903    772
   904    772
   905    772
   906    772
   907    772
   908    772
   909    772
  1008    772
  1009    772
  1010    772
  1014    772
  1015    772
  1016    772
  1017    772
  1018    772
  1019    772
  1020    772
  1021    772
  1030    772
  1031    772
  1032    772
  1033    772
  1034    772
  1035    772
  1036    772
  1037    772
  1038    772
  1039    772
  1040    772
  1041    772
  1042    772
  1043    772
  1044    772
  1052    772
  1053    772
  1054    772
  1055    772
  1056    772
  1057    772
  1058    772
  1059    772
  1060    772
  1061    772
  1062    772
  1063    772
  1064    772
  1065    772
  1066    772
  1067    772
  1068    772
   898    773
   899    773
   900    773
   901    773
   902    773
   903    773
   904    773
   905    773
   906    773
   907    773
   908    773
  1015    773
  1016    773
  1017    773
  1022    773
  1023    773
  1024    773
  1025    773
  1026    773
  1027    773
  1028    773
  1029    773
  1039    773
  1040    773
  1041    773
  1042    773
  1043    773
  1044    773
  1045    773
  1046    773
  1047    773
  1048    773
  1049    773
  1050    773
  1051    773
  1052    773
  1053    773
  1054    773
  1055    773
  1064    773
  1065    773
  1066    773
  1067    773
  1068    773
  1069    773
  1070    773
  1071    773
  1072    773
  1073    773
  1074    773
  1075    773
  1076    773
   898    774
   899    774
   900    774
   901    774
   902    774
   903    774
   904    774
   905    774
   906    774
   907    774
   908    774
  1024    774
  1025    774
  1026    774
  1027    774
  1028    774
  1029    774
  1030    774
  1031    774
  1032    774
  1033    774
  1034    774
  1035    774
  1036    774
  1047    774
  1048    774
  1049    774
  1050    774
  1051    774
  1052    774
  1053    774
  1054    774
  1055    774
  1056    774
  1057    774
  1058    774
  1059    774
  1060    774
  1061    774
  1062    774
  1063    774
  1064    774
  1074    774
  1075    774
  1076    774
  1077    774
  1078    774
  1079    774
  1080    774
  1081    774
  1082    774
  1083    774
  1084    774
  1085    774
  1086    774
  1087    774
   898    775
   899    775
   900    775
   901    775
   902    775
   903    775
   904    775
   905    775
   906    775
   907    775
   908    775
   909    775
  1031    775
  1032    775
  1033    775
  1034    775
  1035    775
  1036    775
  1037    775
  1038    775
  1039    775
  1040    775
  1041    775
  1042    775
  1043    775
  1044    775
  1045    775
  1055    775
  1056    775
  1057    775
  1058    775
  1059    775
  1060    775
  1061    775
  1062    775
  1063    775
  1064    775
  1065    775
  1066    775
  1067    775
  1068    775
  1069    775
  1070    775
   899    776
   900    776
   901    776
   902    776
   903    776
   904    776
   905    776
   906    776
  1039    776
  1040    776
  1041    776
  1042    776
  1043    776
  1044    776
  1045    776
  1046    776
  1047    776
  1048    776
  1049    776
  1050    776
  1051    776
  1052    776
  1053    776
  1063    776
  1064    776
  1065    776
  1074    776
  1075    776
  1076    776
  1077    776
  1078    776
  1079    776
  1080    776
  1081    776
   901    777
   902    777
   903    777
   904    777
   905    777
  1050    777
  1051    777
  1052    777
  1053    777
  1054    777
  1055    777
  1056    777
  1057    777
  1058    777
  1073    777
  1074    777
  1075    777
  1076    777
  1077    777
  1078    777
  1091    777
  1092    777
   902    778
   903    778
   904    778
  1082    778
  1096    778
  1097    778
  1098    778
  1099    778
  1100    778
  1101    778
  1122    778
  1123    778
  1124    778
  1125    778
  1126    778
  1127    778
  1128    778
  1129    778
  1130    778
  1131    778
  1132    778
  1133    778
  1150    778
  1151    778
  1152    778
  1153    778
  1154    778
  1155    778
  1156    778
  1157    778
  1158    778
  1159    778
  1160    778
  1161    778
  1095    779
  1096    779
  1097    779
  1098    779
  1099    779
  1100    779
  1101    779
  1102    779
  1103    779
  1104    779
  1105    779
  1106    779
  1107    779
  1108    779
  1109    779
  1110    779
  1111    779
  1112    779
  1123    779
  1124    779
  1125    779
  1126    779
  1127    779
  1128    779
  1129    779
  1130    779
  1131    779
  1132    779
  1133    779
  1134    779
  1135    779
  1136    779
  1137    779
  1138    779
  1139    779
  1140    779
  1141    779
  1142    779
  1143    779
  1144    779
  1145    779
  1146    779
  1147    779
  1166    779
  1167    779
  1168    779
  1169    779
  1109    780
  1110    780
  1111    780
  1112    780
  1113    780
  1114    780
  1115    780
  1116    780
  1117    780
  1118    780
  1119    780
  1120    780
  1121    780
  1122    780
  1123    780
  1124    780
  1125    780
  1126    780
  1127    780
  1137    780
  1138    780
  1139    780
  1140    780
  1141    780
  1142    780
  1143    780
  1144    780
  1145    780
  1146    780
  1147    780
  1148    780
  1149    780
  1150    780
  1151    780
  1152    780
  1153    780
  1154    780
  1155    780
  1156    780
  1157    780
  1158    780
  1176    780
  1177    780
  1178    780
  1096    781
  1097    781
  1098    781
  1099    781
  1100    781
  1101    781
  1102    781
  1103    781
  1104    781
  1105    781
  1106    781
  1119    781
  1120    781
  1121    781
  1122    781
  1123    781
  1124    781
  1125    781
  1126    781
  1127    781
  1128    781
  1129    781
  1130    781
  1131    781
  1132    781
  1133    781
  1134    781
  1135    781
  1136    781
  1137    781
  1151    781
  1152    781
  1153    781
  1154    781
  1155    781
  1156    781
  1157    781
  1158    781
  1159    781
  1160    781
  1161    781
  1162    781
  1163    781
  1164    781
  1165    781
  1166    781
  1167    781
  1168    781
  1169    781
  1197    781
  1198    781
  1199    781
  1100    782
  1101    782
  1102    782
  1103    782
  1104    782
  1105    782
  1106    782
  1107    782
  1108    782
  1109    782
  1110    782
  1111    782
  1112    782
  1113    782
  1114    782
  1115    782
  1116    782
  1128    782
  1129    782
  1130    782
  1131    782
  1132    782
  1133    782
  1134    782
  1135    782
  1136    782
  1137    782
  1138    782
  1139    782
  1140    782
  1141    782
  1142    782
  1143    782
  1144    782
  1145    782
  1146    782
  1147    782
  1148    782
  1149    782
  1150    782
  1162    782
  1163    782
  1164    782
  1165    782
  1166    782
  1167    782
  1168    782
  1169    782
  1170    782
  1171    782
  1172    782
  1173    782
  1174    782
  1175    782
  1176    782
  1177    782
  1178    782
  1179    782
  1180    782
  1181    782
  1108    783
  1109    783
  1110    783
  1111    783
  1112    783
  1113    783
  1114    783
  1115    783
  1116    783
  1117    783
  1118    783
  1119    783
  1120    783
  1121    783
  1122    783
  1123    783
  1124    783
  1140    783
  1141    783
  1142    783
  1143    783
  1144    783
  1145    783
  1146    783
  1147    783
  1148    783
  1149    783
  1150    783
  1151    783
  1152    783
  1153    783
  1154    783
  1155    783
  1156    783
  1157    783
  1158    783
  1159    783
  1160    783
  1161    783
  1162    783
  1177    783
  1178    783
  1179    783
  1180    783
  1181    783
  1182    783
  1189    783
  1190    783
  1191    783
  1192    783
  1193    783
  1194    783
  1195    783
  1196    783
  1118    784
  1119    784
  1120    784
  1121    784
  1122    784
  1123    784
  1124    784
  1129    784
  1130    784
  1131    784
  1132    784
  1133    784
  1134    784
  1135    784
  1136    784
  1151    784
  1152    784
  1153    784
  1154    784
  1155    784
  1156    784
  1157    784
  1158    784
  1159    784
  1160    784
  1161    784
  1162    784
  1163    784
  1164    784
  1165    784
  1166    784
  1167    784
  1168    784
  1169    784
  1170    784
  1171    784
  1172    784
  1173    784
  1190    784
  1191    784
  1192    784
  1193    784
  1194    784
  1195    784
  1196    784
  1197    784
  1198    784
  1199    784
  1200    784
  1201    784
  1202    784
  1203    784
  1204    784
  1205    784
  1206    784
  1207    784
  1208    784
  1209    784
  1130    785
  1131    785
  1132    785
  1133    785
  1134    785
  1142    785
  1143    785
  1144    785
  1145    785
  1146    785
  1147    785
  1148    785
  1163    785
  1164    785
  1165    785
  1166    785
  1167    785
  1168    785
  1169    785
  1170    785
  1171    785
  1172    785
  1173    785
  1174    785
  1175    785
  1176    785
  1177    785
  1178    785
  1179    785
  1180    785
  1181    785
  1182    785
  1183    785
  1184    785
  1185    785
  1186    785
  1187    785
  1188    785
  1206    785
  1207    785
  1208    785
  1209    785
  1210    785
  1211    785
  1212    785
  1213    785
  1214    785
  1215    785
  1216    785
  1217    785
  1218    785
  1219    785
  1220    785
  1221    785
  1222    785
  1223    785
  1224    785
  1225    785
  1226    785
  1227    785
  1228    785
  1229    785
  1142    786
  1143    786
  1144    786
  1145    786
  1146    786
  1147    786
  1148    786
  1149    786
  1150    786
  1151    786
  1152    786
  1153    786
  1154    786
  1155    786
  1156    786
  1157    786
  1158    786
  1174    786
  1175    786
  1176    786
  1177    786
  1178    786
  1179    786
  1180    786
  1181    786
  1182    786
  1183    786
  1184    786
  1185    786
  1186    786
  1187    786
  1188    786
  1189    786
  1190    786
  1191    786
  1192    786
  1193    786
  1194    786
  1195    786
  1196    786
  1197    786
  1198    786
  1199    786
  1200    786
  1221    786
  1222    786
  1223    786
  1224    786
  1225    786
  1226    786
  1227    786
  1228    786
  1229    786
  1230    786
  1231    786
  1232    786
  1233    786
  1234    786
  1235    786
  1236    786
  1237    786
  1238    786
  1239    786
  1240    786
  1241    786
  1242    786
  1243    786
  1244    786
  1245    786
  1157    787
  1158    787
  1159    787
  1160    787
  1161    787
  1162    787
  1163    787
  1164    787
  1165    787
  1166    787
  1167    787
  1168    787
  1169    787
  1170    787
  1171    787
  1172    787
  1173    787
  1174    787
  1175    787
  1190    787
  1191    787
  1192    787
  1193    787
  1194    787
  1195    787
  1196    787
  1197    787
  1198    787
  1199    787
  1200    787
  1201    787
  1202    787
  1203    787
  1204    787
  1205    787
  1206    787
  1207    787
  1208    787
  1209    787
  1210    787
  1211    787
  1212    787
  1213    787
  1214    787
  1215    787
  1216    787
  1217    787
  1234    787
  1235    787
  1236    787
  1237    787
  1238    787
  1239    787
  1240    787
  1241    787
  1242    787
  1243    787
  1244    787
  1245    787
  1246    787
  1247    787
  1248    787
  1249    787
  1250    787
  1251    787
  1252    787
  1253    787
  1254    787
  1255    787
  1256    787
  1257    787
  1258    787
  1259    787
  1260    787
  1261    787
  1166    788
  1167    788
  1168    788
  1169    788
  1170    788
  1171    788
  1172    788
  1173    788
  1174    788
  1175    788
  1176    788
  1177    788
  1178    788
  1179    788
  1180    788
  1181    788
  1182    788
  1183    788
  1184    788
  1185    788
  1186    788
  1203    788
  1204    788
  1205    788
  1206    788
  1207    788
  1208    788
  1209    788
  1210    788
  1211    788
  1212    788
  1213    788
  1214    788
  1215    788
  1216    788
  1217    788
  1218    788
  1219    788
  1220    788
  1221    788
  1222    788
  1223    788
  1224    788
  1225    788
  1226    788
  1227    788
  1228    788
  1229    788
  1253    788
  1254    788
  1255    788
  1256    788
  1257    788
  1258    788
  1259    788
  1260    788
  1261    788
  1262    788
  1263    788
  1264    788
  1178    789
  1179    789
  1180    789
  1181    789
  1182    789
  1183    789
  1190    789
  1191    789
  1192    789
  1193    789
  1194    789
  1195    789
  1196    789
  1197    789
  1198    789
  1199    789
  1200    789
  1201    789
  1202    789
  1217    789
  1218    789
  1219    789
  1220    789
  1221    789
  1222    789
  1223    789
  1224    789
  1225    789
  1226    789
  1227    789
  1228    789
  1229    789
  1230    789
  1231    789
  1232    789
  1233    789
  1234    789
  1235    789
  1236    789
  1237    789
  1238    789
  1239    789
  1240    789
  1241    789
  1242    789
  1243    789
  1244    789
  1245    789
  1191    790
  1192    790
  1193    790
  1194    790
  1195    790
  1196    790
  1197    790
  1198    790
  1199    790
  1200    790
  1201    790
  1202    790
  1203    790
  1204    790
  1205    790
  1206    790
  1207    790
  1208    790
  1209    790
  1210    790
  1211    790
  1212    790
  1213    790
  1214    790
  1232    790
  1233    790
  1234    790
  1235    790
  1236    790
  1237    790
  1238    790
  1239    790
  1240    790
  1241    790
  1242    790
  1243    790
  1244    790
  1245    790
  1246    790
  1247    790
  1248    790
  1257    790
  1258    790
  1259    790
  1260    790
  1206    791
  1207    791
  1208    791
  1209    791
  1210    791
  1212    791
  1215    791
  1216    791
  1217    791
  1218    791
  1219    791
  1220    791
  1221    791
  1222    791
  1223    791
  1224    791
  1225    791
  1226    791
  1227    791
  1228    791
  1229    791
  1230    791
  1231    791
  1232    791
  1233    791
  1251    791
  1252    791
  1220    792
  1221    792
  1222    792
  1223    792
  1224    792
  1225    792
  1226    792
  1227    792
  1228    792
  1229    792
  1230    792
  1231    792
  1232    792
  1233    792
  1234    792
  1235    792
  1236    792
  1237    792
  1238    792
  1239    792
  1240    792
  1241    792
  1242    792
  1243    792
  1244    792
  1245    792
  1246    792
  1247    792
  1248    792
