   905    702
   906    702
   907    702
   905    704
   906    704
   907    704
   905    705
   906    705
   907    705
   905    706
   906    706
   907    706
   905    707
   906    707
   907    707
   905    708
   906    708
   907    708
   905    709
   906    709
   907    709
   905    710
   906    710
   905    711
   906    711
   907    711
   905    712
   906    712
   907    712
   905    713
   906    713
   905    714
   906    714
   905    715
   906    715
   904    716
   905    716
   906    716
   904    717
   905    717
   906    717
   904    718
   905    718
   904    719
   905    719
   906    719
   904    720
   905    720
   906    720
   907    720
   904    721
   905    721
   906    721
   907    721
   908    721
   904    722
   905    722
   906    722
   907    722
   908    722
   904    723
   905    723
   906    723
   907    723
   903    724
   904    724
   905    724
   906    724
   907    724
   903    725
   904    725
   905    725
   906    725
   907    725
   903    726
   904    726
   905    726
   906    726
   907    726
   908    726
   903    727
   904    727
   905    727
   906    727
   907    727
   908    727
   909    727
   903    728
   904    728
   905    728
   906    728
   907    728
   908    728
   903    729
   904    729
   905    729
   906    729
   907    729
   908    729
   903    730
   904    730
   905    730
   906    730
   907    730
   908    730
   909    730
   903    731
   904    731
   905    731
   906    731
   907    731
   908    731
   909    731
   902    732
   903    732
   904    732
   905    732
   906    732
   907    732
   908    732
   902    733
   903    733
   904    733
   905    733
   906    733
   907    733
   908    733
   909    733
   902    734
   903    734
   904    734
   905    734
   906    734
   907    734
   908    734
   909    734
   902    735
   903    735
   904    735
   905    735
   906    735
   907    735
   908    735
   902    736
   903    736
   904    736
   905    736
   906    736
   907    736
   908    736
   909    736
   903    737
   904    737
   905    737
   906    737
   907    737
   908    737
   909    737
   902    738
   903    738
   904    738
   905    738
   906    738
   907    738
   908    738
   909    738
   902    739
   903    739
   904    739
   905    739
   906    739
   907    739
   908    739
   909    739
   910    739
   902    740
   903    740
   904    740
   905    740
   906    740
   907    740
   908    740
   909    740
   910    740
   902    741
   903    741
   904    741
   905    741
   906    741
   907    741
   908    741
   909    741
   910    741
   911    741
   900    742
   901    742
   902    742
   903    742
   904    742
   905    742
   906    742
   907    742
   908    742
   909    742
   910    742
   911    742
   912    742
   900    743
   901    743
   902    743
   903    743
   904    743
   905    743
   906    743
   907    743
   908    743
   909    743
   910    743
   911    743
   912    743
   913    743
   898    744
   899    744
   900    744
   901    744
   902    744
   903    744
   904    744
   905    744
   906    744
   907    744
   908    744
   909    744
   910    744
   911    744
   912    744
   913    744
   914    744
   915    744
   896    745
   897    745
   898    745
   899    745
   900    745
   901    745
   902    745
   903    745
   904    745
   905    745
   906    745
   907    745
   908    745
   909    745
   910    745
   911    745
   912    745
   913    745
   914    745
   915    745
   916    745
   917    745
   898    746
   899    746
   900    746
   901    746
   902    746
   903    746
   904    746
   905    746
   906    746
   907    746
   908    746
   909    746
   910    746
   911    746
   912    746
   913    746
   914    746
   915    746
   916    746
   917    746
   918    746
   919    746
   897    747
   898    747
   899    747
   900    747
   901    747
   902    747
   903    747
   904    747
   905    747
   906    747
   907    747
   908    747
   909    747
   910    747
   912    747
   913    747
   914    747
   915    747
   916    747
   917    747
   918    747
   919    747
   920    747
   921    747
   901    748
   902    748
   903    748
   904    748
   905    748
   906    748
   907    748
   908    748
   909    748
   915    748
   916    748
   917    748
   918    748
   919    748
   920    748
   921    748
   922    748
   923    748
   901    749
   902    749
   903    749
   904    749
   905    749
   906    749
   907    749
   908    749
   909    749
   917    749
   918    749
   919    749
   920    749
   921    749
   922    749
   923    749
   924    749
   925    749
   926    749
   927    749
   900    750
   901    750
   902    750
   903    750
   904    750
   905    750
   906    750
   907    750
   908    750
   909    750
   920    750
   921    750
   922    750
   923    750
   924    750
   925    750
   926    750
   927    750
   928    750
   929    750
   900    751
   901    751
   902    751
   903    751
   904    751
   905    751
   906    751
   907    751
   908    751
   909    751
   915    751
   916    751
   917    751
   918    751
   919    751
   923    751
   924    751
   925    751
   926    751
   927    751
   928    751
   929    751
   930    751
   931    751
   932    751
   933    751
   940    751
   941    751
   943    751
   944    751
   945    751
   946    751
   947    751
   948    751
   901    752
   902    752
   903    752
   904    752
   905    752
   906    752
   907    752
   908    752
   918    752
   919    752
   920    752
   921    752
   922    752
   926    752
   927    752
   928    752
   929    752
   930    752
   931    752
   932    752
   933    752
   934    752
   935    752
   936    752
   942    752
   943    752
   944    752
   945    752
   946    752
   947    752
   948    752
   949    752
   950    752
   951    752
   900    753
   901    753
   902    753
   903    753
   904    753
   905    753
   906    753
   907    753
   908    753
   909    753
   916    753
   917    753
   918    753
   921    753
   922    753
   923    753
   924    753
   925    753
   929    753
   930    753
   931    753
   932    753
   933    753
   934    753
   935    753
   936    753
   937    753
   938    753
   939    753
   946    753
   947    753
   948    753
   949    753
   950    753
   951    753
   952    753
   953    753
   954    753
   955    753
   900    754
   901    754
   902    754
   903    754
   904    754
   905    754
   906    754
   907    754
   908    754
   909    754
   920    754
   921    754
   922    754
   923    754
   924    754
   925    754
   926    754
   927    754
   928    754
   929    754
   930    754
   933    754
   934    754
   935    754
   936    754
   937    754
   938    754
   939    754
   940    754
   941    754
   942    754
   943    754
   944    754
   950    754
   951    754
   952    754
   953    754
   954    754
   955    754
   956    754
   957    754
   958    754
   959    754
   960    754
   900    755
   901    755
   902    755
   903    755
   904    755
   905    755
   906    755
   907    755
   908    755
   909    755
   924    755
   925    755
   926    755
   927    755
   928    755
   929    755
   930    755
   931    755
   932    755
   933    755
   934    755
   937    755
   938    755
   939    755
   940    755
   941    755
   942    755
   943    755
   944    755
   945    755
   946    755
   947    755
   948    755
   949    755
   955    755
   956    755
   957    755
   958    755
   959    755
   960    755
   961    755
   962    755
   963    755
   964    755
   965    755
   900    756
   901    756
   902    756
   903    756
   904    756
   905    756
   906    756
   907    756
   908    756
   909    756
   928    756
   929    756
   930    756
   931    756
   932    756
   933    756
   934    756
   935    756
   936    756
   937    756
   943    756
   944    756
   945    756
   946    756
   947    756
   948    756
   949    756
   950    756
   951    756
   952    756
   953    756
   954    756
   960    756
   961    756
   962    756
   963    756
   964    756
   965    756
   966    756
   967    756
   968    756
   969    756
   970    756
   900    757
   901    757
   902    757
   903    757
   904    757
   905    757
   906    757
   907    757
   908    757
   909    757
   933    757
   934    757
   935    757
   936    757
   937    757
   938    757
   939    757
   940    757
   941    757
   942    757
   947    757
   948    757
   949    757
   950    757
   951    757
   952    757
   953    757
   954    757
   955    757
   956    757
   957    757
   958    757
   966    757
   967    757
   968    757
   969    757
   970    757
   971    757
   972    757
   973    757
   974    757
   975    757
   900    758
   901    758
   902    758
   903    758
   904    758
   905    758
   906    758
   907    758
   908    758
   909    758
   937    758
   938    758
   939    758
   940    758
   941    758
   942    758
   943    758
   944    758
   945    758
   946    758
   947    758
   952    758
   953    758
   954    758
   955    758
   958    758
   959    758
   960    758
   961    758
   962    758
   963    758
   972    758
   973    758
   974    758
   975    758
   900    759
   901    759
   902    759
   903    759
   904    759
   905    759
   906    759
   907    759
   908    759
   909    759
   942    759
   943    759
   944    759
   945    759
   950    759
   951    759
   952    759
   958    759
   959    759
   960    759
   961    759
   962    759
   965    759
   966    759
   967    759
   968    759
   969    759
   900    760
   901    760
   902    760
   903    760
   904    760
   905    760
   906    760
   907    760
   908    760
   909    760
   947    760
   948    760
   969    760
   970    760
   971    760
   972    760
   973    760
   974    760
   900    761
   901    761
   902    761
   903    761
   904    761
   905    761
   906    761
   907    761
   908    761
   909    761
   969    761
   970    761
   971    761
   972    761
   973    761
   974    761
   900    762
   901    762
   902    762
   903    762
   904    762
   905    762
   906    762
   907    762
   908    762
   899    763
   900    763
   901    763
   902    763
   903    763
   904    763
   905    763
   906    763
   907    763
   908    763
   909    763
   899    764
   900    764
   901    764
   902    764
   903    764
   904    764
   905    764
   906    764
   907    764
   908    764
   909    764
   900    765
   901    765
   902    765
   903    765
   904    765
   905    765
   906    765
   907    765
   908    765
   909    765
   899    766
   900    766
   901    766
   902    766
   903    766
   904    766
   905    766
   906    766
   907    766
   908    766
   909    766
   899    767
   900    767
   901    767
   902    767
   903    767
   904    767
   905    767
   906    767
   907    767
   908    767
   909    767
   899    768
   900    768
   901    768
   902    768
   903    768
   904    768
   905    768
   906    768
   907    768
   908    768
   909    768
   899    769
   900    769
   901    769
   902    769
   903    769
   904    769
   905    769
   906    769
   907    769
   908    769
   909    769
   899    770
   900    770
   901    770
   902    770
   903    770
   904    770
   905    770
   906    770
   907    770
   908    770
   909    770
   898    771
   899    771
   900    771
   901    771
   902    771
   903    771
   904    771
   905    771
   906    771
   907    771
   908    771
   909    771
   898    772
   899    772
   900    772
   901    772
   902    772
   903    772
   904    772
   905    772
   906    772
   907    772
   908    772
   909    772
   898    773
   899    773
   900    773
   901    773
   902    773
   903    773
   904    773
   905    773
   906    773
   907    773
   908    773
   898    774
   899    774
   900    774
   901    774
   902    774
   903    774
   904    774
   905    774
   906    774
   907    774
   908    774
   909    774
   898    775
   899    775
   900    775
   901    775
   902    775
   903    775
   904    775
   905    775
   906    775
   907    775
   908    775
   909    775
   898    776
   899    776
   900    776
   901    776
   902    776
   903    776
   904    776
   905    776
   906    776
   907    776
   908    776
   898    777
   899    777
   900    777
   901    777
   902    777
   903    777
   904    777
   905    777
   906    777
   899    778
   900    778
   901    778
   902    778
   903    778
   904    778
   905    778
   906    778
   902    779
   903    779
