   906    709
   905    710
   906    710
   905    711
   906    711
   907    711
   905    712
   906    712
   907    712
   905    713
   906    713
   905    714
   906    714
   907    714
   905    715
   906    715
   907    715
   904    716
   905    716
   906    716
   904    717
   905    717
   906    717
   907    717
   904    718
   905    718
   906    718
   907    718
   904    719
   905    719
   906    719
   907    719
   904    720
   905    720
   906    720
   907    720
   904    721
   905    721
   906    721
   907    721
   908    721
   904    722
   905    722
   906    722
   907    722
   908    722
   904    723
   905    723
   906    723
   907    723
   903    724
   904    724
   905    724
   906    724
   907    724
   908    724
   909    724
   903    725
   904    725
   905    725
   906    725
   907    725
   908    725
   903    726
   904    726
   905    726
   906    726
   907    726
   908    726
   903    727
   904    727
   905    727
   906    727
   907    727
   908    727
   903    728
   904    728
   905    728
   906    728
   907    728
   908    728
   909    728
   903    729
   904    729
   905    729
   906    729
   907    729
   908    729
   903    730
   904    730
   905    730
   906    730
   907    730
   908    730
   903    731
   904    731
   905    731
   906    731
   907    731
   902    732
   903    732
   904    732
   905    732
   906    732
   907    732
   908    732
   902    733
   903    733
   904    733
   905    733
   906    733
   907    733
   908    733
   902    734
   903    734
   904    734
   905    734
   906    734
   907    734
   908    734
   909    734
   902    735
   903    735
   904    735
   905    735
   906    735
   907    735
   908    735
   902    736
   903    736
   904    736
   905    736
   906    736
   907    736
   908    736
   909    736
   902    737
   903    737
   904    737
   905    737
   906    737
   907    737
   908    737
   902    738
   903    738
   904    738
   905    738
   906    738
   907    738
   908    738
   909    738
   902    739
   903    739
   904    739
   905    739
   906    739
   907    739
   908    739
   909    739
   902    740
   903    740
   904    740
   905    740
   906    740
   907    740
   908    740
   909    740
   902    741
   903    741
   904    741
   905    741
   906    741
   907    741
   908    741
   909    741
   902    742
   903    742
   904    742
   905    742
   906    742
   907    742
   908    742
   909    742
   910    742
   901    743
   902    743
   903    743
   904    743
   905    743
   906    743
   907    743
   908    743
   909    743
   910    743
   901    744
   902    744
   903    744
   904    744
   905    744
   906    744
   907    744
   908    744
   909    744
   910    744
   911    744
   900    745
   901    745
   902    745
   903    745
   904    745
   905    745
   906    745
   907    745
   908    745
   909    745
   910    745
   911    745
   912    745
   899    746
   900    746
   901    746
   902    746
   903    746
   904    746
   905    746
   906    746
   907    746
   908    746
   909    746
   910    746
   911    746
   912    746
   913    746
   914    746
   897    747
   898    747
   899    747
   900    747
   901    747
   902    747
   903    747
   904    747
   905    747
   906    747
   907    747
   908    747
   909    747
   910    747
   911    747
   912    747
   913    747
   914    747
   915    747
   895    748
   896    748
   897    748
   898    748
   899    748
   900    748
   901    748
   902    748
   903    748
   904    748
   905    748
   906    748
   907    748
   908    748
   909    748
   910    748
   911    748
   912    748
   913    748
   914    748
   915    748
   916    748
   917    748
   893    749
   894    749
   895    749
   897    749
   898    749
   899    749
   900    749
   901    749
   902    749
   903    749
   904    749
   905    749
   906    749
   907    749
   908    749
   909    749
   910    749
   911    749
   912    749
   913    749
   914    749
   915    749
   916    749
   917    749
   918    749
   919    749
   891    750
   892    750
   893    750
   897    750
   898    750
   899    750
   900    750
   901    750
   902    750
   903    750
   904    750
   905    750
   906    750
   907    750
   908    750
   909    750
   910    750
   912    750
   913    750
   914    750
   915    750
   916    750
   917    750
   918    750
   919    750
   920    750
   921    750
   896    751
   897    751
   901    751
   902    751
   903    751
   904    751
   905    751
   906    751
   907    751
   908    751
   909    751
   914    751
   915    751
   916    751
   917    751
   918    751
   919    751
   920    751
   921    751
   922    751
   923    751
   901    752
   902    752
   903    752
   904    752
   905    752
   906    752
   907    752
   908    752
   909    752
   916    752
   917    752
   918    752
   919    752
   920    752
   921    752
   922    752
   923    752
   924    752
   925    752
   926    752
   900    753
   901    753
   902    753
   903    753
   904    753
   905    753
   906    753
   907    753
   908    753
   909    753
   919    753
   920    753
   921    753
   922    753
   923    753
   924    753
   925    753
   926    753
   927    753
   928    753
   900    754
   901    754
   902    754
   903    754
   904    754
   905    754
   906    754
   907    754
   908    754
   909    754
   922    754
   923    754
   924    754
   925    754
   926    754
   927    754
   928    754
   929    754
   930    754
   931    754
   900    755
   901    755
   902    755
   903    755
   904    755
   905    755
   906    755
   907    755
   908    755
   916    755
   917    755
   918    755
   919    755
   920    755
   924    755
   925    755
   926    755
   927    755
   928    755
   929    755
   930    755
   931    755
   932    755
   933    755
   934    755
   941    755
   942    755
   943    755
   944    755
   947    755
   948    755
   949    755
   950    755
   900    756
   901    756
   902    756
   903    756
   904    756
   905    756
   906    756
   907    756
   908    756
   909    756
   918    756
   919    756
   920    756
   921    756
   922    756
   923    756
   924    756
   927    756
   928    756
   929    756
   930    756
   931    756
   932    756
   933    756
   934    756
   935    756
   936    756
   937    756
   944    756
   945    756
   946    756
   947    756
   948    756
   949    756
   950    756
   951    756
   952    756
   953    756
   954    756
   900    757
   901    757
   902    757
   903    757
   904    757
   905    757
   906    757
   907    757
   908    757
   917    757
   918    757
   919    757
   920    757
   921    757
   922    757
   923    757
   924    757
   925    757
   926    757
   927    757
   930    757
   931    757
   932    757
   933    757
   934    757
   935    757
   936    757
   937    757
   938    757
   939    757
   940    757
   941    757
   948    757
   949    757
   950    757
   951    757
   952    757
   953    757
   954    757
   955    757
   956    757
   957    757
   958    757
   899    758
   900    758
   901    758
   902    758
   903    758
   904    758
   905    758
   906    758
   907    758
   908    758
   909    758
   921    758
   922    758
   923    758
   924    758
   925    758
   926    758
   927    758
   928    758
   929    758
   930    758
   934    758
   935    758
   936    758
   937    758
   938    758
   939    758
   940    758
   941    758
   942    758
   943    758
   944    758
   945    758
   952    758
   953    758
   954    758
   955    758
   956    758
   957    758
   958    758
   959    758
   960    758
   961    758
   962    758
   963    758
   899    759
   900    759
   901    759
   902    759
   903    759
   904    759
   905    759
   906    759
   907    759
   908    759
   909    759
   925    759
   926    759
   927    759
   928    759
   929    759
   930    759
   931    759
   932    759
   933    759
   934    759
   938    759
   939    759
   940    759
   941    759
   942    759
   943    759
   944    759
   945    759
   946    759
   947    759
   948    759
   949    759
   950    759
   956    759
   957    759
   958    759
   959    759
   960    759
   961    759
   962    759
   963    759
   964    759
   965    759
   966    759
   967    759
   974    759
   975    759
   976    759
   899    760
   900    760
   901    760
   902    760
   903    760
   904    760
   905    760
   906    760
   907    760
   908    760
   928    760
   929    760
   930    760
   931    760
   932    760
   933    760
   934    760
   935    760
   936    760
   937    760
   938    760
   943    760
   944    760
   945    760
   946    760
   947    760
   948    760
   949    760
   950    760
   951    760
   952    760
   953    760
   961    760
   962    760
   963    760
   964    760
   965    760
   966    760
   967    760
   968    760
   969    760
   970    760
   971    760
   972    760
   899    761
   900    761
   901    761
   902    761
   903    761
   904    761
   905    761
   906    761
   907    761
   908    761
   933    761
   934    761
   935    761
   936    761
   937    761
   938    761
   939    761
   940    761
   941    761
   942    761
   947    761
   948    761
   949    761
   950    761
   951    761
   952    761
   953    761
   954    761
   955    761
   956    761
   957    761
   958    761
   959    761
   966    761
   967    761
   968    761
   969    761
   970    761
   971    761
   972    761
   973    761
   974    761
   975    761
   976    761
   899    762
   900    762
   901    762
   902    762
   903    762
   904    762
   905    762
   906    762
   907    762
   908    762
   937    762
   938    762
   939    762
   940    762
   941    762
   942    762
   943    762
   944    762
   945    762
   946    762
   947    762
   952    762
   953    762
   954    762
   955    762
   956    762
   957    762
   959    762
   960    762
   961    762
   962    762
   963    762
   964    762
   971    762
   972    762
   973    762
   974    762
   975    762
   976    762
   977    762
   978    762
   979    762
   980    762
   981    762
   899    763
   900    763
   901    763
   902    763
   903    763
   904    763
   905    763
   906    763
   907    763
   908    763
   942    763
   943    763
   944    763
   945    763
   946    763
   947    763
   948    763
   949    763
   950    763
   951    763
   958    763
   959    763
   963    763
   964    763
   965    763
   966    763
   967    763
   968    763
   969    763
   976    763
   977    763
   978    763
   979    763
   980    763
   981    763
   899    764
   900    764
   901    764
   902    764
   903    764
   904    764
   905    764
   906    764
   907    764
   908    764
   946    764
   947    764
   948    764
   949    764
   950    764
   951    764
   952    764
   953    764
   954    764
   955    764
   956    764
   962    764
   963    764
   964    764
   969    764
   970    764
   971    764
   972    764
   973    764
   974    764
   899    765
   900    765
   901    765
   902    765
   903    765
   904    765
   905    765
   906    765
   907    765
   908    765
   967    765
   968    765
   969    765
   970    765
   971    765
   972    765
   973    765
   974    765
   975    765
   976    765
   977    765
   978    765
   979    765
  1010    765
  1011    765
  1012    765
  1013    765
  1014    765
  1015    765
   899    766
   900    766
   901    766
   902    766
   903    766
   904    766
   905    766
   906    766
   907    766
   908    766
   909    766
   973    766
   974    766
   975    766
   976    766
   977    766
   978    766
   979    766
   980    766
   981    766
   982    766
   983    766
   984    766
   985    766
  1016    766
  1017    766
   899    767
   900    767
   901    767
   902    767
   903    767
   904    767
   905    767
   906    767
   907    767
   908    767
   909    767
   978    767
   979    767
   980    767
   981    767
   982    767
   983    767
   984    767
   985    767
   988    767
   989    767
   990    767
   991    767
  1008    767
  1009    767
  1010    767
  1011    767
  1012    767
  1013    767
   899    768
   900    768
   901    768
   902    768
   903    768
   904    768
   905    768
   906    768
   907    768
   908    768
   909    768
   973    768
   974    768
   975    768
   976    768
   977    768
   978    768
   985    768
   986    768
   987    768
   988    768
   989    768
   990    768
   991    768
   994    768
   995    768
   996    768
   997    768
  1007    768
  1008    768
  1009    768
  1010    768
  1011    768
  1012    768
  1013    768
  1014    768
  1015    768
  1016    768
  1017    768
  1018    768
  1019    768
  1030    768
  1031    768
  1032    768
  1033    768
   899    769
   900    769
   901    769
   902    769
   903    769
   904    769
   905    769
   906    769
   907    769
   908    769
   909    769
   977    769
   978    769
   979    769
   980    769
   981    769
   982    769
   983    769
   991    769
   992    769
   993    769
   996    769
   998    769
   999    769
  1000    769
  1001    769
  1002    769
  1003    769
  1012    769
  1013    769
  1014    769
  1015    769
  1016    769
  1017    769
  1018    769
  1019    769
  1020    769
  1021    769
  1022    769
  1023    769
  1024    769
  1025    769
  1026    769
  1036    769
  1037    769
   899    770
   900    770
   901    770
   902    770
   903    770
   904    770
   905    770
   906    770
   907    770
   908    770
   909    770
   976    770
   977    770
   978    770
   979    770
   980    770
   981    770
   982    770
   983    770
   984    770
   985    770
   986    770
   987    770
   988    770
   996    770
   997    770
   998    770
   999    770
  1000    770
  1001    770
  1002    770
  1003    770
  1004    770
  1005    770
  1006    770
  1007    770
  1008    770
  1019    770
  1020    770
  1021    770
  1022    770
  1023    770
  1024    770
  1025    770
  1026    770
  1027    770
  1028    770
  1029    770
  1030    770
  1031    770
  1032    770
  1033    770
   899    771
   900    771
   901    771
   902    771
   903    771
   904    771
   905    771
   906    771
   907    771
   908    771
   980    771
   981    771
   982    771
   983    771
   984    771
   985    771
   986    771
   987    771
   988    771
   989    771
   990    771
   991    771
   992    771
  1000    771
  1001    771
  1002    771
  1003    771
  1004    771
  1005    771
  1006    771
  1007    771
  1008    771
  1009    771
  1010    771
  1011    771
  1012    771
  1013    771
  1014    771
  1015    771
  1025    771
  1026    771
  1027    771
  1028    771
  1029    771
  1030    771
  1031    771
  1032    771
  1033    771
  1034    771
  1035    771
  1036    771
  1037    771
  1038    771
   899    772
   900    772
   901    772
   902    772
   903    772
   904    772
   905    772
   906    772
   907    772
   908    772
   985    772
   986    772
   987    772
   988    772
   989    772
   990    772
   993    772
   994    772
   995    772
   996    772
  1006    772
  1007    772
  1008    772
  1009    772
  1010    772
  1011    772
  1012    772
  1013    772
  1014    772
  1015    772
  1016    772
  1017    772
  1018    772
  1019    772
  1020    772
  1030    772
  1031    772
  1032    772
  1033    772
  1034    772
  1035    772
  1036    772
  1037    772
  1038    772
  1039    772
  1040    772
  1041    772
  1042    772
  1043    772
   898    773
   899    773
   900    773
   901    773
   902    773
   903    773
   904    773
   905    773
   906    773
   907    773
   908    773
   992    773
   993    773
   994    773
   995    773
   999    773
  1000    773
  1001    773
  1002    773
  1003    773
  1004    773
  1005    773
  1013    773
  1014    773
  1015    773
  1016    773
  1017    773
  1018    773
  1019    773
  1020    773
  1021    773
  1022    773
  1023    773
  1024    773
  1025    773
  1026    773
  1027    773
  1028    773
  1037    773
  1038    773
  1039    773
  1040    773
  1041    773
  1042    773
  1043    773
  1044    773
  1045    773
  1046    773
  1047    773
  1048    773
  1049    773
  1050    773
  1051    773
  1063    773
  1064    773
  1065    773
  1066    773
  1067    773
  1068    773
  1069    773
  1070    773
  1071    773
   898    774
   899    774
   900    774
   901    774
   902    774
   903    774
   904    774
   905    774
   906    774
   907    774
   908    774
  1000    774
  1001    774
  1002    774
  1003    774
  1004    774
  1005    774
  1006    774
  1007    774
  1008    774
  1009    774
  1010    774
  1011    774
  1012    774
  1022    774
  1023    774
  1024    774
  1025    774
  1026    774
  1027    774
  1028    774
  1029    774
  1030    774
  1031    774
  1032    774
  1033    774
  1034    774
  1035    774
  1036    774
  1037    774
  1045    774
  1046    774
  1047    774
  1048    774
  1049    774
  1050    774
  1051    774
  1052    774
  1053    774
  1054    774
  1055    774
  1056    774
  1057    774
  1058    774
  1059    774
   898    775
   899    775
   900    775
   901    775
   902    775
   903    775
   904    775
   905    775
   906    775
   907    775
   908    775
   909    775
  1006    775
  1007    775
  1008    775
  1009    775
  1010    775
  1011    775
  1012    775
  1013    775
  1014    775
  1015    775
  1016    775
  1017    775
  1018    775
  1019    775
  1020    775
  1031    775
  1032    775
  1033    775
  1034    775
  1035    775
  1036    775
  1037    775
  1038    775
  1039    775
  1040    775
  1041    775
  1042    775
  1043    775
  1044    775
  1045    775
  1053    775
  1054    775
  1055    775
  1056    775
  1057    775
  1058    775
  1059    775
  1060    775
  1061    775
  1062    775
  1063    775
  1064    775
  1065    775
  1066    775
  1067    775
  1068    775
   898    776
   899    776
   900    776
   901    776
   902    776
   903    776
   904    776
   905    776
   906    776
   907    776
   908    776
  1015    776
  1016    776
  1020    776
  1021    776
  1022    776
  1023    776
  1024    776
  1025    776
  1026    776
  1027    776
  1037    776
  1038    776
  1039    776
  1040    776
  1041    776
  1042    776
  1043    776
  1044    776
  1045    776
  1046    776
  1047    776
  1048    776
  1049    776
  1050    776
  1051    776
  1052    776
  1053    776
  1063    776
  1064    776
  1065    776
  1066    776
  1067    776
  1068    776
  1069    776
  1070    776
  1071    776
  1072    776
  1073    776
  1074    776
  1075    776
  1076    776
  1077    776
  1078    776
   897    777
   898    777
   899    777
   900    777
   901    777
   902    777
   903    777
   904    777
   905    777
   906    777
   907    777
  1022    777
  1023    777
  1024    777
  1025    777
  1026    777
  1027    777
  1028    777
  1031    777
  1032    777
  1033    777
  1034    777
  1035    777
  1046    777
  1047    777
  1048    777
  1049    777
  1050    777
  1051    777
  1052    777
  1053    777
  1054    777
  1055    777
  1056    777
  1057    777
  1058    777
  1059    777
  1060    777
  1061    777
  1062    777
  1063    777
  1074    777
  1075    777
  1076    777
  1077    777
  1078    777
  1079    777
  1080    777
  1081    777
  1082    777
  1083    777
  1084    777
  1085    777
  1086    777
  1087    777
  1088    777
  1089    777
   898    778
   899    778
   900    778
   901    778
   902    778
   903    778
   904    778
   905    778
   906    778
  1031    778
  1032    778
  1033    778
  1034    778
  1035    778
  1036    778
  1037    778
  1039    778
  1040    778
  1041    778
  1042    778
  1053    778
  1054    778
  1055    778
  1056    778
  1057    778
  1058    778
  1059    778
  1060    778
  1061    778
  1062    778
  1063    778
  1064    778
  1065    778
  1066    778
  1067    778
  1068    778
  1069    778
  1070    778
  1071    778
  1082    778
  1083    778
  1084    778
  1085    778
  1086    778
  1087    778
  1088    778
  1089    778
  1090    778
  1091    778
  1092    778
  1093    778
  1094    778
  1095    778
   901    779
   902    779
   903    779
   904    779
  1040    779
  1041    779
  1042    779
  1043    779
  1046    779
  1047    779
  1048    779
  1049    779
  1050    779
  1051    779
  1052    779
  1061    779
  1062    779
  1063    779
  1064    779
  1065    779
  1066    779
  1067    779
  1074    779
  1075    779
  1076    779
  1077    779
  1078    779
  1048    780
  1049    780
  1050    780
  1052    780
  1053    780
  1054    780
  1055    780
  1056    780
  1057    780
  1058    780
  1059    780
  1060    780
  1061    780
  1062    780
  1072    780
  1073    780
  1083    780
  1084    780
  1085    780
  1086    780
  1087    780
  1088    780
  1136    780
  1137    780
  1140    780
  1057    781
  1058    781
  1059    781
  1060    781
  1061    781
  1062    781
  1063    781
  1081    781
  1082    781
  1083    781
  1084    781
  1093    781
  1094    781
  1095    781
  1096    781
  1097    781
  1098    781
  1103    782
  1104    782
  1105    782
  1106    782
  1107    782
  1108    782
  1109    782
  1132    782
  1133    782
  1134    782
  1135    782
  1136    782
  1137    782
  1138    782
  1158    782
  1159    782
  1160    782
  1161    782
  1162    782
  1163    782
  1164    782
  1100    783
  1101    783
  1102    783
  1103    783
  1104    783
  1105    783
  1113    783
  1114    783
  1115    783
  1116    783
  1117    783
  1118    783
  1119    783
  1132    783
  1133    783
  1134    783
  1135    783
  1136    783
  1137    783
  1138    783
  1139    783
  1140    783
  1141    783
  1142    783
  1143    783
  1144    783
  1145    783
  1146    783
  1147    783
  1148    783
  1149    783
  1150    783
  1151    783
  1172    783
  1173    783
  1174    783
  1175    783
  1176    783
  1177    783
  1113    784
  1114    784
  1115    784
  1116    784
  1117    784
  1118    784
  1119    784
  1120    784
  1121    784
  1122    784
  1123    784
  1124    784
  1125    784
  1126    784
  1127    784
  1128    784
  1129    784
  1130    784
  1131    784
  1132    784
  1133    784
  1147    784
  1148    784
  1149    784
  1150    784
  1151    784
  1152    784
  1153    784
  1154    784
  1155    784
  1156    784
  1157    784
  1158    784
  1159    784
  1160    784
  1161    784
  1162    784
  1163    784
  1105    785
  1106    785
  1107    785
  1108    785
  1109    785
  1110    785
  1123    785
  1124    785
  1125    785
  1126    785
  1127    785
  1128    785
  1129    785
  1130    785
  1131    785
  1132    785
  1133    785
  1134    785
  1135    785
  1136    785
  1137    785
  1138    785
  1139    785
  1140    785
  1141    785
  1142    785
  1143    785
  1144    785
  1159    785
  1160    785
  1161    785
  1162    785
  1163    785
  1164    785
  1165    785
  1166    785
  1167    785
  1168    785
  1169    785
  1170    785
  1171    785
  1172    785
  1173    785
  1174    785
  1175    785
  1176    785
  1177    785
  1178    785
  1103    786
  1104    786
  1105    786
  1106    786
  1107    786
  1108    786
  1109    786
  1110    786
  1114    786
  1115    786
  1116    786
  1117    786
  1118    786
  1133    786
  1134    786
  1135    786
  1136    786
  1137    786
  1138    786
  1139    786
  1140    786
  1141    786
  1142    786
  1143    786
  1144    786
  1145    786
  1146    786
  1147    786
  1148    786
  1149    786
  1150    786
  1151    786
  1152    786
  1153    786
  1168    786
  1169    786
  1170    786
  1171    786
  1172    786
  1173    786
  1174    786
  1175    786
  1176    786
  1177    786
  1178    786
  1179    786
  1180    786
  1181    786
  1182    786
  1183    786
  1184    786
  1185    786
  1186    786
  1187    786
  1188    786
  1189    786
  1114    787
  1115    787
  1116    787
  1117    787
  1118    787
  1124    787
  1125    787
  1126    787
  1127    787
  1128    787
  1129    787
  1130    787
  1143    787
  1144    787
  1145    787
  1146    787
  1147    787
  1148    787
  1149    787
  1150    787
  1151    787
  1152    787
  1153    787
  1154    787
  1155    787
  1156    787
  1157    787
  1158    787
  1159    787
  1160    787
  1161    787
  1162    787
  1163    787
  1164    787
  1165    787
  1181    787
  1182    787
  1183    787
  1184    787
  1185    787
  1186    787
  1187    787
  1193    787
  1194    787
  1195    787
  1196    787
  1197    787
  1198    787
  1199    787
  1200    787
  1201    787
  1202    787
  1203    787
  1123    788
  1124    788
  1125    788
  1126    788
  1128    788
  1129    788
  1130    788
  1131    788
  1132    788
  1133    788
  1134    788
  1135    788
  1136    788
  1137    788
  1138    788
  1139    788
  1140    788
  1141    788
  1153    788
  1154    788
  1155    788
  1156    788
  1157    788
  1158    788
  1159    788
  1160    788
  1161    788
  1162    788
  1163    788
  1164    788
  1165    788
  1166    788
  1167    788
  1168    788
  1169    788
  1170    788
  1171    788
  1172    788
  1173    788
  1174    788
  1175    788
  1176    788
  1177    788
  1193    788
  1194    788
  1195    788
  1196    788
  1197    788
  1198    788
  1199    788
  1200    788
  1201    788
  1202    788
  1203    788
  1204    788
  1205    788
  1206    788
  1207    788
  1208    788
  1209    788
  1210    788
  1211    788
  1212    788
  1213    788
  1214    788
  1215    788
  1216    788
  1217    788
  1218    788
  1219    788
  1132    789
  1133    789
  1134    789
  1135    789
  1136    789
  1142    789
  1143    789
  1144    789
  1145    789
  1146    789
  1147    789
  1148    789
  1149    789
  1150    789
  1151    789
  1152    789
  1164    789
  1165    789
  1166    789
  1167    789
  1168    789
  1169    789
  1170    789
  1171    789
  1172    789
  1173    789
  1174    789
  1175    789
  1176    789
  1177    789
  1178    789
  1179    789
  1180    789
  1181    789
  1182    789
  1183    789
  1184    789
  1185    789
  1186    789
  1206    789
  1207    789
  1208    789
  1209    789
  1210    789
  1211    789
  1212    789
  1213    789
  1214    789
  1215    789
  1216    789
  1217    789
  1218    789
  1219    789
  1220    789
  1221    789
  1222    789
  1223    789
  1224    789
  1225    789
  1226    789
  1227    789
  1228    789
  1229    789
  1230    789
  1231    789
  1232    789
  1233    789
  1234    789
  1235    789
  1143    790
  1144    790
  1145    790
  1146    790
  1147    790
  1148    790
  1149    790
  1150    790
  1151    790
  1152    790
  1153    790
  1154    790
  1155    790
  1156    790
  1157    790
  1158    790
  1159    790
  1160    790
  1161    790
  1162    790
  1176    790
  1177    790
  1178    790
  1179    790
  1180    790
  1181    790
  1182    790
  1183    790
  1184    790
  1185    790
  1186    790
  1187    790
  1188    790
  1189    790
  1190    790
  1191    790
  1192    790
  1193    790
  1194    790
  1195    790
  1196    790
  1197    790
  1198    790
  1199    790
  1200    790
  1226    790
  1227    790
  1228    790
  1229    790
  1230    790
  1231    790
  1232    790
  1233    790
  1234    790
  1235    790
  1236    790
  1237    790
  1238    790
  1239    790
  1240    790
  1241    790
  1242    790
  1243    790
  1244    790
  1245    790
  1246    790
  1247    790
  1153    791
  1154    791
  1155    791
  1156    791
  1157    791
  1158    791
  1159    791
  1160    791
  1161    791
  1162    791
  1163    791
  1164    791
  1165    791
  1166    791
  1167    791
  1168    791
  1169    791
  1170    791
  1171    791
  1172    791
  1173    791
  1174    791
  1175    791
  1196    791
  1197    791
  1198    791
  1199    791
  1200    791
  1201    791
  1202    791
  1203    791
  1204    791
  1205    791
  1206    791
  1207    791
  1208    791
  1209    791
  1210    791
  1211    791
  1212    791
  1213    791
  1214    791
  1215    791
  1216    791
  1236    791
  1237    791
  1238    791
  1239    791
  1240    791
  1241    791
  1242    791
  1243    791
  1244    791
  1245    791
  1246    791
  1247    791
  1248    791
  1249    791
  1250    791
  1251    791
  1252    791
  1253    791
  1254    791
  1255    791
  1256    791
  1257    791
  1258    791
  1259    791
  1260    791
  1261    791
  1262    791
  1263    791
  1168    792
  1169    792
  1170    792
  1171    792
  1172    792
  1173    792
  1174    792
  1175    792
  1176    792
  1177    792
  1178    792
  1179    792
  1180    792
  1181    792
  1182    792
  1183    792
  1184    792
  1185    792
  1186    792
  1187    792
  1205    792
  1206    792
  1207    792
  1208    792
  1209    792
  1210    792
  1211    792
  1212    792
  1213    792
  1214    792
  1215    792
  1216    792
  1217    792
  1218    792
  1219    792
  1220    792
  1221    792
  1222    792
  1223    792
  1224    792
  1225    792
  1226    792
  1227    792
  1228    792
  1229    792
  1230    792
  1250    792
  1251    792
  1252    792
  1253    792
  1254    792
  1255    792
  1256    792
  1257    792
  1258    792
  1259    792
  1260    792
  1261    792
  1262    792
  1263    792
  1264    792
  1265    792
  1266    792
  1267    792
  1268    792
  1269    792
  1270    792
  1271    792
  1272    792
  1273    792
  1274    792
  1275    792
  1276    792
  1277    792
  1278    792
  1279    792
  1280    792
  1281    792
  1285    792
  1286    792
