   924    754
   925    754
   926    754
   927    754
   928    754
   924    755
   925    755
   926    755
   927    755
   928    755
   929    755
   930    755
   931    755
   943    755
   944    755
   925    756
   926    756
   927    756
   928    756
   929    756
   930    756
   931    756
   932    756
   933    756
   934    756
   935    756
   941    756
   942    756
   943    756
   944    756
   945    756
   946    756
   947    756
   948    756
   949    756
   950    756
   951    756
   928    757
   929    757
   930    757
   931    757
   932    757
   933    757
   934    757
   935    757
   936    757
   937    757
   938    757
   945    757
   946    757
   947    757
   948    757
   949    757
   950    757
   951    757
   952    757
   953    757
   954    757
   955    757
   962    757
   923    758
   924    758
   925    758
   926    758
   931    758
   932    758
   933    758
   934    758
   935    758
   936    758
   937    758
   938    758
   939    758
   940    758
   941    758
   948    758
   949    758
   950    758
   951    758
   952    758
   953    758
   954    758
   955    758
   956    758
   957    758
   958    758
   959    758
   926    759
   927    759
   928    759
   929    759
   930    759
   934    759
   935    759
   936    759
   937    759
   938    759
   939    759
   940    759
   941    759
   942    759
   943    759
   944    759
   945    759
   952    759
   953    759
   954    759
   955    759
   956    759
   957    759
   958    759
   959    759
   960    759
   961    759
   962    759
   963    759
   925    760
   926    760
   928    760
   929    760
   930    760
   931    760
   932    760
   933    760
   934    760
   938    760
   939    760
   940    760
   941    760
   942    760
   943    760
   944    760
   945    760
   946    760
   947    760
   948    760
   949    760
   950    760
   957    760
   958    760
   959    760
   960    760
   961    760
   962    760
   963    760
   964    760
   965    760
   966    760
   967    760
   974    760
   975    760
   928    761
   929    761
   930    761
   931    761
   933    761
   934    761
   935    761
   936    761
   937    761
   938    761
   942    761
   943    761
   944    761
   945    761
   946    761
   947    761
   948    761
   949    761
   950    761
   951    761
   952    761
   953    761
   954    761
   961    761
   962    761
   963    761
   964    761
   965    761
   966    761
   967    761
   968    761
   969    761
   970    761
   971    761
   972    761
   932    762
   933    762
   934    762
   936    762
   937    762
   938    762
   939    762
   940    762
   941    762
   942    762
   947    762
   948    762
   949    762
   950    762
   951    762
   952    762
   953    762
   954    762
   955    762
   956    762
   957    762
   958    762
   959    762
   965    762
   966    762
   967    762
   968    762
   969    762
   970    762
   971    762
   972    762
   973    762
   974    762
   975    762
   976    762
   977    762
   936    763
   937    763
   938    763
   939    763
   940    763
   941    763
   942    763
   943    763
   944    763
   945    763
   946    763
   951    763
   952    763
   953    763
   954    763
   955    763
   956    763
   957    763
   958    763
   959    763
   960    763
   961    763
   962    763
   963    763
   964    763
   971    763
   972    763
   973    763
   974    763
   975    763
   976    763
   977    763
   978    763
   979    763
   980    763
   981    763
   940    764
   941    764
   942    764
   943    764
   944    764
   945    764
   946    764
   947    764
   948    764
   949    764
   950    764
   957    764
   958    764
   959    764
   964    764
   965    764
   966    764
   967    764
   968    764
   976    764
   977    764
   978    764
   979    764
   980    764
   981    764
   985    764
   986    764
   945    765
   946    765
   947    765
   948    765
   949    765
   950    765
   951    765
   954    765
   955    765
   969    765
   970    765
   971    765
   972    765
   973    765
   981    765
   982    765
   983    765
   984    765
   985    765
   986    765
   987    765
   950    766
   951    766
   966    766
   967    766
   968    766
   969    766
   972    766
   973    766
   974    766
   975    766
   976    766
   977    766
   978    766
   971    767
   972    767
   973    767
   974    767
   975    767
   976    767
   977    767
   978    767
   979    767
   980    767
   981    767
   982    767
   983    767
   984    767
   977    768
   978    768
   979    768
   980    768
   981    768
   982    768
   983    768
   984    768
   985    768
   986    768
   987    768
   988    768
   989    768
   990    768
  1022    768
  1023    768
  1024    768
  1025    768
   983    769
   984    769
   985    769
   986    769
   987    769
   988    769
   989    769
   990    769
   991    769
   992    769
   993    769
   994    769
   995    769
   996    769
  1006    769
  1007    769
  1008    769
  1009    769
  1010    769
  1012    769
  1014    769
  1015    769
  1016    769
  1017    769
  1018    769
  1027    769
  1028    769
  1029    769
  1030    769
   975    770
   976    770
   977    770
   978    770
   979    770
   980    770
   981    770
   982    770
   989    770
   990    770
   991    770
   992    770
   993    770
   994    770
   995    770
   998    770
   999    770
  1000    770
  1001    770
  1010    770
  1011    770
  1012    770
  1013    770
  1014    770
  1015    770
  1016    770
  1017    770
  1018    770
  1019    770
  1020    770
  1021    770
  1022    770
  1023    770
  1035    770
  1036    770
  1037    770
  1038    770
  1039    770
  1040    770
   977    771
   978    771
   979    771
   980    771
   981    771
   982    771
   983    771
   984    771
   985    771
   986    771
   987    771
   995    771
   996    771
   997    771
   998    771
  1002    771
  1003    771
  1004    771
  1005    771
  1006    771
  1007    771
  1016    771
  1017    771
  1018    771
  1019    771
  1020    771
  1021    771
  1022    771
  1023    771
  1024    771
  1025    771
  1026    771
  1027    771
  1028    771
  1029    771
  1038    771
  1039    771
  1040    771
  1041    771
  1042    771
  1043    771
   979    772
   980    772
   981    772
   982    772
   983    772
   984    772
   985    772
   986    772
   987    772
   988    772
   989    772
   990    772
   991    772
   999    772
  1000    772
  1001    772
  1002    772
  1003    772
  1004    772
  1005    772
  1006    772
  1007    772
  1008    772
  1009    772
  1010    772
  1011    772
  1012    772
  1013    772
  1023    772
  1024    772
  1025    772
  1026    772
  1027    772
  1028    772
  1029    772
  1030    772
  1031    772
  1032    772
  1033    772
  1034    772
  1035    772
  1036    772
   984    773
   985    773
   986    773
   987    773
   988    773
   991    773
   992    773
   993    773
   994    773
   995    773
  1004    773
  1005    773
  1006    773
  1007    773
  1008    773
  1009    773
  1010    773
  1011    773
  1012    773
  1013    773
  1014    773
  1015    773
  1016    773
  1017    773
  1018    773
  1019    773
  1029    773
  1030    773
  1031    773
  1032    773
  1033    773
  1034    773
  1035    773
  1036    773
  1037    773
  1038    773
  1039    773
  1040    773
  1041    773
  1042    773
  1055    773
  1056    773
   990    774
   991    774
   992    774
   993    774
   994    774
   996    774
   997    774
   998    774
   999    774
  1000    774
  1011    774
  1012    774
  1013    774
  1014    774
  1015    774
  1016    774
  1017    774
  1018    774
  1019    774
  1020    774
  1021    774
  1022    774
  1023    774
  1024    774
  1025    774
  1035    774
  1036    774
  1037    774
  1038    774
  1039    774
  1040    774
  1041    774
  1042    774
  1043    774
  1044    774
  1045    774
  1046    774
  1047    774
  1048    774
  1049    774
   996    775
   997    775
   998    775
   999    775
  1000    775
  1001    775
  1002    775
  1003    775
  1004    775
  1005    775
  1006    775
  1007    775
  1017    775
  1018    775
  1019    775
  1020    775
  1021    775
  1022    775
  1023    775
  1024    775
  1025    775
  1026    775
  1027    775
  1028    775
  1029    775
  1030    775
  1031    775
  1032    775
  1044    775
  1045    775
  1046    775
  1047    775
  1048    775
  1049    775
  1050    775
  1051    775
  1052    775
  1053    775
  1054    775
  1055    775
  1056    775
  1057    775
  1058    775
  1004    776
  1005    776
  1006    776
  1010    776
  1011    776
  1012    776
  1013    776
  1014    776
  1015    776
  1016    776
  1025    776
  1026    776
  1027    776
  1028    776
  1029    776
  1030    776
  1031    776
  1032    776
  1033    776
  1034    776
  1035    776
  1036    776
  1037    776
  1038    776
  1039    776
  1040    776
  1041    776
  1051    776
  1052    776
  1053    776
  1054    776
  1055    776
  1056    776
  1057    776
  1058    776
  1059    776
  1060    776
  1061    776
  1062    776
  1063    776
  1064    776
  1065    776
  1083    776
  1084    776
  1012    777
  1013    777
  1014    777
  1017    777
  1018    777
  1019    777
  1020    777
  1021    777
  1022    777
  1023    777
  1024    777
  1025    777
  1033    777
  1034    777
  1035    777
  1036    777
  1037    777
  1038    777
  1039    777
  1040    777
  1041    777
  1042    777
  1043    777
  1044    777
  1045    777
  1046    777
  1047    777
  1048    777
  1060    777
  1061    777
  1062    777
  1063    777
  1064    777
  1065    777
  1066    777
  1067    777
  1068    777
  1069    777
  1070    777
  1071    777
  1072    777
  1073    777
  1074    777
  1075    777
  1090    777
  1091    777
  1092    777
  1018    778
  1019    778
  1020    778
  1021    778
  1025    778
  1026    778
  1027    778
  1028    778
  1029    778
  1030    778
  1031    778
  1032    778
  1033    778
  1040    778
  1041    778
  1042    778
  1043    778
  1044    778
  1045    778
  1046    778
  1047    778
  1048    778
  1049    778
  1050    778
  1051    778
  1052    778
  1053    778
  1054    778
  1055    778
  1056    778
  1057    778
  1058    778
  1069    778
  1070    778
  1071    778
  1072    778
  1073    778
  1074    778
  1075    778
  1076    778
  1077    778
  1078    778
  1079    778
  1080    778
  1081    778
  1082    778
  1083    778
  1026    779
  1027    779
  1028    779
  1029    779
  1030    779
  1031    779
  1032    779
  1033    779
  1034    779
  1035    779
  1036    779
  1037    779
  1038    779
  1039    779
  1050    779
  1051    779
  1052    779
  1053    779
  1054    779
  1055    779
  1056    779
  1057    779
  1058    779
  1059    779
  1060    779
  1061    779
  1062    779
  1063    779
  1064    779
  1065    779
  1066    779
  1067    779
  1077    779
  1078    779
  1079    779
  1080    779
  1081    779
  1082    779
  1083    779
  1084    779
  1085    779
  1086    779
  1087    779
  1088    779
  1089    779
  1090    779
  1091    779
  1092    779
  1093    779
  1094    779
  1033    780
  1034    780
  1035    780
  1036    780
  1037    780
  1038    780
  1039    780
  1040    780
  1041    780
  1042    780
  1043    780
  1044    780
  1045    780
  1046    780
  1047    780
  1048    780
  1059    780
  1060    780
  1061    780
  1062    780
  1063    780
  1064    780
  1065    780
  1066    780
  1067    780
  1068    780
  1069    780
  1070    780
  1071    780
  1072    780
  1073    780
  1074    780
  1075    780
  1086    780
  1087    780
  1088    780
  1089    780
  1090    780
  1091    780
  1092    780
  1093    780
  1094    780
  1042    781
  1043    781
  1044    781
  1045    781
  1046    781
  1047    781
  1048    781
  1049    781
  1050    781
  1051    781
  1052    781
  1053    781
  1054    781
  1055    781
  1056    781
  1057    781
  1068    781
  1069    781
  1070    781
  1071    781
  1072    781
  1074    781
  1075    781
  1076    781
  1077    781
  1078    781
  1079    781
  1080    781
  1081    781
  1082    781
  1083    781
  1049    782
  1050    782
  1051    782
  1052    782
  1053    782
  1054    782
  1055    782
  1056    782
  1057    782
  1058    782
  1059    782
  1060    782
  1061    782
  1062    782
  1063    782
  1064    782
  1065    782
  1066    782
  1067    782
  1075    782
  1076    782
  1077    782
  1078    782
  1088    782
  1089    782
  1090    782
  1091    782
  1092    782
  1093    782
  1058    783
  1059    783
  1060    783
  1061    783
  1062    783
  1063    783
  1064    783
  1065    783
  1066    783
  1067    783
  1085    783
  1099    783
  1100    783
  1101    783
  1106    784
  1107    784
  1108    784
  1109    784
  1110    784
  1111    784
  1112    784
  1113    784
  1135    784
  1136    784
  1137    784
  1138    784
  1139    784
  1140    784
  1141    784
  1142    784
  1143    784
  1144    784
  1166    784
  1167    784
  1168    784
  1169    784
  1170    784
  1171    784
  1172    784
  1173    784
  1174    784
  1103    785
  1104    785
  1105    785
  1106    785
  1107    785
  1108    785
  1109    785
  1110    785
  1111    785
  1112    785
  1113    785
  1114    785
  1115    785
  1116    785
  1117    785
  1118    785
  1119    785
  1120    785
  1121    785
  1122    785
  1135    785
  1136    785
  1137    785
  1138    785
  1139    785
  1140    785
  1141    785
  1142    785
  1143    785
  1144    785
  1145    785
  1146    785
  1147    785
  1148    785
  1149    785
  1150    785
  1151    785
  1152    785
  1153    785
  1154    785
  1155    785
  1156    785
  1157    785
  1158    785
  1159    785
  1115    786
  1116    786
  1117    786
  1118    786
  1119    786
  1120    786
  1121    786
  1122    786
  1123    786
  1124    786
  1125    786
  1126    786
  1127    786
  1128    786
  1129    786
  1130    786
  1131    786
  1132    786
  1133    786
  1134    786
  1135    786
  1148    786
  1149    786
  1150    786
  1151    786
  1152    786
  1153    786
  1154    786
  1155    786
  1156    786
  1157    786
  1158    786
  1159    786
  1160    786
  1161    786
  1162    786
  1163    786
  1164    786
  1165    786
  1166    786
  1167    786
  1168    786
  1169    786
  1103    787
  1104    787
  1105    787
  1106    787
  1107    787
  1108    787
  1109    787
  1110    787
  1111    787
  1112    787
  1126    787
  1127    787
  1128    787
  1129    787
  1130    787
  1131    787
  1132    787
  1133    787
  1134    787
  1135    787
  1136    787
  1137    787
  1138    787
  1139    787
  1140    787
  1141    787
  1142    787
  1143    787
  1144    787
  1145    787
  1146    787
  1147    787
  1148    787
  1149    787
  1161    787
  1162    787
  1163    787
  1164    787
  1165    787
  1166    787
  1167    787
  1168    787
  1169    787
  1170    787
  1171    787
  1172    787
  1173    787
  1174    787
  1175    787
  1176    787
  1177    787
  1178    787
  1179    787
  1180    787
  1181    787
  1182    787
  1107    788
  1108    788
  1109    788
  1110    788
  1111    788
  1112    788
  1113    788
  1114    788
  1115    788
  1116    788
  1117    788
  1118    788
  1119    788
  1120    788
  1121    788
  1122    788
  1137    788
  1138    788
  1139    788
  1140    788
  1141    788
  1142    788
  1143    788
  1144    788
  1145    788
  1146    788
  1147    788
  1148    788
  1149    788
  1150    788
  1151    788
  1152    788
  1153    788
  1154    788
  1155    788
  1156    788
  1157    788
  1158    788
  1170    788
  1171    788
  1172    788
  1173    788
  1174    788
  1175    788
  1176    788
  1177    788
  1178    788
  1179    788
  1180    788
  1181    788
  1182    788
  1183    788
  1184    788
  1185    788
  1186    788
  1187    788
  1188    788
  1189    788
  1190    788
  1191    788
  1192    788
  1193    788
  1217    788
  1218    788
  1116    789
  1117    789
  1118    789
  1119    789
  1120    789
  1121    789
  1122    789
  1123    789
  1124    789
  1125    789
  1126    789
  1127    789
  1128    789
  1129    789
  1130    789
  1146    789
  1147    789
  1148    789
  1149    789
  1150    789
  1151    789
  1152    789
  1153    789
  1154    789
  1155    789
  1156    789
  1157    789
  1158    789
  1159    789
  1160    789
  1161    789
  1162    789
  1163    789
  1164    789
  1165    789
  1166    789
  1167    789
  1168    789
  1169    789
  1170    789
  1182    789
  1183    789
  1184    789
  1185    789
  1186    789
  1187    789
  1188    789
  1189    789
  1190    789
  1191    789
  1192    789
  1193    789
  1194    789
  1197    789
  1198    789
  1199    789
  1200    789
  1201    789
  1202    789
  1203    789
  1204    789
  1205    789
  1206    789
  1125    790
  1126    790
  1127    790
  1128    790
  1133    790
  1134    790
  1135    790
  1136    790
  1137    790
  1138    790
  1139    790
  1140    790
  1141    790
  1157    790
  1158    790
  1159    790
  1160    790
  1161    790
  1162    790
  1163    790
  1164    790
  1165    790
  1166    790
  1167    790
  1168    790
  1169    790
  1170    790
  1171    790
  1172    790
  1173    790
  1174    790
  1175    790
  1176    790
  1177    790
  1178    790
  1179    790
  1180    790
  1195    790
  1196    790
  1197    790
  1198    790
  1199    790
  1200    790
  1201    790
  1202    790
  1203    790
  1204    790
  1205    790
  1206    790
  1207    790
  1208    790
  1209    790
  1210    790
  1211    790
  1212    790
  1213    790
  1214    790
  1215    790
  1216    790
  1217    790
  1218    790
  1219    790
  1135    791
  1136    791
  1137    791
  1138    791
  1139    791
  1140    791
  1141    791
  1142    791
  1143    791
  1144    791
  1145    791
  1146    791
  1147    791
  1148    791
  1149    791
  1150    791
  1151    791
  1152    791
  1153    791
  1167    791
  1168    791
  1169    791
  1170    791
  1171    791
  1172    791
  1173    791
  1174    791
  1175    791
  1176    791
  1177    791
  1178    791
  1179    791
  1180    791
  1181    791
  1182    791
  1183    791
  1184    791
  1185    791
  1186    791
  1187    791
  1188    791
  1189    791
  1190    791
  1191    791
  1207    791
  1208    791
  1209    791
  1210    791
  1211    791
  1212    791
  1213    791
  1214    791
  1215    791
  1216    791
  1217    791
  1218    791
  1219    791
  1220    791
  1221    791
  1222    791
  1223    791
  1224    791
  1225    791
  1226    791
  1227    791
  1228    791
  1229    791
  1230    791
  1231    791
  1232    791
  1233    791
  1234    791
  1235    791
  1236    791
  1237    791
  1238    791
  1239    791
  1240    791
  1241    791
  1145    792
  1146    792
  1147    792
  1148    792
  1149    792
  1150    792
  1157    792
  1158    792
  1159    792
  1160    792
  1161    792
  1162    792
  1179    792
  1180    792
  1181    792
  1182    792
  1183    792
  1184    792
  1185    792
  1186    792
  1187    792
  1188    792
  1189    792
  1190    792
  1191    792
  1192    792
  1193    792
  1194    792
  1195    792
  1196    792
  1197    792
  1198    792
  1199    792
  1200    792
  1201    792
  1202    792
  1203    792
  1204    792
  1205    792
  1206    792
  1219    792
  1220    792
  1221    792
  1222    792
  1223    792
  1224    792
  1225    792
  1226    792
  1227    792
  1228    792
  1229    792
  1230    792
  1231    792
  1232    792
  1233    792
  1234    792
  1235    792
  1236    792
  1237    792
  1238    792
  1239    792
  1240    792
  1241    792
  1242    792
  1243    792
  1244    792
  1245    792
  1246    792
  1247    792
  1248    792
  1249    792
  1250    792
