   906    702
   905    704
   906    704
   907    704
   905    705
   906    705
   907    705
   905    706
   906    706
   907    706
   905    707
   906    707
   907    707
   905    708
   906    708
   907    708
   905    709
   906    709
   907    709
   905    711
   906    711
   907    711
   905    712
   906    712
   907    712
   905    713
   906    713
   905    714
   906    714
   905    715
   906    715
   904    716
   905    716
   906    716
   904    717
   905    717
   906    717
   904    718
   905    718
   906    718
   904    719
   905    719
   906    719
   907    719
   908    719
   909    719
   904    720
   905    720
   906    720
   907    720
   904    721
   905    721
   906    721
   907    721
   908    721
   904    722
   905    722
   906    722
   907    722
   908    722
   904    723
   905    723
   906    723
   907    723
   903    724
   904    724
   905    724
   906    724
   907    724
   903    725
   904    725
   905    725
   906    725
   907    725
   903    726
   904    726
   905    726
   906    726
   907    726
   908    726
   903    727
   904    727
   905    727
   906    727
   907    727
   908    727
   903    728
   904    728
   905    728
   906    728
   907    728
   908    728
   909    728
   903    729
   904    729
   905    729
   906    729
   907    729
   908    729
   903    730
   904    730
   905    730
   906    730
   907    730
   908    730
   903    731
   904    731
   905    731
   906    731
   907    731
   908    731
   909    731
   902    732
   903    732
   904    732
   905    732
   906    732
   907    732
   908    732
   902    733
   903    733
   904    733
   905    733
   906    733
   907    733
   908    733
   902    734
   903    734
   904    734
   905    734
   906    734
   907    734
   908    734
   902    735
   903    735
   904    735
   905    735
   906    735
   907    735
   908    735
   902    736
   903    736
   904    736
   905    736
   906    736
   907    736
   901    737
   902    737
   903    737
   904    737
   905    737
   906    737
   907    737
   908    737
   901    738
   902    738
   903    738
   904    738
   905    738
   906    738
   907    738
   908    738
   902    739
   903    739
   904    739
   905    739
   906    739
   907    739
   908    739
   901    740
   902    740
   903    740
   904    740
   905    740
   906    740
   907    740
   908    740
   909    740
   902    741
   903    741
   904    741
   905    741
   906    741
   907    741
   908    741
   909    741
   902    742
   903    742
   904    742
   905    742
   906    742
   907    742
   908    742
   909    742
   902    743
   903    743
   904    743
   905    743
   906    743
   907    743
   908    743
   909    743
   902    744
   903    744
   904    744
   905    744
   906    744
   907    744
   908    744
   909    744
   910    744
   901    745
   902    745
   903    745
   904    745
   905    745
   906    745
   907    745
   908    745
   909    745
   910    745
   911    745
   901    746
   902    746
   903    746
   904    746
   905    746
   906    746
   907    746
   908    746
   909    746
   910    746
   911    746
   912    746
   899    747
   900    747
   901    747
   902    747
   903    747
   904    747
   905    747
   906    747
   907    747
   908    747
   909    747
   910    747
   911    747
   912    747
   899    748
   900    748
   901    748
   902    748
   903    748
   904    748
   905    748
   906    748
   907    748
   908    748
   909    748
   910    748
   911    748
   912    748
   913    748
   914    748
   897    749
   898    749
   899    749
   900    749
   901    749
   902    749
   903    749
   904    749
   905    749
   906    749
   907    749
   908    749
   909    749
   910    749
   911    749
   912    749
   913    749
   914    749
   915    749
   895    750
   896    750
   897    750
   898    750
   899    750
   900    750
   901    750
   902    750
   903    750
   904    750
   905    750
   906    750
   907    750
   908    750
   909    750
   910    750
   911    750
   912    750
   913    750
   914    750
   915    750
   916    750
   917    750
   892    751
   893    751
   894    751
   897    751
   898    751
   899    751
   900    751
   901    751
   902    751
   903    751
   904    751
   905    751
   906    751
   907    751
   908    751
   909    751
   910    751
   911    751
   912    751
   913    751
   914    751
   915    751
   916    751
   917    751
   918    751
   919    751
   890    752
   891    752
   897    752
   898    752
   899    752
   900    752
   901    752
   902    752
   903    752
   904    752
   905    752
   906    752
   907    752
   908    752
   909    752
   912    752
   913    752
   914    752
   915    752
   916    752
   917    752
   918    752
   919    752
   920    752
   921    752
   888    753
   889    753
   900    753
   901    753
   902    753
   903    753
   904    753
   905    753
   906    753
   907    753
   908    753
   909    753
   914    753
   915    753
   916    753
   917    753
   918    753
   919    753
   920    753
   921    753
   922    753
   923    753
   885    754
   886    754
   887    754
   888    754
   900    754
   901    754
   902    754
   903    754
   904    754
   905    754
   906    754
   907    754
   908    754
   909    754
   916    754
   917    754
   918    754
   919    754
   920    754
   921    754
   922    754
   923    754
   924    754
   925    754
   926    754
   882    755
   883    755
   900    755
   901    755
   902    755
   903    755
   904    755
   905    755
   906    755
   907    755
   908    755
   909    755
   919    755
   920    755
   921    755
   922    755
   923    755
   924    755
   925    755
   926    755
   927    755
   928    755
   878    756
   879    756
   880    756
   887    756
   888    756
   900    756
   901    756
   902    756
   903    756
   904    756
   905    756
   906    756
   907    756
   908    756
   909    756
   921    756
   922    756
   923    756
   924    756
   925    756
   926    756
   927    756
   928    756
   929    756
   930    756
   931    756
   952    756
   953    756
   875    757
   876    757
   877    757
   884    757
   885    757
   900    757
   901    757
   902    757
   903    757
   904    757
   905    757
   906    757
   907    757
   908    757
   913    757
   914    757
   915    757
   916    757
   917    757
   918    757
   919    757
   924    757
   925    757
   926    757
   927    757
   928    757
   929    757
   930    757
   931    757
   932    757
   933    757
   934    757
   941    757
   942    757
   943    757
   944    757
   945    757
   946    757
   947    757
   948    757
   949    757
   950    757
   899    758
   900    758
   901    758
   902    758
   903    758
   904    758
   905    758
   906    758
   907    758
   908    758
   917    758
   918    758
   919    758
   920    758
   921    758
   922    758
   926    758
   927    758
   928    758
   929    758
   930    758
   931    758
   932    758
   933    758
   934    758
   935    758
   936    758
   937    758
   943    758
   944    758
   945    758
   946    758
   947    758
   948    758
   949    758
   950    758
   951    758
   952    758
   953    758
   954    758
   899    759
   900    759
   901    759
   902    759
   903    759
   904    759
   905    759
   906    759
   907    759
   908    759
   916    759
   917    759
   918    759
   919    759
   920    759
   921    759
   922    759
   923    759
   924    759
   925    759
   930    759
   931    759
   932    759
   933    759
   934    759
   935    759
   936    759
   937    759
   938    759
   939    759
   940    759
   947    759
   948    759
   949    759
   950    759
   951    759
   952    759
   953    759
   954    759
   955    759
   956    759
   957    759
   899    760
   900    760
   901    760
   902    760
   903    760
   904    760
   905    760
   906    760
   907    760
   908    760
   920    760
   921    760
   922    760
   923    760
   924    760
   925    760
   926    760
   927    760
   928    760
   929    760
   933    760
   934    760
   935    760
   936    760
   937    760
   938    760
   939    760
   940    760
   941    760
   942    760
   943    760
   944    760
   951    760
   952    760
   953    760
   954    760
   955    760
   956    760
   957    760
   958    760
   959    760
   960    760
   961    760
   899    761
   900    761
   901    761
   902    761
   903    761
   904    761
   905    761
   906    761
   907    761
   908    761
   909    761
   923    761
   924    761
   925    761
   926    761
   927    761
   928    761
   929    761
   930    761
   931    761
   932    761
   933    761
   937    761
   938    761
   939    761
   940    761
   941    761
   942    761
   943    761
   944    761
   945    761
   946    761
   947    761
   948    761
   955    761
   956    761
   957    761
   958    761
   959    761
   960    761
   961    761
   962    761
   963    761
   964    761
   965    761
   966    761
   975    761
   976    761
   977    761
   978    761
   899    762
   900    762
   901    762
   902    762
   903    762
   904    762
   905    762
   906    762
   907    762
   908    762
   926    762
   927    762
   928    762
   929    762
   930    762
   931    762
   932    762
   933    762
   934    762
   935    762
   936    762
   941    762
   942    762
   943    762
   944    762
   945    762
   946    762
   947    762
   948    762
   949    762
   950    762
   951    762
   952    762
   953    762
   960    762
   961    762
   962    762
   963    762
   964    762
   965    762
   966    762
   967    762
   968    762
   969    762
   970    762
   971    762
   979    762
   980    762
   981    762
   899    763
   900    763
   901    763
   902    763
   903    763
   904    763
   905    763
   906    763
   907    763
   908    763
   909    763
   930    763
   931    763
   932    763
   933    763
   934    763
   935    763
   936    763
   937    763
   938    763
   939    763
   940    763
   945    763
   946    763
   947    763
   948    763
   949    763
   950    763
   951    763
   952    763
   953    763
   954    763
   955    763
   956    763
   957    763
   964    763
   965    763
   966    763
   967    763
   968    763
   969    763
   970    763
   971    763
   972    763
   973    763
   974    763
   975    763
   899    764
   900    764
   901    764
   902    764
   903    764
   904    764
   905    764
   906    764
   907    764
   908    764
   934    764
   935    764
   936    764
   937    764
   938    764
   939    764
   940    764
   941    764
   942    764
   943    764
   944    764
   949    764
   950    764
   951    764
   952    764
   953    764
   954    764
   955    764
   956    764
   957    764
   958    764
   959    764
   960    764
   961    764
   969    764
   970    764
   971    764
   972    764
   973    764
   974    764
   975    764
   976    764
   977    764
   978    764
   979    764
   980    764
   899    765
   900    765
   901    765
   902    765
   903    765
   904    765
   905    765
   906    765
   907    765
   908    765
   909    765
   939    765
   940    765
   941    765
   942    765
   943    765
   944    765
   945    765
   946    765
   947    765
   948    765
   949    765
   954    765
   955    765
   956    765
   957    765
   958    765
   960    765
   961    765
   962    765
   963    765
   964    765
   965    765
   966    765
   974    765
   975    765
   976    765
   977    765
   978    765
   979    765
   980    765
   981    765
   982    765
   983    765
   984    765
   985    765
   899    766
   900    766
   901    766
   902    766
   903    766
   904    766
   905    766
   906    766
   907    766
   908    766
   909    766
   943    766
   944    766
   945    766
   946    766
   947    766
   949    766
   950    766
   951    766
   952    766
   953    766
   960    766
   961    766
   967    766
   968    766
   969    766
   970    766
   971    766
   979    766
   980    766
   981    766
   982    766
   983    766
   984    766
   899    767
   900    767
   901    767
   902    767
   903    767
   904    767
   905    767
   906    767
   907    767
   908    767
   947    767
   948    767
   972    767
   973    767
   974    767
   975    767
   976    767
   898    768
   899    768
   900    768
   901    768
   902    768
   903    768
   904    768
   905    768
   906    768
   907    768
   908    768
   975    768
   976    768
   977    768
   978    768
   979    768
   980    768
   981    768
   982    768
  1016    768
  1017    768
   899    769
   900    769
   901    769
   902    769
   903    769
   904    769
   905    769
   906    769
   907    769
   908    769
   974    769
   975    769
   976    769
   977    769
   978    769
   979    769
   980    769
   981    769
   982    769
   983    769
   984    769
   985    769
   986    769
   987    769
   899    770
   900    770
   901    770
   902    770
   903    770
   904    770
   905    770
   906    770
   907    770
   908    770
   979    770
   980    770
   981    770
   982    770
   983    770
   984    770
   985    770
   986    770
   987    770
   988    770
   989    770
   990    770
   991    770
   992    770
  1008    770
  1009    770
  1010    770
  1011    770
  1012    770
  1013    770
  1014    770
   898    771
   899    771
   900    771
   901    771
   902    771
   903    771
   904    771
   905    771
   906    771
   907    771
   908    771
   985    771
   986    771
   987    771
   988    771
   989    771
   990    771
   991    771
   992    771
   995    771
   996    771
   997    771
   998    771
  1008    771
  1009    771
  1010    771
  1011    771
  1012    771
  1013    771
  1014    771
  1015    771
  1016    771
  1017    771
  1018    771
  1019    771
  1020    771
  1021    771
   899    772
   900    772
   901    772
   902    772
   903    772
   904    772
   905    772
   906    772
   907    772
   908    772
   909    772
   978    772
   979    772
   980    772
   981    772
   982    772
   983    772
   984    772
   991    772
   992    772
   993    772
   994    772
   995    772
   996    772
   997    772
  1000    772
  1001    772
  1002    772
  1003    772
  1004    772
  1014    772
  1015    772
  1016    772
  1017    772
  1018    772
   898    773
   899    773
   900    773
   901    773
   902    773
   903    773
   904    773
   905    773
   906    773
   907    773
   908    773
   981    773
   982    773
   983    773
   984    773
   985    773
   986    773
   987    773
   988    773
   989    773
   996    773
   997    773
   998    773
   999    773
  1000    773
  1001    773
  1002    773
  1003    773
  1004    773
  1005    773
  1006    773
  1007    773
  1008    773
  1009    773
  1010    773
  1021    773
  1022    773
  1023    773
   898    774
   899    774
   900    774
   901    774
   902    774
   903    774
   904    774
   905    774
   906    774
   907    774
   908    774
   981    774
   982    774
   983    774
   984    774
   985    774
   986    774
   987    774
   988    774
   989    774
   990    774
   991    774
   992    774
   993    774
  1001    774
  1002    774
  1003    774
  1004    774
  1005    774
  1006    774
  1007    774
  1008    774
  1009    774
  1010    774
  1011    774
  1012    774
  1013    774
  1014    774
  1015    774
  1016    774
   898    775
   899    775
   900    775
   901    775
   902    775
   903    775
   904    775
   905    775
   906    775
   907    775
   908    775
   985    775
   986    775
   987    775
   988    775
   989    775
   990    775
   991    775
   992    775
   993    775
   994    775
   995    775
   996    775
   997    775
  1006    775
  1007    775
  1008    775
  1009    775
  1010    775
  1011    775
  1012    775
  1013    775
  1014    775
  1015    775
  1016    775
  1017    775
  1018    775
  1019    775
  1020    775
  1021    775
   898    776
   899    776
   900    776
   901    776
   902    776
   903    776
   904    776
   905    776
   906    776
   907    776
   908    776
   991    776
   992    776
   993    776
   994    776
   998    776
   999    776
  1000    776
  1001    776
  1002    776
  1003    776
  1012    776
  1013    776
  1014    776
  1015    776
  1016    776
  1017    776
   898    777
   899    777
   900    777
   901    777
   902    777
   903    777
   904    777
   905    777
   906    777
   907    777
   908    777
   998    777
   999    777
  1005    777
  1006    777
  1007    777
  1008    777
  1009    777
  1010    777
  1011    777
   897    778
   898    778
   899    778
   900    778
   901    778
   902    778
   903    778
   904    778
   905    778
   906    778
   907    778
   908    778
  1005    778
  1006    778
  1007    778
  1012    778
  1013    778
  1014    778
  1015    778
   897    779
   898    779
   899    779
   900    779
   901    779
   902    779
   903    779
   904    779
   905    779
   906    779
   907    779
   908    779
   897    780
   898    780
   899    780
   900    780
   901    780
   902    780
   903    780
   904    780
   905    780
   906    780
   907    780
   908    780
   897    781
   898    781
   899    781
   900    781
   901    781
   902    781
   903    781
   904    781
   905    781
   906    781
   907    781
   908    781
   896    782
   897    782
   898    782
   899    782
   900    782
   901    782
   902    782
   903    782
   904    782
   905    782
   906    782
   897    783
   899    783
   900    783
   901    783
   902    783
   903    783
   904    783
   905    783
