   905    705
   906    705
   907    705
   905    706
   906    706
   907    706
   905    709
   906    709
   907    709
   905    710
   906    710
   905    711
   906    711
   907    711
   905    712
   906    712
   907    712
   905    713
   906    713
   905    714
   906    714
   905    715
   906    715
   907    715
   904    716
   905    716
   906    716
   904    717
   905    717
   906    717
   904    718
   905    718
   906    718
   907    718
   904    719
   905    719
   906    719
   904    720
   905    720
   906    720
   907    720
   904    721
   905    721
   906    721
   907    721
   908    721
   904    722
   905    722
   906    722
   907    722
   908    722
   904    723
   905    723
   906    723
   907    723
   908    723
   909    723
   903    724
   904    724
   905    724
   906    724
   907    724
   908    724
   909    724
   903    725
   904    725
   905    725
   906    725
   907    725
   908    725
   909    725
   903    726
   904    726
   905    726
   906    726
   907    726
   908    726
   903    727
   904    727
   905    727
   906    727
   907    727
   908    727
   903    728
   904    728
   905    728
   906    728
   907    728
   908    728
   909    728
   903    729
   904    729
   905    729
   906    729
   907    729
   908    729
   903    730
   904    730
   905    730
   906    730
   907    730
   908    730
   909    730
   903    731
   904    731
   905    731
   906    731
   907    731
   902    732
   903    732
   904    732
   905    732
   906    732
   907    732
   908    732
   902    733
   903    733
   904    733
   905    733
   906    733
   907    733
   908    733
   902    734
   903    734
   904    734
   905    734
   906    734
   907    734
   908    734
   909    734
   902    735
   903    735
   904    735
   905    735
   906    735
   907    735
   908    735
   902    736
   903    736
   904    736
   905    736
   906    736
   907    736
   902    737
   903    737
   904    737
   905    737
   906    737
   907    737
   908    737
   902    738
   903    738
   904    738
   905    738
   906    738
   907    738
   908    738
   909    738
   902    739
   903    739
   904    739
   905    739
   906    739
   907    739
   908    739
   909    739
   902    740
   903    740
   904    740
   905    740
   906    740
   907    740
   908    740
   909    740
   902    741
   903    741
   904    741
   905    741
   906    741
   907    741
   908    741
   909    741
   902    742
   903    742
   904    742
   905    742
   906    742
   907    742
   908    742
   909    742
   910    742
   901    743
   902    743
   903    743
   904    743
   905    743
   906    743
   907    743
   908    743
   909    743
   910    743
   901    744
   902    744
   903    744
   904    744
   905    744
   906    744
   907    744
   908    744
   909    744
   910    744
   911    744
   900    745
   901    745
   902    745
   903    745
   904    745
   905    745
   906    745
   907    745
   908    745
   909    745
   910    745
   911    745
   912    745
   898    746
   899    746
   900    746
   901    746
   902    746
   903    746
   904    746
   905    746
   906    746
   907    746
   908    746
   909    746
   910    746
   911    746
   912    746
   913    746
   914    746
   897    747
   898    747
   899    747
   900    747
   901    747
   902    747
   903    747
   904    747
   905    747
   906    747
   907    747
   908    747
   909    747
   910    747
   911    747
   912    747
   913    747
   914    747
   915    747
   916    747
   895    748
   897    748
   898    748
   899    748
   900    748
   901    748
   902    748
   903    748
   904    748
   905    748
   906    748
   907    748
   908    748
   909    748
   910    748
   911    748
   912    748
   913    748
   914    748
   915    748
   916    748
   917    748
   918    748
   893    749
   894    749
   897    749
   898    749
   899    749
   900    749
   901    749
   902    749
   903    749
   904    749
   905    749
   906    749
   907    749
   908    749
   909    749
   910    749
   911    749
   912    749
   913    749
   914    749
   915    749
   916    749
   917    749
   918    749
   919    749
   920    749
   890    750
   891    750
   892    750
   896    750
   897    750
   898    750
   901    750
   902    750
   903    750
   904    750
   905    750
   906    750
   907    750
   908    750
   909    750
   913    750
   914    750
   915    750
   916    750
   917    750
   918    750
   919    750
   920    750
   921    750
   922    750
   901    751
   902    751
   903    751
   904    751
   905    751
   906    751
   907    751
   908    751
   909    751
   915    751
   916    751
   917    751
   918    751
   919    751
   920    751
   921    751
   922    751
   923    751
   924    751
   885    752
   886    752
   901    752
   902    752
   903    752
   904    752
   905    752
   906    752
   907    752
   908    752
   909    752
   918    752
   919    752
   920    752
   921    752
   922    752
   923    752
   924    752
   925    752
   926    752
   927    752
   881    753
   882    753
   900    753
   901    753
   902    753
   903    753
   904    753
   905    753
   906    753
   907    753
   908    753
   909    753
   920    753
   921    753
   922    753
   923    753
   924    753
   925    753
   926    753
   927    753
   928    753
   929    753
   930    753
   938    753
   939    753
   940    753
   941    753
   879    754
   900    754
   901    754
   902    754
   903    754
   904    754
   905    754
   906    754
   907    754
   908    754
   909    754
   915    754
   916    754
   923    754
   924    754
   925    754
   926    754
   927    754
   928    754
   929    754
   930    754
   931    754
   932    754
   940    754
   941    754
   942    754
   943    754
   944    754
   945    754
   946    754
   947    754
   948    754
   900    755
   901    755
   902    755
   903    755
   904    755
   905    755
   906    755
   907    755
   908    755
   918    755
   919    755
   920    755
   921    755
   922    755
   926    755
   927    755
   928    755
   929    755
   930    755
   931    755
   932    755
   933    755
   934    755
   935    755
   936    755
   941    755
   942    755
   943    755
   944    755
   945    755
   946    755
   947    755
   948    755
   949    755
   950    755
   951    755
   900    756
   901    756
   902    756
   903    756
   904    756
   905    756
   906    756
   907    756
   908    756
   916    756
   917    756
   919    756
   920    756
   921    756
   922    756
   923    756
   924    756
   925    756
   929    756
   930    756
   931    756
   932    756
   933    756
   934    756
   935    756
   936    756
   937    756
   938    756
   939    756
   945    756
   946    756
   947    756
   948    756
   949    756
   950    756
   951    756
   952    756
   953    756
   954    756
   955    756
   900    757
   901    757
   902    757
   903    757
   904    757
   905    757
   906    757
   907    757
   908    757
   919    757
   920    757
   921    757
   922    757
   923    757
   924    757
   925    757
   926    757
   927    757
   928    757
   933    757
   934    757
   935    757
   936    757
   937    757
   938    757
   939    757
   940    757
   941    757
   942    757
   943    757
   944    757
   950    757
   951    757
   952    757
   953    757
   954    757
   955    757
   956    757
   957    757
   958    757
   959    757
   960    757
   899    758
   900    758
   901    758
   902    758
   903    758
   904    758
   905    758
   906    758
   907    758
   908    758
   909    758
   923    758
   924    758
   925    758
   926    758
   927    758
   928    758
   929    758
   930    758
   931    758
   932    758
   937    758
   938    758
   939    758
   940    758
   941    758
   942    758
   943    758
   944    758
   945    758
   946    758
   947    758
   948    758
   954    758
   955    758
   956    758
   957    758
   958    758
   959    758
   960    758
   961    758
   962    758
   963    758
   964    758
   965    758
   899    759
   900    759
   901    759
   902    759
   903    759
   904    759
   905    759
   906    759
   907    759
   908    759
   909    759
   926    759
   927    759
   928    759
   929    759
   930    759
   931    759
   932    759
   933    759
   934    759
   935    759
   941    759
   942    759
   943    759
   944    759
   945    759
   946    759
   947    759
   948    759
   949    759
   950    759
   951    759
   959    759
   960    759
   961    759
   962    759
   963    759
   964    759
   965    759
   966    759
   967    759
   968    759
   969    759
   970    759
   899    760
   900    760
   901    760
   902    760
   903    760
   904    760
   905    760
   906    760
   907    760
   908    760
   909    760
   931    760
   932    760
   933    760
   936    760
   937    760
   938    760
   939    760
   940    760
   945    760
   946    760
   947    760
   948    760
   949    760
   950    760
   951    760
   952    760
   953    760
   954    760
   955    760
   956    760
   963    760
   964    760
   965    760
   966    760
   967    760
   968    760
   969    760
   970    760
   971    760
   972    760
   973    760
   974    760
   899    761
   900    761
   901    761
   902    761
   903    761
   904    761
   905    761
   906    761
   907    761
   908    761
   909    761
   935    761
   936    761
   937    761
   938    761
   940    761
   941    761
   942    761
   943    761
   944    761
   945    761
   950    761
   951    761
   952    761
   953    761
   954    761
   955    761
   956    761
   957    761
   958    761
   959    761
   960    761
   961    761
   968    761
   969    761
   970    761
   971    761
   972    761
   973    761
   974    761
   975    761
   976    761
   977    761
   978    761
   979    761
   899    762
   900    762
   901    762
   902    762
   903    762
   904    762
   905    762
   906    762
   907    762
   908    762
   940    762
   941    762
   942    762
   944    762
   945    762
   946    762
   947    762
   948    762
   949    762
   955    762
   956    762
   957    762
   958    762
   961    762
   962    762
   963    762
   964    762
   965    762
   966    762
   967    762
   974    762
   975    762
   976    762
   977    762
   978    762
   979    762
   899    763
   900    763
   901    763
   902    763
   903    763
   904    763
   905    763
   906    763
   907    763
   908    763
   944    763
   945    763
   946    763
   947    763
   949    763
   950    763
   951    763
   952    763
   953    763
   954    763
   960    763
   961    763
   962    763
   966    763
   967    763
   968    763
   969    763
   970    763
   971    763
   979    763
   980    763
   981    763
   982    763
   983    763
   984    763
   899    764
   900    764
   901    764
   902    764
   903    764
   904    764
   905    764
   906    764
   907    764
   908    764
   948    764
   949    764
   970    764
   971    764
   972    764
   973    764
   974    764
   975    764
   976    764
   977    764
   899    765
   900    765
   901    765
   902    765
   903    765
   904    765
   905    765
   906    765
   907    765
   908    765
   971    765
   972    765
   973    765
   974    765
   975    765
   976    765
   977    765
   978    765
   979    765
   980    765
   981    765
   982    765
   899    766
   900    766
   901    766
   902    766
   903    766
   904    766
   905    766
   906    766
   907    766
   908    766
   909    766
   976    766
   977    766
   978    766
   979    766
   980    766
   981    766
   982    766
   983    766
   984    766
   985    766
   986    766
   987    766
   988    766
   899    767
   900    767
   901    767
   902    767
   903    767
   904    767
   905    767
   906    767
   907    767
   908    767
   909    767
   981    767
   982    767
   983    767
   984    767
   985    767
   986    767
   987    767
   988    767
   989    767
   990    767
   991    767
   899    768
   900    768
   901    768
   902    768
   903    768
   904    768
   905    768
   906    768
   907    768
   908    768
   909    768
   975    768
   976    768
   977    768
   978    768
   979    768
   980    768
   981    768
   982    768
   989    768
   990    768
   991    768
   992    768
   899    769
   900    769
   901    769
   902    769
   903    769
   904    769
   905    769
   906    769
   907    769
   908    769
   974    769
   975    769
   976    769
   977    769
   978    769
   979    769
   980    769
   981    769
   982    769
   983    769
   984    769
   985    769
   986    769
   994    769
   995    769
   996    769
   899    770
   900    770
   901    770
   902    770
   903    770
   904    770
   905    770
   906    770
   907    770
   908    770
   909    770
   979    770
   980    770
   981    770
   982    770
   983    770
   984    770
   985    770
   986    770
   987    770
   988    770
   989    770
   990    770
   899    771
   900    771
   901    771
   902    771
   903    771
   904    771
   905    771
   906    771
   907    771
   908    771
   983    771
   984    771
   985    771
   986    771
   987    771
   988    771
   989    771
   990    771
   991    771
   992    771
   993    771
   994    771
   899    772
   900    772
   901    772
   902    772
   903    772
   904    772
   905    772
   906    772
   907    772
   908    772
   990    772
   991    772
   992    772
   898    773
   899    773
   900    773
   901    773
   902    773
   903    773
   904    773
   905    773
   906    773
   907    773
   908    773
   898    774
   899    774
   900    774
   901    774
   902    774
   903    774
   904    774
   905    774
   906    774
   907    774
   908    774
   898    775
   899    775
   900    775
   901    775
   902    775
   903    775
   904    775
   905    775
   906    775
   907    775
   908    775
   898    776
   899    776
   900    776
   901    776
   902    776
   903    776
   904    776
   905    776
   906    776
   907    776
   897    777
   898    777
   899    777
   900    777
   901    777
   902    777
   903    777
   904    777
   905    777
   906    777
   899    778
   900    778
   901    778
   902    778
   903    778
   904    778
   905    778
   906    778
   902    779
   903    779
   904    779
