   905    705
   906    705
   907    705
   905    706
   906    706
   907    706
   905    707
   906    707
   907    707
   905    708
   906    708
   907    708
   905    709
   906    709
   907    709
   905    710
   906    710
   905    711
   906    711
   907    711
   905    712
   906    712
   907    712
   905    713
   906    713
   905    714
   906    714
   905    715
   906    715
   907    715
   904    716
   905    716
   906    716
   904    717
   905    717
   906    717
   904    718
   905    718
   906    718
   904    719
   905    719
   906    719
   907    719
   904    720
   905    720
   906    720
   907    720
   904    721
   905    721
   906    721
   907    721
   908    721
   904    722
   905    722
   906    722
   907    722
   908    722
   904    723
   905    723
   906    723
   907    723
   908    723
   909    723
   903    724
   904    724
   905    724
   906    724
   907    724
   908    724
   903    725
   904    725
   905    725
   906    725
   907    725
   908    725
   903    726
   904    726
   905    726
   906    726
   907    726
   908    726
   903    727
   904    727
   905    727
   906    727
   907    727
   908    727
   903    728
   904    728
   905    728
   906    728
   907    728
   908    728
   909    728
   902    729
   903    729
   904    729
   905    729
   906    729
   907    729
   908    729
   903    730
   904    730
   905    730
   906    730
   907    730
   908    730
   903    731
   904    731
   905    731
   906    731
   907    731
   908    731
   902    732
   903    732
   904    732
   905    732
   906    732
   907    732
   908    732
   902    733
   903    733
   904    733
   905    733
   906    733
   907    733
   908    733
   902    734
   903    734
   904    734
   905    734
   906    734
   907    734
   908    734
   902    735
   903    735
   904    735
   905    735
   906    735
   907    735
   908    735
   902    736
   903    736
   904    736
   905    736
   906    736
   907    736
   901    737
   902    737
   903    737
   904    737
   905    737
   906    737
   907    737
   908    737
   902    738
   903    738
   904    738
   905    738
   906    738
   907    738
   908    738
   902    739
   903    739
   904    739
   905    739
   906    739
   907    739
   908    739
   909    739
   902    740
   903    740
   904    740
   905    740
   906    740
   907    740
   908    740
   909    740
   902    741
   903    741
   904    741
   905    741
   906    741
   907    741
   908    741
   909    741
   902    742
   903    742
   904    742
   905    742
   906    742
   907    742
   908    742
   909    742
   902    743
   903    743
   904    743
   905    743
   906    743
   907    743
   908    743
   909    743
   910    743
   901    744
   902    744
   903    744
   904    744
   905    744
   906    744
   907    744
   908    744
   909    744
   910    744
   901    745
   902    745
   903    745
   904    745
   905    745
   906    745
   907    745
   908    745
   909    745
   910    745
   911    745
   900    746
   901    746
   902    746
   903    746
   904    746
   905    746
   906    746
   907    746
   908    746
   909    746
   910    746
   911    746
   912    746
   899    747
   900    747
   901    747
   902    747
   903    747
   904    747
   905    747
   906    747
   907    747
   908    747
   909    747
   910    747
   911    747
   912    747
   913    747
   897    748
   898    748
   899    748
   900    748
   901    748
   902    748
   903    748
   904    748
   905    748
   906    748
   907    748
   908    748
   909    748
   910    748
   911    748
   912    748
   913    748
   914    748
   915    748
   895    749
   896    749
   897    749
   898    749
   899    749
   900    749
   901    749
   902    749
   903    749
   904    749
   905    749
   906    749
   907    749
   908    749
   909    749
   910    749
   911    749
   912    749
   913    749
   914    749
   915    749
   916    749
   917    749
   893    750
   894    750
   895    750
   896    750
   897    750
   898    750
   899    750
   900    750
   901    750
   902    750
   903    750
   904    750
   905    750
   906    750
   907    750
   908    750
   909    750
   910    750
   911    750
   912    750
   913    750
   914    750
   915    750
   916    750
   917    750
   918    750
   891    751
   892    751
   893    751
   897    751
   898    751
   899    751
   900    751
   901    751
   902    751
   903    751
   904    751
   905    751
   906    751
   907    751
   908    751
   909    751
   911    751
   912    751
   913    751
   914    751
   915    751
   916    751
   917    751
   918    751
   919    751
   920    751
   921    751
   888    752
   889    752
   890    752
   897    752
   900    752
   901    752
   902    752
   903    752
   904    752
   905    752
   906    752
   907    752
   908    752
   909    752
   913    752
   914    752
   915    752
   916    752
   917    752
   918    752
   919    752
   920    752
   921    752
   922    752
   923    752
   886    753
   887    753
   888    753
   900    753
   901    753
   902    753
   903    753
   904    753
   905    753
   906    753
   907    753
   908    753
   909    753
   915    753
   916    753
   917    753
   918    753
   919    753
   920    753
   921    753
   922    753
   923    753
   924    753
   925    753
   900    754
   901    754
   902    754
   903    754
   904    754
   905    754
   906    754
   907    754
   908    754
   909    754
   918    754
   919    754
   920    754
   921    754
   922    754
   923    754
   924    754
   925    754
   926    754
   927    754
   928    754
   900    755
   901    755
   902    755
   903    755
   904    755
   905    755
   906    755
   907    755
   908    755
   921    755
   922    755
   923    755
   924    755
   925    755
   926    755
   927    755
   928    755
   929    755
   930    755
   900    756
   901    756
   902    756
   903    756
   904    756
   905    756
   906    756
   907    756
   908    756
   909    756
   914    756
   915    756
   916    756
   917    756
   918    756
   919    756
   923    756
   924    756
   925    756
   926    756
   927    756
   928    756
   929    756
   930    756
   931    756
   932    756
   933    756
   940    756
   941    756
   942    756
   943    756
   944    756
   945    756
   946    756
   947    756
   948    756
   949    756
   950    756
   900    757
   901    757
   902    757
   903    757
   904    757
   905    757
   906    757
   907    757
   908    757
   917    757
   918    757
   919    757
   920    757
   921    757
   922    757
   926    757
   927    757
   928    757
   929    757
   930    757
   931    757
   932    757
   933    757
   934    757
   935    757
   936    757
   937    757
   942    757
   943    757
   944    757
   945    757
   946    757
   947    757
   948    757
   949    757
   950    757
   951    757
   952    757
   953    757
   899    758
   900    758
   901    758
   902    758
   903    758
   904    758
   905    758
   906    758
   907    758
   908    758
   916    758
   917    758
   918    758
   919    758
   920    758
   921    758
   922    758
   923    758
   924    758
   925    758
   929    758
   930    758
   931    758
   932    758
   933    758
   934    758
   935    758
   936    758
   937    758
   938    758
   939    758
   940    758
   946    758
   947    758
   948    758
   949    758
   950    758
   951    758
   952    758
   953    758
   954    758
   955    758
   956    758
   957    758
   899    759
   900    759
   901    759
   902    759
   903    759
   904    759
   905    759
   906    759
   907    759
   908    759
   909    759
   919    759
   920    759
   921    759
   922    759
   923    759
   924    759
   925    759
   926    759
   927    759
   928    759
   929    759
   933    759
   934    759
   935    759
   936    759
   937    759
   938    759
   939    759
   940    759
   941    759
   942    759
   943    759
   944    759
   945    759
   950    759
   951    759
   952    759
   953    759
   954    759
   955    759
   956    759
   957    759
   958    759
   959    759
   960    759
   961    759
   899    760
   900    760
   901    760
   902    760
   903    760
   904    760
   905    760
   906    760
   907    760
   908    760
   923    760
   924    760
   927    760
   928    760
   929    760
   930    760
   931    760
   932    760
   936    760
   937    760
   938    760
   939    760
   940    760
   941    760
   942    760
   943    760
   944    760
   945    760
   946    760
   947    760
   948    760
   949    760
   955    760
   956    760
   957    760
   958    760
   959    760
   960    760
   961    760
   962    760
   963    760
   964    760
   965    760
   899    761
   900    761
   901    761
   902    761
   903    761
   904    761
   905    761
   906    761
   907    761
   908    761
   909    761
   926    761
   927    761
   928    761
   929    761
   930    761
   931    761
   932    761
   933    761
   934    761
   935    761
   936    761
   941    761
   942    761
   943    761
   944    761
   945    761
   946    761
   947    761
   948    761
   949    761
   950    761
   951    761
   952    761
   960    761
   961    761
   962    761
   963    761
   964    761
   965    761
   966    761
   967    761
   968    761
   969    761
   970    761
   971    761
   899    762
   900    762
   901    762
   902    762
   903    762
   904    762
   905    762
   906    762
   907    762
   908    762
   909    762
   930    762
   931    762
   932    762
   933    762
   934    762
   935    762
   936    762
   937    762
   938    762
   939    762
   940    762
   945    762
   946    762
   947    762
   948    762
   949    762
   950    762
   951    762
   952    762
   953    762
   954    762
   955    762
   956    762
   957    762
   964    762
   965    762
   966    762
   967    762
   968    762
   969    762
   970    762
   971    762
   972    762
   973    762
   974    762
   975    762
   976    762
   899    763
   900    763
   901    763
   902    763
   903    763
   904    763
   905    763
   906    763
   907    763
   908    763
   909    763
   934    763
   935    763
   936    763
   937    763
   938    763
   939    763
   940    763
   941    763
   942    763
   943    763
   944    763
   949    763
   950    763
   951    763
   952    763
   953    763
   954    763
   955    763
   956    763
   957    763
   958    763
   959    763
   960    763
   961    763
   969    763
   970    763
   971    763
   972    763
   973    763
   974    763
   975    763
   976    763
   977    763
   978    763
   979    763
   899    764
   900    764
   901    764
   902    764
   903    764
   904    764
   905    764
   906    764
   907    764
   908    764
   909    764
   939    764
   940    764
   941    764
   942    764
   943    764
   944    764
   945    764
   946    764
   947    764
   948    764
   954    764
   955    764
   956    764
   957    764
   958    764
   962    764
   963    764
   964    764
   965    764
   966    764
   974    764
   975    764
   976    764
   977    764
   978    764
   979    764
   980    764
   981    764
   983    764
   984    764
   899    765
   900    765
   901    765
   902    765
   903    765
   904    765
   905    765
   906    765
   907    765
   908    765
   909    765
   943    765
   944    765
   945    765
   946    765
   947    765
   948    765
   949    765
   950    765
   951    765
   952    765
   953    765
   959    765
   960    765
   961    765
   967    765
   968    765
   969    765
   970    765
   971    765
   978    765
   979    765
   980    765
   981    765
   982    765
   983    765
   899    766
   900    766
   901    766
   902    766
   903    766
   904    766
   905    766
   906    766
   907    766
   908    766
   909    766
   947    766
   948    766
   949    766
   964    766
   965    766
   972    766
   973    766
   974    766
   975    766
   976    766
   977    766
   899    767
   900    767
   901    767
   902    767
   903    767
   904    767
   905    767
   906    767
   907    767
   908    767
   969    767
   970    767
   971    767
   975    767
   976    767
   977    767
   978    767
   979    767
   980    767
   981    767
   982    767
   898    768
   899    768
   900    768
   901    768
   902    768
   903    768
   904    768
   905    768
   906    768
   907    768
   908    768
   975    768
   976    768
   977    768
   978    768
   979    768
   980    768
   981    768
   982    768
   983    768
   984    768
   985    768
   986    768
   987    768
   988    768
   899    769
   900    769
   901    769
   902    769
   903    769
   904    769
   905    769
   906    769
   907    769
   908    769
   980    769
   981    769
   982    769
   983    769
   984    769
   985    769
   986    769
   987    769
   988    769
   989    769
   990    769
   991    769
   992    769
   993    769
  1007    769
  1008    769
  1009    769
  1010    769
  1011    769
  1012    769
  1013    769
  1014    769
  1015    769
  1016    769
  1025    769
  1026    769
  1027    769
   899    770
   900    770
   901    770
   902    770
   903    770
   904    770
   905    770
   906    770
   907    770
   908    770
   909    770
   986    770
   987    770
   988    770
   989    770
   990    770
   991    770
   992    770
   993    770
   994    770
   995    770
   996    770
   997    770
   998    770
   999    770
  1008    770
  1009    770
  1010    770
  1011    770
  1012    770
  1013    770
  1014    770
  1015    770
  1016    770
  1017    770
  1018    770
  1019    770
  1020    770
  1021    770
  1022    770
  1034    770
  1035    770
   898    771
   899    771
   900    771
   901    771
   902    771
   903    771
   904    771
   905    771
   906    771
   907    771
   908    771
   909    771
   980    771
   981    771
   982    771
   983    771
   984    771
   985    771
   991    771
   992    771
   993    771
   994    771
   995    771
   996    771
   997    771
   998    771
   999    771
  1000    771
  1001    771
  1002    771
  1003    771
  1004    771
  1014    771
  1015    771
  1016    771
  1017    771
  1018    771
  1019    771
  1020    771
  1021    771
  1022    771
  1023    771
  1024    771
  1025    771
  1026    771
  1027    771
  1037    771
  1038    771
  1039    771
  1040    771
   899    772
   900    772
   901    772
   902    772
   903    772
   904    772
   905    772
   906    772
   907    772
   908    772
   909    772
   977    772
   978    772
   983    772
   984    772
   985    772
   986    772
   987    772
   988    772
   989    772
   997    772
   998    772
   999    772
  1000    772
  1001    772
  1002    772
  1003    772
  1004    772
  1005    772
  1006    772
  1007    772
  1008    772
  1009    772
  1010    772
  1020    772
  1021    772
  1022    772
  1023    772
  1024    772
  1025    772
  1026    772
  1027    772
  1028    772
  1029    772
  1030    772
  1031    772
  1032    772
  1033    772
  1045    772
   898    773
   899    773
   900    773
   901    773
   902    773
   903    773
   904    773
   905    773
   906    773
   907    773
   908    773
   982    773
   983    773
   987    773
   988    773
   989    773
   990    773
   991    773
   992    773
   993    773
  1002    773
  1003    773
  1004    773
  1005    773
  1006    773
  1007    773
  1008    773
  1009    773
  1010    773
  1011    773
  1012    773
  1013    773
  1014    773
  1015    773
  1016    773
  1017    773
  1025    773
  1026    773
  1027    773
  1028    773
  1029    773
  1030    773
  1031    773
  1032    773
  1033    773
  1034    773
  1035    773
  1036    773
  1037    773
  1038    773
  1039    773
   898    774
   899    774
   900    774
   901    774
   902    774
   903    774
   904    774
   905    774
   906    774
   907    774
   908    774
   986    774
   987    774
   988    774
   989    774
   990    774
   991    774
   992    774
   993    774
   994    774
   995    774
   996    774
   997    774
  1007    774
  1008    774
  1009    774
  1010    774
  1011    774
  1012    774
  1013    774
  1014    774
  1015    774
  1016    774
  1017    774
  1018    774
  1019    774
  1020    774
  1021    774
  1022    774
  1031    774
  1032    774
  1033    774
  1034    774
  1035    774
  1036    774
  1037    774
  1038    774
  1039    774
  1040    774
  1041    774
  1042    774
  1043    774
  1044    774
  1045    774
   898    775
   899    775
   900    775
   901    775
   902    775
   903    775
   904    775
   905    775
   906    775
   907    775
   908    775
   909    775
   991    775
   992    775
   993    775
   994    775
   995    775
   996    775
  1000    775
  1001    775
  1002    775
  1003    775
  1004    775
  1014    775
  1015    775
  1016    775
  1017    775
  1018    775
  1019    775
  1020    775
  1021    775
  1022    775
  1023    775
  1024    775
  1025    775
  1026    775
  1027    775
  1028    775
  1029    775
  1038    775
  1039    775
  1040    775
  1041    775
  1042    775
  1043    775
  1044    775
  1045    775
  1046    775
  1047    775
  1048    775
  1049    775
  1050    775
  1051    775
  1063    775
  1064    775
  1065    775
  1066    775
  1067    775
  1068    775
   898    776
   899    776
   900    776
   901    776
   902    776
   903    776
   904    776
   905    776
   906    776
   907    776
   908    776
   999    776
  1000    776
  1001    776
  1002    776
  1003    776
  1004    776
  1005    776
  1006    776
  1007    776
  1008    776
  1009    776
  1010    776
  1011    776
  1022    776
  1023    776
  1024    776
  1025    776
  1026    776
  1027    776
  1028    776
  1029    776
  1030    776
  1031    776
  1032    776
  1033    776
  1034    776
  1035    776
  1036    776
  1037    776
  1047    776
  1048    776
  1049    776
  1050    776
  1051    776
  1052    776
  1053    776
  1054    776
  1055    776
  1056    776
  1057    776
  1058    776
  1059    776
  1060    776
  1061    776
  1077    776
  1078    776
  1079    776
   898    777
   899    777
   900    777
   901    777
   902    777
   903    777
   904    777
   905    777
   906    777
   907    777
   908    777
  1008    777
  1009    777
  1010    777
  1011    777
  1015    777
  1016    777
  1017    777
  1018    777
  1029    777
  1030    777
  1031    777
  1032    777
  1033    777
  1034    777
  1035    777
  1036    777
  1037    777
  1038    777
  1039    777
  1040    777
  1041    777
  1042    777
  1043    777
  1044    777
  1055    777
  1056    777
  1057    777
  1058    777
  1059    777
  1060    777
  1061    777
  1062    777
  1063    777
  1064    777
  1065    777
  1066    777
  1067    777
  1068    777
  1069    777
  1070    777
  1071    777
  1085    777
  1086    777
  1087    777
  1088    777
   897    778
   898    778
   899    778
   900    778
   901    778
   902    778
   903    778
   904    778
   905    778
   906    778
   907    778
  1015    778
  1016    778
  1017    778
  1022    778
  1023    778
  1024    778
  1025    778
  1026    778
  1027    778
  1028    778
  1036    778
  1037    778
  1038    778
  1039    778
  1040    778
  1041    778
  1042    778
  1043    778
  1044    778
  1045    778
  1046    778
  1047    778
  1048    778
  1049    778
  1050    778
  1051    778
  1052    778
  1053    778
  1064    778
  1065    778
  1066    778
  1067    778
  1068    778
  1069    778
  1070    778
  1071    778
  1072    778
  1073    778
  1074    778
  1075    778
  1076    778
  1077    778
  1078    778
  1079    778
   897    779
   898    779
   899    779
   900    779
   901    779
   902    779
   903    779
   904    779
   905    779
   906    779
   907    779
  1023    779
  1024    779
  1025    779
  1028    779
  1029    779
  1030    779
  1031    779
  1032    779
  1033    779
  1034    779
  1035    779
  1036    779
  1043    779
  1044    779
  1045    779
  1046    779
  1047    779
  1048    779
  1049    779
  1050    779
  1051    779
  1052    779
  1053    779
  1054    779
  1055    779
  1056    779
  1057    779
  1058    779
  1059    779
  1060    779
  1073    779
  1074    779
  1075    779
  1076    779
  1077    779
  1078    779
  1079    779
  1080    779
  1081    779
  1082    779
  1083    779
  1084    779
  1085    779
  1086    779
  1087    779
   897    780
   898    780
   899    780
   900    780
   901    780
   902    780
   903    780
   904    780
   905    780
   906    780
  1030    780
  1031    780
  1032    780
  1033    780
  1034    780
  1035    780
  1036    780
  1037    780
  1038    780
  1039    780
  1040    780
  1041    780
  1042    780
  1043    780
  1053    780
  1054    780
  1055    780
  1056    780
  1057    780
  1058    780
  1059    780
  1060    780
  1061    780
  1062    780
  1063    780
  1064    780
  1065    780
  1066    780
  1067    780
  1068    780
  1069    780
  1070    780
  1080    780
  1081    780
  1082    780
  1083    780
  1084    780
  1085    780
  1086    780
  1087    780
  1088    780
  1089    780
  1090    780
  1091    780
  1092    780
  1093    780
  1094    780
  1095    780
  1096    780
  1097    780
  1098    780
   902    781
   903    781
   904    781
   905    781
  1037    781
  1038    781
  1039    781
  1040    781
  1043    781
  1044    781
  1045    781
  1046    781
  1047    781
  1048    781
  1049    781
  1050    781
  1051    781
  1052    781
  1061    781
  1062    781
  1063    781
  1064    781
  1065    781
  1066    781
  1067    781
  1068    781
  1069    781
  1070    781
  1071    781
  1072    781
  1074    781
  1075    781
  1076    781
  1077    781
  1078    781
  1090    781
  1091    781
  1092    781
  1093    781
  1094    781
  1095    781
  1096    781
  1097    781
  1098    781
  1045    782
  1046    782
  1047    782
  1048    782
  1049    782
  1050    782
  1051    782
  1052    782
  1053    782
  1054    782
  1055    782
  1056    782
  1057    782
  1058    782
  1059    782
  1060    782
  1070    782
  1071    782
  1072    782
  1081    782
  1082    782
  1083    782
  1084    782
  1085    782
  1086    782
  1087    782
  1088    782
  1053    783
  1054    783
  1055    783
  1056    783
  1057    783
  1058    783
  1059    783
  1060    783
  1061    783
  1062    783
  1063    783
  1064    783
  1065    783
  1066    783
  1067    783
  1068    783
  1069    783
  1079    783
  1080    783
  1081    783
  1088    783
  1089    783
  1090    783
  1091    783
  1092    783
  1093    783
  1094    783
  1095    783
  1096    783
  1145    783
  1146    783
  1147    783
  1148    783
  1149    783
  1150    783
  1062    784
  1063    784
  1064    784
  1065    784
  1087    784
  1088    784
  1089    784
  1090    784
  1104    784
  1105    784
  1106    784
  1107    784
  1153    784
  1154    784
  1155    784
  1156    784
  1157    784
  1158    784
  1159    784
  1160    784
  1161    784
  1162    784
  1163    784
  1164    784
  1165    784
  1166    784
  1108    785
  1109    785
  1110    785
  1111    785
  1112    785
  1113    785
  1114    785
  1115    785
  1116    785
  1117    785
  1137    785
  1138    785
  1139    785
  1140    785
  1141    785
  1142    785
  1143    785
  1144    785
  1145    785
  1146    785
  1147    785
  1148    785
  1169    785
  1170    785
  1171    785
  1172    785
  1173    785
  1174    785
  1175    785
  1182    785
  1107    786
  1108    786
  1109    786
  1110    786
  1111    786
  1112    786
  1113    786
  1114    786
  1115    786
  1116    786
  1117    786
  1118    786
  1119    786
  1120    786
  1121    786
  1122    786
  1123    786
  1124    786
  1125    786
  1126    786
  1127    786
  1128    786
  1140    786
  1141    786
  1142    786
  1143    786
  1144    786
  1145    786
  1146    786
  1147    786
  1148    786
  1149    786
  1150    786
  1151    786
  1152    786
  1153    786
  1154    786
  1155    786
  1156    786
  1157    786
  1158    786
  1159    786
  1160    786
  1161    786
  1179    786
  1180    786
  1181    786
  1182    786
  1183    786
  1118    787
  1119    787
  1120    787
  1121    787
  1122    787
  1123    787
  1124    787
  1125    787
  1126    787
  1127    787
  1128    787
  1129    787
  1130    787
  1131    787
  1132    787
  1133    787
  1134    787
  1135    787
  1136    787
  1137    787
  1138    787
  1139    787
  1140    787
  1141    787
  1151    787
  1152    787
  1153    787
  1154    787
  1155    787
  1156    787
  1157    787
  1158    787
  1159    787
  1160    787
  1161    787
  1162    787
  1163    787
  1164    787
  1165    787
  1166    787
  1167    787
  1168    787
  1169    787
  1170    787
  1171    787
  1172    787
  1173    787
  1104    788
  1105    788
  1106    788
  1107    788
  1108    788
  1109    788
  1110    788
  1111    788
  1112    788
  1113    788
  1114    788
  1115    788
  1129    788
  1130    788
  1131    788
  1132    788
  1133    788
  1134    788
  1135    788
  1136    788
  1137    788
  1138    788
  1139    788
  1140    788
  1141    788
  1142    788
  1143    788
  1144    788
  1145    788
  1146    788
  1147    788
  1148    788
  1149    788
  1150    788
  1151    788
  1164    788
  1165    788
  1166    788
  1167    788
  1168    788
  1169    788
  1170    788
  1171    788
  1172    788
  1173    788
  1174    788
  1175    788
  1176    788
  1177    788
  1178    788
  1179    788
  1180    788
  1181    788
  1182    788
  1183    788
  1201    788
  1202    788
  1203    788
  1204    788
  1205    788
  1206    788
  1207    788
  1208    788
  1209    788
  1110    789
  1111    789
  1112    789
  1113    789
  1114    789
  1119    789
  1120    789
  1121    789
  1122    789
  1123    789
  1124    789
  1125    789
  1126    789
  1140    789
  1141    789
  1142    789
  1143    789
  1144    789
  1145    789
  1146    789
  1147    789
  1148    789
  1149    789
  1150    789
  1151    789
  1152    789
  1153    789
  1154    789
  1155    789
  1156    789
  1157    789
  1158    789
  1159    789
  1160    789
  1161    789
  1176    789
  1177    789
  1178    789
  1179    789
  1180    789
  1181    789
  1182    789
  1183    789
  1184    789
  1185    789
  1186    789
  1187    789
  1188    789
  1189    789
  1190    789
  1191    789
  1192    789
  1193    789
  1194    789
  1195    789
  1119    790
  1120    790
  1121    790
  1122    790
  1123    790
  1124    790
  1125    790
  1126    790
  1127    790
  1128    790
  1129    790
  1130    790
  1131    790
  1132    790
  1133    790
  1134    790
  1135    790
  1136    790
  1148    790
  1149    790
  1150    790
  1151    790
  1152    790
  1153    790
  1154    790
  1155    790
  1156    790
  1157    790
  1158    790
  1159    790
  1160    790
  1161    790
  1162    790
  1163    790
  1164    790
  1165    790
  1166    790
  1167    790
  1168    790
  1169    790
  1170    790
  1171    790
  1172    790
  1187    790
  1188    790
  1189    790
  1190    790
  1191    790
  1192    790
  1193    790
  1194    790
  1195    790
  1196    790
  1197    790
  1198    790
  1199    790
  1202    790
  1203    790
  1204    790
  1205    790
  1206    790
  1207    790
  1208    790
  1209    790
  1225    790
  1226    790
  1227    790
  1228    790
  1229    790
  1230    790
  1128    791
  1129    791
  1130    791
  1136    791
  1137    791
  1138    791
  1139    791
  1140    791
  1141    791
  1142    791
  1143    791
  1144    791
  1145    791
  1146    791
  1147    791
  1148    791
  1159    791
  1160    791
  1161    791
  1162    791
  1163    791
  1164    791
  1165    791
  1166    791
  1167    791
  1168    791
  1169    791
  1170    791
  1171    791
  1172    791
  1173    791
  1174    791
  1175    791
  1176    791
  1177    791
  1178    791
  1179    791
  1180    791
  1181    791
  1182    791
  1183    791
  1201    791
  1202    791
  1203    791
  1204    791
  1205    791
  1206    791
  1207    791
  1208    791
  1209    791
  1210    791
  1211    791
  1212    791
  1213    791
  1214    791
  1215    791
  1216    791
  1217    791
  1218    791
  1219    791
  1220    791
  1221    791
  1122    792
  1123    792
  1137    792
  1138    792
  1139    792
  1140    792
  1141    792
  1142    792
  1143    792
  1144    792
  1145    792
  1146    792
  1147    792
  1148    792
  1149    792
  1150    792
  1151    792
  1152    792
  1153    792
  1154    792
  1155    792
  1156    792
  1157    792
  1171    792
  1172    792
  1173    792
  1174    792
  1175    792
  1176    792
  1177    792
  1178    792
  1179    792
  1180    792
  1181    792
  1182    792
  1183    792
  1184    792
  1185    792
  1186    792
  1187    792
  1188    792
  1189    792
  1190    792
  1191    792
  1192    792
  1193    792
  1212    792
  1213    792
  1214    792
  1215    792
  1216    792
  1217    792
  1218    792
  1219    792
  1220    792
  1221    792
  1222    792
  1223    792
  1224    792
  1225    792
  1226    792
  1227    792
  1228    792
  1229    792
  1230    792
  1231    792
  1232    792
  1233    792
  1234    792
  1235    792
