   905    709
   906    709
   907    709
   905    710
   906    710
   905    711
   906    711
   905    712
   906    712
   907    712
   905    713
   906    713
   905    714
   906    714
   905    715
   906    715
   907    715
   904    716
   905    716
   906    716
   904    717
   905    717
   906    717
   904    718
   905    718
   906    718
   904    719
   905    719
   906    719
   904    720
   905    720
   906    720
   907    720
   904    721
   905    721
   906    721
   907    721
   908    721
   904    722
   905    722
   906    722
   907    722
   904    723
   905    723
   906    723
   907    723
   903    724
   904    724
   905    724
   906    724
   907    724
   903    725
   904    725
   905    725
   906    725
   907    725
   904    726
   905    726
   906    726
   907    726
   903    727
   904    727
   905    727
   906    727
   907    727
   908    727
   903    728
   904    728
   905    728
   906    728
   907    728
   908    728
   902    729
   903    729
   904    729
   905    729
   906    729
   907    729
   908    729
   902    730
   903    730
   904    730
   905    730
   906    730
   907    730
   908    730
   903    731
   904    731
   905    731
   906    731
   907    731
   908    731
   902    732
   903    732
   904    732
   905    732
   906    732
   907    732
   908    732
   902    733
   903    733
   904    733
   905    733
   906    733
   907    733
   908    733
   902    734
   903    734
   904    734
   905    734
   906    734
   907    734
   908    734
   902    735
   903    735
   904    735
   905    735
   906    735
   907    735
   908    735
   902    736
   903    736
   904    736
   905    736
   906    736
   907    736
   908    736
   901    737
   902    737
   903    737
   904    737
   905    737
   906    737
   907    737
   908    737
   901    738
   902    738
   903    738
   904    738
   905    738
   906    738
   907    738
   908    738
   901    739
   902    739
   903    739
   904    739
   905    739
   906    739
   907    739
   908    739
   901    740
   902    740
   903    740
   904    740
   905    740
   906    740
   907    740
   908    740
   901    741
   902    741
   903    741
   904    741
   905    741
   906    741
   907    741
   908    741
   902    742
   903    742
   904    742
   905    742
   906    742
   907    742
   908    742
   901    743
   902    743
   903    743
   904    743
   905    743
   906    743
   907    743
   908    743
   909    743
   902    744
   903    744
   904    744
   905    744
   906    744
   907    744
   908    744
   909    744
   901    745
   902    745
   903    745
   904    745
   905    745
   906    745
   907    745
   908    745
   909    745
   901    746
   902    746
   903    746
   904    746
   905    746
   906    746
   907    746
   908    746
   909    746
   901    747
   902    747
   903    747
   904    747
   905    747
   906    747
   907    747
   908    747
   909    747
   910    747
   900    748
   901    748
   902    748
   903    748
   904    748
   905    748
   906    748
   907    748
   908    748
   909    748
   910    748
   911    748
   900    749
   901    749
   902    749
   903    749
   904    749
   905    749
   906    749
   907    749
   908    749
   909    749
   910    749
   911    749
   912    749
   898    750
   899    750
   900    750
   901    750
   902    750
   903    750
   904    750
   905    750
   906    750
   907    750
   908    750
   909    750
   910    750
   911    750
   912    750
   913    750
   897    751
   898    751
   899    751
   900    751
   901    751
   902    751
   903    751
   904    751
   905    751
   906    751
   907    751
   908    751
   909    751
   910    751
   911    751
   912    751
   913    751
   914    751
   915    751
   895    752
   896    752
   897    752
   898    752
   899    752
   900    752
   901    752
   902    752
   903    752
   904    752
   905    752
   906    752
   907    752
   908    752
   909    752
   910    752
   911    752
   912    752
   913    752
   914    752
   915    752
   916    752
   917    752
   893    753
   894    753
   895    753
   896    753
   897    753
   898    753
   899    753
   900    753
   901    753
   902    753
   903    753
   904    753
   905    753
   906    753
   907    753
   908    753
   909    753
   910    753
   911    753
   912    753
   913    753
   914    753
   915    753
   916    753
   917    753
   918    753
   919    753
   891    754
   892    754
   893    754
   894    754
   895    754
   896    754
   897    754
   898    754
   899    754
   900    754
   901    754
   902    754
   903    754
   904    754
   905    754
   906    754
   907    754
   908    754
   909    754
   911    754
   912    754
   913    754
   914    754
   915    754
   916    754
   917    754
   918    754
   919    754
   920    754
   921    754
   893    755
   894    755
   895    755
   896    755
   900    755
   901    755
   902    755
   903    755
   904    755
   905    755
   906    755
   907    755
   908    755
   909    755
   913    755
   914    755
   915    755
   916    755
   917    755
   918    755
   919    755
   920    755
   921    755
   922    755
   923    755
   893    756
   900    756
   901    756
   902    756
   903    756
   904    756
   905    756
   906    756
   907    756
   908    756
   909    756
   915    756
   916    756
   917    756
   918    756
   919    756
   920    756
   921    756
   922    756
   923    756
   924    756
   925    756
   900    757
   901    757
   902    757
   903    757
   904    757
   905    757
   906    757
   907    757
   908    757
   918    757
   919    757
   920    757
   921    757
   922    757
   923    757
   924    757
   925    757
   926    757
   927    757
   899    758
   900    758
   901    758
   902    758
   903    758
   904    758
   905    758
   906    758
   907    758
   908    758
   909    758
   920    758
   921    758
   922    758
   923    758
   924    758
   925    758
   926    758
   927    758
   928    758
   929    758
   930    758
   899    759
   900    759
   901    759
   902    759
   903    759
   904    759
   905    759
   906    759
   907    759
   908    759
   922    759
   923    759
   924    759
   925    759
   926    759
   927    759
   928    759
   929    759
   930    759
   931    759
   932    759
   899    760
   900    760
   901    760
   902    760
   903    760
   904    760
   905    760
   906    760
   907    760
   908    760
   916    760
   917    760
   918    760
   919    760
   920    760
   925    760
   926    760
   927    760
   928    760
   929    760
   930    760
   931    760
   932    760
   933    760
   934    760
   935    760
   942    760
   943    760
   944    760
   949    760
   950    760
   951    760
   952    760
   899    761
   900    761
   901    761
   902    761
   903    761
   904    761
   905    761
   906    761
   907    761
   908    761
   918    761
   919    761
   920    761
   921    761
   922    761
   923    761
   928    761
   929    761
   930    761
   931    761
   932    761
   933    761
   934    761
   935    761
   936    761
   937    761
   938    761
   945    761
   946    761
   947    761
   948    761
   949    761
   950    761
   951    761
   952    761
   953    761
   954    761
   955    761
   956    761
   962    761
   963    761
   899    762
   900    762
   901    762
   902    762
   903    762
   904    762
   905    762
   906    762
   907    762
   908    762
   917    762
   921    762
   922    762
   923    762
   924    762
   925    762
   926    762
   931    762
   932    762
   933    762
   934    762
   935    762
   936    762
   937    762
   938    762
   939    762
   940    762
   941    762
   949    762
   950    762
   951    762
   952    762
   953    762
   954    762
   955    762
   956    762
   957    762
   958    762
   959    762
   899    763
   900    763
   901    763
   902    763
   903    763
   904    763
   905    763
   906    763
   907    763
   908    763
   920    763
   921    763
   922    763
   923    763
   924    763
   925    763
   926    763
   927    763
   928    763
   929    763
   930    763
   934    763
   935    763
   936    763
   937    763
   938    763
   939    763
   940    763
   941    763
   942    763
   943    763
   944    763
   945    763
   952    763
   953    763
   954    763
   955    763
   956    763
   957    763
   958    763
   959    763
   960    763
   961    763
   962    763
   963    763
   899    764
   900    764
   901    764
   902    764
   903    764
   904    764
   905    764
   906    764
   907    764
   908    764
   924    764
   925    764
   926    764
   927    764
   928    764
   929    764
   930    764
   931    764
   932    764
   933    764
   938    764
   939    764
   940    764
   941    764
   942    764
   943    764
   944    764
   945    764
   946    764
   947    764
   948    764
   949    764
   950    764
   956    764
   957    764
   958    764
   959    764
   960    764
   961    764
   962    764
   963    764
   964    764
   965    764
   966    764
   967    764
   968    764
   899    765
   900    765
   901    765
   902    765
   903    765
   904    765
   905    765
   906    765
   907    765
   908    765
   926    765
   927    765
   928    765
   929    765
   930    765
   931    765
   932    765
   933    765
   934    765
   935    765
   936    765
   937    765
   942    765
   943    765
   944    765
   945    765
   946    765
   947    765
   948    765
   949    765
   950    765
   951    765
   952    765
   953    765
   961    765
   962    765
   963    765
   964    765
   965    765
   966    765
   967    765
   968    765
   969    765
   970    765
   971    765
   972    765
   899    766
   900    766
   901    766
   902    766
   903    766
   904    766
   905    766
   906    766
   907    766
   908    766
   909    766
   930    766
   931    766
   932    766
   933    766
   934    766
   935    766
   936    766
   937    766
   938    766
   939    766
   940    766
   945    766
   946    766
   947    766
   948    766
   949    766
   950    766
   951    766
   952    766
   953    766
   954    766
   955    766
   956    766
   957    766
   958    766
   966    766
   967    766
   968    766
   969    766
   970    766
   971    766
   972    766
   973    766
   974    766
   975    766
   976    766
   977    766
   899    767
   900    767
   901    767
   902    767
   903    767
   904    767
   905    767
   906    767
   907    767
   908    767
   934    767
   935    767
   936    767
   937    767
   938    767
   939    767
   940    767
   941    767
   942    767
   943    767
   944    767
   950    767
   951    767
   952    767
   953    767
   954    767
   955    767
   956    767
   957    767
   958    767
   959    767
   960    767
   961    767
   962    767
   970    767
   971    767
   972    767
   973    767
   974    767
   975    767
   976    767
   977    767
   978    767
   979    767
   980    767
   981    767
   898    768
   899    768
   900    768
   901    768
   902    768
   903    768
   904    768
   905    768
   906    768
   907    768
   908    768
   909    768
   938    768
   939    768
   940    768
   941    768
   942    768
   943    768
   944    768
   945    768
   946    768
   947    768
   948    768
   949    768
   954    768
   955    768
   956    768
   957    768
   958    768
   959    768
   963    768
   964    768
   965    768
   966    768
   975    768
   976    768
   977    768
   978    768
   979    768
   980    768
   981    768
   982    768
   983    768
   984    768
   985    768
   898    769
   899    769
   900    769
   901    769
   902    769
   903    769
   904    769
   905    769
   906    769
   907    769
   908    769
   943    769
   944    769
   945    769
   948    769
   949    769
   950    769
   951    769
   952    769
   953    769
   959    769
   960    769
   961    769
   968    769
   969    769
   970    769
   971    769
   980    769
   981    769
   982    769
   983    769
   984    769
   985    769
   986    769
   898    770
   899    770
   900    770
   901    770
   902    770
   903    770
   904    770
   905    770
   906    770
   907    770
   908    770
   909    770
   946    770
   947    770
   948    770
   954    770
   955    770
   956    770
   972    770
   973    770
   974    770
   975    770
   976    770
   985    770
   986    770
   987    770
   988    770
   989    770
   990    770
   898    771
   899    771
   900    771
   901    771
   902    771
   903    771
   904    771
   905    771
   906    771
   907    771
   908    771
   951    771
   952    771
   953    771
   954    771
   969    771
   970    771
   975    771
   976    771
   977    771
   978    771
   979    771
   980    771
   981    771
   898    772
   899    772
   900    772
   901    772
   902    772
   903    772
   904    772
   905    772
   906    772
   907    772
   908    772
   909    772
   974    772
   975    772
   976    772
   977    772
   978    772
   979    772
   980    772
   981    772
   982    772
   983    772
   984    772
   985    772
   986    772
   898    773
   899    773
   900    773
   901    773
   902    773
   903    773
   904    773
   905    773
   906    773
   907    773
   908    773
   978    773
   979    773
   980    773
   981    773
   982    773
   983    773
   984    773
   985    773
   986    773
   987    773
   988    773
   989    773
   990    773
   991    773
   992    773
   898    774
   899    774
   900    774
   901    774
   902    774
   903    774
   904    774
   905    774
   906    774
   907    774
   908    774
   984    774
   985    774
   986    774
   987    774
   988    774
   989    774
   990    774
   991    774
   992    774
   994    774
   995    774
   996    774
   997    774
  1012    774
  1013    774
  1014    774
  1015    774
  1016    774
  1017    774
  1018    774
  1019    774
  1020    774
  1021    774
   898    775
   899    775
   900    775
   901    775
   902    775
   903    775
   904    775
   905    775
   906    775
   907    775
   908    775
   909    775
   977    775
   980    775
   981    775
   989    775
   990    775
   991    775
   992    775
   993    775
   994    775
   995    775
   996    775
   997    775
  1000    775
  1001    775
  1002    775
  1003    775
  1013    775
  1014    775
  1015    775
  1016    775
  1017    775
  1018    775
  1019    775
  1020    775
  1021    775
  1022    775
  1023    775
  1024    775
  1025    775
  1026    775
  1036    775
  1037    775
  1038    775
  1039    775
   898    776
   899    776
   900    776
   901    776
   902    776
   903    776
   904    776
   905    776
   906    776
   907    776
   908    776
   981    776
   982    776
   983    776
   984    776
   985    776
   986    776
   987    776
   994    776
   995    776
   996    776
   997    776
   998    776
   999    776
  1000    776
  1001    776
  1005    776
  1006    776
  1007    776
  1008    776
  1018    776
  1019    776
  1020    776
  1021    776
  1022    776
  1023    776
  1024    776
  1025    776
  1026    776
  1027    776
  1028    776
  1029    776
  1030    776
  1031    776
  1032    776
  1042    776
  1043    776
  1044    776
   898    777
   899    777
   900    777
   901    777
   902    777
   903    777
   904    777
   905    777
   906    777
   907    777
   908    777
   979    777
   980    777
   981    777
   986    777
   987    777
   988    777
   989    777
   990    777
   991    777
  1000    777
  1001    777
  1002    777
  1003    777
  1004    777
  1005    777
  1006    777
  1007    777
  1008    777
  1009    777
  1010    777
  1011    777
  1012    777
  1013    777
  1014    777
  1024    777
  1025    777
  1026    777
  1027    777
  1028    777
  1029    777
  1030    777
  1031    777
  1032    777
  1033    777
  1034    777
  1035    777
  1036    777
  1037    777
  1038    777
   897    778
   898    778
   899    778
   900    778
   901    778
   902    778
   903    778
   904    778
   905    778
   906    778
   907    778
   908    778
   984    778
   985    778
   989    778
   990    778
   991    778
   992    778
   993    778
   994    778
   995    778
   996    778
  1004    778
  1005    778
  1006    778
  1007    778
  1008    778
  1009    778
  1010    778
  1011    778
  1012    778
  1013    778
  1014    778
  1015    778
  1016    778
  1017    778
  1018    778
  1019    778
  1020    778
  1030    778
  1031    778
  1032    778
  1033    778
  1034    778
  1035    778
  1036    778
  1037    778
  1038    778
  1039    778
  1040    778
  1041    778
  1042    778
  1043    778
   897    779
   898    779
   899    779
   900    779
   901    779
   902    779
   903    779
   904    779
   905    779
   906    779
   907    779
   908    779
   988    779
   989    779
   996    779
   997    779
   998    779
   999    779
  1000    779
  1010    779
  1011    779
  1012    779
  1013    779
  1014    779
  1015    779
  1016    779
  1017    779
  1018    779
  1019    779
  1020    779
  1021    779
  1022    779
  1023    779
  1024    779
  1025    779
  1037    779
  1038    779
  1039    779
  1040    779
  1041    779
  1042    779
  1043    779
  1044    779
  1045    779
  1046    779
  1047    779
  1048    779
  1049    779
   897    780
   898    780
   899    780
   900    780
   901    780
   902    780
   903    780
   904    780
   905    780
   906    780
   907    780
   993    780
   994    780
  1000    780
  1001    780
  1002    780
  1003    780
  1004    780
  1016    780
  1017    780
  1018    780
  1019    780
  1020    780
  1021    780
  1022    780
  1023    780
  1024    780
  1025    780
  1026    780
  1027    780
  1028    780
  1029    780
  1030    780
  1042    780
  1043    780
  1044    780
  1045    780
  1046    780
  1047    780
  1048    780
  1049    780
  1050    780
  1051    780
  1052    780
  1053    780
  1054    780
  1055    780
  1056    780
  1071    780
  1072    780
  1073    780
  1074    780
  1075    780
  1076    780
   897    781
   898    781
   899    781
   900    781
   901    781
   902    781
   903    781
   904    781
   905    781
   906    781
   907    781
   908    781
   999    781
  1000    781
  1001    781
  1002    781
  1007    781
  1008    781
  1009    781
  1010    781
  1011    781
  1012    781
  1022    781
  1023    781
  1024    781
  1025    781
  1026    781
  1027    781
  1028    781
  1029    781
  1030    781
  1031    781
  1032    781
  1033    781
  1034    781
  1035    781
  1036    781
  1037    781
  1049    781
  1050    781
  1051    781
  1052    781
  1053    781
  1054    781
  1055    781
  1056    781
  1057    781
  1058    781
  1059    781
  1060    781
  1061    781
  1062    781
  1063    781
   897    782
   898    782
   899    782
   900    782
   901    782
   902    782
   903    782
   904    782
   905    782
   906    782
   907    782
   908    782
  1007    782
  1008    782
  1009    782
  1010    782
  1011    782
  1012    782
  1013    782
  1014    782
  1015    782
  1016    782
  1017    782
  1018    782
  1019    782
  1029    782
  1030    782
  1031    782
  1032    782
  1033    782
  1034    782
  1035    782
  1036    782
  1037    782
  1038    782
  1039    782
  1040    782
  1041    782
  1042    782
  1043    782
  1044    782
  1045    782
  1056    782
  1057    782
  1058    782
  1059    782
  1060    782
  1061    782
  1062    782
  1063    782
  1064    782
  1065    782
  1066    782
  1067    782
  1068    782
  1069    782
  1070    782
  1071    782
   896    783
   897    783
   898    783
   899    783
   900    783
   901    783
   902    783
   903    783
   904    783
   905    783
   906    783
   907    783
   908    783
  1013    783
  1014    783
  1015    783
  1016    783
  1020    783
  1021    783
  1022    783
  1023    783
  1024    783
  1025    783
  1026    783
  1037    783
  1038    783
  1039    783
  1040    783
  1041    783
  1042    783
  1043    783
  1044    783
  1045    783
  1046    783
  1047    783
  1048    783
  1049    783
  1050    783
  1051    783
  1063    783
  1064    783
  1065    783
  1066    783
  1067    783
  1068    783
  1069    783
  1070    783
  1071    783
  1072    783
  1073    783
  1074    783
  1075    783
  1076    783
  1077    783
  1078    783
  1079    783
  1094    783
  1095    783
  1096    783
  1098    783
  1099    783
   897    784
   898    784
   899    784
   900    784
   901    784
   902    784
   903    784
   904    784
   905    784
   906    784
  1020    784
  1021    784
  1026    784
  1027    784
  1028    784
  1029    784
  1030    784
  1031    784
  1032    784
  1033    784
  1034    784
  1045    784
  1046    784
  1047    784
  1048    784
  1049    784
  1050    784
  1051    784
  1052    784
  1053    784
  1054    784
  1055    784
  1056    784
  1057    784
  1058    784
  1059    784
  1060    784
  1061    784
  1071    784
  1072    784
  1073    784
  1074    784
  1075    784
  1076    784
  1077    784
  1078    784
  1079    784
  1080    784
  1081    784
  1082    784
  1083    784
  1084    784
  1085    784
  1086    784
  1087    784
  1101    784
  1102    784
  1103    784
   895    785
   896    785
   897    785
   898    785
   899    785
   900    785
   901    785
   902    785
   903    785
   904    785
   905    785
  1028    785
  1029    785
  1030    785
  1031    785
  1032    785
  1033    785
  1034    785
  1035    785
  1036    785
  1037    785
  1038    785
  1039    785
  1040    785
  1052    785
  1053    785
  1054    785
  1055    785
  1056    785
  1057    785
  1058    785
  1059    785
  1060    785
  1061    785
  1062    785
  1063    785
  1064    785
  1065    785
  1066    785
  1067    785
  1068    785
  1069    785
  1070    785
  1071    785
  1080    785
  1081    785
  1082    785
  1083    785
  1084    785
  1085    785
  1086    785
  1087    785
  1088    785
  1089    785
  1090    785
  1091    785
  1092    785
  1093    785
  1094    785
  1095    785
   896    786
   897    786
   898    786
   899    786
   900    786
   901    786
   902    786
   903    786
   904    786
   905    786
  1033    786
  1034    786
  1035    786
  1036    786
  1037    786
  1038    786
  1039    786
  1040    786
  1041    786
  1042    786
  1043    786
  1044    786
  1045    786
  1046    786
  1047    786
  1060    786
  1061    786
  1062    786
  1063    786
  1064    786
  1065    786
  1066    786
  1067    786
  1068    786
  1069    786
  1070    786
  1071    786
  1072    786
  1073    786
  1074    786
  1075    786
  1076    786
  1077    786
  1078    786
  1079    786
  1089    786
  1090    786
  1091    786
  1092    786
  1093    786
  1094    786
  1095    786
  1096    786
  1097    786
  1098    786
  1099    786
  1100    786
  1101    786
  1102    786
  1103    786
  1104    786
   896    787
   897    787
   902    787
   903    787
  1041    787
  1042    787
  1043    787
  1044    787
  1045    787
  1046    787
  1047    787
  1049    787
  1050    787
  1051    787
  1052    787
  1053    787
  1054    787
  1055    787
  1056    787
  1067    787
  1068    787
  1069    787
  1070    787
  1071    787
  1072    787
  1073    787
  1074    787
  1075    787
  1076    787
  1077    787
  1078    787
  1079    787
  1080    787
  1081    787
  1082    787
  1083    787
  1084    787
  1085    787
  1086    787
  1099    787
  1100    787
  1101    787
  1102    787
  1103    787
  1104    787
  1105    787
  1106    787
  1050    788
  1051    788
  1052    788
  1053    788
  1054    788
  1055    788
  1056    788
  1058    788
  1059    788
  1060    788
  1061    788
  1062    788
  1063    788
  1075    788
  1076    788
  1077    788
  1078    788
  1079    788
  1080    788
  1081    788
  1082    788
  1083    788
  1084    788
  1087    788
  1088    788
  1089    788
  1090    788
  1091    788
  1092    788
  1093    788
  1094    788
  1058    789
  1059    789
  1060    789
  1066    789
  1067    789
  1068    789
  1069    789
  1070    789
  1071    789
  1083    789
  1084    789
  1085    789
  1086    789
  1088    789
  1089    789
  1090    789
  1091    789
  1092    789
  1093    789
  1094    789
  1095    789
  1096    789
  1097    789
  1098    789
  1099    789
  1100    789
  1101    789
  1102    789
  1066    790
  1067    790
  1068    790
  1069    790
  1070    790
  1092    790
  1093    790
  1094    790
  1095    790
  1096    790
  1097    790
  1103    790
  1104    790
  1105    790
  1106    790
  1107    790
  1108    790
  1109    790
  1110    790
  1111    790
  1102    791
  1103    791
  1104    791
  1105    791
  1117    791
  1118    791
  1119    791
  1120    791
  1121    791
  1112    792
  1113    792
  1114    792
  1119    792
  1120    792
  1121    792
  1122    792
  1123    792
  1124    792
  1125    792
  1126    792
  1127    792
  1128    792
  1129    792
