   905    706
   906    706
   907    706
   905    708
   906    708
   907    708
   905    709
   906    709
   907    709
   906    710
   905    711
   906    711
   907    711
   905    712
   906    712
   907    712
   905    713
   906    713
   905    714
   906    714
   905    715
   906    715
   907    715
   904    716
   905    716
   906    716
   904    717
   905    717
   906    717
   907    717
   904    718
   905    718
   906    718
   907    718
   904    719
   905    719
   906    719
   904    720
   905    720
   906    720
   907    720
   904    721
   905    721
   906    721
   907    721
   904    722
   905    722
   906    722
   907    722
   904    723
   905    723
   906    723
   907    723
   903    724
   904    724
   905    724
   906    724
   907    724
   903    725
   904    725
   905    725
   906    725
   907    725
   904    726
   905    726
   906    726
   907    726
   908    726
   903    727
   904    727
   905    727
   906    727
   907    727
   908    727
   903    728
   904    728
   905    728
   906    728
   907    728
   908    728
   902    729
   903    729
   904    729
   905    729
   906    729
   907    729
   908    729
   902    730
   903    730
   904    730
   905    730
   906    730
   907    730
   908    730
   903    731
   904    731
   905    731
   906    731
   907    731
   908    731
   909    731
   902    732
   903    732
   904    732
   905    732
   906    732
   907    732
   908    732
   902    733
   903    733
   904    733
   905    733
   906    733
   907    733
   908    733
   902    734
   903    734
   904    734
   905    734
   906    734
   907    734
   908    734
   902    735
   903    735
   904    735
   905    735
   906    735
   907    735
   908    735
   902    736
   903    736
   904    736
   905    736
   906    736
   907    736
   908    736
   901    737
   902    737
   903    737
   904    737
   905    737
   906    737
   907    737
   908    737
   901    738
   902    738
   903    738
   904    738
   905    738
   906    738
   907    738
   908    738
   901    739
   902    739
   903    739
   904    739
   905    739
   906    739
   907    739
   908    739
   909    739
   901    740
   902    740
   903    740
   904    740
   905    740
   906    740
   907    740
   908    740
   902    741
   903    741
   904    741
   905    741
   906    741
   907    741
   908    741
   909    741
   902    742
   903    742
   904    742
   905    742
   906    742
   907    742
   908    742
   902    743
   903    743
   904    743
   905    743
   906    743
   907    743
   908    743
   909    743
   902    744
   903    744
   904    744
   905    744
   906    744
   907    744
   908    744
   909    744
   901    745
   902    745
   903    745
   904    745
   905    745
   906    745
   907    745
   908    745
   909    745
   910    745
   901    746
   902    746
   903    746
   904    746
   905    746
   906    746
   907    746
   908    746
   909    746
   910    746
   900    747
   901    747
   902    747
   903    747
   904    747
   905    747
   906    747
   907    747
   908    747
   909    747
   910    747
   911    747
   900    748
   901    748
   902    748
   903    748
   904    748
   905    748
   906    748
   907    748
   908    748
   909    748
   910    748
   911    748
   912    748
   913    748
   898    749
   899    749
   900    749
   901    749
   902    749
   903    749
   904    749
   905    749
   906    749
   907    749
   908    749
   909    749
   910    749
   911    749
   912    749
   913    749
   914    749
   897    750
   898    750
   899    750
   900    750
   901    750
   902    750
   903    750
   904    750
   905    750
   906    750
   907    750
   908    750
   909    750
   910    750
   911    750
   912    750
   913    750
   914    750
   915    750
   895    751
   896    751
   897    751
   898    751
   899    751
   900    751
   901    751
   902    751
   903    751
   904    751
   905    751
   906    751
   907    751
   908    751
   909    751
   910    751
   911    751
   912    751
   913    751
   914    751
   915    751
   916    751
   917    751
   893    752
   894    752
   897    752
   898    752
   899    752
   900    752
   901    752
   902    752
   903    752
   904    752
   905    752
   906    752
   907    752
   908    752
   909    752
   910    752
   911    752
   912    752
   913    752
   914    752
   915    752
   916    752
   917    752
   918    752
   919    752
   890    753
   891    753
   892    753
   897    753
   898    753
   899    753
   900    753
   901    753
   902    753
   903    753
   904    753
   905    753
   906    753
   907    753
   908    753
   909    753
   912    753
   913    753
   914    753
   915    753
   916    753
   917    753
   918    753
   919    753
   920    753
   921    753
   888    754
   889    754
   895    754
   896    754
   900    754
   901    754
   902    754
   903    754
   904    754
   905    754
   906    754
   907    754
   908    754
   909    754
   914    754
   915    754
   916    754
   917    754
   918    754
   919    754
   920    754
   921    754
   922    754
   923    754
   885    755
   886    755
   887    755
   900    755
   901    755
   902    755
   903    755
   904    755
   905    755
   906    755
   907    755
   908    755
   909    755
   916    755
   917    755
   918    755
   919    755
   920    755
   921    755
   922    755
   923    755
   924    755
   925    755
   882    756
   883    756
   900    756
   901    756
   902    756
   903    756
   904    756
   905    756
   906    756
   907    756
   908    756
   909    756
   919    756
   920    756
   921    756
   922    756
   923    756
   924    756
   925    756
   926    756
   927    756
   928    756
   900    757
   901    757
   902    757
   903    757
   904    757
   905    757
   906    757
   907    757
   908    757
   921    757
   922    757
   923    757
   924    757
   925    757
   926    757
   927    757
   928    757
   929    757
   930    757
   899    758
   900    758
   901    758
   902    758
   903    758
   904    758
   905    758
   906    758
   907    758
   908    758
   917    758
   918    758
   923    758
   924    758
   925    758
   926    758
   927    758
   928    758
   929    758
   930    758
   931    758
   932    758
   933    758
   944    758
   945    758
   946    758
   947    758
   948    758
   899    759
   900    759
   901    759
   902    759
   903    759
   904    759
   905    759
   906    759
   907    759
   908    759
   917    759
   918    759
   919    759
   920    759
   921    759
   922    759
   926    759
   927    759
   928    759
   929    759
   930    759
   931    759
   932    759
   933    759
   934    759
   935    759
   936    759
   943    759
   944    759
   945    759
   946    759
   947    759
   949    759
   950    759
   951    759
   952    759
   953    759
   899    760
   900    760
   901    760
   902    760
   903    760
   904    760
   905    760
   906    760
   907    760
   908    760
   915    760
   916    760
   918    760
   919    760
   920    760
   921    760
   922    760
   923    760
   924    760
   925    760
   929    760
   930    760
   931    760
   932    760
   933    760
   934    760
   935    760
   936    760
   937    760
   938    760
   939    760
   940    760
   947    760
   948    760
   949    760
   950    760
   951    760
   952    760
   953    760
   954    760
   955    760
   956    760
   899    761
   900    761
   901    761
   902    761
   903    761
   904    761
   905    761
   906    761
   907    761
   908    761
   918    761
   919    761
   920    761
   921    761
   922    761
   923    761
   924    761
   925    761
   926    761
   927    761
   928    761
   932    761
   933    761
   934    761
   935    761
   936    761
   937    761
   938    761
   939    761
   940    761
   941    761
   942    761
   943    761
   950    761
   951    761
   952    761
   953    761
   954    761
   955    761
   956    761
   957    761
   958    761
   959    761
   960    761
   961    761
   899    762
   900    762
   901    762
   902    762
   903    762
   904    762
   905    762
   906    762
   907    762
   908    762
   922    762
   923    762
   924    762
   925    762
   926    762
   927    762
   928    762
   929    762
   930    762
   931    762
   932    762
   936    762
   937    762
   938    762
   939    762
   940    762
   941    762
   942    762
   943    762
   944    762
   945    762
   946    762
   947    762
   955    762
   956    762
   957    762
   958    762
   959    762
   960    762
   961    762
   962    762
   963    762
   964    762
   965    762
   899    763
   900    763
   901    763
   902    763
   903    763
   904    763
   905    763
   906    763
   907    763
   908    763
   925    763
   926    763
   927    763
   928    763
   929    763
   930    763
   931    763
   932    763
   933    763
   934    763
   935    763
   940    763
   941    763
   942    763
   943    763
   944    763
   945    763
   946    763
   947    763
   948    763
   949    763
   950    763
   951    763
   959    763
   960    763
   961    763
   962    763
   963    763
   964    763
   965    763
   966    763
   967    763
   968    763
   969    763
   899    764
   900    764
   901    764
   902    764
   903    764
   904    764
   905    764
   906    764
   907    764
   908    764
   929    764
   930    764
   931    764
   934    764
   935    764
   936    764
   937    764
   938    764
   939    764
   945    764
   946    764
   947    764
   948    764
   949    764
   950    764
   951    764
   952    764
   953    764
   954    764
   955    764
   964    764
   965    764
   966    764
   967    764
   968    764
   969    764
   970    764
   971    764
   972    764
   973    764
   974    764
   899    765
   900    765
   901    765
   902    765
   903    765
   904    765
   905    765
   906    765
   907    765
   908    765
   932    765
   933    765
   934    765
   936    765
   937    765
   938    765
   939    765
   940    765
   941    765
   942    765
   943    765
   948    765
   949    765
   950    765
   951    765
   952    765
   953    765
   954    765
   955    765
   956    765
   957    765
   958    765
   959    765
   960    765
   967    765
   968    765
   969    765
   970    765
   971    765
   972    765
   973    765
   975    765
   976    765
   977    765
   978    765
   898    766
   899    766
   900    766
   901    766
   902    766
   903    766
   904    766
   905    766
   906    766
   907    766
   908    766
   909    766
   936    766
   937    766
   938    766
   939    766
   940    766
   941    766
   942    766
   943    766
   944    766
   945    766
   946    766
   947    766
   953    766
   954    766
   955    766
   956    766
   957    766
   958    766
   959    766
   960    766
   961    766
   962    766
   963    766
   964    766
   965    766
   973    766
   974    766
   975    766
   976    766
   977    766
   978    766
   979    766
   980    766
   981    766
   982    766
   983    766
   984    766
   899    767
   900    767
   901    767
   902    767
   903    767
   904    767
   905    767
   906    767
   907    767
   908    767
   941    767
   942    767
   943    767
   944    767
   945    767
   946    767
   947    767
   948    767
   949    767
   950    767
   951    767
   958    767
   959    767
   960    767
   961    767
   962    767
   963    767
   964    767
   965    767
   966    767
   967    767
   968    767
   969    767
   978    767
   979    767
   980    767
   981    767
   982    767
   983    767
   984    767
   985    767
   986    767
   987    767
   988    767
   898    768
   899    768
   900    768
   901    768
   902    768
   903    768
   904    768
   905    768
   906    768
   907    768
   908    768
   909    768
   945    768
   946    768
   947    768
   948    768
   952    768
   953    768
   954    768
   961    768
   962    768
   963    768
   971    768
   972    768
   973    768
   974    768
   983    768
   984    768
   985    768
   986    768
   987    768
   898    769
   899    769
   900    769
   901    769
   902    769
   903    769
   904    769
   905    769
   906    769
   907    769
   908    769
   950    769
   951    769
   952    769
   974    769
   975    769
   976    769
   977    769
   978    769
   979    769
   899    770
   900    770
   901    770
   902    770
   903    770
   904    770
   905    770
   906    770
   907    770
   908    770
   973    770
   974    770
   975    770
   976    770
   977    770
   978    770
   979    770
   980    770
   981    770
   982    770
   983    770
   984    770
   898    771
   899    771
   900    771
   901    771
   902    771
   903    771
   904    771
   905    771
   906    771
   907    771
   908    771
   977    771
   978    771
   979    771
   980    771
   981    771
   982    771
   983    771
   984    771
   985    771
   986    771
   987    771
   988    771
   989    771
   990    771
   898    772
   899    772
   900    772
   901    772
   902    772
   903    772
   904    772
   905    772
   906    772
   907    772
   908    772
   983    772
   984    772
   985    772
   986    772
   987    772
   988    772
   989    772
   990    772
   991    772
   992    772
   993    772
   994    772
   995    772
   996    772
  1009    772
  1010    772
  1011    772
  1012    772
  1013    772
  1014    772
  1015    772
  1016    772
  1017    772
  1018    772
  1030    772
  1031    772
  1032    772
   898    773
   899    773
   900    773
   901    773
   902    773
   903    773
   904    773
   905    773
   906    773
   907    773
   908    773
   988    773
   989    773
   990    773
   991    773
   992    773
   993    773
   994    773
   995    773
   996    773
   997    773
   998    773
   999    773
  1000    773
  1001    773
  1011    773
  1012    773
  1013    773
  1014    773
  1015    773
  1016    773
  1017    773
  1020    773
  1021    773
  1022    773
  1023    773
  1024    773
   898    774
   899    774
   900    774
   901    774
   902    774
   903    774
   904    774
   905    774
   906    774
   907    774
   908    774
   978    774
   979    774
   980    774
   981    774
   982    774
   983    774
   984    774
   985    774
   986    774
   993    774
   994    774
   995    774
   996    774
   997    774
   998    774
   999    774
  1003    774
  1004    774
  1005    774
  1006    774
  1017    774
  1018    774
  1019    774
  1020    774
  1021    774
  1022    774
  1023    774
  1024    774
  1025    774
  1026    774
  1027    774
  1028    774
  1029    774
  1030    774
   898    775
   899    775
   900    775
   901    775
   902    775
   903    775
   904    775
   905    775
   906    775
   907    775
   908    775
   979    775
   980    775
   981    775
   982    775
   983    775
   984    775
   985    775
   986    775
   987    775
   988    775
   989    775
   990    775
   991    775
   998    775
   999    775
  1000    775
  1001    775
  1002    775
  1003    775
  1004    775
  1005    775
  1006    775
  1007    775
  1008    775
  1009    775
  1010    775
  1011    775
  1012    775
  1023    775
  1024    775
  1025    775
  1026    775
  1027    775
  1028    775
  1029    775
  1030    775
  1031    775
  1032    775
  1033    775
  1034    775
  1035    775
  1036    775
   898    776
   899    776
   900    776
   901    776
   902    776
   903    776
   904    776
   905    776
   906    776
   907    776
   908    776
   983    776
   984    776
   985    776
   986    776
   987    776
   988    776
   989    776
   990    776
   991    776
   992    776
   993    776
   994    776
   995    776
  1003    776
  1004    776
  1005    776
  1006    776
  1007    776
  1008    776
  1009    776
  1010    776
  1011    776
  1012    776
  1013    776
  1014    776
  1015    776
  1016    776
  1017    776
  1018    776
  1028    776
  1029    776
  1030    776
  1031    776
  1032    776
  1033    776
  1034    776
  1035    776
  1036    776
  1037    776
  1038    776
  1039    776
  1040    776
  1041    776
  1042    776
  1052    776
  1053    776
  1054    776
  1055    776
  1056    776
  1057    776
   898    777
   899    777
   900    777
   901    777
   902    777
   903    777
   904    777
   905    777
   906    777
   907    777
   908    777
   987    777
   988    777
   989    777
   990    777
   991    777
   994    777
   995    777
   996    777
   997    777
   998    777
   999    777
  1009    777
  1010    777
  1011    777
  1012    777
  1013    777
  1014    777
  1015    777
  1016    777
  1017    777
  1018    777
  1019    777
  1020    777
  1021    777
  1022    777
  1023    777
  1024    777
  1034    777
  1035    777
  1036    777
  1037    777
  1038    777
  1039    777
  1040    777
  1041    777
  1042    777
  1043    777
  1044    777
  1045    777
  1046    777
  1047    777
  1048    777
   897    778
   898    778
   899    778
   900    778
   901    778
   902    778
   903    778
   904    778
   905    778
   906    778
   907    778
   908    778
   992    778
   993    778
   994    778
   998    778
   999    778
  1000    778
  1001    778
  1002    778
  1003    778
  1004    778
  1015    778
  1016    778
  1017    778
  1018    778
  1019    778
  1020    778
  1021    778
  1022    778
  1023    778
  1024    778
  1025    778
  1026    778
  1027    778
  1028    778
  1029    778
  1030    778
  1041    778
  1042    778
  1043    778
  1044    778
  1045    778
  1046    778
  1047    778
  1048    778
  1049    778
  1050    778
  1051    778
  1052    778
  1053    778
  1054    778
   897    779
   898    779
   899    779
   900    779
   901    779
   902    779
   903    779
   904    779
   905    779
   906    779
   907    779
   908    779
   998    779
   999    779
  1000    779
  1001    779
  1002    779
  1003    779
  1004    779
  1005    779
  1006    779
  1007    779
  1008    779
  1009    779
  1010    779
  1011    779
  1022    779
  1023    779
  1024    779
  1025    779
  1026    779
  1027    779
  1028    779
  1029    779
  1030    779
  1031    779
  1032    779
  1033    779
  1034    779
  1035    779
  1036    779
  1037    779
  1038    779
  1049    779
  1050    779
  1051    779
  1052    779
  1053    779
  1054    779
  1055    779
  1056    779
  1057    779
  1058    779
  1059    779
  1060    779
  1061    779
  1062    779
  1063    779
   897    780
   898    780
   899    780
   900    780
   901    780
   902    780
   903    780
   904    780
   905    780
   906    780
   907    780
   908    780
  1007    780
  1008    780
  1009    780
  1010    780
  1015    780
  1016    780
  1017    780
  1029    780
  1030    780
  1031    780
  1032    780
  1033    780
  1034    780
  1035    780
  1036    780
  1037    780
  1038    780
  1039    780
  1040    780
  1041    780
  1042    780
  1043    780
  1044    780
  1045    780
  1056    780
  1057    780
  1058    780
  1059    780
  1060    780
  1061    780
  1062    780
  1063    780
  1064    780
  1065    780
  1066    780
  1067    780
  1068    780
  1069    780
  1070    780
  1071    780
   897    781
   898    781
   899    781
   900    781
   901    781
   902    781
   903    781
   904    781
   905    781
   906    781
   907    781
  1015    781
  1016    781
  1017    781
  1022    781
  1023    781
  1024    781
  1025    781
  1026    781
  1027    781
  1036    781
  1037    781
  1038    781
  1039    781
  1040    781
  1041    781
  1042    781
  1043    781
  1044    781
  1045    781
  1046    781
  1047    781
  1048    781
  1049    781
  1050    781
  1051    781
  1052    781
  1064    781
  1065    781
  1066    781
  1067    781
  1068    781
  1069    781
  1070    781
  1071    781
  1072    781
  1073    781
  1074    781
  1075    781
  1076    781
  1077    781
  1078    781
  1079    781
  1092    781
  1093    781
  1094    781
  1095    781
  1096    781
   897    782
   898    782
   899    782
   900    782
   901    782
   902    782
   903    782
   904    782
   905    782
   906    782
   907    782
  1022    782
  1023    782
  1024    782
  1025    782
  1026    782
  1027    782
  1028    782
  1029    782
  1030    782
  1031    782
  1032    782
  1033    782
  1034    782
  1035    782
  1044    782
  1045    782
  1046    782
  1047    782
  1048    782
  1049    782
  1050    782
  1051    782
  1052    782
  1053    782
  1054    782
  1055    782
  1056    782
  1057    782
  1058    782
  1059    782
  1060    782
  1061    782
  1072    782
  1073    782
  1074    782
  1075    782
  1076    782
  1077    782
  1078    782
  1079    782
  1080    782
  1081    782
  1082    782
  1083    782
  1084    782
  1085    782
  1086    782
  1087    782
  1088    782
   896    783
   897    783
   898    783
   899    783
   900    783
   901    783
   902    783
   903    783
   904    783
   905    783
   906    783
  1028    783
  1029    783
  1030    783
  1031    783
  1034    783
  1035    783
  1036    783
  1037    783
  1038    783
  1039    783
  1040    783
  1041    783
  1053    783
  1054    783
  1055    783
  1056    783
  1057    783
  1058    783
  1059    783
  1060    783
  1061    783
  1062    783
  1063    783
  1064    783
  1065    783
  1066    783
  1067    783
  1068    783
  1069    783
  1070    783
  1071    783
  1082    783
  1083    783
  1084    783
  1085    783
  1086    783
  1087    783
  1088    783
  1089    783
  1090    783
  1091    783
  1092    783
  1093    783
  1094    783
  1095    783
   899    784
   900    784
   901    784
   902    784
   903    784
   904    784
  1036    784
  1037    784
  1038    784
  1041    784
  1042    784
  1043    784
  1044    784
  1045    784
  1046    784
  1047    784
  1048    784
  1049    784
  1060    784
  1061    784
  1062    784
  1063    784
  1064    784
  1065    784
  1066    784
  1067    784
  1068    784
  1069    784
  1070    784
  1071    784
  1072    784
  1073    784
  1074    784
  1075    784
  1076    784
  1077    784
  1078    784
  1079    784
  1080    784
  1088    784
  1089    784
  1090    784
  1091    784
  1092    784
  1093    784
  1094    784
  1095    784
  1096    784
  1097    784
  1098    784
  1099    784
  1100    784
  1101    784
  1102    784
  1103    784
  1104    784
   902    785
   903    785
  1043    785
  1044    785
  1045    785
  1046    785
  1047    785
  1048    785
  1049    785
  1050    785
  1051    785
  1052    785
  1053    785
  1054    785
  1055    785
  1056    785
  1057    785
  1058    785
  1069    785
  1070    785
  1071    785
  1072    785
  1073    785
  1074    785
  1075    785
  1076    785
  1077    785
  1078    785
  1079    785
  1080    785
  1081    785
  1082    785
  1083    785
  1084    785
  1085    785
  1086    785
  1087    785
  1050    786
  1051    786
  1052    786
  1053    786
  1054    786
  1055    786
  1056    786
  1057    786
  1058    786
  1059    786
  1060    786
  1061    786
  1062    786
  1063    786
  1064    786
  1065    786
  1076    786
  1077    786
  1078    786
  1084    786
  1085    786
  1086    786
  1087    786
  1088    786
  1089    786
  1090    786
  1091    786
  1092    786
  1093    786
  1094    786
  1095    786
  1096    786
  1057    787
  1058    787
  1059    787
  1060    787
  1061    787
  1062    787
  1063    787
  1064    787
  1065    787
  1066    787
  1067    787
  1084    787
  1085    787
  1086    787
  1087    787
  1088    787
  1092    787
  1093    787
  1094    787
  1095    787
  1096    787
  1097    787
  1098    787
  1099    787
  1100    787
  1101    787
  1102    787
  1103    787
  1094    788
  1095    788
  1096    788
  1097    788
  1098    788
  1110    788
  1111    788
  1112    788
  1113    788
  1114    788
  1061    789
  1062    789
  1063    789
  1064    789
  1115    789
  1116    789
  1117    789
  1118    789
  1119    789
  1120    789
  1121    789
  1122    789
  1145    789
  1146    789
  1147    789
  1148    789
  1149    789
  1150    789
  1151    789
  1152    789
  1153    789
  1154    789
  1155    789
  1156    789
  1157    789
  1158    789
  1113    790
  1114    790
  1115    790
  1116    790
  1117    790
  1118    790
  1119    790
  1120    790
  1121    790
  1122    790
  1123    790
  1124    790
  1125    790
  1126    790
  1127    790
  1128    790
  1129    790
  1130    790
  1131    790
  1145    790
  1146    790
  1147    790
  1148    790
  1149    790
  1150    790
  1151    790
  1152    790
  1153    790
  1154    790
  1155    790
  1156    790
  1157    790
  1158    790
  1159    790
  1160    790
  1161    790
  1162    790
  1163    790
  1164    790
  1165    790
  1166    790
  1167    790
  1168    790
  1169    790
  1189    790
  1190    790
  1191    790
  1192    790
  1193    790
  1125    791
  1126    791
  1127    791
  1128    791
  1129    791
  1130    791
  1131    791
  1132    791
  1133    791
  1134    791
  1135    791
  1136    791
  1137    791
  1138    791
  1139    791
  1140    791
  1141    791
  1142    791
  1143    791
  1160    791
  1161    791
  1162    791
  1163    791
  1164    791
  1165    791
  1166    791
  1167    791
  1168    791
  1169    791
  1170    791
  1171    791
  1172    791
  1173    791
  1174    791
  1175    791
  1176    791
  1177    791
  1178    791
  1179    791
  1180    791
  1181    791
  1112    792
  1113    792
  1114    792
  1115    792
  1116    792
  1117    792
  1118    792
  1119    792
  1120    792
  1121    792
  1137    792
  1138    792
  1139    792
  1140    792
  1141    792
  1142    792
  1143    792
  1144    792
  1145    792
  1146    792
  1147    792
  1148    792
  1149    792
  1150    792
  1151    792
  1152    792
  1153    792
  1154    792
  1155    792
  1156    792
  1157    792
  1158    792
  1170    792
  1171    792
  1172    792
  1173    792
  1174    792
  1175    792
  1176    792
  1177    792
  1178    792
  1179    792
  1180    792
  1181    792
  1182    792
  1183    792
  1184    792
  1185    792
  1186    792
  1187    792
  1188    792
  1189    792
  1190    792
  1191    792
