   944    758
   942    759
   943    759
   949    759
   950    759
   951    759
   945    760
   946    760
   947    760
   948    760
   949    760
   950    760
   951    760
   952    760
   953    760
   954    760
   955    760
   936    761
   937    761
   938    761
   939    761
   940    761
   941    761
   949    761
   950    761
   951    761
   952    761
   953    761
   955    761
   956    761
   957    761
   958    761
   959    761
   936    762
   937    762
   938    762
   939    762
   940    762
   941    762
   942    762
   943    762
   944    762
   945    762
   953    762
   954    762
   955    762
   956    762
   957    762
   958    762
   959    762
   960    762
   961    762
   962    762
   963    762
   938    763
   939    763
   940    763
   941    763
   942    763
   943    763
   944    763
   945    763
   946    763
   947    763
   948    763
   949    763
   950    763
   957    763
   958    763
   959    763
   960    763
   961    763
   962    763
   963    763
   964    763
   965    763
   966    763
   967    763
   968    763
   941    764
   942    764
   943    764
   944    764
   945    764
   946    764
   947    764
   948    764
   949    764
   950    764
   951    764
   952    764
   953    764
   961    764
   962    764
   963    764
   964    764
   965    764
   966    764
   967    764
   968    764
   969    764
   970    764
   971    764
   935    765
   936    765
   937    765
   938    765
   939    765
   940    765
   946    765
   947    765
   948    765
   949    765
   950    765
   951    765
   952    765
   953    765
   954    765
   955    765
   956    765
   957    765
   958    765
   965    765
   966    765
   967    765
   968    765
   969    765
   970    765
   971    765
   972    765
   973    765
   974    765
   975    765
   976    765
   936    766
   937    766
   938    766
   939    766
   940    766
   941    766
   942    766
   943    766
   944    766
   945    766
   950    766
   951    766
   952    766
   953    766
   954    766
   955    766
   956    766
   957    766
   958    766
   959    766
   960    766
   961    766
   962    766
   963    766
   971    766
   972    766
   973    766
   974    766
   975    766
   976    766
   977    766
   978    766
   979    766
   980    766
   981    766
   938    767
   939    767
   940    767
   941    767
   942    767
   943    767
   944    767
   945    767
   946    767
   947    767
   948    767
   955    767
   956    767
   957    767
   958    767
   959    767
   960    767
   961    767
   962    767
   963    767
   964    767
   965    767
   966    767
   967    767
   976    767
   977    767
   978    767
   979    767
   980    767
   981    767
   982    767
   983    767
   984    767
   985    767
   986    767
   943    768
   944    768
   945    768
   946    768
   947    768
   948    768
   949    768
   950    768
   951    768
   952    768
   953    768
   960    768
   961    768
   967    768
   968    768
   969    768
   970    768
   971    768
   972    768
   980    768
   981    768
   982    768
   983    768
   984    768
   985    768
   986    768
   947    769
   948    769
   949    769
   950    769
   965    769
   969    769
   970    769
   971    769
   972    769
   973    769
   974    769
   975    769
   976    769
   989    769
   990    769
   970    770
   971    770
   972    770
   973    770
   975    770
   976    770
   977    770
   978    770
   979    770
   980    770
   981    770
   947    771
   948    771
   949    771
   975    771
   976    771
   977    771
   978    771
   979    771
   980    771
   981    771
   982    771
   983    771
   984    771
   985    771
   986    771
   987    771
   979    772
   980    772
   981    772
   982    772
   983    772
   984    772
   985    772
   986    772
   987    772
   988    772
   989    772
   990    772
   991    772
   992    772
   993    772
   985    773
   986    773
   987    773
   988    773
   989    773
   990    773
   991    773
   992    773
   993    773
   994    773
   995    773
   996    773
   997    773
   998    773
   999    773
  1008    773
  1009    773
  1010    773
  1011    773
  1012    773
  1013    773
  1014    773
  1015    773
  1016    773
  1017    773
  1018    773
  1019    773
  1020    773
  1021    773
  1022    773
  1032    773
  1033    773
  1034    773
  1035    773
   979    774
   980    774
   981    774
   982    774
   990    774
   991    774
   992    774
   993    774
   994    774
   995    774
   996    774
   997    774
   998    774
   999    774
  1000    774
  1001    774
  1002    774
  1003    774
  1004    774
  1014    774
  1015    774
  1016    774
  1017    774
  1018    774
  1019    774
  1020    774
  1021    774
  1022    774
  1023    774
  1024    774
  1025    774
  1026    774
  1027    774
   981    775
   982    775
   983    775
   984    775
   985    775
   986    775
   987    775
   988    775
   995    775
   996    775
   997    775
   998    775
   999    775
  1000    775
  1001    775
  1002    775
  1003    775
  1004    775
  1005    775
  1006    775
  1007    775
  1008    775
  1009    775
  1020    775
  1021    775
  1022    775
  1023    775
  1024    775
  1025    775
  1026    775
  1027    775
  1028    775
  1029    775
  1030    775
  1031    775
  1032    775
  1033    775
  1042    775
  1043    775
  1044    775
  1045    775
  1046    775
   981    776
   982    776
   983    776
   984    776
   985    776
   986    776
   987    776
   988    776
   989    776
   990    776
   991    776
   992    776
   993    776
  1001    776
  1002    776
  1003    776
  1004    776
  1005    776
  1006    776
  1007    776
  1008    776
  1009    776
  1010    776
  1011    776
  1012    776
  1013    776
  1014    776
  1025    776
  1026    776
  1027    776
  1028    776
  1029    776
  1030    776
  1031    776
  1032    776
  1033    776
  1034    776
  1035    776
  1036    776
  1037    776
  1038    776
  1039    776
   985    777
   986    777
   987    777
   988    777
   989    777
   990    777
   991    777
   992    777
   993    777
   994    777
   995    777
   996    777
   997    777
  1006    777
  1007    777
  1008    777
  1009    777
  1010    777
  1011    777
  1012    777
  1013    777
  1014    777
  1015    777
  1016    777
  1017    777
  1018    777
  1019    777
  1020    777
  1021    777
  1031    777
  1032    777
  1033    777
  1034    777
  1035    777
  1036    777
  1037    777
  1038    777
  1039    777
  1040    777
  1041    777
  1042    777
  1043    777
  1044    777
  1045    777
   988    778
   989    778
   990    778
   991    778
   992    778
   993    778
   994    778
   995    778
   996    778
   997    778
   998    778
   999    778
  1000    778
  1001    778
  1011    778
  1012    778
  1013    778
  1014    778
  1015    778
  1016    778
  1017    778
  1018    778
  1019    778
  1020    778
  1021    778
  1022    778
  1023    778
  1024    778
  1025    778
  1026    778
  1038    778
  1039    778
  1040    778
  1041    778
  1042    778
  1043    778
  1044    778
  1045    778
  1046    778
  1047    778
  1048    778
  1049    778
  1050    778
   994    779
   995    779
   996    779
   997    779
   998    779
   999    779
  1000    779
  1001    779
  1002    779
  1003    779
  1004    779
  1005    779
  1006    779
  1007    779
  1017    779
  1018    779
  1019    779
  1020    779
  1021    779
  1022    779
  1023    779
  1024    779
  1025    779
  1026    779
  1027    779
  1028    779
  1029    779
  1030    779
  1031    779
  1032    779
  1044    779
  1045    779
  1046    779
  1047    779
  1048    779
  1049    779
  1050    779
  1051    779
  1052    779
  1053    779
  1054    779
  1055    779
  1056    779
  1057    779
  1002    780
  1003    780
  1004    780
  1005    780
  1006    780
  1009    780
  1010    780
  1011    780
  1012    780
  1013    780
  1014    780
  1024    780
  1025    780
  1026    780
  1027    780
  1028    780
  1029    780
  1030    780
  1031    780
  1032    780
  1033    780
  1034    780
  1035    780
  1036    780
  1037    780
  1038    780
  1039    780
  1040    780
  1041    780
  1052    780
  1053    780
  1054    780
  1055    780
  1056    780
  1057    780
  1058    780
  1059    780
  1060    780
  1061    780
  1062    780
  1063    780
  1064    780
  1065    780
  1066    780
  1080    780
  1081    780
  1082    780
  1083    780
  1089    780
  1090    780
  1009    781
  1010    781
  1011    781
  1012    781
  1013    781
  1017    781
  1018    781
  1019    781
  1020    781
  1021    781
  1022    781
  1032    781
  1033    781
  1034    781
  1035    781
  1036    781
  1037    781
  1038    781
  1039    781
  1040    781
  1041    781
  1042    781
  1043    781
  1044    781
  1045    781
  1046    781
  1047    781
  1048    781
  1059    781
  1060    781
  1061    781
  1062    781
  1063    781
  1064    781
  1065    781
  1066    781
  1067    781
  1068    781
  1069    781
  1070    781
  1071    781
  1072    781
  1073    781
  1074    781
  1091    781
  1092    781
  1017    782
  1018    782
  1019    782
  1021    782
  1022    782
  1023    782
  1024    782
  1025    782
  1026    782
  1027    782
  1028    782
  1029    782
  1030    782
  1039    782
  1040    782
  1041    782
  1042    782
  1043    782
  1044    782
  1045    782
  1046    782
  1047    782
  1048    782
  1049    782
  1050    782
  1051    782
  1052    782
  1053    782
  1054    782
  1055    782
  1056    782
  1067    782
  1068    782
  1069    782
  1070    782
  1071    782
  1072    782
  1073    782
  1074    782
  1075    782
  1076    782
  1077    782
  1078    782
  1079    782
  1080    782
  1081    782
  1082    782
  1094    782
  1095    782
  1096    782
  1097    782
  1024    783
  1025    783
  1026    783
  1027    783
  1028    783
  1029    783
  1030    783
  1031    783
  1032    783
  1033    783
  1034    783
  1035    783
  1036    783
  1037    783
  1046    783
  1047    783
  1048    783
  1049    783
  1050    783
  1051    783
  1052    783
  1053    783
  1054    783
  1055    783
  1056    783
  1057    783
  1058    783
  1059    783
  1060    783
  1061    783
  1062    783
  1063    783
  1064    783
  1065    783
  1074    783
  1075    783
  1076    783
  1077    783
  1078    783
  1079    783
  1080    783
  1081    783
  1082    783
  1083    783
  1084    783
  1085    783
  1086    783
  1087    783
  1088    783
  1089    783
  1090    783
  1031    784
  1032    784
  1038    784
  1039    784
  1040    784
  1041    784
  1042    784
  1043    784
  1044    784
  1056    784
  1057    784
  1058    784
  1059    784
  1060    784
  1061    784
  1062    784
  1063    784
  1064    784
  1065    784
  1066    784
  1067    784
  1068    784
  1069    784
  1070    784
  1071    784
  1072    784
  1073    784
  1074    784
  1084    784
  1085    784
  1086    784
  1087    784
  1088    784
  1089    784
  1090    784
  1091    784
  1092    784
  1093    784
  1094    784
  1095    784
  1096    784
  1097    784
  1038    785
  1039    785
  1040    785
  1041    785
  1042    785
  1043    785
  1044    785
  1045    785
  1046    785
  1047    785
  1048    785
  1049    785
  1050    785
  1051    785
  1064    785
  1065    785
  1066    785
  1067    785
  1068    785
  1069    785
  1070    785
  1071    785
  1072    785
  1073    785
  1074    785
  1075    785
  1076    785
  1077    785
  1078    785
  1079    785
  1080    785
  1081    785
  1082    785
  1083    785
  1092    785
  1093    785
  1094    785
  1095    785
  1096    785
  1097    785
  1098    785
  1099    785
  1100    785
  1101    785
  1103    785
  1104    785
  1105    785
  1044    786
  1045    786
  1046    786
  1047    786
  1048    786
  1049    786
  1050    786
  1051    786
  1052    786
  1053    786
  1054    786
  1055    786
  1056    786
  1057    786
  1058    786
  1059    786
  1071    786
  1072    786
  1073    786
  1074    786
  1075    786
  1076    786
  1077    786
  1082    786
  1083    786
  1084    786
  1085    786
  1086    786
  1087    786
  1088    786
  1052    787
  1053    787
  1054    787
  1055    787
  1056    787
  1057    787
  1058    787
  1059    787
  1060    787
  1061    787
  1062    787
  1063    787
  1064    787
  1065    787
  1066    787
  1067    787
  1079    787
  1080    787
  1088    787
  1089    787
  1090    787
  1091    787
  1092    787
  1093    787
  1094    787
  1095    787
  1096    787
  1097    787
  1061    788
  1062    788
  1063    788
  1064    788
  1065    788
  1066    788
  1069    788
  1070    788
  1074    788
  1075    788
  1089    788
  1090    788
  1098    788
  1099    788
  1100    788
  1101    788
  1102    788
  1103    788
  1104    788
  1105    788
  1106    788
  1095    789
  1096    789
  1097    789
  1098    789
  1099    789
  1100    789
  1101    789
  1112    789
  1113    789
  1114    789
  1115    789
  1116    789
  1169    789
  1170    789
  1171    789
  1172    789
  1173    789
  1176    789
  1177    789
  1116    790
  1117    790
  1118    790
  1119    790
  1120    790
  1121    790
  1122    790
  1123    790
  1124    790
  1146    790
  1147    790
  1148    790
  1149    790
  1150    790
  1151    790
  1152    790
  1153    790
  1154    790
  1155    790
  1156    790
  1157    790
  1158    790
  1159    790
  1160    790
  1161    790
  1182    790
  1183    790
  1184    790
  1116    791
  1117    791
  1118    791
  1119    791
  1120    791
  1121    791
  1122    791
  1123    791
  1124    791
  1125    791
  1126    791
  1127    791
  1128    791
  1129    791
  1130    791
  1131    791
  1132    791
  1133    791
  1134    791
  1135    791
  1148    791
  1149    791
  1150    791
  1151    791
  1152    791
  1153    791
  1154    791
  1155    791
  1156    791
  1157    791
  1158    791
  1159    791
  1160    791
  1161    791
  1162    791
  1163    791
  1164    791
  1165    791
  1166    791
  1167    791
  1168    791
  1169    791
  1170    791
  1171    791
  1172    791
  1190    791
  1191    791
  1192    791
  1193    791
  1127    792
  1128    792
  1129    792
  1130    792
  1131    792
  1132    792
  1133    792
  1134    792
  1135    792
  1136    792
  1137    792
  1138    792
  1139    792
  1140    792
  1141    792
  1142    792
  1143    792
  1144    792
  1145    792
  1146    792
  1147    792
  1148    792
  1162    792
  1163    792
  1164    792
  1165    792
  1166    792
  1167    792
  1168    792
  1169    792
  1170    792
  1171    792
  1172    792
  1173    792
  1174    792
  1175    792
  1176    792
  1177    792
  1178    792
  1179    792
  1180    792
  1181    792
  1182    792
  1183    792
  1184    792
