   905    709
   906    709
   907    709
   905    710
   906    710
   905    711
   906    711
   905    712
   906    712
   907    712
   905    713
   906    713
   905    714
   906    714
   905    715
   906    715
   904    716
   905    716
   906    716
   904    717
   905    717
   906    717
   904    718
   905    718
   906    718
   904    719
   905    719
   906    719
   904    720
   905    720
   906    720
   903    721
   904    721
   905    721
   906    721
   907    721
   904    722
   905    722
   906    722
   907    722
   904    723
   905    723
   906    723
   907    723
   903    724
   904    724
   905    724
   906    724
   907    724
   903    725
   904    725
   905    725
   906    725
   907    725
   904    726
   905    726
   906    726
   907    726
   903    727
   904    727
   905    727
   906    727
   907    727
   908    727
   903    728
   904    728
   905    728
   906    728
   907    728
   902    729
   903    729
   904    729
   905    729
   906    729
   907    729
   908    729
   902    730
   903    730
   904    730
   905    730
   906    730
   907    730
   908    730
   903    731
   904    731
   905    731
   906    731
   907    731
   908    731
   902    732
   903    732
   904    732
   905    732
   906    732
   907    732
   908    732
   902    733
   903    733
   904    733
   905    733
   906    733
   907    733
   908    733
   902    734
   903    734
   904    734
   905    734
   906    734
   907    734
   908    734
   902    735
   903    735
   904    735
   905    735
   906    735
   907    735
   908    735
   902    736
   903    736
   904    736
   905    736
   906    736
   907    736
   908    736
   901    737
   902    737
   903    737
   904    737
   905    737
   906    737
   907    737
   908    737
   901    738
   902    738
   903    738
   904    738
   905    738
   906    738
   907    738
   908    738
   901    739
   902    739
   903    739
   904    739
   905    739
   906    739
   907    739
   908    739
   901    740
   902    740
   903    740
   904    740
   905    740
   906    740
   907    740
   908    740
   901    741
   902    741
   903    741
   904    741
   905    741
   906    741
   907    741
   908    741
   902    742
   903    742
   904    742
   905    742
   906    742
   907    742
   908    742
   901    743
   902    743
   903    743
   904    743
   905    743
   906    743
   907    743
   908    743
   902    744
   903    744
   904    744
   905    744
   906    744
   907    744
   908    744
   909    744
   901    745
   902    745
   903    745
   904    745
   905    745
   906    745
   907    745
   908    745
   909    745
   901    746
   902    746
   903    746
   904    746
   905    746
   906    746
   907    746
   908    746
   909    746
   901    747
   902    747
   903    747
   904    747
   905    747
   906    747
   907    747
   908    747
   909    747
   910    747
   900    748
   901    748
   902    748
   903    748
   904    748
   905    748
   906    748
   907    748
   908    748
   909    748
   910    748
   911    748
   900    749
   901    749
   902    749
   903    749
   904    749
   905    749
   906    749
   907    749
   908    749
   909    749
   910    749
   911    749
   899    750
   900    750
   901    750
   902    750
   903    750
   904    750
   905    750
   906    750
   907    750
   908    750
   909    750
   910    750
   911    750
   912    750
   898    751
   899    751
   900    751
   901    751
   902    751
   903    751
   904    751
   905    751
   906    751
   907    751
   908    751
   909    751
   910    751
   911    751
   912    751
   913    751
   914    751
   896    752
   897    752
   898    752
   899    752
   900    752
   901    752
   902    752
   903    752
   904    752
   905    752
   906    752
   907    752
   908    752
   909    752
   910    752
   911    752
   912    752
   913    752
   914    752
   915    752
   916    752
   894    753
   895    753
   896    753
   897    753
   898    753
   899    753
   900    753
   901    753
   902    753
   903    753
   904    753
   905    753
   906    753
   907    753
   908    753
   909    753
   910    753
   911    753
   912    753
   913    753
   914    753
   915    753
   916    753
   917    753
   918    753
   892    754
   893    754
   894    754
   897    754
   898    754
   899    754
   900    754
   901    754
   902    754
   903    754
   904    754
   905    754
   906    754
   907    754
   908    754
   909    754
   910    754
   911    754
   912    754
   913    754
   914    754
   915    754
   916    754
   917    754
   918    754
   919    754
   897    755
   898    755
   899    755
   900    755
   901    755
   902    755
   903    755
   904    755
   905    755
   906    755
   907    755
   908    755
   909    755
   912    755
   913    755
   914    755
   915    755
   916    755
   917    755
   918    755
   919    755
   920    755
   921    755
   895    756
   896    756
   900    756
   901    756
   902    756
   903    756
   904    756
   905    756
   906    756
   907    756
   908    756
   909    756
   914    756
   915    756
   916    756
   917    756
   918    756
   919    756
   920    756
   921    756
   922    756
   923    756
   900    757
   901    757
   902    757
   903    757
   904    757
   905    757
   906    757
   907    757
   908    757
   916    757
   917    757
   918    757
   919    757
   920    757
   921    757
   922    757
   923    757
   924    757
   925    757
   899    758
   900    758
   901    758
   902    758
   903    758
   904    758
   905    758
   906    758
   907    758
   908    758
   909    758
   918    758
   919    758
   920    758
   921    758
   922    758
   923    758
   924    758
   925    758
   926    758
   927    758
   899    759
   900    759
   901    759
   902    759
   903    759
   904    759
   905    759
   906    759
   907    759
   908    759
   909    759
   920    759
   921    759
   922    759
   923    759
   924    759
   925    759
   926    759
   927    759
   928    759
   929    759
   930    759
   899    760
   900    760
   901    760
   902    760
   903    760
   904    760
   905    760
   906    760
   907    760
   908    760
   923    760
   924    760
   925    760
   926    760
   927    760
   928    760
   929    760
   930    760
   931    760
   932    760
   944    760
   945    760
   946    760
   947    760
   948    760
   899    761
   900    761
   901    761
   902    761
   903    761
   904    761
   905    761
   906    761
   907    761
   908    761
   916    761
   917    761
   918    761
   919    761
   920    761
   921    761
   925    761
   926    761
   927    761
   928    761
   929    761
   930    761
   931    761
   932    761
   933    761
   934    761
   935    761
   936    761
   943    761
   944    761
   945    761
   946    761
   947    761
   948    761
   949    761
   950    761
   951    761
   952    761
   953    761
   958    761
   959    761
   960    761
   899    762
   900    762
   901    762
   902    762
   903    762
   904    762
   905    762
   906    762
   907    762
   908    762
   918    762
   919    762
   920    762
   921    762
   922    762
   923    762
   928    762
   929    762
   930    762
   931    762
   932    762
   933    762
   934    762
   935    762
   936    762
   937    762
   938    762
   946    762
   947    762
   948    762
   949    762
   950    762
   951    762
   952    762
   953    762
   954    762
   955    762
   956    762
   898    763
   899    763
   900    763
   901    763
   902    763
   903    763
   904    763
   905    763
   906    763
   907    763
   908    763
   916    763
   917    763
   918    763
   919    763
   920    763
   921    763
   922    763
   923    763
   924    763
   925    763
   926    763
   931    763
   932    763
   933    763
   934    763
   935    763
   936    763
   937    763
   938    763
   939    763
   940    763
   941    763
   942    763
   949    763
   950    763
   951    763
   952    763
   953    763
   954    763
   955    763
   956    763
   957    763
   958    763
   959    763
   898    764
   899    764
   900    764
   901    764
   902    764
   903    764
   904    764
   905    764
   906    764
   907    764
   908    764
   920    764
   921    764
   922    764
   923    764
   924    764
   925    764
   926    764
   927    764
   928    764
   929    764
   930    764
   934    764
   935    764
   936    764
   937    764
   938    764
   939    764
   940    764
   941    764
   942    764
   943    764
   944    764
   945    764
   946    764
   953    764
   954    764
   955    764
   956    764
   957    764
   958    764
   959    764
   960    764
   961    764
   962    764
   963    764
   899    765
   900    765
   901    765
   902    765
   903    765
   904    765
   905    765
   906    765
   907    765
   908    765
   923    765
   924    765
   925    765
   926    765
   927    765
   928    765
   929    765
   930    765
   931    765
   932    765
   933    765
   938    765
   939    765
   940    765
   941    765
   942    765
   943    765
   944    765
   945    765
   946    765
   947    765
   948    765
   949    765
   950    765
   957    765
   958    765
   959    765
   960    765
   961    765
   962    765
   963    765
   964    765
   965    765
   966    765
   967    765
   968    765
   898    766
   899    766
   900    766
   901    766
   902    766
   903    766
   904    766
   905    766
   906    766
   907    766
   908    766
   926    766
   927    766
   928    766
   929    766
   930    766
   931    766
   932    766
   933    766
   934    766
   935    766
   936    766
   937    766
   942    766
   943    766
   944    766
   945    766
   946    766
   947    766
   948    766
   949    766
   950    766
   951    766
   952    766
   953    766
   954    766
   961    766
   962    766
   963    766
   964    766
   965    766
   966    766
   967    766
   968    766
   969    766
   970    766
   971    766
   972    766
   980    766
   899    767
   900    767
   901    767
   902    767
   903    767
   904    767
   905    767
   906    767
   907    767
   908    767
   930    767
   931    767
   932    767
   933    767
   934    767
   935    767
   936    767
   937    767
   938    767
   939    767
   940    767
   946    767
   947    767
   948    767
   949    767
   950    767
   951    767
   952    767
   953    767
   954    767
   955    767
   956    767
   957    767
   966    767
   967    767
   968    767
   969    767
   970    767
   971    767
   973    767
   974    767
   975    767
   976    767
   977    767
   898    768
   899    768
   900    768
   901    768
   902    768
   903    768
   904    768
   905    768
   906    768
   907    768
   908    768
   934    768
   935    768
   936    768
   939    768
   940    768
   941    768
   942    768
   943    768
   944    768
   950    768
   951    768
   952    768
   953    768
   954    768
   955    768
   956    768
   957    768
   958    768
   959    768
   960    768
   961    768
   962    768
   969    768
   970    768
   971    768
   972    768
   973    768
   974    768
   975    768
   976    768
   978    768
   979    768
   980    768
   981    768
   898    769
   899    769
   900    769
   901    769
   902    769
   903    769
   904    769
   905    769
   906    769
   907    769
   908    769
   938    769
   939    769
   940    769
   941    769
   942    769
   943    769
   944    769
   945    769
   946    769
   947    769
   948    769
   954    769
   955    769
   956    769
   957    769
   958    769
   962    769
   963    769
   964    769
   965    769
   966    769
   974    769
   975    769
   976    769
   977    769
   978    769
   979    769
   980    769
   981    769
   982    769
   983    769
   984    769
   985    769
   898    770
   899    770
   900    770
   901    770
   902    770
   903    770
   904    770
   905    770
   906    770
   907    770
   908    770
   942    770
   943    770
   944    770
   945    770
   946    770
   947    770
   948    770
   949    770
   950    770
   951    770
   952    770
   959    770
   960    770
   961    770
   966    770
   967    770
   968    770
   969    770
   970    770
   971    770
   980    770
   981    770
   982    770
   983    770
   984    770
   985    770
   898    771
   899    771
   900    771
   901    771
   902    771
   903    771
   904    771
   905    771
   906    771
   907    771
   908    771
   945    771
   946    771
   947    771
   948    771
   949    771
   950    771
   951    771
   952    771
   953    771
   954    771
   955    771
   956    771
   963    771
   971    771
   972    771
   973    771
   974    771
   975    771
   976    771
   984    771
   985    771
   986    771
   987    771
   988    771
   989    771
   898    772
   899    772
   900    772
   901    772
   902    772
   903    772
   904    772
   905    772
   906    772
   907    772
   908    772
   949    772
   950    772
   951    772
   952    772
   953    772
   975    772
   976    772
   977    772
   978    772
   979    772
   980    772
   898    773
   899    773
   900    773
   901    773
   902    773
   903    773
   904    773
   905    773
   906    773
   907    773
   908    773
   973    773
   974    773
   975    773
   976    773
   977    773
   978    773
   979    773
   980    773
   981    773
   982    773
   983    773
   984    773
   985    773
   898    774
   899    774
   900    774
   901    774
   902    774
   903    774
   904    774
   905    774
   906    774
   907    774
   908    774
   978    774
   979    774
   980    774
   981    774
   982    774
   983    774
   984    774
   985    774
   986    774
   987    774
   988    774
   989    774
   990    774
   898    775
   899    775
   900    775
   901    775
   902    775
   903    775
   904    775
   905    775
   906    775
   907    775
   908    775
   983    775
   984    775
   985    775
   986    775
   987    775
   988    775
   989    775
   990    775
   991    775
   992    775
   993    775
   994    775
   995    775
   996    775
   997    775
   898    776
   899    776
   900    776
   901    776
   902    776
   903    776
   904    776
   905    776
   906    776
   907    776
   908    776
   988    776
   989    776
   990    776
   991    776
   992    776
   993    776
   994    776
   995    776
   996    776
   997    776
   998    776
   999    776
  1000    776
  1001    776
  1002    776
  1013    776
  1014    776
  1015    776
  1016    776
  1017    776
  1018    776
  1019    776
  1020    776
  1021    776
  1022    776
  1023    776
  1024    776
  1025    776
  1026    776
  1037    776
  1038    776
  1039    776
  1040    776
   898    777
   899    777
   900    777
   901    777
   902    777
   903    777
   904    777
   905    777
   906    777
   907    777
   908    777
   981    777
   982    777
   983    777
   984    777
   985    777
   986    777
   993    777
   994    777
   995    777
   996    777
   997    777
   998    777
   999    777
  1002    777
  1003    777
  1004    777
  1005    777
  1006    777
  1007    777
  1008    777
  1018    777
  1019    777
  1020    777
  1021    777
  1022    777
  1023    777
  1024    777
  1025    777
  1026    777
  1027    777
  1028    777
  1029    777
  1030    777
  1031    777
  1032    777
   897    778
   898    778
   899    778
   900    778
   901    778
   902    778
   903    778
   904    778
   905    778
   906    778
   907    778
   908    778
   984    778
   985    778
   986    778
   987    778
   988    778
   989    778
   990    778
   999    778
  1000    778
  1001    778
  1002    778
  1003    778
  1004    778
  1005    778
  1006    778
  1007    778
  1008    778
  1009    778
  1010    778
  1011    778
  1012    778
  1013    778
  1024    778
  1025    778
  1026    778
  1027    778
  1028    778
  1029    778
  1030    778
  1031    778
  1032    778
  1033    778
  1034    778
  1035    778
  1036    778
  1037    778
  1038    778
   897    779
   898    779
   899    779
   900    779
   901    779
   902    779
   903    779
   904    779
   905    779
   906    779
   907    779
   908    779
   983    779
   984    779
   985    779
   988    779
   989    779
   990    779
   991    779
   992    779
   993    779
   994    779
   995    779
  1003    779
  1004    779
  1005    779
  1006    779
  1007    779
  1008    779
  1009    779
  1010    779
  1011    779
  1012    779
  1013    779
  1014    779
  1015    779
  1016    779
  1017    779
  1029    779
  1030    779
  1031    779
  1032    779
  1033    779
  1034    779
  1035    779
  1036    779
  1037    779
  1038    779
  1039    779
  1040    779
  1041    779
  1042    779
  1043    779
   897    780
   898    780
   899    780
   900    780
   901    780
   902    780
   903    780
   904    780
   905    780
   906    780
   907    780
   908    780
   987    780
   988    780
   989    780
   991    780
   992    780
   993    780
   994    780
   995    780
   996    780
   997    780
   998    780
   999    780
  1009    780
  1010    780
  1011    780
  1012    780
  1013    780
  1014    780
  1015    780
  1016    780
  1017    780
  1018    780
  1019    780
  1020    780
  1021    780
  1022    780
  1023    780
  1024    780
  1034    780
  1035    780
  1036    780
  1037    780
  1038    780
  1039    780
  1040    780
  1041    780
  1042    780
  1043    780
  1044    780
  1045    780
  1046    780
  1047    780
  1048    780
  1049    780
  1058    780
  1059    780
  1060    780
  1061    780
  1062    780
  1063    780
   897    781
   898    781
   899    781
   900    781
   901    781
   902    781
   903    781
   904    781
   905    781
   906    781
   907    781
   991    781
   992    781
   993    781
   994    781
   998    781
   999    781
  1000    781
  1001    781
  1002    781
  1003    781
  1014    781
  1015    781
  1016    781
  1017    781
  1018    781
  1019    781
  1020    781
  1021    781
  1022    781
  1023    781
  1024    781
  1025    781
  1026    781
  1027    781
  1028    781
  1029    781
  1040    781
  1041    781
  1042    781
  1043    781
  1044    781
  1045    781
  1046    781
  1047    781
  1048    781
  1049    781
  1050    781
  1051    781
  1052    781
  1053    781
  1054    781
   897    782
   898    782
   899    782
   900    782
   901    782
   902    782
   903    782
   904    782
   905    782
   906    782
   907    782
   908    782
   996    782
   997    782
   998    782
  1000    782
  1001    782
  1002    782
  1003    782
  1004    782
  1005    782
  1006    782
  1007    782
  1008    782
  1009    782
  1010    782
  1021    782
  1022    782
  1023    782
  1024    782
  1025    782
  1026    782
  1027    782
  1028    782
  1029    782
  1030    782
  1031    782
  1032    782
  1033    782
  1034    782
  1035    782
  1036    782
  1048    782
  1049    782
  1050    782
  1051    782
  1052    782
  1053    782
  1054    782
  1055    782
  1056    782
  1057    782
  1058    782
  1059    782
  1060    782
  1061    782
  1075    782
  1076    782
   897    783
   898    783
   899    783
   900    783
   901    783
   902    783
   903    783
   904    783
   905    783
   906    783
   907    783
   908    783
  1004    783
  1005    783
  1006    783
  1007    783
  1008    783
  1009    783
  1010    783
  1011    783
  1012    783
  1013    783
  1014    783
  1015    783
  1016    783
  1028    783
  1029    783
  1030    783
  1031    783
  1032    783
  1033    783
  1034    783
  1035    783
  1036    783
  1037    783
  1038    783
  1039    783
  1040    783
  1041    783
  1042    783
  1043    783
  1044    783
  1055    783
  1056    783
  1057    783
  1058    783
  1059    783
  1060    783
  1061    783
  1062    783
  1063    783
  1064    783
  1065    783
  1066    783
  1067    783
  1068    783
  1069    783
  1070    783
   896    784
   897    784
   898    784
   899    784
   900    784
   901    784
   902    784
   903    784
   904    784
   905    784
   906    784
  1010    784
  1011    784
  1012    784
  1013    784
  1014    784
  1015    784
  1019    784
  1020    784
  1021    784
  1022    784
  1034    784
  1035    784
  1036    784
  1037    784
  1038    784
  1039    784
  1040    784
  1041    784
  1042    784
  1043    784
  1044    784
  1045    784
  1046    784
  1047    784
  1048    784
  1049    784
  1050    784
  1062    784
  1063    784
  1064    784
  1065    784
  1066    784
  1067    784
  1068    784
  1069    784
  1070    784
  1071    784
  1072    784
  1073    784
  1074    784
  1075    784
  1076    784
  1077    784
   895    785
   896    785
   897    785
   898    785
   899    785
   900    785
   901    785
   902    785
   903    785
   904    785
   905    785
  1019    785
  1020    785
  1021    785
  1026    785
  1027    785
  1028    785
  1029    785
  1030    785
  1031    785
  1032    785
  1041    785
  1042    785
  1043    785
  1044    785
  1045    785
  1046    785
  1047    785
  1048    785
  1049    785
  1050    785
  1051    785
  1052    785
  1053    785
  1054    785
  1055    785
  1056    785
  1057    785
  1058    785
  1069    785
  1070    785
  1071    785
  1072    785
  1073    785
  1074    785
  1075    785
  1076    785
  1077    785
  1078    785
  1079    785
  1080    785
  1081    785
  1082    785
  1083    785
  1084    785
  1085    785
  1100    785
  1101    785
  1102    785
   902    786
   903    786
   904    786
   905    786
  1025    786
  1026    786
  1027    786
  1032    786
  1033    786
  1034    786
  1035    786
  1036    786
  1037    786
  1038    786
  1039    786
  1048    786
  1049    786
  1050    786
  1051    786
  1052    786
  1053    786
  1054    786
  1055    786
  1056    786
  1057    786
  1058    786
  1059    786
  1060    786
  1061    786
  1062    786
  1063    786
  1064    786
  1065    786
  1077    786
  1078    786
  1079    786
  1080    786
  1081    786
  1082    786
  1083    786
  1084    786
  1085    786
  1086    786
  1087    786
  1088    786
  1089    786
  1090    786
  1091    786
  1092    786
  1093    786
  1094    786
  1107    786
  1108    786
  1031    787
  1032    787
  1033    787
  1040    787
  1041    787
  1042    787
  1043    787
  1044    787
  1045    787
  1046    787
  1057    787
  1058    787
  1059    787
  1060    787
  1061    787
  1062    787
  1063    787
  1064    787
  1065    787
  1066    787
  1067    787
  1068    787
  1069    787
  1070    787
  1071    787
  1072    787
  1073    787
  1074    787
  1075    787
  1076    787
  1086    787
  1087    787
  1088    787
  1089    787
  1090    787
  1091    787
  1092    787
  1093    787
  1094    787
  1095    787
  1096    787
  1097    787
  1098    787
  1099    787
  1100    787
  1038    788
  1039    788
  1040    788
  1041    788
  1043    788
  1044    788
  1045    788
  1046    788
  1047    788
  1048    788
  1049    788
  1050    788
  1051    788
  1052    788
  1064    788
  1065    788
  1066    788
  1067    788
  1068    788
  1069    788
  1070    788
  1071    788
  1072    788
  1073    788
  1074    788
  1075    788
  1076    788
  1077    788
  1078    788
  1079    788
  1080    788
  1081    788
  1082    788
  1083    788
  1084    788
  1093    788
  1094    788
  1095    788
  1096    788
  1097    788
  1098    788
  1099    788
  1100    788
  1101    788
  1102    788
  1103    788
  1104    788
  1105    788
  1106    788
  1107    788
  1108    788
  1109    788
  1046    789
  1047    789
  1048    789
  1049    789
  1050    789
  1051    789
  1052    789
  1053    789
  1054    789
  1055    789
  1056    789
  1057    789
  1058    789
  1059    789
  1060    789
  1061    789
  1072    789
  1073    789
  1074    789
  1075    789
  1076    789
  1077    789
  1078    789
  1079    789
  1080    789
  1081    789
  1082    789
  1083    789
  1084    789
  1085    789
  1086    789
  1087    789
  1088    789
  1089    789
  1090    789
  1091    789
  1103    789
  1104    789
  1105    789
  1106    789
  1107    789
  1108    789
  1109    789
  1110    789
  1111    789
  1112    789
  1052    790
  1053    790
  1054    790
  1055    790
  1056    790
  1057    790
  1058    790
  1059    790
  1060    790
  1061    790
  1062    790
  1063    790
  1064    790
  1065    790
  1066    790
  1067    790
  1068    790
  1079    790
  1080    790
  1081    790
  1082    790
  1083    790
  1084    790
  1085    790
  1086    790
  1087    790
  1088    790
  1090    790
  1091    790
  1092    790
  1093    790
  1094    790
  1095    790
  1096    790
  1097    790
  1098    790
  1099    790
  1059    791
  1060    791
  1061    791
  1062    791
  1063    791
  1064    791
  1065    791
  1066    791
  1067    791
  1068    791
  1069    791
  1070    791
  1071    791
  1072    791
  1073    791
  1074    791
  1075    791
  1087    791
  1088    791
  1089    791
  1099    791
  1100    791
  1101    791
  1102    791
  1103    791
  1104    791
  1105    791
  1106    791
  1107    791
  1108    791
  1071    792
  1072    792
  1097    792
  1098    792
  1099    792
  1100    792
  1101    792
  1102    792
  1113    792
  1114    792
  1115    792
  1116    792
