   905    712
   906    712
   907    712
   905    713
   906    713
   905    714
   906    714
   905    715
   906    715
   904    716
   905    716
   906    716
   904    717
   905    717
   906    717
   904    718
   905    718
   906    718
   904    719
   905    719
   906    719
   904    720
   905    720
   906    720
   903    721
   904    721
   905    721
   906    721
   903    722
   904    722
   905    722
   906    722
   907    722
   908    722
   909    722
   904    723
   905    723
   906    723
   907    723
   908    723
   909    723
   903    724
   904    724
   905    724
   906    724
   907    724
   908    724
   903    725
   904    725
   905    725
   906    725
   907    725
   904    726
   905    726
   906    726
   907    726
   908    726
   903    727
   904    727
   905    727
   906    727
   907    727
   908    727
   903    728
   904    728
   905    728
   906    728
   907    728
   903    729
   904    729
   905    729
   906    729
   907    729
   908    729
   903    730
   904    730
   905    730
   906    730
   907    730
   908    730
   903    731
   904    731
   905    731
   906    731
   907    731
   908    731
   902    732
   903    732
   904    732
   905    732
   906    732
   907    732
   908    732
   902    733
   903    733
   904    733
   905    733
   906    733
   907    733
   908    733
   902    734
   903    734
   904    734
   905    734
   906    734
   907    734
   908    734
   902    735
   903    735
   904    735
   905    735
   906    735
   907    735
   908    735
   902    736
   903    736
   904    736
   905    736
   906    736
   907    736
   908    736
   901    737
   902    737
   903    737
   904    737
   905    737
   906    737
   907    737
   908    737
   902    738
   903    738
   904    738
   905    738
   906    738
   907    738
   908    738
   901    739
   902    739
   903    739
   904    739
   905    739
   906    739
   907    739
   908    739
   901    740
   902    740
   903    740
   904    740
   905    740
   906    740
   907    740
   908    740
   901    741
   902    741
   903    741
   904    741
   905    741
   906    741
   907    741
   908    741
   901    742
   902    742
   903    742
   904    742
   905    742
   906    742
   907    742
   908    742
   901    743
   902    743
   903    743
   904    743
   905    743
   906    743
   907    743
   908    743
   901    744
   902    744
   903    744
   904    744
   905    744
   906    744
   907    744
   908    744
   900    745
   901    745
   902    745
   903    745
   904    745
   905    745
   906    745
   907    745
   908    745
   901    746
   902    746
   903    746
   904    746
   905    746
   906    746
   907    746
   908    746
   901    747
   902    747
   903    747
   904    747
   905    747
   906    747
   907    747
   908    747
   901    748
   902    748
   903    748
   904    748
   905    748
   906    748
   907    748
   908    748
   901    749
   902    749
   903    749
   904    749
   905    749
   906    749
   907    749
   908    749
   901    750
   902    750
   903    750
   904    750
   905    750
   906    750
   907    750
   908    750
   909    750
   901    751
   902    751
   903    751
   904    751
   905    751
   906    751
   907    751
   908    751
   909    751
   901    752
   902    752
   903    752
   904    752
   905    752
   906    752
   907    752
   908    752
   909    752
   910    752
   900    753
   901    753
   902    753
   903    753
   904    753
   905    753
   906    753
   907    753
   908    753
   909    753
   910    753
   899    754
   900    754
   901    754
   902    754
   903    754
   904    754
   905    754
   906    754
   907    754
   908    754
   909    754
   910    754
   911    754
   898    755
   899    755
   900    755
   901    755
   902    755
   903    755
   904    755
   905    755
   906    755
   907    755
   908    755
   909    755
   910    755
   911    755
   912    755
   898    756
   899    756
   900    756
   901    756
   902    756
   903    756
   904    756
   905    756
   906    756
   907    756
   908    756
   909    756
   910    756
   911    756
   912    756
   913    756
   896    757
   897    757
   898    757
   899    757
   900    757
   901    757
   902    757
   903    757
   904    757
   905    757
   906    757
   907    757
   908    757
   909    757
   910    757
   911    757
   912    757
   913    757
   914    757
   895    758
   896    758
   897    758
   898    758
   899    758
   900    758
   901    758
   902    758
   903    758
   904    758
   905    758
   906    758
   907    758
   908    758
   909    758
   910    758
   911    758
   912    758
   913    758
   914    758
   915    758
   916    758
   893    759
   894    759
   895    759
   896    759
   897    759
   898    759
   899    759
   900    759
   901    759
   902    759
   903    759
   904    759
   905    759
   906    759
   907    759
   908    759
   909    759
   910    759
   911    759
   912    759
   913    759
   914    759
   915    759
   916    759
   917    759
   891    760
   892    760
   893    760
   894    760
   895    760
   896    760
   897    760
   898    760
   899    760
   900    760
   901    760
   902    760
   903    760
   904    760
   905    760
   906    760
   907    760
   908    760
   909    760
   910    760
   911    760
   912    760
   913    760
   914    760
   915    760
   916    760
   917    760
   918    760
   919    760
   890    761
   891    761
   892    761
   893    761
   894    761
   895    761
   896    761
   897    761
   898    761
   899    761
   900    761
   901    761
   902    761
   903    761
   904    761
   905    761
   906    761
   907    761
   908    761
   909    761
   911    761
   912    761
   913    761
   914    761
   915    761
   916    761
   917    761
   918    761
   919    761
   920    761
   921    761
   887    762
   888    762
   889    762
   890    762
   891    762
   894    762
   895    762
   896    762
   899    762
   900    762
   901    762
   902    762
   903    762
   904    762
   905    762
   906    762
   907    762
   908    762
   912    762
   913    762
   914    762
   915    762
   916    762
   917    762
   918    762
   919    762
   920    762
   921    762
   922    762
   923    762
   885    763
   886    763
   887    763
   892    763
   893    763
   894    763
   899    763
   900    763
   901    763
   902    763
   903    763
   904    763
   905    763
   906    763
   907    763
   908    763
   909    763
   914    763
   915    763
   916    763
   917    763
   918    763
   919    763
   920    763
   921    763
   922    763
   923    763
   924    763
   883    764
   884    764
   885    764
   899    764
   900    764
   901    764
   902    764
   903    764
   904    764
   905    764
   906    764
   907    764
   908    764
   916    764
   917    764
   918    764
   919    764
   920    764
   921    764
   922    764
   923    764
   924    764
   925    764
   926    764
   880    765
   881    765
   882    765
   883    765
   899    765
   900    765
   901    765
   902    765
   903    765
   904    765
   905    765
   906    765
   907    765
   908    765
   918    765
   919    765
   920    765
   921    765
   922    765
   923    765
   924    765
   925    765
   926    765
   927    765
   928    765
   929    765
   877    766
   878    766
   879    766
   898    766
   899    766
   900    766
   901    766
   902    766
   903    766
   904    766
   905    766
   906    766
   907    766
   908    766
   921    766
   922    766
   923    766
   924    766
   925    766
   926    766
   927    766
   928    766
   929    766
   930    766
   931    766
   874    767
   875    767
   876    767
   898    767
   899    767
   900    767
   901    767
   902    767
   903    767
   904    767
   905    767
   906    767
   907    767
   908    767
   923    767
   924    767
   925    767
   926    767
   927    767
   928    767
   929    767
   930    767
   931    767
   932    767
   933    767
   945    767
   946    767
   947    767
   871    768
   872    768
   898    768
   899    768
   900    768
   901    768
   902    768
   903    768
   904    768
   905    768
   906    768
   907    768
   908    768
   913    768
   914    768
   915    768
   916    768
   917    768
   918    768
   919    768
   920    768
   925    768
   926    768
   927    768
   928    768
   929    768
   930    768
   931    768
   932    768
   933    768
   934    768
   935    768
   936    768
   944    768
   945    768
   948    768
   949    768
   950    768
   951    768
   952    768
   953    768
   954    768
   868    769
   869    769
   870    769
   877    769
   878    769
   898    769
   899    769
   900    769
   901    769
   902    769
   903    769
   904    769
   905    769
   906    769
   907    769
   913    769
   914    769
   917    769
   918    769
   919    769
   920    769
   921    769
   922    769
   923    769
   928    769
   929    769
   930    769
   931    769
   932    769
   933    769
   934    769
   935    769
   936    769
   937    769
   938    769
   939    769
   947    769
   948    769
   949    769
   950    769
   951    769
   952    769
   953    769
   954    769
   955    769
   956    769
   957    769
   963    769
   964    769
   897    770
   898    770
   899    770
   900    770
   901    770
   902    770
   903    770
   904    770
   905    770
   906    770
   907    770
   915    770
   916    770
   917    770
   918    770
   919    770
   920    770
   921    770
   922    770
   923    770
   924    770
   925    770
   926    770
   930    770
   931    770
   932    770
   933    770
   934    770
   935    770
   936    770
   937    770
   938    770
   939    770
   940    770
   941    770
   942    770
   950    770
   951    770
   952    770
   953    770
   954    770
   955    770
   956    770
   957    770
   958    770
   959    770
   960    770
   961    770
   967    770
   897    771
   898    771
   899    771
   900    771
   901    771
   902    771
   903    771
   904    771
   905    771
   906    771
   907    771
   917    771
   918    771
   919    771
   922    771
   923    771
   924    771
   925    771
   926    771
   927    771
   928    771
   933    771
   934    771
   935    771
   936    771
   937    771
   938    771
   939    771
   940    771
   941    771
   942    771
   943    771
   944    771
   945    771
   953    771
   954    771
   955    771
   956    771
   957    771
   958    771
   959    771
   960    771
   961    771
   962    771
   963    771
   964    771
   965    771
   897    772
   898    772
   899    772
   900    772
   901    772
   902    772
   903    772
   904    772
   905    772
   906    772
   907    772
   908    772
   921    772
   922    772
   923    772
   924    772
   925    772
   926    772
   927    772
   928    772
   929    772
   930    772
   931    772
   936    772
   937    772
   938    772
   939    772
   940    772
   941    772
   942    772
   943    772
   944    772
   945    772
   946    772
   947    772
   948    772
   957    772
   958    772
   959    772
   960    772
   961    772
   962    772
   963    772
   964    772
   965    772
   966    772
   967    772
   968    772
   897    773
   898    773
   899    773
   900    773
   901    773
   902    773
   903    773
   904    773
   905    773
   906    773
   907    773
   924    773
   925    773
   926    773
   928    773
   929    773
   930    773
   931    773
   932    773
   933    773
   934    773
   940    773
   941    773
   942    773
   943    773
   944    773
   945    773
   946    773
   947    773
   948    773
   949    773
   950    773
   951    773
   952    773
   960    773
   961    773
   962    773
   963    773
   964    773
   965    773
   966    773
   967    773
   968    773
   969    773
   970    773
   971    773
   972    773
   979    773
   980    773
   981    773
   897    774
   898    774
   899    774
   900    774
   901    774
   902    774
   903    774
   904    774
   905    774
   906    774
   907    774
   908    774
   927    774
   928    774
   931    774
   932    774
   933    774
   934    774
   935    774
   936    774
   937    774
   938    774
   943    774
   944    774
   945    774
   946    774
   947    774
   948    774
   949    774
   950    774
   951    774
   952    774
   953    774
   954    774
   955    774
   964    774
   965    774
   966    774
   967    774
   968    774
   969    774
   970    774
   971    774
   972    774
   973    774
   974    774
   975    774
   897    775
   898    775
   899    775
   900    775
   901    775
   902    775
   903    775
   904    775
   905    775
   906    775
   930    775
   931    775
   932    775
   933    775
   934    775
   935    775
   936    775
   937    775
   938    775
   939    775
   940    775
   941    775
   947    775
   948    775
   949    775
   950    775
   951    775
   952    775
   953    775
   954    775
   955    775
   956    775
   957    775
   958    775
   959    775
   968    775
   969    775
   970    775
   971    775
   972    775
   973    775
   974    775
   975    775
   976    775
   977    775
   978    775
   979    775
   980    775
   897    776
   898    776
   899    776
   900    776
   901    776
   902    776
   903    776
   904    776
   905    776
   906    776
   933    776
   934    776
   935    776
   936    776
   938    776
   939    776
   940    776
   941    776
   942    776
   943    776
   944    776
   950    776
   951    776
   952    776
   953    776
   954    776
   955    776
   956    776
   957    776
   958    776
   959    776
   960    776
   961    776
   962    776
   963    776
   972    776
   973    776
   974    776
   975    776
   976    776
   977    776
   978    776
   979    776
   980    776
   981    776
   982    776
   983    776
   984    776
   901    777
   902    777
   903    777
   904    777
   937    777
   938    777
   939    777
   943    777
   944    777
   945    777
   946    777
   947    777
   948    777
   954    777
   955    777
   956    777
   957    777
   958    777
   959    777
   960    777
   961    777
   962    777
   963    777
   964    777
   965    777
   966    777
   967    777
   968    777
   976    777
   977    777
   978    777
   979    777
   980    777
   981    777
   982    777
   983    777
   984    777
   985    777
   986    777
   987    777
   940    778
   941    778
   942    778
   945    778
   946    778
   947    778
   948    778
   949    778
   950    778
   951    778
   958    778
   959    778
   960    778
   961    778
   962    778
   963    778
   964    778
   965    778
   966    778
   967    778
   968    778
   969    778
   970    778
   971    778
   981    778
   982    778
   983    778
   984    778
   985    778
   986    778
   989    778
   990    778
   991    778
   944    779
   945    779
   946    779
   948    779
   949    779
   950    779
   951    779
   952    779
   953    779
   954    779
   955    779
   962    779
   963    779
   964    779
   965    779
   966    779
   968    779
   969    779
   970    779
   971    779
   972    779
   973    779
   974    779
   975    779
   986    779
   987    779
   988    779
   989    779
   990    779
   948    780
   949    780
   950    780
   951    780
   952    780
   953    780
   954    780
   956    780
   957    780
   958    780
   959    780
   967    780
   968    780
   969    780
   971    780
   972    780
   973    780
   974    780
   975    780
   976    780
   977    780
   978    780
   979    780
   980    780
   990    780
   991    780
   992    780
   993    780
   951    781
   952    781
   953    781
   954    781
   970    781
   971    781
   972    781
   973    781
   978    781
   979    781
   980    781
   981    781
   982    781
   983    781
   984    781
   976    782
   977    782
   984    782
   985    782
   986    782
   987    782
   988    782
   989    782
   980    783
   981    783
   982    783
   985    783
   986    783
   987    783
   988    783
   989    783
   990    783
   991    783
   992    783
   993    783
   994    783
   985    784
   986    784
   987    784
   988    784
   989    784
   990    784
   991    784
   992    784
   993    784
   994    784
   995    784
   996    784
   997    784
   998    784
   999    784
   989    785
   990    785
   991    785
   992    785
   993    785
   994    785
   995    785
   996    785
   997    785
   998    785
   999    785
  1000    785
  1001    785
  1002    785
  1003    785
  1004    785
  1025    785
  1026    785
  1038    785
  1039    785
  1040    785
   994    786
   995    786
   996    786
   997    786
   998    786
   999    786
  1000    786
  1001    786
  1002    786
  1003    786
  1004    786
  1005    786
  1006    786
  1007    786
  1008    786
  1020    786
  1021    786
  1022    786
  1023    786
  1024    786
  1025    786
  1026    786
  1027    786
  1028    786
  1029    786
  1030    786
  1031    786
  1032    786
  1033    786
  1034    786
  1035    786
   985    787
   986    787
   987    787
   988    787
   989    787
   990    787
   991    787
   998    787
   999    787
  1000    787
  1001    787
  1002    787
  1003    787
  1004    787
  1005    787
  1006    787
  1007    787
  1011    787
  1012    787
  1013    787
  1025    787
  1026    787
  1027    787
  1028    787
  1029    787
  1030    787
  1031    787
  1032    787
  1033    787
  1034    787
  1035    787
  1036    787
  1037    787
  1038    787
  1039    787
  1048    787
  1049    787
  1050    787
   987    788
   988    788
   989    788
   990    788
   991    788
   992    788
   993    788
   994    788
   995    788
  1004    788
  1005    788
  1006    788
  1007    788
  1008    788
  1009    788
  1010    788
  1011    788
  1012    788
  1015    788
  1016    788
  1017    788
  1018    788
  1029    788
  1030    788
  1031    788
  1032    788
  1033    788
  1034    788
  1035    788
  1036    788
  1037    788
  1038    788
  1039    788
  1040    788
  1042    788
  1043    788
  1044    788
   986    789
   987    789
   988    789
   989    789
   990    789
   991    789
   992    789
   993    789
   994    789
   995    789
   996    789
   997    789
   998    789
   999    789
  1009    789
  1010    789
  1011    789
  1012    789
  1013    789
  1014    789
  1015    789
  1016    789
  1017    789
  1018    789
  1019    789
  1020    789
  1021    789
  1022    789
  1023    789
  1024    789
  1036    789
  1037    789
  1038    789
  1039    789
  1040    789
  1041    789
  1042    789
  1043    789
  1044    789
  1045    789
  1046    789
  1047    789
  1048    789
  1049    789
  1050    789
  1051    789
   990    790
   991    790
   992    790
   993    790
   994    790
   995    790
   996    790
   997    790
   998    790
   999    790
  1000    790
  1001    790
  1002    790
  1003    790
  1004    790
  1013    790
  1014    790
  1015    790
  1016    790
  1017    790
  1018    790
  1019    790
  1020    790
  1021    790
  1022    790
  1023    790
  1024    790
  1025    790
  1026    790
  1027    790
  1028    790
  1029    790
  1041    790
  1042    790
  1043    790
  1044    790
  1045    790
  1046    790
  1047    790
  1048    790
  1049    790
  1050    790
  1051    790
  1052    790
  1053    790
  1054    790
  1055    790
  1056    790
   994    791
   995    791
   996    791
   997    791
   998    791
   999    791
  1000    791
  1001    791
  1002    791
  1003    791
  1004    791
  1005    791
  1006    791
  1007    791
  1018    791
  1019    791
  1020    791
  1021    791
  1022    791
  1023    791
  1024    791
  1025    791
  1026    791
  1027    791
  1028    791
  1029    791
  1030    791
  1031    791
  1032    791
  1033    791
  1034    791
  1046    791
  1047    791
  1048    791
  1049    791
  1050    791
  1051    791
  1052    791
  1053    791
  1054    791
  1055    791
  1056    791
  1057    791
  1058    791
  1059    791
  1060    791
  1061    791
  1062    791
   992    792
   993    792
   994    792
   997    792
   998    792
   999    792
  1000    792
  1001    792
  1002    792
  1003    792
  1004    792
  1005    792
  1006    792
  1007    792
  1008    792
  1009    792
  1010    792
  1011    792
  1012    792
  1023    792
  1024    792
  1025    792
  1026    792
  1027    792
  1028    792
  1029    792
  1030    792
  1031    792
  1032    792
  1033    792
  1034    792
  1035    792
  1036    792
  1037    792
  1038    792
  1039    792
  1040    792
  1051    792
  1052    792
  1053    792
  1054    792
  1055    792
  1056    792
  1057    792
  1058    792
  1059    792
  1060    792
  1061    792
  1062    792
  1063    792
  1064    792
  1065    792
  1066    792
  1067    792
