   905    705
   906    705
   907    705
   905    706
   906    706
   907    706
   905    708
   906    708
   907    708
   905    709
   906    709
   907    709
   905    710
   906    710
   905    711
   906    711
   906    712
   905    713
   906    713
   905    714
   906    714
   905    715
   906    715
   904    716
   905    716
   906    716
   904    717
   905    717
   906    717
   904    718
   905    718
   906    718
   904    719
   905    719
   906    719
   904    720
   905    720
   906    720
   903    721
   904    721
   905    721
   906    721
   907    721
   903    722
   904    722
   905    722
   906    722
   907    722
   908    722
   909    722
   904    723
   905    723
   906    723
   907    723
   903    724
   904    724
   905    724
   906    724
   907    724
   908    724
   909    724
   903    725
   904    725
   905    725
   906    725
   907    725
   904    726
   905    726
   906    726
   907    726
   903    727
   904    727
   905    727
   906    727
   907    727
   908    727
   903    728
   904    728
   905    728
   906    728
   907    728
   903    729
   904    729
   905    729
   906    729
   907    729
   903    730
   904    730
   905    730
   906    730
   907    730
   908    730
   903    731
   904    731
   905    731
   906    731
   907    731
   902    732
   903    732
   904    732
   905    732
   906    732
   907    732
   908    732
   902    733
   903    733
   904    733
   905    733
   906    733
   907    733
   908    733
   902    734
   903    734
   904    734
   905    734
   906    734
   907    734
   908    734
   909    734
   902    735
   903    735
   904    735
   905    735
   906    735
   907    735
   908    735
   902    736
   903    736
   904    736
   905    736
   906    736
   907    736
   901    737
   902    737
   903    737
   904    737
   905    737
   906    737
   907    737
   901    738
   902    738
   903    738
   904    738
   905    738
   906    738
   907    738
   901    739
   902    739
   903    739
   904    739
   905    739
   906    739
   907    739
   908    739
   901    740
   902    740
   903    740
   904    740
   905    740
   906    740
   907    740
   908    740
   901    741
   902    741
   903    741
   904    741
   905    741
   906    741
   907    741
   908    741
   900    742
   901    742
   902    742
   903    742
   904    742
   905    742
   906    742
   907    742
   908    742
   901    743
   902    743
   903    743
   904    743
   905    743
   906    743
   907    743
   908    743
   901    744
   902    744
   903    744
   904    744
   905    744
   906    744
   907    744
   908    744
   901    745
   902    745
   903    745
   904    745
   905    745
   906    745
   907    745
   908    745
   901    746
   902    746
   903    746
   904    746
   905    746
   906    746
   907    746
   908    746
   901    747
   902    747
   903    747
   904    747
   905    747
   906    747
   907    747
   908    747
   909    747
   901    748
   902    748
   903    748
   904    748
   905    748
   906    748
   907    748
   908    748
   901    749
   902    749
   903    749
   904    749
   905    749
   906    749
   907    749
   908    749
   909    749
   901    750
   902    750
   903    750
   904    750
   905    750
   906    750
   907    750
   908    750
   909    750
   901    751
   902    751
   903    751
   904    751
   905    751
   906    751
   907    751
   908    751
   909    751
   900    752
   901    752
   902    752
   903    752
   904    752
   905    752
   906    752
   907    752
   908    752
   909    752
   910    752
   899    753
   900    753
   901    753
   902    753
   903    753
   904    753
   905    753
   906    753
   907    753
   908    753
   909    753
   910    753
   911    753
   899    754
   900    754
   901    754
   902    754
   903    754
   904    754
   905    754
   906    754
   907    754
   908    754
   909    754
   910    754
   911    754
   912    754
   898    755
   899    755
   900    755
   901    755
   902    755
   903    755
   904    755
   905    755
   906    755
   907    755
   908    755
   909    755
   910    755
   911    755
   912    755
   913    755
   897    756
   898    756
   899    756
   900    756
   901    756
   902    756
   903    756
   904    756
   905    756
   906    756
   907    756
   908    756
   909    756
   910    756
   911    756
   912    756
   913    756
   914    756
   915    756
   895    757
   896    757
   897    757
   898    757
   899    757
   900    757
   901    757
   902    757
   903    757
   904    757
   905    757
   906    757
   907    757
   908    757
   909    757
   910    757
   911    757
   912    757
   913    757
   914    757
   915    757
   916    757
   917    757
   893    758
   894    758
   895    758
   896    758
   897    758
   898    758
   899    758
   900    758
   901    758
   902    758
   903    758
   904    758
   905    758
   906    758
   907    758
   908    758
   909    758
   910    758
   911    758
   912    758
   913    758
   914    758
   915    758
   916    758
   917    758
   918    758
   891    759
   892    759
   893    759
   894    759
   895    759
   896    759
   897    759
   898    759
   899    759
   900    759
   901    759
   902    759
   903    759
   904    759
   905    759
   906    759
   907    759
   908    759
   909    759
   910    759
   911    759
   912    759
   913    759
   914    759
   915    759
   916    759
   917    759
   918    759
   919    759
   889    760
   890    760
   891    760
   892    760
   895    760
   896    760
   897    760
   898    760
   899    760
   900    760
   901    760
   902    760
   903    760
   904    760
   905    760
   906    760
   907    760
   908    760
   911    760
   912    760
   913    760
   914    760
   915    760
   916    760
   917    760
   918    760
   919    760
   920    760
   921    760
   887    761
   888    761
   889    761
   890    761
   894    761
   895    761
   896    761
   897    761
   899    761
   900    761
   901    761
   902    761
   903    761
   904    761
   905    761
   906    761
   907    761
   908    761
   909    761
   913    761
   914    761
   915    761
   916    761
   917    761
   918    761
   919    761
   920    761
   921    761
   922    761
   923    761
   885    762
   886    762
   887    762
   888    762
   889    762
   899    762
   900    762
   901    762
   902    762
   903    762
   904    762
   905    762
   906    762
   907    762
   908    762
   915    762
   916    762
   917    762
   918    762
   919    762
   920    762
   921    762
   922    762
   923    762
   924    762
   925    762
   882    763
   883    763
   884    763
   885    763
   886    763
   887    763
   890    763
   891    763
   892    763
   899    763
   900    763
   901    763
   902    763
   903    763
   904    763
   905    763
   906    763
   907    763
   908    763
   909    763
   917    763
   918    763
   919    763
   920    763
   921    763
   922    763
   923    763
   924    763
   925    763
   926    763
   927    763
   879    764
   880    764
   881    764
   882    764
   883    764
   884    764
   899    764
   900    764
   901    764
   902    764
   903    764
   904    764
   905    764
   906    764
   907    764
   908    764
   919    764
   920    764
   921    764
   922    764
   923    764
   924    764
   925    764
   926    764
   927    764
   928    764
   929    764
   877    765
   878    765
   879    765
   880    765
   899    765
   900    765
   901    765
   902    765
   903    765
   904    765
   905    765
   906    765
   907    765
   908    765
   921    765
   922    765
   923    765
   924    765
   925    765
   926    765
   927    765
   928    765
   929    765
   930    765
   931    765
   932    765
   874    766
   875    766
   876    766
   882    766
   883    766
   898    766
   899    766
   900    766
   901    766
   902    766
   903    766
   904    766
   905    766
   906    766
   907    766
   908    766
   923    766
   924    766
   925    766
   926    766
   927    766
   928    766
   929    766
   930    766
   931    766
   932    766
   933    766
   934    766
   944    766
   945    766
   946    766
   947    766
   948    766
   949    766
   958    766
   959    766
   870    767
   871    767
   880    767
   881    767
   898    767
   899    767
   900    767
   901    767
   902    767
   903    767
   904    767
   905    767
   906    767
   907    767
   908    767
   915    767
   916    767
   917    767
   918    767
   919    767
   920    767
   921    767
   925    767
   926    767
   927    767
   928    767
   929    767
   930    767
   931    767
   932    767
   933    767
   934    767
   935    767
   936    767
   937    767
   944    767
   945    767
   946    767
   950    767
   951    767
   952    767
   953    767
   954    767
   955    767
   867    768
   868    768
   869    768
   897    768
   898    768
   899    768
   900    768
   901    768
   902    768
   903    768
   904    768
   905    768
   906    768
   907    768
   908    768
   918    768
   919    768
   920    768
   921    768
   922    768
   923    768
   924    768
   928    768
   929    768
   930    768
   931    768
   932    768
   933    768
   934    768
   935    768
   936    768
   937    768
   938    768
   939    768
   940    768
   947    768
   948    768
   949    768
   950    768
   951    768
   952    768
   953    768
   954    768
   955    768
   956    768
   957    768
   958    768
   864    769
   865    769
   866    769
   897    769
   898    769
   899    769
   900    769
   901    769
   902    769
   903    769
   904    769
   905    769
   906    769
   907    769
   915    769
   916    769
   917    769
   918    769
   919    769
   920    769
   921    769
   922    769
   923    769
   924    769
   925    769
   926    769
   931    769
   932    769
   933    769
   934    769
   935    769
   936    769
   937    769
   938    769
   939    769
   940    769
   941    769
   942    769
   950    769
   951    769
   952    769
   953    769
   954    769
   955    769
   956    769
   957    769
   958    769
   959    769
   960    769
   961    769
   897    770
   898    770
   899    770
   900    770
   901    770
   902    770
   903    770
   904    770
   905    770
   906    770
   907    770
   908    770
   918    770
   919    770
   920    770
   921    770
   922    770
   923    770
   924    770
   925    770
   926    770
   927    770
   928    770
   929    770
   935    770
   936    770
   937    770
   938    770
   939    770
   940    770
   941    770
   942    770
   943    770
   944    770
   945    770
   946    770
   954    770
   955    770
   956    770
   957    770
   958    770
   959    770
   960    770
   961    770
   962    770
   963    770
   964    770
   897    771
   898    771
   899    771
   900    771
   901    771
   902    771
   903    771
   904    771
   905    771
   906    771
   907    771
   908    771
   922    771
   923    771
   924    771
   925    771
   926    771
   927    771
   928    771
   929    771
   930    771
   931    771
   932    771
   936    771
   937    771
   938    771
   939    771
   940    771
   941    771
   942    771
   943    771
   944    771
   945    771
   946    771
   947    771
   948    771
   949    771
   957    771
   958    771
   959    771
   960    771
   961    771
   962    771
   963    771
   964    771
   965    771
   966    771
   967    771
   968    771
   969    771
   898    772
   899    772
   900    772
   901    772
   902    772
   903    772
   904    772
   905    772
   906    772
   907    772
   908    772
   925    772
   926    772
   928    772
   929    772
   930    772
   931    772
   932    772
   933    772
   934    772
   935    772
   941    772
   942    772
   943    772
   944    772
   945    772
   946    772
   947    772
   948    772
   949    772
   950    772
   951    772
   952    772
   953    772
   961    772
   962    772
   963    772
   964    772
   965    772
   966    772
   967    772
   968    772
   969    772
   970    772
   971    772
   972    772
   973    772
   897    773
   898    773
   899    773
   900    773
   901    773
   902    773
   903    773
   904    773
   905    773
   906    773
   907    773
   927    773
   928    773
   929    773
   930    773
   931    773
   932    773
   933    773
   934    773
   935    773
   936    773
   937    773
   938    773
   939    773
   944    773
   945    773
   946    773
   947    773
   948    773
   949    773
   950    773
   951    773
   952    773
   953    773
   954    773
   955    773
   956    773
   957    773
   965    773
   966    773
   967    773
   968    773
   969    773
   970    773
   971    773
   972    773
   973    773
   974    773
   975    773
   976    773
   977    773
   897    774
   898    774
   899    774
   900    774
   901    774
   902    774
   903    774
   904    774
   905    774
   906    774
   907    774
   908    774
   931    774
   932    774
   933    774
   934    774
   935    774
   936    774
   937    774
   938    774
   939    774
   940    774
   941    774
   942    774
   948    774
   949    774
   950    774
   951    774
   952    774
   953    774
   954    774
   955    774
   956    774
   957    774
   958    774
   959    774
   960    774
   969    774
   970    774
   971    774
   972    774
   973    774
   974    774
   975    774
   976    774
   977    774
   978    774
   979    774
   980    774
   981    774
   897    775
   898    775
   899    775
   900    775
   901    775
   902    775
   903    775
   904    775
   905    775
   906    775
   907    775
   934    775
   935    775
   936    775
   937    775
   938    775
   939    775
   940    775
   941    775
   942    775
   943    775
   944    775
   945    775
   946    775
   952    775
   953    775
   954    775
   955    775
   956    775
   957    775
   958    775
   959    775
   960    775
   961    775
   962    775
   963    775
   964    775
   965    775
   973    775
   974    775
   975    775
   976    775
   977    775
   978    775
   979    775
   980    775
   981    775
   982    775
   983    775
   984    775
   985    775
   897    776
   898    776
   899    776
   900    776
   901    776
   902    776
   903    776
   904    776
   905    776
   906    776
   907    776
   938    776
   939    776
   940    776
   944    776
   945    776
   946    776
   947    776
   948    776
   949    776
   950    776
   955    776
   956    776
   957    776
   958    776
   959    776
   960    776
   961    776
   962    776
   963    776
   964    776
   965    776
   966    776
   967    776
   968    776
   969    776
   978    776
   979    776
   980    776
   981    776
   982    776
   983    776
   984    776
   986    776
   987    776
   988    776
   989    776
   990    776
   897    777
   898    777
   899    777
   900    777
   901    777
   902    777
   903    777
   904    777
   905    777
   906    777
   942    777
   943    777
   944    777
   945    777
   948    777
   949    777
   950    777
   951    777
   952    777
   953    777
   961    777
   962    777
   963    777
   964    777
   968    777
   969    777
   970    777
   971    777
   972    777
   973    777
   974    777
   982    777
   983    777
   984    777
   985    777
   986    777
   987    777
   988    777
   989    777
   990    777
   991    777
   992    777
   993    777
   898    778
   899    778
   900    778
   901    778
   902    778
   903    778
   904    778
   905    778
   946    778
   947    778
   948    778
   949    778
   950    778
   951    778
   952    778
   953    778
   954    778
   955    778
   956    778
   957    778
   964    778
   965    778
   966    778
   971    778
   972    778
   973    778
   974    778
   975    778
   976    778
   977    778
   978    778
   986    778
   987    778
   988    778
   989    778
   990    778
   991    778
   902    779
   903    779
   904    779
   950    779
   951    779
   952    779
   957    779
   958    779
   959    779
   960    779
   961    779
   969    779
   970    779
   978    779
   979    779
   980    779
   981    779
   982    779
   992    779
   993    779
   994    779
   954    780
   955    780
   956    780
   957    780
   958    780
   959    780
   960    780
   961    780
   973    780
   974    780
   975    780
   982    780
   983    780
   984    780
   985    780
   986    780
   987    780
   985    781
   986    781
   987    781
   988    781
   989    781
   990    781
   991    781
   983    782
   984    782
   985    782
   986    782
   987    782
   988    782
   989    782
   990    782
   991    782
   992    782
   993    782
   994    782
   995    782
   996    782
   987    783
   988    783
   989    783
   990    783
   991    783
   992    783
   993    783
   994    783
   995    783
   996    783
   997    783
   998    783
   999    783
  1000    783
  1001    783
   992    784
   993    784
   994    784
   995    784
   996    784
   997    784
   998    784
   999    784
  1000    784
  1003    784
  1004    784
  1005    784
  1006    784
  1007    784
  1018    784
  1019    784
  1024    784
  1025    784
  1027    784
  1028    784
  1029    784
  1030    784
  1031    784
  1032    784
  1040    784
  1041    784
  1042    784
   996    785
   997    785
   998    785
   999    785
  1000    785
  1001    785
  1002    785
  1003    785
  1004    785
  1006    785
  1007    785
  1008    785
  1009    785
  1010    785
  1011    785
  1012    785
  1022    785
  1023    785
  1024    785
  1025    785
  1026    785
  1027    785
  1028    785
  1029    785
  1030    785
  1031    785
  1032    785
  1033    785
  1034    785
  1035    785
  1036    785
  1037    785
  1048    785
  1049    785
   987    786
   988    786
   989    786
   990    786
   991    786
   992    786
   993    786
  1002    786
  1003    786
  1004    786
  1005    786
  1006    786
  1007    786
  1008    786
  1009    786
  1010    786
  1012    786
  1013    786
  1014    786
  1015    786
  1016    786
  1017    786
  1027    786
  1028    786
  1029    786
  1030    786
  1031    786
  1032    786
  1033    786
  1034    786
  1035    786
  1036    786
  1037    786
  1038    786
  1039    786
  1040    786
  1041    786
  1042    786
  1052    786
  1053    786
  1054    786
   986    787
   988    787
   989    787
   990    787
   991    787
   992    787
   993    787
   994    787
   995    787
   996    787
   997    787
   998    787
  1006    787
  1007    787
  1008    787
  1009    787
  1010    787
  1011    787
  1012    787
  1013    787
  1014    787
  1015    787
  1016    787
  1017    787
  1018    787
  1019    787
  1020    787
  1021    787
  1033    787
  1034    787
  1035    787
  1036    787
  1037    787
  1038    787
  1039    787
  1040    787
  1041    787
  1042    787
  1043    787
  1044    787
  1045    787
  1046    787
  1047    787
  1048    787
   988    788
   989    788
   990    788
   991    788
   992    788
   993    788
   994    788
   995    788
   996    788
   997    788
   998    788
   999    788
  1000    788
  1001    788
  1002    788
  1010    788
  1011    788
  1012    788
  1013    788
  1014    788
  1015    788
  1016    788
  1017    788
  1018    788
  1019    788
  1020    788
  1021    788
  1022    788
  1023    788
  1024    788
  1025    788
  1026    788
  1039    788
  1040    788
  1041    788
  1042    788
  1043    788
  1044    788
  1045    788
  1046    788
  1047    788
  1048    788
  1049    788
  1050    788
  1051    788
  1052    788
  1053    788
  1054    788
   992    789
   993    789
   994    789
   995    789
   996    789
   997    789
   998    789
   999    789
  1000    789
  1001    789
  1002    789
  1003    789
  1004    789
  1005    789
  1006    789
  1015    789
  1016    789
  1017    789
  1018    789
  1019    789
  1020    789
  1021    789
  1022    789
  1023    789
  1024    789
  1025    789
  1026    789
  1027    789
  1028    789
  1029    789
  1030    789
  1031    789
  1032    789
  1033    789
  1043    789
  1044    789
  1045    789
  1046    789
  1047    789
  1048    789
  1049    789
  1050    789
  1051    789
  1052    789
  1053    789
  1054    789
  1055    789
  1056    789
  1057    789
  1058    789
  1059    789
  1060    789
  1069    789
  1070    789
  1071    789
  1072    789
  1073    789
   996    790
   997    790
   998    790
   999    790
  1000    790
  1001    790
  1002    790
  1003    790
  1004    790
  1005    790
  1006    790
  1007    790
  1008    790
  1009    790
  1010    790
  1021    790
  1022    790
  1023    790
  1024    790
  1025    790
  1026    790
  1027    790
  1028    790
  1029    790
  1030    790
  1031    790
  1032    790
  1033    790
  1034    790
  1035    790
  1036    790
  1037    790
  1049    790
  1050    790
  1051    790
  1052    790
  1053    790
  1054    790
  1055    790
  1056    790
  1057    790
  1058    790
  1059    790
  1060    790
  1061    790
  1062    790
  1063    790
  1064    790
  1001    791
  1002    791
  1003    791
  1004    791
  1005    791
  1006    791
  1007    791
  1008    791
  1009    791
  1010    791
  1011    791
  1012    791
  1013    791
  1014    791
  1015    791
  1016    791
  1027    791
  1028    791
  1029    791
  1030    791
  1031    791
  1032    791
  1033    791
  1034    791
  1035    791
  1036    791
  1037    791
  1038    791
  1039    791
  1040    791
  1041    791
  1042    791
  1043    791
  1054    791
  1055    791
  1056    791
  1057    791
  1058    791
  1059    791
  1060    791
  1061    791
  1062    791
  1063    791
  1064    791
  1065    791
  1066    791
  1067    791
  1068    791
  1069    791
  1070    791
  1088    791
  1089    791
  1090    791
  1091    791
  1006    792
  1007    792
  1008    792
  1009    792
  1016    792
  1017    792
  1018    792
  1019    792
  1020    792
  1021    792
  1022    792
  1032    792
  1033    792
  1034    792
  1035    792
  1036    792
  1037    792
  1038    792
  1039    792
  1040    792
  1041    792
  1042    792
  1043    792
  1044    792
  1045    792
  1046    792
  1047    792
  1048    792
  1049    792
  1050    792
  1061    792
  1062    792
  1063    792
  1064    792
  1065    792
  1066    792
  1067    792
  1068    792
  1069    792
  1070    792
  1071    792
  1072    792
  1073    792
  1074    792
  1075    792
  1076    792
  1077    792
  1078    792
  1091    792
  1092    792
  1093    792
