   949    766
   950    766
   951    766
   952    766
   958    766
   959    766
   947    767
   948    767
   949    767
   950    767
   951    767
   952    767
   953    767
   954    767
   955    767
   956    767
   949    768
   950    768
   951    768
   952    768
   953    768
   954    768
   955    768
   956    768
   957    768
   958    768
   959    768
   965    768
   966    768
   951    769
   952    769
   953    769
   954    769
   955    769
   956    769
   957    769
   958    769
   959    769
   960    769
   961    769
   962    769
   955    770
   956    770
   957    770
   958    770
   959    770
   960    770
   961    770
   962    770
   963    770
   964    770
   965    770
   966    770
   944    771
   945    771
   946    771
   947    771
   948    771
   949    771
   950    771
   951    771
   958    771
   959    771
   960    771
   961    771
   962    771
   963    771
   964    771
   965    771
   966    771
   967    771
   968    771
   969    771
   970    771
   978    771
   979    771
   945    772
   946    772
   947    772
   948    772
   949    772
   950    772
   951    772
   952    772
   953    772
   954    772
   963    772
   964    772
   965    772
   966    772
   967    772
   968    772
   969    772
   970    772
   971    772
   972    772
   973    772
   974    772
   975    772
   946    773
   947    773
   948    773
   949    773
   950    773
   951    773
   952    773
   953    773
   954    773
   955    773
   956    773
   957    773
   958    773
   967    773
   968    773
   969    773
   970    773
   971    773
   972    773
   973    773
   974    773
   975    773
   976    773
   977    773
   978    773
   949    774
   950    774
   951    774
   952    774
   953    774
   954    774
   955    774
   956    774
   957    774
   958    774
   959    774
   960    774
   961    774
   962    774
   970    774
   971    774
   972    774
   973    774
   974    774
   975    774
   976    774
   977    774
   978    774
   979    774
   980    774
   981    774
   982    774
   944    775
   945    775
   946    775
   947    775
   954    775
   955    775
   956    775
   957    775
   958    775
   959    775
   960    775
   961    775
   962    775
   963    775
   964    775
   965    775
   966    775
   967    775
   974    775
   975    775
   976    775
   977    775
   978    775
   979    775
   980    775
   981    775
   982    775
   984    775
   985    775
   986    775
   946    776
   947    776
   948    776
   949    776
   950    776
   951    776
   957    776
   958    776
   959    776
   960    776
   961    776
   962    776
   963    776
   964    776
   965    776
   966    776
   967    776
   968    776
   969    776
   970    776
   971    776
   979    776
   980    776
   981    776
   982    776
   983    776
   984    776
   987    776
   988    776
   989    776
   990    776
   991    776
   944    777
   945    777
   946    777
   947    777
   949    777
   950    777
   951    777
   952    777
   953    777
   954    777
   955    777
   962    777
   963    777
   964    777
   965    777
   966    777
   967    777
   968    777
   969    777
   970    777
   971    777
   972    777
   973    777
   974    777
   975    777
   985    777
   986    777
   987    777
   988    777
   989    777
   990    777
   991    777
   993    777
   994    777
   995    777
   948    778
   949    778
   950    778
   951    778
   955    778
   956    778
   957    778
   958    778
   959    778
   967    778
   968    778
   969    778
   970    778
   975    778
   976    778
   977    778
   978    778
   979    778
   980    778
   988    778
   989    778
   990    778
   991    778
   992    778
   993    778
   994    778
   952    779
   953    779
   954    779
   970    779
   971    779
   972    779
   978    779
   979    779
   980    779
   981    779
   982    779
   983    779
   984    779
   976    780
   977    780
   978    780
   982    780
   983    780
   984    780
   985    780
   986    780
   987    780
   988    780
   989    780
   980    781
   981    781
   982    781
   983    781
   984    781
   985    781
   986    781
   987    781
   988    781
   989    781
   990    781
   991    781
   992    781
   993    781
   994    781
   985    782
   986    782
   987    782
   988    782
   989    782
   990    782
   991    782
   992    782
   993    782
   994    782
   995    782
   996    782
   997    782
   998    782
   999    782
  1000    782
   990    783
   991    783
   992    783
   993    783
   994    783
   995    783
   996    783
   997    783
   998    783
   999    783
  1000    783
  1001    783
  1002    783
  1003    783
  1004    783
  1005    783
  1022    783
  1023    783
  1024    783
  1025    783
  1026    783
  1027    783
  1028    783
  1029    783
  1030    783
  1041    783
  1042    783
   994    784
   995    784
   996    784
   997    784
   998    784
   999    784
  1000    784
  1001    784
  1002    784
  1003    784
  1004    784
  1005    784
  1006    784
  1007    784
  1008    784
  1009    784
  1020    784
  1021    784
  1022    784
  1023    784
  1024    784
  1025    784
  1026    784
  1027    784
  1028    784
  1029    784
  1030    784
  1031    784
  1032    784
  1033    784
  1034    784
  1035    784
   983    785
   984    785
   985    785
   986    785
   987    785
   988    785
   989    785
   990    785
   991    785
   992    785
   999    785
  1000    785
  1001    785
  1002    785
  1003    785
  1004    785
  1005    785
  1006    785
  1007    785
  1008    785
  1009    785
  1010    785
  1011    785
  1012    785
  1013    785
  1014    785
  1015    785
  1025    785
  1026    785
  1027    785
  1028    785
  1029    785
  1030    785
  1031    785
  1032    785
  1033    785
  1034    785
  1035    785
  1036    785
  1037    785
  1038    785
  1039    785
  1040    785
  1050    785
  1051    785
   986    786
   987    786
   988    786
   989    786
   990    786
   991    786
   992    786
   993    786
   994    786
   995    786
   996    786
  1004    786
  1005    786
  1006    786
  1007    786
  1008    786
  1009    786
  1010    786
  1011    786
  1012    786
  1013    786
  1014    786
  1015    786
  1016    786
  1017    786
  1018    786
  1019    786
  1031    786
  1032    786
  1033    786
  1034    786
  1035    786
  1036    786
  1037    786
  1038    786
  1039    786
  1040    786
  1041    786
  1042    786
  1043    786
  1044    786
  1045    786
  1046    786
   986    787
   987    787
   988    787
   991    787
   992    787
   993    787
   994    787
   995    787
   996    787
   997    787
   998    787
   999    787
  1000    787
  1009    787
  1010    787
  1011    787
  1012    787
  1013    787
  1014    787
  1015    787
  1016    787
  1017    787
  1018    787
  1019    787
  1020    787
  1021    787
  1022    787
  1023    787
  1024    787
  1036    787
  1037    787
  1038    787
  1039    787
  1040    787
  1041    787
  1042    787
  1043    787
  1044    787
  1045    787
  1046    787
  1047    787
  1048    787
  1049    787
  1050    787
  1051    787
  1060    787
  1061    787
   990    788
   991    788
   992    788
   993    788
   994    788
   995    788
   996    788
   997    788
   998    788
   999    788
  1000    788
  1001    788
  1002    788
  1003    788
  1004    788
  1013    788
  1014    788
  1015    788
  1016    788
  1017    788
  1018    788
  1019    788
  1020    788
  1021    788
  1022    788
  1023    788
  1024    788
  1025    788
  1026    788
  1027    788
  1028    788
  1029    788
  1030    788
  1040    788
  1041    788
  1042    788
  1043    788
  1044    788
  1045    788
  1046    788
  1047    788
  1048    788
  1049    788
  1050    788
  1051    788
  1052    788
  1053    788
  1054    788
  1055    788
  1056    788
   994    789
   995    789
   996    789
   997    789
   998    789
   999    789
  1000    789
  1001    789
  1002    789
  1003    789
  1004    789
  1005    789
  1006    789
  1007    789
  1008    789
  1019    789
  1020    789
  1021    789
  1022    789
  1023    789
  1024    789
  1025    789
  1026    789
  1027    789
  1028    789
  1029    789
  1030    789
  1031    789
  1032    789
  1033    789
  1034    789
  1035    789
  1047    789
  1048    789
  1049    789
  1050    789
  1051    789
  1052    789
  1053    789
  1054    789
  1055    789
  1056    789
  1057    789
  1058    789
  1059    789
  1060    789
  1061    789
  1062    789
  1075    789
  1076    789
  1000    790
  1001    790
  1002    790
  1007    790
  1008    790
  1009    790
  1010    790
  1011    790
  1012    790
  1013    790
  1024    790
  1025    790
  1026    790
  1027    790
  1028    790
  1029    790
  1030    790
  1031    790
  1032    790
  1033    790
  1034    790
  1035    790
  1036    790
  1037    790
  1038    790
  1039    790
  1040    790
  1052    790
  1053    790
  1054    790
  1055    790
  1056    790
  1057    790
  1058    790
  1059    790
  1060    790
  1061    790
  1062    790
  1063    790
  1064    790
  1065    790
  1066    790
  1067    790
  1080    790
  1081    790
  1082    790
  1086    790
  1005    791
  1006    791
  1007    791
  1014    791
  1015    791
  1016    791
  1017    791
  1018    791
  1019    791
  1030    791
  1031    791
  1032    791
  1033    791
  1034    791
  1035    791
  1036    791
  1037    791
  1038    791
  1039    791
  1040    791
  1041    791
  1042    791
  1043    791
  1044    791
  1045    791
  1046    791
  1047    791
  1059    791
  1060    791
  1061    791
  1062    791
  1063    791
  1064    791
  1065    791
  1066    791
  1067    791
  1068    791
  1069    791
  1070    791
  1071    791
  1072    791
  1073    791
  1074    791
  1075    791
  1076    791
  1088    791
  1089    791
  1090    791
  1091    791
  1094    791
  1012    792
  1013    792
  1014    792
  1016    792
  1017    792
  1018    792
  1019    792
  1020    792
  1021    792
  1022    792
  1023    792
  1024    792
  1025    792
  1026    792
  1037    792
  1038    792
  1039    792
  1040    792
  1041    792
  1042    792
  1043    792
  1044    792
  1045    792
  1046    792
  1047    792
  1048    792
  1049    792
  1050    792
  1051    792
  1052    792
  1053    792
  1054    792
  1066    792
  1067    792
  1068    792
  1069    792
  1070    792
  1071    792
  1072    792
  1073    792
  1074    792
  1075    792
  1076    792
  1077    792
  1078    792
  1079    792
  1080    792
  1081    792
  1082    792
  1093    792
  1094    792
  1095    792
  1096    792
  1097    792
  1098    792
  1099    792
  1104    792
  1105    792
