   906    706
   905    707
   906    707
   905    709
   906    709
   907    709
   905    710
   906    710
   905    711
   906    711
   905    712
   906    712
   907    712
   905    713
   906    713
   905    714
   906    714
   905    715
   906    715
   907    715
   904    716
   905    716
   906    716
   904    717
   905    717
   906    717
   904    718
   905    718
   906    718
   904    719
   905    719
   906    719
   904    720
   905    720
   906    720
   907    720
   908    720
   909    720
   903    721
   904    721
   905    721
   906    721
   907    721
   908    721
   903    722
   904    722
   905    722
   906    722
   907    722
   908    722
   904    723
   905    723
   906    723
   907    723
   903    724
   904    724
   905    724
   906    724
   907    724
   908    724
   903    725
   904    725
   905    725
   906    725
   907    725
   904    726
   905    726
   906    726
   907    726
   908    726
   903    727
   904    727
   905    727
   906    727
   907    727
   908    727
   903    728
   904    728
   905    728
   906    728
   907    728
   908    728
   909    728
   902    729
   903    729
   904    729
   905    729
   906    729
   907    729
   908    729
   902    730
   903    730
   904    730
   905    730
   906    730
   907    730
   908    730
   903    731
   904    731
   905    731
   906    731
   907    731
   908    731
   902    732
   903    732
   904    732
   905    732
   906    732
   907    732
   908    732
   902    733
   903    733
   904    733
   905    733
   906    733
   907    733
   908    733
   902    734
   903    734
   904    734
   905    734
   906    734
   907    734
   908    734
   909    734
   902    735
   903    735
   904    735
   905    735
   906    735
   907    735
   908    735
   902    736
   903    736
   904    736
   905    736
   906    736
   907    736
   908    736
   901    737
   902    737
   903    737
   904    737
   905    737
   906    737
   907    737
   908    737
   901    738
   902    738
   903    738
   904    738
   905    738
   906    738
   907    738
   908    738
   901    739
   902    739
   903    739
   904    739
   905    739
   906    739
   907    739
   908    739
   901    740
   902    740
   903    740
   904    740
   905    740
   906    740
   907    740
   908    740
   901    741
   902    741
   903    741
   904    741
   905    741
   906    741
   907    741
   908    741
   901    742
   902    742
   903    742
   904    742
   905    742
   906    742
   907    742
   908    742
   901    743
   902    743
   903    743
   904    743
   905    743
   906    743
   907    743
   908    743
   901    744
   902    744
   903    744
   904    744
   905    744
   906    744
   907    744
   908    744
   901    745
   902    745
   903    745
   904    745
   905    745
   906    745
   907    745
   908    745
   901    746
   902    746
   903    746
   904    746
   905    746
   906    746
   907    746
   908    746
   909    746
   901    747
   902    747
   903    747
   904    747
   905    747
   906    747
   907    747
   908    747
   909    747
   901    748
   902    748
   903    748
   904    748
   905    748
   906    748
   907    748
   908    748
   909    748
   901    749
   902    749
   903    749
   904    749
   905    749
   906    749
   907    749
   908    749
   909    749
   910    749
   900    750
   901    750
   902    750
   903    750
   904    750
   905    750
   906    750
   907    750
   908    750
   909    750
   910    750
   900    751
   901    751
   902    751
   903    751
   904    751
   905    751
   906    751
   907    751
   908    751
   909    751
   910    751
   911    751
   912    751
   898    752
   899    752
   900    752
   901    752
   902    752
   903    752
   904    752
   905    752
   906    752
   907    752
   908    752
   909    752
   910    752
   911    752
   912    752
   898    753
   899    753
   900    753
   901    753
   902    753
   903    753
   904    753
   905    753
   906    753
   907    753
   908    753
   909    753
   910    753
   911    753
   912    753
   913    753
   914    753
   896    754
   897    754
   898    754
   899    754
   900    754
   901    754
   902    754
   903    754
   904    754
   905    754
   906    754
   907    754
   908    754
   909    754
   910    754
   911    754
   912    754
   913    754
   914    754
   915    754
   895    755
   896    755
   897    755
   898    755
   899    755
   900    755
   901    755
   902    755
   903    755
   904    755
   905    755
   906    755
   907    755
   908    755
   909    755
   910    755
   911    755
   912    755
   913    755
   914    755
   915    755
   916    755
   917    755
   893    756
   894    756
   895    756
   896    756
   897    756
   898    756
   899    756
   900    756
   901    756
   902    756
   903    756
   904    756
   905    756
   906    756
   907    756
   908    756
   909    756
   910    756
   911    756
   912    756
   913    756
   914    756
   915    756
   916    756
   917    756
   918    756
   919    756
   890    757
   891    757
   892    757
   893    757
   894    757
   895    757
   896    757
   897    757
   898    757
   899    757
   900    757
   901    757
   902    757
   903    757
   904    757
   905    757
   906    757
   907    757
   908    757
   909    757
   911    757
   912    757
   913    757
   914    757
   915    757
   916    757
   917    757
   918    757
   919    757
   920    757
   921    757
   888    758
   889    758
   890    758
   893    758
   894    758
   895    758
   896    758
   897    758
   899    758
   900    758
   901    758
   902    758
   903    758
   904    758
   905    758
   906    758
   907    758
   908    758
   909    758
   913    758
   914    758
   915    758
   916    758
   917    758
   918    758
   919    758
   920    758
   921    758
   922    758
   893    759
   894    759
   899    759
   900    759
   901    759
   902    759
   903    759
   904    759
   905    759
   906    759
   907    759
   908    759
   909    759
   914    759
   915    759
   916    759
   917    759
   918    759
   919    759
   920    759
   921    759
   922    759
   923    759
   924    759
   899    760
   900    760
   901    760
   902    760
   903    760
   904    760
   905    760
   906    760
   907    760
   908    760
   916    760
   917    760
   918    760
   919    760
   920    760
   921    760
   922    760
   923    760
   924    760
   925    760
   926    760
   927    760
   899    761
   900    761
   901    761
   902    761
   903    761
   904    761
   905    761
   906    761
   907    761
   908    761
   909    761
   919    761
   920    761
   921    761
   922    761
   923    761
   924    761
   925    761
   926    761
   927    761
   928    761
   929    761
   899    762
   900    762
   901    762
   902    762
   903    762
   904    762
   905    762
   906    762
   907    762
   908    762
   921    762
   922    762
   923    762
   924    762
   925    762
   926    762
   927    762
   928    762
   929    762
   930    762
   931    762
   932    762
   898    763
   899    763
   900    763
   901    763
   902    763
   903    763
   904    763
   905    763
   906    763
   907    763
   908    763
   924    763
   925    763
   926    763
   927    763
   928    763
   929    763
   930    763
   931    763
   932    763
   933    763
   934    763
   944    763
   945    763
   946    763
   947    763
   948    763
   949    763
   950    763
   951    763
   958    763
   959    763
   960    763
   898    764
   899    764
   900    764
   901    764
   902    764
   903    764
   904    764
   905    764
   906    764
   907    764
   908    764
   917    764
   918    764
   919    764
   920    764
   921    764
   922    764
   927    764
   928    764
   929    764
   930    764
   931    764
   932    764
   933    764
   934    764
   935    764
   936    764
   937    764
   944    764
   945    764
   946    764
   947    764
   948    764
   949    764
   950    764
   951    764
   952    764
   953    764
   954    764
   955    764
   898    765
   899    765
   900    765
   901    765
   902    765
   903    765
   904    765
   905    765
   906    765
   907    765
   908    765
   917    765
   918    765
   919    765
   920    765
   921    765
   922    765
   923    765
   924    765
   925    765
   929    765
   930    765
   931    765
   932    765
   933    765
   934    765
   935    765
   936    765
   937    765
   938    765
   939    765
   940    765
   947    765
   948    765
   949    765
   950    765
   951    765
   952    765
   953    765
   954    765
   955    765
   956    765
   957    765
   958    765
   964    765
   965    765
   966    765
   967    765
   898    766
   899    766
   900    766
   901    766
   902    766
   903    766
   904    766
   905    766
   906    766
   907    766
   908    766
   917    766
   918    766
   919    766
   920    766
   921    766
   922    766
   923    766
   924    766
   925    766
   926    766
   927    766
   928    766
   932    766
   933    766
   934    766
   935    766
   936    766
   937    766
   938    766
   939    766
   940    766
   941    766
   942    766
   943    766
   951    766
   952    766
   953    766
   954    766
   955    766
   956    766
   957    766
   958    766
   959    766
   960    766
   961    766
   962    766
   898    767
   899    767
   900    767
   901    767
   902    767
   903    767
   904    767
   905    767
   906    767
   907    767
   908    767
   920    767
   921    767
   922    767
   923    767
   924    767
   925    767
   926    767
   927    767
   928    767
   929    767
   930    767
   931    767
   935    767
   936    767
   937    767
   938    767
   939    767
   940    767
   941    767
   942    767
   943    767
   944    767
   945    767
   946    767
   947    767
   955    767
   956    767
   957    767
   958    767
   959    767
   960    767
   961    767
   962    767
   963    767
   964    767
   965    767
   966    767
   898    768
   899    768
   900    768
   901    768
   902    768
   903    768
   904    768
   905    768
   906    768
   907    768
   908    768
   923    768
   924    768
   925    768
   926    768
   927    768
   928    768
   929    768
   930    768
   931    768
   932    768
   933    768
   934    768
   938    768
   939    768
   940    768
   941    768
   942    768
   943    768
   944    768
   945    768
   946    768
   947    768
   948    768
   949    768
   950    768
   951    768
   958    768
   959    768
   960    768
   961    768
   962    768
   963    768
   964    768
   965    768
   966    768
   967    768
   968    768
   969    768
   970    768
   977    768
   978    768
   979    768
   898    769
   899    769
   900    769
   901    769
   902    769
   903    769
   904    769
   905    769
   906    769
   907    769
   908    769
   927    769
   928    769
   929    769
   930    769
   932    769
   933    769
   934    769
   935    769
   936    769
   937    769
   942    769
   943    769
   944    769
   945    769
   946    769
   947    769
   948    769
   949    769
   950    769
   951    769
   952    769
   953    769
   954    769
   955    769
   962    769
   963    769
   964    769
   965    769
   966    769
   967    769
   968    769
   969    769
   970    769
   971    769
   972    769
   973    769
   981    769
   982    769
   897    770
   898    770
   899    770
   900    770
   901    770
   902    770
   903    770
   904    770
   905    770
   906    770
   907    770
   908    770
   930    770
   931    770
   932    770
   933    770
   934    770
   935    770
   936    770
   937    770
   938    770
   939    770
   940    770
   941    770
   946    770
   947    770
   948    770
   949    770
   950    770
   951    770
   952    770
   953    770
   954    770
   955    770
   956    770
   957    770
   958    770
   959    770
   966    770
   967    770
   968    770
   969    770
   970    770
   971    770
   972    770
   973    770
   974    770
   975    770
   976    770
   977    770
   978    770
   898    771
   899    771
   900    771
   901    771
   902    771
   903    771
   904    771
   905    771
   906    771
   907    771
   908    771
   933    771
   934    771
   935    771
   936    771
   937    771
   938    771
   939    771
   940    771
   941    771
   942    771
   943    771
   944    771
   950    771
   951    771
   952    771
   953    771
   954    771
   955    771
   956    771
   957    771
   958    771
   959    771
   960    771
   961    771
   962    771
   971    771
   972    771
   973    771
   974    771
   975    771
   976    771
   977    771
   978    771
   979    771
   980    771
   981    771
   982    771
   983    771
   898    772
   899    772
   900    772
   901    772
   902    772
   903    772
   904    772
   905    772
   906    772
   907    772
   908    772
   937    772
   938    772
   939    772
   943    772
   944    772
   945    772
   946    772
   947    772
   948    772
   954    772
   955    772
   956    772
   957    772
   958    772
   959    772
   960    772
   961    772
   962    772
   963    772
   964    772
   965    772
   966    772
   967    772
   975    772
   976    772
   977    772
   978    772
   979    772
   980    772
   981    772
   982    772
   983    772
   984    772
   985    772
   986    772
   987    772
   897    773
   898    773
   899    773
   900    773
   901    773
   902    773
   903    773
   904    773
   905    773
   906    773
   907    773
   908    773
   941    773
   942    773
   943    773
   946    773
   947    773
   948    773
   949    773
   950    773
   951    773
   952    773
   958    773
   959    773
   960    773
   961    773
   962    773
   967    773
   968    773
   969    773
   970    773
   971    773
   980    773
   981    773
   982    773
   983    773
   984    773
   985    773
   986    773
   989    773
   990    773
   991    773
   992    773
   897    774
   898    774
   899    774
   900    774
   901    774
   902    774
   903    774
   904    774
   905    774
   906    774
   907    774
   908    774
   945    774
   946    774
   947    774
   949    774
   950    774
   951    774
   952    774
   953    774
   954    774
   955    774
   956    774
   963    774
   964    774
   965    774
   971    774
   972    774
   973    774
   974    774
   975    774
   976    774
   985    774
   986    774
   987    774
   988    774
   989    774
   990    774
   991    774
   898    775
   899    775
   900    775
   901    775
   902    775
   903    775
   904    775
   905    775
   906    775
   907    775
   908    775
   909    775
   949    775
   950    775
   951    775
   956    775
   957    775
   958    775
   959    775
   960    775
   967    775
   968    775
   976    775
   977    775
   978    775
   979    775
   980    775
   981    775
   989    775
   990    775
   991    775
   992    775
   993    775
   994    775
   897    776
   898    776
   899    776
   900    776
   901    776
   902    776
   903    776
   904    776
   905    776
   906    776
   907    776
   908    776
   954    776
   972    776
   973    776
   980    776
   981    776
   982    776
   983    776
   984    776
   985    776
   986    776
   898    777
   899    777
   900    777
   901    777
   902    777
   903    777
   904    777
   905    777
   906    777
   907    777
   908    777
   909    777
   977    777
   978    777
   979    777
   980    777
   981    777
   982    777
   983    777
   984    777
   985    777
   986    777
   987    777
   988    777
   989    777
   990    777
  1023    777
  1024    777
  1025    777
   897    778
   898    778
   899    778
   900    778
   901    778
   902    778
   903    778
   904    778
   905    778
   906    778
   907    778
   908    778
   982    778
   983    778
   984    778
   985    778
   986    778
   987    778
   988    778
   989    778
   990    778
   991    778
   992    778
   993    778
   994    778
   995    778
   996    778
   897    779
   898    779
   899    779
   900    779
   901    779
   902    779
   903    779
   904    779
   905    779
   906    779
   907    779
   908    779
   909    779
   987    779
   988    779
   989    779
   990    779
   991    779
   992    779
   993    779
   994    779
   995    779
   996    779
   997    779
   998    779
   999    779
  1000    779
  1001    779
  1014    779
  1015    779
  1016    779
  1017    779
  1018    779
  1019    779
  1020    779
  1021    779
  1022    779
  1023    779
  1024    779
  1025    779
  1026    779
  1033    779
  1034    779
  1035    779
   897    780
   898    780
   899    780
   900    780
   901    780
   902    780
   903    780
   904    780
   905    780
   906    780
   907    780
   908    780
   992    780
   993    780
   994    780
   995    780
   996    780
   997    780
   998    780
   999    780
  1000    780
  1001    780
  1002    780
  1003    780
  1004    780
  1005    780
  1006    780
  1016    780
  1017    780
  1018    780
  1019    780
  1020    780
  1021    780
  1022    780
  1023    780
  1024    780
  1025    780
  1026    780
  1027    780
  1028    780
  1029    780
  1030    780
  1031    780
   897    781
   898    781
   899    781
   900    781
   901    781
   902    781
   903    781
   904    781
   905    781
   906    781
   907    781
   908    781
   983    781
   984    781
   985    781
   986    781
   987    781
   988    781
   989    781
   990    781
   997    781
   998    781
   999    781
  1000    781
  1001    781
  1002    781
  1003    781
  1004    781
  1005    781
  1006    781
  1007    781
  1008    781
  1009    781
  1010    781
  1011    781
  1012    781
  1022    781
  1023    781
  1024    781
  1025    781
  1026    781
  1027    781
  1028    781
  1029    781
  1030    781
  1031    781
  1032    781
  1033    781
  1034    781
  1035    781
   898    782
   899    782
   900    782
   901    782
   902    782
   903    782
   904    782
   905    782
   906    782
   907    782
   908    782
   981    782
   982    782
   983    782
   984    782
   985    782
   986    782
   987    782
   988    782
   989    782
   990    782
   991    782
   992    782
   993    782
   994    782
  1002    782
  1003    782
  1004    782
  1005    782
  1006    782
  1007    782
  1008    782
  1009    782
  1010    782
  1011    782
  1012    782
  1013    782
  1014    782
  1015    782
  1016    782
  1017    782
  1028    782
  1029    782
  1030    782
  1031    782
  1032    782
  1033    782
  1034    782
  1035    782
  1036    782
  1037    782
  1038    782
  1039    782
  1040    782
  1041    782
  1042    782
  1043    782
  1053    782
  1054    782
   896    783
   897    783
   898    783
   899    783
   900    783
   901    783
   902    783
   903    783
   904    783
   905    783
   906    783
   907    783
   908    783
   985    783
   986    783
   987    783
   988    783
   989    783
   990    783
   991    783
   992    783
   993    783
   994    783
   995    783
   996    783
   997    783
   998    783
  1007    783
  1008    783
  1009    783
  1010    783
  1011    783
  1012    783
  1013    783
  1014    783
  1015    783
  1016    783
  1017    783
  1018    783
  1019    783
  1020    783
  1021    783
  1022    783
  1023    783
  1034    783
  1035    783
  1036    783
  1037    783
  1038    783
  1039    783
  1040    783
  1041    783
  1042    783
  1043    783
  1044    783
  1045    783
  1046    783
  1047    783
  1048    783
  1049    783
   896    784
   897    784
   898    784
   900    784
   901    784
   902    784
   903    784
   904    784
   905    784
   906    784
   989    784
   990    784
   991    784
   992    784
   993    784
   994    784
   995    784
   996    784
   997    784
   998    784
   999    784
  1000    784
  1001    784
  1002    784
  1003    784
  1012    784
  1013    784
  1014    784
  1015    784
  1016    784
  1017    784
  1018    784
  1019    784
  1020    784
  1021    784
  1022    784
  1023    784
  1024    784
  1025    784
  1026    784
  1027    784
  1028    784
  1038    784
  1039    784
  1040    784
  1041    784
  1042    784
  1043    784
  1044    784
  1045    784
  1046    784
  1047    784
  1048    784
  1049    784
  1050    784
  1051    784
  1052    784
  1053    784
  1054    784
  1063    784
  1064    784
  1065    784
  1066    784
  1067    784
  1068    784
   993    785
   994    785
   995    785
   996    785
  1000    785
  1001    785
  1002    785
  1003    785
  1004    785
  1005    785
  1006    785
  1017    785
  1018    785
  1019    785
  1020    785
  1021    785
  1022    785
  1023    785
  1024    785
  1025    785
  1026    785
  1027    785
  1028    785
  1029    785
  1030    785
  1031    785
  1032    785
  1033    785
  1044    785
  1045    785
  1046    785
  1047    785
  1048    785
  1049    785
  1050    785
  1051    785
  1052    785
  1053    785
  1054    785
  1055    785
  1056    785
  1057    785
  1058    785
  1059    785
  1070    785
  1071    785
  1072    785
  1073    785
  1074    785
  1075    785
   998    786
   999    786
  1000    786
  1001    786
  1006    786
  1007    786
  1008    786
  1009    786
  1010    786
  1011    786
  1012    786
  1013    786
  1023    786
  1024    786
  1025    786
  1026    786
  1027    786
  1028    786
  1029    786
  1030    786
  1031    786
  1032    786
  1033    786
  1034    786
  1035    786
  1036    786
  1037    786
  1038    786
  1039    786
  1049    786
  1050    786
  1051    786
  1052    786
  1053    786
  1054    786
  1055    786
  1056    786
  1057    786
  1058    786
  1059    786
  1060    786
  1061    786
  1062    786
  1063    786
  1064    786
  1065    786
  1076    786
  1077    786
  1078    786
  1079    786
  1080    786
  1081    786
  1005    787
  1006    787
  1007    787
  1013    787
  1014    787
  1015    787
  1016    787
  1017    787
  1018    787
  1019    787
  1029    787
  1030    787
  1031    787
  1032    787
  1033    787
  1034    787
  1035    787
  1036    787
  1037    787
  1038    787
  1039    787
  1040    787
  1041    787
  1042    787
  1043    787
  1044    787
  1045    787
  1046    787
  1056    787
  1057    787
  1058    787
  1059    787
  1060    787
  1061    787
  1062    787
  1063    787
  1064    787
  1065    787
  1066    787
  1067    787
  1068    787
  1069    787
  1070    787
  1071    787
  1072    787
  1086    787
  1087    787
  1088    787
  1011    788
  1012    788
  1013    788
  1015    788
  1016    788
  1017    788
  1018    788
  1019    788
  1020    788
  1021    788
  1022    788
  1023    788
  1024    788
  1025    788
  1036    788
  1037    788
  1038    788
  1039    788
  1040    788
  1041    788
  1042    788
  1043    788
  1044    788
  1045    788
  1046    788
  1047    788
  1048    788
  1049    788
  1050    788
  1051    788
  1052    788
  1053    788
  1054    788
  1064    788
  1065    788
  1066    788
  1067    788
  1068    788
  1069    788
  1070    788
  1071    788
  1072    788
  1073    788
  1074    788
  1075    788
  1076    788
  1077    788
  1078    788
  1079    788
  1092    788
  1093    788
  1094    788
  1095    788
  1096    788
  1018    789
  1019    789
  1020    789
  1021    789
  1022    789
  1028    789
  1029    789
  1030    789
  1031    789
  1043    789
  1044    789
  1045    789
  1046    789
  1047    789
  1048    789
  1049    789
  1050    789
  1051    789
  1052    789
  1053    789
  1054    789
  1055    789
  1056    789
  1057    789
  1058    789
  1059    789
  1060    789
  1071    789
  1072    789
  1073    789
  1074    789
  1075    789
  1076    789
  1077    789
  1078    789
  1079    789
  1080    789
  1081    789
  1082    789
  1083    789
  1084    789
  1085    789
  1086    789
  1087    789
  1103    789
  1104    789
  1105    789
  1106    789
  1107    789
  1025    790
  1026    790
  1027    790
  1028    790
  1033    790
  1034    790
  1035    790
  1036    790
  1037    790
  1038    790
  1050    790
  1051    790
  1052    790
  1053    790
  1054    790
  1055    790
  1056    790
  1057    790
  1058    790
  1059    790
  1060    790
  1061    790
  1062    790
  1063    790
  1064    790
  1065    790
  1066    790
  1067    790
  1080    790
  1081    790
  1082    790
  1083    790
  1084    790
  1085    790
  1086    790
  1087    790
  1088    790
  1089    790
  1090    790
  1091    790
  1092    790
  1093    790
  1094    790
  1095    790
  1096    790
  1097    790
  1108    790
  1109    790
  1110    790
  1111    790
  1112    790
  1113    790
  1114    790
  1032    791
  1033    791
  1034    791
  1035    791
  1042    791
  1043    791
  1044    791
  1045    791
  1046    791
  1056    791
  1057    791
  1058    791
  1059    791
  1060    791
  1061    791
  1062    791
  1063    791
  1064    791
  1065    791
  1066    791
  1067    791
  1068    791
  1069    791
  1070    791
  1071    791
  1072    791
  1073    791
  1074    791
  1075    791
  1088    791
  1089    791
  1090    791
  1091    791
  1092    791
  1093    791
  1094    791
  1095    791
  1096    791
  1097    791
  1098    791
  1099    791
  1100    791
  1101    791
  1102    791
  1103    791
  1104    791
  1039    792
  1040    792
  1041    792
  1042    792
  1047    792
  1048    792
  1049    792
  1050    792
  1051    792
  1052    792
  1053    792
  1054    792
  1063    792
  1064    792
  1065    792
  1066    792
  1067    792
  1068    792
  1069    792
  1070    792
  1071    792
  1072    792
  1073    792
  1074    792
  1075    792
  1076    792
  1077    792
  1078    792
  1079    792
  1080    792
  1081    792
  1082    792
  1083    792
  1084    792
  1096    792
  1097    792
  1098    792
  1099    792
  1100    792
  1101    792
  1102    792
  1103    792
  1104    792
  1105    792
  1106    792
  1107    792
  1108    792
  1109    792
  1110    792
  1111    792
  1112    792
