   905    705
   906    705
   907    705
   905    706
   906    706
   907    706
   905    707
   906    707
   907    707
   905    708
   906    708
   907    708
   905    709
   906    709
   907    709
   905    710
   906    710
   907    710
   905    711
   906    711
   907    711
   905    712
   906    712
   907    712
   905    713
   906    713
   905    714
   906    714
   907    714
   905    715
   906    715
   907    715
   904    716
   905    716
   906    716
   904    717
   905    717
   906    717
   904    718
   905    718
   906    718
   907    718
   904    719
   905    719
   906    719
   904    720
   905    720
   906    720
   907    720
   903    721
   904    721
   905    721
   906    721
   907    721
   908    721
   903    722
   904    722
   905    722
   906    722
   907    722
   908    722
   904    723
   905    723
   906    723
   907    723
   903    724
   904    724
   905    724
   906    724
   907    724
   908    724
   909    724
   903    725
   904    725
   905    725
   906    725
   907    725
   908    725
   904    726
   905    726
   906    726
   907    726
   908    726
   903    727
   904    727
   905    727
   906    727
   907    727
   908    727
   909    727
   903    728
   904    728
   905    728
   906    728
   907    728
   902    729
   903    729
   904    729
   905    729
   906    729
   907    729
   908    729
   903    730
   904    730
   905    730
   906    730
   907    730
   908    730
   903    731
   904    731
   905    731
   906    731
   907    731
   908    731
   902    732
   903    732
   904    732
   905    732
   906    732
   907    732
   908    732
   902    733
   903    733
   904    733
   905    733
   906    733
   907    733
   908    733
   902    734
   903    734
   904    734
   905    734
   906    734
   907    734
   908    734
   909    734
   902    735
   903    735
   904    735
   905    735
   906    735
   907    735
   908    735
   902    736
   903    736
   904    736
   905    736
   906    736
   907    736
   901    737
   902    737
   903    737
   904    737
   905    737
   906    737
   907    737
   901    738
   902    738
   903    738
   904    738
   905    738
   906    738
   907    738
   908    738
   901    739
   902    739
   903    739
   904    739
   905    739
   906    739
   907    739
   908    739
   901    740
   902    740
   903    740
   904    740
   905    740
   906    740
   907    740
   908    740
   901    741
   902    741
   903    741
   904    741
   905    741
   906    741
   907    741
   908    741
   901    742
   902    742
   903    742
   904    742
   905    742
   906    742
   907    742
   908    742
   901    743
   902    743
   903    743
   904    743
   905    743
   906    743
   907    743
   908    743
   901    744
   902    744
   903    744
   904    744
   905    744
   906    744
   907    744
   908    744
   901    745
   902    745
   903    745
   904    745
   905    745
   906    745
   907    745
   908    745
   901    746
   902    746
   903    746
   904    746
   905    746
   906    746
   907    746
   908    746
   901    747
   902    747
   903    747
   904    747
   905    747
   906    747
   907    747
   908    747
   909    747
   901    748
   902    748
   903    748
   904    748
   905    748
   906    748
   907    748
   908    748
   909    748
   901    749
   902    749
   903    749
   904    749
   905    749
   906    749
   907    749
   908    749
   909    749
   901    750
   902    750
   903    750
   904    750
   905    750
   906    750
   907    750
   908    750
   909    750
   900    751
   901    751
   902    751
   903    751
   904    751
   905    751
   906    751
   907    751
   908    751
   909    751
   910    751
   900    752
   901    752
   902    752
   903    752
   904    752
   905    752
   906    752
   907    752
   908    752
   909    752
   910    752
   899    753
   900    753
   901    753
   902    753
   903    753
   904    753
   905    753
   906    753
   907    753
   908    753
   909    753
   910    753
   911    753
   898    754
   899    754
   900    754
   901    754
   902    754
   903    754
   904    754
   905    754
   906    754
   907    754
   908    754
   909    754
   910    754
   911    754
   912    754
   913    754
   897    755
   898    755
   899    755
   900    755
   901    755
   902    755
   903    755
   904    755
   905    755
   906    755
   907    755
   908    755
   909    755
   910    755
   911    755
   912    755
   913    755
   914    755
   896    756
   897    756
   898    756
   899    756
   900    756
   901    756
   902    756
   903    756
   904    756
   905    756
   906    756
   907    756
   908    756
   909    756
   910    756
   911    756
   912    756
   913    756
   914    756
   915    756
   894    757
   895    757
   896    757
   897    757
   898    757
   899    757
   900    757
   901    757
   902    757
   903    757
   904    757
   905    757
   906    757
   907    757
   908    757
   909    757
   910    757
   911    757
   912    757
   913    757
   914    757
   915    757
   916    757
   917    757
   892    758
   893    758
   894    758
   895    758
   896    758
   897    758
   898    758
   899    758
   900    758
   901    758
   902    758
   903    758
   904    758
   905    758
   906    758
   907    758
   908    758
   909    758
   910    758
   911    758
   912    758
   913    758
   914    758
   915    758
   916    758
   917    758
   918    758
   919    758
   890    759
   891    759
   892    759
   893    759
   894    759
   895    759
   896    759
   897    759
   898    759
   899    759
   900    759
   901    759
   902    759
   903    759
   904    759
   905    759
   906    759
   907    759
   908    759
   909    759
   911    759
   912    759
   913    759
   914    759
   915    759
   916    759
   917    759
   918    759
   919    759
   920    759
   921    759
   888    760
   889    760
   890    760
   891    760
   894    760
   895    760
   896    760
   897    760
   899    760
   900    760
   901    760
   902    760
   903    760
   904    760
   905    760
   906    760
   907    760
   908    760
   913    760
   914    760
   915    760
   916    760
   917    760
   918    760
   919    760
   920    760
   921    760
   922    760
   885    761
   886    761
   887    761
   888    761
   889    761
   890    761
   893    761
   894    761
   895    761
   899    761
   900    761
   901    761
   902    761
   903    761
   904    761
   905    761
   906    761
   907    761
   908    761
   909    761
   914    761
   915    761
   916    761
   917    761
   918    761
   919    761
   920    761
   921    761
   922    761
   923    761
   924    761
   882    762
   883    762
   884    762
   885    762
   886    762
   887    762
   888    762
   889    762
   890    762
   891    762
   892    762
   899    762
   900    762
   901    762
   902    762
   903    762
   904    762
   905    762
   906    762
   907    762
   908    762
   916    762
   917    762
   918    762
   919    762
   920    762
   921    762
   922    762
   923    762
   924    762
   925    762
   926    762
   927    762
   881    763
   882    763
   887    763
   888    763
   889    763
   890    763
   899    763
   900    763
   901    763
   902    763
   903    763
   904    763
   905    763
   906    763
   907    763
   908    763
   918    763
   919    763
   920    763
   921    763
   922    763
   923    763
   924    763
   925    763
   926    763
   927    763
   928    763
   929    763
   877    764
   878    764
   885    764
   886    764
   887    764
   899    764
   900    764
   901    764
   902    764
   903    764
   904    764
   905    764
   906    764
   907    764
   908    764
   921    764
   922    764
   923    764
   924    764
   925    764
   926    764
   927    764
   928    764
   929    764
   930    764
   931    764
   875    765
   876    765
   883    765
   884    765
   899    765
   900    765
   901    765
   902    765
   903    765
   904    765
   905    765
   906    765
   907    765
   908    765
   923    765
   924    765
   925    765
   926    765
   927    765
   928    765
   929    765
   930    765
   931    765
   932    765
   933    765
   943    765
   944    765
   945    765
   946    765
   957    765
   958    765
   959    765
   872    766
   898    766
   899    766
   900    766
   901    766
   902    766
   903    766
   904    766
   905    766
   906    766
   907    766
   908    766
   915    766
   916    766
   917    766
   918    766
   919    766
   920    766
   921    766
   926    766
   927    766
   928    766
   929    766
   930    766
   931    766
   932    766
   933    766
   934    766
   935    766
   936    766
   943    766
   944    766
   945    766
   946    766
   947    766
   948    766
   949    766
   950    766
   951    766
   952    766
   953    766
   954    766
   955    766
   868    767
   869    767
   898    767
   899    767
   900    767
   901    767
   902    767
   903    767
   904    767
   905    767
   906    767
   907    767
   908    767
   916    767
   917    767
   918    767
   919    767
   920    767
   921    767
   922    767
   923    767
   928    767
   929    767
   930    767
   931    767
   932    767
   933    767
   934    767
   935    767
   936    767
   937    767
   938    767
   939    767
   946    767
   947    767
   948    767
   949    767
   950    767
   951    767
   952    767
   953    767
   954    767
   955    767
   956    767
   957    767
   865    768
   866    768
   898    768
   899    768
   900    768
   901    768
   902    768
   903    768
   904    768
   905    768
   906    768
   907    768
   908    768
   915    768
   916    768
   917    768
   920    768
   921    768
   922    768
   923    768
   924    768
   925    768
   926    768
   931    768
   932    768
   933    768
   934    768
   935    768
   936    768
   937    768
   938    768
   939    768
   940    768
   941    768
   942    768
   950    768
   951    768
   952    768
   953    768
   954    768
   955    768
   956    768
   957    768
   958    768
   959    768
   960    768
   898    769
   899    769
   900    769
   901    769
   902    769
   903    769
   904    769
   905    769
   906    769
   907    769
   908    769
   918    769
   919    769
   920    769
   921    769
   923    769
   924    769
   925    769
   926    769
   927    769
   928    769
   929    769
   933    769
   934    769
   935    769
   936    769
   937    769
   938    769
   939    769
   940    769
   941    769
   942    769
   943    769
   944    769
   945    769
   946    769
   953    769
   954    769
   955    769
   956    769
   957    769
   958    769
   959    769
   960    769
   961    769
   962    769
   963    769
   964    769
   965    769
   857    770
   858    770
   897    770
   898    770
   899    770
   900    770
   901    770
   902    770
   903    770
   904    770
   905    770
   906    770
   907    770
   908    770
   922    770
   923    770
   924    770
   926    770
   927    770
   928    770
   929    770
   930    770
   931    770
   932    770
   937    770
   938    770
   939    770
   940    770
   941    770
   942    770
   943    770
   944    770
   945    770
   946    770
   947    770
   948    770
   949    770
   957    770
   958    770
   959    770
   960    770
   961    770
   962    770
   963    770
   964    770
   965    770
   966    770
   967    770
   968    770
   853    771
   854    771
   855    771
   897    771
   898    771
   899    771
   900    771
   901    771
   902    771
   903    771
   904    771
   905    771
   906    771
   907    771
   908    771
   925    771
   926    771
   927    771
   929    771
   930    771
   931    771
   932    771
   933    771
   934    771
   935    771
   941    771
   942    771
   943    771
   944    771
   945    771
   946    771
   947    771
   948    771
   949    771
   950    771
   951    771
   952    771
   953    771
   961    771
   962    771
   963    771
   964    771
   965    771
   966    771
   967    771
   968    771
   969    771
   970    771
   971    771
   972    771
   849    772
   850    772
   898    772
   899    772
   900    772
   901    772
   902    772
   903    772
   904    772
   905    772
   906    772
   907    772
   908    772
   928    772
   929    772
   933    772
   934    772
   935    772
   936    772
   937    772
   938    772
   939    772
   944    772
   945    772
   946    772
   947    772
   948    772
   949    772
   950    772
   951    772
   952    772
   953    772
   954    772
   955    772
   956    772
   964    772
   965    772
   966    772
   967    772
   968    772
   969    772
   970    772
   971    772
   972    772
   973    772
   974    772
   975    772
   976    772
   855    773
   856    773
   897    773
   898    773
   899    773
   900    773
   901    773
   902    773
   903    773
   904    773
   905    773
   906    773
   907    773
   908    773
   931    773
   932    773
   933    773
   934    773
   936    773
   937    773
   938    773
   939    773
   940    773
   941    773
   942    773
   948    773
   949    773
   950    773
   951    773
   952    773
   953    773
   954    773
   955    773
   956    773
   957    773
   958    773
   959    773
   960    773
   969    773
   970    773
   971    773
   972    773
   973    773
   974    773
   975    773
   976    773
   977    773
   978    773
   979    773
   980    773
   981    773
   897    774
   898    774
   899    774
   900    774
   901    774
   902    774
   903    774
   904    774
   905    774
   906    774
   907    774
   908    774
   934    774
   935    774
   936    774
   937    774
   938    774
   939    774
   940    774
   941    774
   942    774
   943    774
   944    774
   945    774
   946    774
   952    774
   953    774
   954    774
   955    774
   956    774
   957    774
   958    774
   959    774
   960    774
   961    774
   962    774
   963    774
   964    774
   973    774
   974    774
   975    774
   976    774
   977    774
   978    774
   979    774
   980    774
   981    774
   982    774
   983    774
   984    774
   985    774
   897    775
   898    775
   899    775
   900    775
   901    775
   902    775
   903    775
   904    775
   905    775
   906    775
   907    775
   908    775
   938    775
   939    775
   940    775
   944    775
   945    775
   946    775
   947    775
   948    775
   949    775
   956    775
   957    775
   958    775
   959    775
   960    775
   963    775
   964    775
   965    775
   966    775
   967    775
   968    775
   969    775
   977    775
   978    775
   979    775
   980    775
   981    775
   982    775
   983    775
   984    775
   985    775
   986    775
   987    775
   988    775
   897    776
   898    776
   899    776
   900    776
   901    776
   902    776
   903    776
   904    776
   905    776
   906    776
   907    776
   908    776
   943    776
   944    776
   948    776
   949    776
   950    776
   951    776
   952    776
   953    776
   961    776
   962    776
   963    776
   966    776
   967    776
   968    776
   969    776
   970    776
   971    776
   972    776
   973    776
   983    776
   984    776
   985    776
   986    776
   987    776
   988    776
   989    776
   990    776
   991    776
   992    776
   993    776
   897    777
   898    777
   899    777
   900    777
   901    777
   902    777
   903    777
   904    777
   905    777
   906    777
   907    777
   908    777
   947    777
   948    777
   949    777
   951    777
   952    777
   953    777
   954    777
   955    777
   956    777
   957    777
   958    777
   965    777
   966    777
   972    777
   973    777
   974    777
   975    777
   976    777
   977    777
   987    777
   988    777
   989    777
   990    777
   991    777
   897    778
   898    778
   899    778
   900    778
   901    778
   902    778
   903    778
   904    778
   905    778
   906    778
   907    778
   908    778
   949    778
   950    778
   951    778
   952    778
   953    778
   956    778
   957    778
   958    778
   959    778
   968    778
   969    778
   970    778
   975    778
   978    778
   979    778
   980    778
   981    778
   982    778
   897    779
   898    779
   899    779
   900    779
   901    779
   902    779
   903    779
   904    779
   905    779
   906    779
   907    779
   955    779
   956    779
   957    779
   958    779
   959    779
   973    779
   974    779
   975    779
   981    779
   982    779
   983    779
   984    779
   985    779
   986    779
   898    780
   899    780
   900    780
   901    780
   902    780
   903    780
   904    780
   905    780
   906    780
   979    780
   980    780
   981    780
   982    780
   983    780
   984    780
   985    780
   986    780
   987    780
   988    780
   989    780
   990    780
   991    780
   899    781
   900    781
   901    781
   902    781
   903    781
   904    781
   905    781
   906    781
   983    781
   984    781
   985    781
   986    781
   987    781
   988    781
   989    781
   990    781
   991    781
   992    781
   993    781
   994    781
   995    781
   996    781
   997    781
   902    782
   903    782
   988    782
   989    782
   990    782
   991    782
   992    782
   993    782
   994    782
   995    782
   996    782
   999    782
  1000    782
  1001    782
  1002    782
  1021    782
  1022    782
  1023    782
  1024    782
  1025    782
  1026    782
  1027    782
   993    783
   994    783
   995    783
   996    783
   997    783
  1002    783
  1003    783
  1004    783
  1005    783
  1006    783
  1007    783
  1024    783
  1025    783
  1026    783
  1027    783
  1028    783
  1029    783
  1030    783
  1031    783
  1032    783
   984    784
   985    784
   986    784
   987    784
   988    784
   989    784
   990    784
   997    784
   998    784
   999    784
  1000    784
  1001    784
  1002    784
  1003    784
  1004    784
  1005    784
  1006    784
  1007    784
  1008    784
  1010    784
  1011    784
  1012    784
  1013    784
  1022    784
  1023    784
  1024    784
  1025    784
  1026    784
  1027    784
  1028    784
  1029    784
  1030    784
  1031    784
  1032    784
  1033    784
  1034    784
  1035    784
  1036    784
  1037    784
  1046    784
  1047    784
  1048    784
  1049    784
   988    785
   989    785
   990    785
   991    785
   992    785
   993    785
   994    785
  1003    785
  1004    785
  1005    785
  1006    785
  1007    785
  1008    785
  1009    785
  1011    785
  1012    785
  1013    785
  1014    785
  1015    785
  1016    785
  1028    785
  1029    785
  1030    785
  1031    785
  1032    785
  1033    785
  1034    785
  1035    785
  1036    785
  1037    785
  1038    785
  1039    785
  1040    785
  1041    785
  1042    785
   985    786
   986    786
   989    786
   990    786
   991    786
   992    786
   993    786
   994    786
   995    786
   996    786
   997    786
   998    786
  1008    786
  1009    786
  1010    786
  1011    786
  1012    786
  1013    786
  1014    786
  1015    786
  1016    786
  1017    786
  1018    786
  1019    786
  1020    786
  1021    786
  1022    786
  1034    786
  1035    786
  1036    786
  1037    786
  1038    786
  1039    786
  1040    786
  1041    786
  1042    786
  1043    786
  1044    786
  1045    786
  1046    786
  1047    786
  1048    786
   989    787
   990    787
   991    787
   993    787
   994    787
   995    787
   996    787
   997    787
   998    787
   999    787
  1000    787
  1001    787
  1002    787
  1011    787
  1012    787
  1013    787
  1014    787
  1015    787
  1016    787
  1017    787
  1018    787
  1019    787
  1020    787
  1021    787
  1022    787
  1023    787
  1024    787
  1025    787
  1026    787
  1027    787
  1028    787
  1039    787
  1040    787
  1041    787
  1042    787
  1043    787
  1044    787
  1045    787
  1046    787
  1047    787
  1048    787
  1049    787
  1050    787
  1051    787
  1052    787
  1053    787
  1054    787
   993    788
   994    788
   995    788
   996    788
  1003    788
  1004    788
  1005    788
  1006    788
  1016    788
  1017    788
  1018    788
  1019    788
  1020    788
  1021    788
  1022    788
  1023    788
  1024    788
  1025    788
  1026    788
  1027    788
  1028    788
  1029    788
  1030    788
  1031    788
  1032    788
  1033    788
  1045    788
  1046    788
  1047    788
  1048    788
  1049    788
  1050    788
  1051    788
  1052    788
  1053    788
  1054    788
  1055    788
  1056    788
  1057    788
  1058    788
  1059    788
   997    789
   998    789
   999    789
  1000    789
  1007    789
  1008    789
  1009    789
  1010    789
  1011    789
  1021    789
  1022    789
  1023    789
  1024    789
  1025    789
  1026    789
  1027    789
  1028    789
  1029    789
  1030    789
  1031    789
  1032    789
  1033    789
  1034    789
  1035    789
  1036    789
  1037    789
  1038    789
  1049    789
  1050    789
  1051    789
  1052    789
  1053    789
  1054    789
  1055    789
  1056    789
  1057    789
  1058    789
  1059    789
  1060    789
  1061    789
  1062    789
  1063    789
  1064    789
  1076    789
  1077    789
  1078    789
  1079    789
   992    790
  1003    790
  1004    790
  1011    790
  1012    790
  1013    790
  1014    790
  1015    790
  1016    790
  1028    790
  1029    790
  1030    790
  1031    790
  1032    790
  1033    790
  1034    790
  1035    790
  1036    790
  1037    790
  1038    790
  1039    790
  1040    790
  1041    790
  1042    790
  1043    790
  1044    790
  1055    790
  1056    790
  1057    790
  1058    790
  1059    790
  1060    790
  1061    790
  1062    790
  1063    790
  1064    790
  1065    790
  1066    790
  1067    790
  1068    790
  1069    790
  1070    790
  1071    790
  1084    790
  1085    790
  1086    790
  1087    790
  1010    791
  1011    791
  1012    791
  1015    791
  1017    791
  1018    791
  1019    791
  1020    791
  1021    791
  1022    791
  1023    791
  1024    791
  1035    791
  1036    791
  1037    791
  1038    791
  1039    791
  1040    791
  1041    791
  1042    791
  1043    791
  1044    791
  1045    791
  1046    791
  1047    791
  1048    791
  1049    791
  1050    791
  1051    791
  1052    791
  1062    791
  1063    791
  1064    791
  1065    791
  1066    791
  1067    791
  1068    791
  1069    791
  1070    791
  1071    791
  1072    791
  1073    791
  1074    791
  1075    791
  1076    791
  1077    791
  1078    791
  1016    792
  1017    792
  1018    792
  1019    792
  1020    792
  1023    792
  1024    792
  1025    792
  1026    792
  1027    792
  1028    792
  1029    792
  1030    792
  1041    792
  1042    792
  1043    792
  1044    792
  1045    792
  1046    792
  1047    792
  1048    792
  1049    792
  1050    792
  1051    792
  1052    792
  1053    792
  1054    792
  1055    792
  1056    792
  1057    792
  1058    792
  1059    792
  1060    792
  1069    792
  1070    792
  1071    792
  1072    792
  1073    792
  1074    792
  1075    792
  1076    792
  1077    792
  1078    792
  1079    792
  1080    792
  1081    792
  1082    792
  1083    792
  1084    792
  1085    792
  1086    792
