   905    713
   906    713
   905    714
   906    714
   905    715
   906    715
   904    716
   905    716
   906    716
   904    717
   905    717
   906    717
   904    718
   905    718
   906    718
   904    719
   905    719
   906    719
   904    720
   905    720
   906    720
   907    720
   903    721
   904    721
   905    721
   906    721
   907    721
   908    721
   903    722
   904    722
   905    722
   906    722
   907    722
   908    722
   904    723
   905    723
   906    723
   907    723
   908    723
   909    723
   903    724
   904    724
   905    724
   906    724
   907    724
   903    725
   904    725
   905    725
   906    725
   907    725
   904    726
   905    726
   906    726
   907    726
   903    727
   904    727
   905    727
   906    727
   907    727
   908    727
   903    728
   904    728
   905    728
   906    728
   907    728
   903    729
   904    729
   905    729
   906    729
   907    729
   903    730
   904    730
   905    730
   906    730
   907    730
   908    730
   903    731
   904    731
   905    731
   906    731
   907    731
   902    732
   903    732
   904    732
   905    732
   906    732
   907    732
   908    732
   902    733
   903    733
   904    733
   905    733
   906    733
   907    733
   908    733
   902    734
   903    734
   904    734
   905    734
   906    734
   907    734
   908    734
   902    735
   903    735
   904    735
   905    735
   906    735
   907    735
   908    735
   902    736
   903    736
   904    736
   905    736
   906    736
   907    736
   908    736
   901    737
   902    737
   903    737
   904    737
   905    737
   906    737
   907    737
   902    738
   903    738
   904    738
   905    738
   906    738
   907    738
   908    738
   902    739
   903    739
   904    739
   905    739
   906    739
   907    739
   901    740
   902    740
   903    740
   904    740
   905    740
   906    740
   907    740
   908    740
   901    741
   902    741
   903    741
   904    741
   905    741
   906    741
   907    741
   908    741
   901    742
   902    742
   903    742
   904    742
   905    742
   906    742
   907    742
   908    742
   901    743
   902    743
   903    743
   904    743
   905    743
   906    743
   907    743
   908    743
   901    744
   902    744
   903    744
   904    744
   905    744
   906    744
   907    744
   908    744
   900    745
   901    745
   902    745
   903    745
   904    745
   905    745
   906    745
   907    745
   908    745
   900    746
   901    746
   902    746
   903    746
   904    746
   905    746
   906    746
   907    746
   908    746
   901    747
   902    747
   903    747
   904    747
   905    747
   906    747
   907    747
   908    747
   900    748
   901    748
   902    748
   903    748
   904    748
   905    748
   906    748
   907    748
   908    748
   900    749
   901    749
   902    749
   903    749
   904    749
   905    749
   906    749
   907    749
   908    749
   900    750
   901    750
   902    750
   903    750
   904    750
   905    750
   906    750
   907    750
   908    750
   900    751
   901    751
   902    751
   903    751
   904    751
   905    751
   906    751
   907    751
   908    751
   901    752
   902    752
   903    752
   904    752
   905    752
   906    752
   907    752
   908    752
   900    753
   901    753
   902    753
   903    753
   904    753
   905    753
   906    753
   907    753
   908    753
   900    754
   901    754
   902    754
   903    754
   904    754
   905    754
   906    754
   907    754
   908    754
   909    754
   900    755
   901    755
   902    755
   903    755
   904    755
   905    755
   906    755
   907    755
   908    755
   909    755
   900    756
   901    756
   902    756
   903    756
   904    756
   905    756
   906    756
   907    756
   908    756
   909    756
   910    756
   899    757
   900    757
   901    757
   902    757
   903    757
   904    757
   905    757
   906    757
   907    757
   908    757
   909    757
   910    757
   899    758
   900    758
   901    758
   902    758
   903    758
   904    758
   905    758
   906    758
   907    758
   908    758
   909    758
   910    758
   911    758
   898    759
   899    759
   900    759
   901    759
   902    759
   903    759
   904    759
   905    759
   906    759
   907    759
   908    759
   909    759
   910    759
   911    759
   912    759
   897    760
   898    760
   899    760
   900    760
   901    760
   902    760
   903    760
   904    760
   905    760
   906    760
   907    760
   908    760
   909    760
   910    760
   911    760
   912    760
   913    760
   896    761
   897    761
   898    761
   899    761
   900    761
   901    761
   902    761
   903    761
   904    761
   905    761
   906    761
   907    761
   908    761
   909    761
   910    761
   911    761
   912    761
   913    761
   914    761
   895    762
   896    762
   897    762
   898    762
   899    762
   900    762
   901    762
   902    762
   903    762
   904    762
   905    762
   906    762
   907    762
   908    762
   909    762
   910    762
   911    762
   912    762
   913    762
   914    762
   915    762
   893    763
   894    763
   895    763
   896    763
   897    763
   898    763
   899    763
   900    763
   901    763
   902    763
   903    763
   904    763
   905    763
   906    763
   907    763
   908    763
   909    763
   910    763
   911    763
   912    763
   913    763
   914    763
   915    763
   916    763
   917    763
   891    764
   892    764
   893    764
   894    764
   895    764
   896    764
   897    764
   898    764
   899    764
   900    764
   901    764
   902    764
   903    764
   904    764
   905    764
   906    764
   907    764
   908    764
   909    764
   910    764
   911    764
   912    764
   913    764
   914    764
   915    764
   916    764
   917    764
   918    764
   919    764
   889    765
   890    765
   891    765
   892    765
   893    765
   894    765
   895    765
   896    765
   897    765
   898    765
   899    765
   900    765
   901    765
   902    765
   903    765
   904    765
   905    765
   906    765
   907    765
   908    765
   909    765
   910    765
   911    765
   912    765
   913    765
   914    765
   915    765
   916    765
   917    765
   918    765
   919    765
   920    765
   921    765
   887    766
   888    766
   889    766
   890    766
   891    766
   892    766
   893    766
   894    766
   895    766
   896    766
   897    766
   898    766
   899    766
   900    766
   901    766
   902    766
   903    766
   904    766
   905    766
   906    766
   907    766
   908    766
   909    766
   911    766
   912    766
   913    766
   914    766
   915    766
   916    766
   917    766
   918    766
   919    766
   920    766
   921    766
   922    766
   885    767
   886    767
   887    767
   888    767
   889    767
   890    767
   891    767
   892    767
   893    767
   894    767
   895    767
   899    767
   900    767
   901    767
   902    767
   903    767
   904    767
   905    767
   906    767
   907    767
   908    767
   913    767
   914    767
   915    767
   916    767
   917    767
   918    767
   919    767
   920    767
   921    767
   922    767
   923    767
   924    767
   883    768
   884    768
   885    768
   886    768
   887    768
   898    768
   899    768
   900    768
   901    768
   902    768
   903    768
   904    768
   905    768
   906    768
   907    768
   908    768
   909    768
   914    768
   915    768
   916    768
   917    768
   918    768
   919    768
   920    768
   921    768
   922    768
   923    768
   924    768
   925    768
   926    768
   880    769
   881    769
   882    769
   883    769
   884    769
   885    769
   886    769
   887    769
   888    769
   889    769
   890    769
   898    769
   899    769
   900    769
   901    769
   902    769
   903    769
   904    769
   905    769
   906    769
   907    769
   908    769
   917    769
   918    769
   919    769
   920    769
   921    769
   922    769
   923    769
   924    769
   925    769
   926    769
   927    769
   928    769
   880    770
   881    770
   882    770
   883    770
   884    770
   885    770
   886    770
   887    770
   888    770
   898    770
   899    770
   900    770
   901    770
   902    770
   903    770
   904    770
   905    770
   906    770
   907    770
   908    770
   919    770
   920    770
   921    770
   922    770
   923    770
   924    770
   925    770
   926    770
   927    770
   928    770
   929    770
   882    771
   883    771
   884    771
   885    771
   886    771
   898    771
   899    771
   900    771
   901    771
   902    771
   903    771
   904    771
   905    771
   906    771
   907    771
   908    771
   921    771
   922    771
   923    771
   924    771
   925    771
   926    771
   927    771
   928    771
   929    771
   930    771
   931    771
   932    771
   881    772
   882    772
   883    772
   884    772
   898    772
   899    772
   900    772
   901    772
   902    772
   903    772
   904    772
   905    772
   906    772
   907    772
   908    772
   922    772
   923    772
   924    772
   925    772
   926    772
   927    772
   928    772
   929    772
   930    772
   931    772
   932    772
   933    772
   934    772
   958    772
   959    772
   960    772
   897    773
   898    773
   899    773
   900    773
   901    773
   902    773
   903    773
   904    773
   905    773
   906    773
   907    773
   925    773
   926    773
   927    773
   928    773
   929    773
   930    773
   931    773
   932    773
   933    773
   934    773
   935    773
   936    773
   949    773
   950    773
   951    773
   952    773
   953    773
   954    773
   955    773
   962    773
   963    773
   897    774
   898    774
   899    774
   900    774
   901    774
   902    774
   903    774
   904    774
   905    774
   906    774
   907    774
   914    774
   915    774
   916    774
   917    774
   918    774
   919    774
   920    774
   921    774
   922    774
   927    774
   928    774
   929    774
   930    774
   931    774
   932    774
   933    774
   934    774
   935    774
   936    774
   937    774
   938    774
   939    774
   947    774
   948    774
   949    774
   950    774
   951    774
   952    774
   953    774
   954    774
   955    774
   956    774
   957    774
   958    774
   964    774
   965    774
   899    775
   900    775
   901    775
   902    775
   903    775
   904    775
   905    775
   913    775
   914    775
   915    775
   916    775
   917    775
   918    775
   919    775
   920    775
   921    775
   922    775
   923    775
   924    775
   929    775
   930    775
   931    775
   932    775
   933    775
   934    775
   935    775
   936    775
   937    775
   938    775
   939    775
   940    775
   941    775
   942    775
   950    775
   951    775
   952    775
   953    775
   954    775
   955    775
   956    775
   957    775
   958    775
   959    775
   960    775
   961    775
   967    775
   968    775
   901    776
   902    776
   903    776
   904    776
   916    776
   917    776
   918    776
   919    776
   920    776
   921    776
   922    776
   923    776
   924    776
   925    776
   926    776
   927    776
   932    776
   933    776
   934    776
   935    776
   936    776
   937    776
   938    776
   939    776
   940    776
   941    776
   942    776
   943    776
   944    776
   945    776
   953    776
   954    776
   955    776
   956    776
   957    776
   958    776
   959    776
   960    776
   961    776
   962    776
   963    776
   964    776
   914    777
   915    777
   916    777
   917    777
   918    777
   919    777
   920    777
   921    777
   922    777
   923    777
   924    777
   925    777
   926    777
   927    777
   928    777
   929    777
   935    777
   936    777
   937    777
   938    777
   939    777
   940    777
   941    777
   942    777
   943    777
   944    777
   945    777
   946    777
   947    777
   956    777
   957    777
   958    777
   959    777
   960    777
   961    777
   962    777
   963    777
   964    777
   965    777
   966    777
   967    777
   968    777
   917    778
   918    778
   919    778
   920    778
   921    778
   922    778
   923    778
   924    778
   925    778
   926    778
   927    778
   931    778
   932    778
   938    778
   939    778
   940    778
   941    778
   942    778
   943    778
   944    778
   945    778
   946    778
   947    778
   948    778
   949    778
   950    778
   959    778
   960    778
   961    778
   962    778
   963    778
   964    778
   965    778
   966    778
   967    778
   922    779
   923    779
   924    779
   925    779
   926    779
   927    779
   941    779
   942    779
   943    779
   944    779
   945    779
   946    779
   947    779
   948    779
   949    779
   950    779
   951    779
   952    779
   953    779
   954    779
   963    779
   964    779
   965    779
   966    779
   945    780
   946    780
   947    780
   948    780
   949    780
   950    780
   951    780
   952    780
   953    780
   954    780
   955    780
   956    780
   957    780
   948    781
   949    781
   950    781
   951    781
   952    781
   953    781
   954    781
   955    781
   956    781
   957    781
   958    781
   959    781
   960    781
   961    781
   951    782
   952    782
   953    782
   954    782
   955    782
   956    782
   957    782
   958    782
   959    782
   952    783
   953    783
   954    783
   955    783
   956    783
   957    783
   958    783
   959    783
   955    784
   956    784
   957    784
   958    784
   959    784
