   905    704
   906    704
   907    704
   905    705
   906    705
   907    705
   908    705
   909    705
   906    706
   907    706
   905    707
   906    707
   907    707
   908    707
   909    707
   905    708
   906    708
   907    708
   905    709
   906    709
   907    709
   906    710
   907    710
   905    711
   906    711
   907    711
   905    712
   906    712
   907    712
   905    713
   906    713
   905    714
   906    714
   907    714
   905    715
   906    715
   907    715
   904    716
   905    716
   906    716
   904    717
   905    717
   906    717
   904    718
   905    718
   906    718
   904    719
   905    719
   906    719
   904    720
   905    720
   906    720
   907    720
   903    721
   904    721
   905    721
   906    721
   907    721
   903    722
   904    722
   905    722
   906    722
   907    722
   908    722
   904    723
   905    723
   906    723
   907    723
   903    724
   904    724
   905    724
   906    724
   907    724
   903    725
   904    725
   905    725
   906    725
   907    725
   904    726
   905    726
   906    726
   907    726
   903    727
   904    727
   905    727
   906    727
   907    727
   908    727
   903    728
   904    728
   905    728
   906    728
   907    728
   903    729
   904    729
   905    729
   906    729
   907    729
   908    729
   903    730
   904    730
   905    730
   906    730
   907    730
   908    730
   903    731
   904    731
   905    731
   906    731
   907    731
   908    731
   902    732
   903    732
   904    732
   905    732
   906    732
   907    732
   908    732
   902    733
   903    733
   904    733
   905    733
   906    733
   907    733
   908    733
   902    734
   903    734
   904    734
   905    734
   906    734
   907    734
   908    734
   902    735
   903    735
   904    735
   905    735
   906    735
   907    735
   908    735
   902    736
   903    736
   904    736
   905    736
   906    736
   907    736
   902    737
   903    737
   904    737
   905    737
   906    737
   907    737
   908    737
   902    738
   903    738
   904    738
   905    738
   906    738
   907    738
   908    738
   902    739
   903    739
   904    739
   905    739
   906    739
   907    739
   901    740
   902    740
   903    740
   904    740
   905    740
   906    740
   907    740
   901    741
   902    741
   903    741
   904    741
   905    741
   906    741
   907    741
   908    741
   901    742
   902    742
   903    742
   904    742
   905    742
   906    742
   907    742
   908    742
   901    743
   902    743
   903    743
   904    743
   905    743
   906    743
   907    743
   908    743
   901    744
   902    744
   903    744
   904    744
   905    744
   906    744
   907    744
   900    745
   901    745
   902    745
   903    745
   904    745
   905    745
   906    745
   907    745
   908    745
   901    746
   902    746
   903    746
   904    746
   905    746
   906    746
   907    746
   908    746
   901    747
   902    747
   903    747
   904    747
   905    747
   906    747
   907    747
   908    747
   900    748
   901    748
   902    748
   903    748
   904    748
   905    748
   906    748
   907    748
   908    748
   901    749
   902    749
   903    749
   904    749
   905    749
   906    749
   907    749
   908    749
   900    750
   901    750
   902    750
   903    750
   904    750
   905    750
   906    750
   907    750
   908    750
   901    751
   902    751
   903    751
   904    751
   905    751
   906    751
   907    751
   908    751
   901    752
   902    752
   903    752
   904    752
   905    752
   906    752
   907    752
   908    752
   900    753
   901    753
   902    753
   903    753
   904    753
   905    753
   906    753
   907    753
   908    753
   909    753
   900    754
   901    754
   902    754
   903    754
   904    754
   905    754
   906    754
   907    754
   908    754
   909    754
   899    755
   900    755
   901    755
   902    755
   903    755
   904    755
   905    755
   906    755
   907    755
   908    755
   909    755
   910    755
   899    756
   900    756
   901    756
   902    756
   903    756
   904    756
   905    756
   906    756
   907    756
   908    756
   909    756
   910    756
   899    757
   900    757
   901    757
   902    757
   903    757
   904    757
   905    757
   906    757
   907    757
   908    757
   909    757
   910    757
   911    757
   912    757
   898    758
   899    758
   900    758
   901    758
   902    758
   903    758
   904    758
   905    758
   906    758
   907    758
   908    758
   909    758
   910    758
   911    758
   912    758
   913    758
   897    759
   898    759
   899    759
   900    759
   901    759
   902    759
   903    759
   904    759
   905    759
   906    759
   907    759
   908    759
   909    759
   910    759
   911    759
   912    759
   913    759
   895    760
   896    760
   897    760
   898    760
   899    760
   900    760
   901    760
   902    760
   903    760
   904    760
   905    760
   906    760
   907    760
   908    760
   909    760
   910    760
   911    760
   912    760
   913    760
   914    760
   915    760
   893    761
   894    761
   895    761
   896    761
   897    761
   898    761
   899    761
   900    761
   901    761
   902    761
   903    761
   904    761
   905    761
   906    761
   907    761
   908    761
   909    761
   910    761
   911    761
   912    761
   913    761
   914    761
   915    761
   916    761
   917    761
   892    762
   893    762
   894    762
   895    762
   896    762
   897    762
   898    762
   899    762
   900    762
   901    762
   902    762
   903    762
   904    762
   905    762
   906    762
   907    762
   908    762
   909    762
   910    762
   911    762
   912    762
   913    762
   914    762
   915    762
   916    762
   917    762
   918    762
   919    762
   890    763
   891    763
   892    763
   893    763
   894    763
   895    763
   896    763
   897    763
   898    763
   899    763
   900    763
   901    763
   902    763
   903    763
   904    763
   905    763
   906    763
   907    763
   908    763
   909    763
   910    763
   911    763
   912    763
   913    763
   914    763
   915    763
   916    763
   917    763
   918    763
   919    763
   920    763
   887    764
   888    764
   889    764
   890    764
   891    764
   892    764
   893    764
   894    764
   895    764
   896    764
   897    764
   898    764
   899    764
   900    764
   901    764
   902    764
   903    764
   904    764
   905    764
   906    764
   907    764
   908    764
   911    764
   912    764
   913    764
   914    764
   915    764
   916    764
   917    764
   918    764
   919    764
   920    764
   921    764
   922    764
   886    765
   887    765
   888    765
   889    765
   890    765
   891    765
   892    765
   893    765
   894    765
   895    765
   899    765
   900    765
   901    765
   902    765
   903    765
   904    765
   905    765
   906    765
   907    765
   908    765
   913    765
   914    765
   915    765
   916    765
   917    765
   918    765
   919    765
   920    765
   921    765
   922    765
   923    765
   924    765
   883    766
   884    766
   885    766
   886    766
   887    766
   888    766
   889    766
   890    766
   891    766
   892    766
   898    766
   899    766
   900    766
   901    766
   902    766
   903    766
   904    766
   905    766
   906    766
   907    766
   908    766
   915    766
   916    766
   917    766
   918    766
   919    766
   920    766
   921    766
   922    766
   923    766
   924    766
   925    766
   926    766
   881    767
   882    767
   883    767
   884    767
   885    767
   886    767
   890    767
   891    767
   898    767
   899    767
   900    767
   901    767
   902    767
   903    767
   904    767
   905    767
   906    767
   907    767
   908    767
   917    767
   918    767
   919    767
   920    767
   921    767
   922    767
   923    767
   924    767
   925    767
   926    767
   927    767
   928    767
   879    768
   880    768
   881    768
   882    768
   898    768
   899    768
   900    768
   901    768
   902    768
   903    768
   904    768
   905    768
   906    768
   907    768
   908    768
   919    768
   920    768
   921    768
   922    768
   923    768
   924    768
   925    768
   926    768
   927    768
   928    768
   929    768
   884    769
   885    769
   898    769
   899    769
   900    769
   901    769
   902    769
   903    769
   904    769
   905    769
   906    769
   907    769
   908    769
   921    769
   922    769
   923    769
   924    769
   925    769
   926    769
   927    769
   928    769
   929    769
   930    769
   931    769
   883    770
   897    770
   898    770
   899    770
   900    770
   901    770
   902    770
   903    770
   904    770
   905    770
   906    770
   907    770
   908    770
   923    770
   924    770
   925    770
   926    770
   927    770
   928    770
   929    770
   930    770
   931    770
   932    770
   933    770
   934    770
   880    771
   881    771
   898    771
   899    771
   900    771
   901    771
   902    771
   903    771
   904    771
   905    771
   906    771
   907    771
   915    771
   916    771
   917    771
   918    771
   919    771
   920    771
   925    771
   926    771
   927    771
   928    771
   929    771
   930    771
   931    771
   932    771
   933    771
   934    771
   935    771
   936    771
   937    771
   945    771
   950    771
   951    771
   952    771
   953    771
   954    771
   955    771
   956    771
   898    772
   899    772
   900    772
   901    772
   902    772
   903    772
   904    772
   905    772
   906    772
   907    772
   917    772
   918    772
   919    772
   920    772
   921    772
   922    772
   923    772
   928    772
   929    772
   930    772
   931    772
   932    772
   933    772
   934    772
   935    772
   936    772
   937    772
   938    772
   939    772
   947    772
   948    772
   949    772
   950    772
   951    772
   952    772
   953    772
   954    772
   955    772
   956    772
   957    772
   958    772
   959    772
   964    772
   965    772
   966    772
   897    773
   898    773
   899    773
   900    773
   901    773
   902    773
   903    773
   904    773
   905    773
   906    773
   918    773
   919    773
   920    773
   921    773
   922    773
   923    773
   924    773
   925    773
   931    773
   932    773
   933    773
   934    773
   935    773
   936    773
   937    773
   938    773
   939    773
   940    773
   941    773
   942    773
   951    773
   952    773
   953    773
   954    773
   955    773
   956    773
   957    773
   958    773
   959    773
   960    773
   961    773
   962    773
   897    774
   898    774
   899    774
   900    774
   901    774
   902    774
   903    774
   904    774
   905    774
   906    774
   917    774
   918    774
   919    774
   920    774
   921    774
   922    774
   923    774
   924    774
   925    774
   926    774
   927    774
   928    774
   933    774
   934    774
   935    774
   936    774
   937    774
   938    774
   939    774
   940    774
   941    774
   942    774
   943    774
   944    774
   945    774
   953    774
   954    774
   955    774
   956    774
   957    774
   958    774
   959    774
   960    774
   961    774
   962    774
   963    774
   964    774
   965    774
   902    775
   903    775
   904    775
   920    775
   921    775
   922    775
   923    775
   924    775
   925    775
   926    775
   927    775
   928    775
   929    775
   930    775
   931    775
   936    775
   937    775
   938    775
   939    775
   940    775
   941    775
   942    775
   943    775
   946    775
   947    775
   948    775
   957    775
   958    775
   959    775
   960    775
   961    775
   962    775
   963    775
   964    775
   965    775
   966    775
   967    775
   968    775
   969    775
   923    776
   924    776
   925    776
   926    776
   927    776
   928    776
   929    776
   930    776
   931    776
   932    776
   933    776
   934    776
   939    776
   940    776
   941    776
   942    776
   943    776
   947    776
   948    776
   949    776
   950    776
   951    776
   952    776
   960    776
   961    776
   962    776
   963    776
   964    776
   965    776
   966    776
   967    776
   968    776
   969    776
   970    776
   971    776
   972    776
   979    776
   980    776
   921    777
   922    777
   923    777
   924    777
   925    777
   926    777
   927    777
   928    777
   929    777
   930    777
   931    777
   932    777
   933    777
   934    777
   935    777
   936    777
   937    777
   942    777
   943    777
   944    777
   945    777
   950    777
   951    777
   952    777
   953    777
   954    777
   955    777
   964    777
   965    777
   966    777
   967    777
   968    777
   969    777
   970    777
   971    777
   972    777
   973    777
   974    777
   975    777
   976    777
   925    778
   926    778
   927    778
   928    778
   929    778
   930    778
   931    778
   932    778
   933    778
   937    778
   938    778
   939    778
   940    778
   946    778
   947    778
   948    778
   950    778
   951    778
   954    778
   955    778
   956    778
   957    778
   958    778
   959    778
   968    778
   969    778
   970    778
   971    778
   972    778
   973    778
   974    778
   975    778
   976    778
   977    778
   978    778
   979    778
   980    778
   981    778
   928    779
   929    779
   930    779
   931    779
   932    779
   933    779
   949    779
   950    779
   951    779
   955    779
   956    779
   957    779
   958    779
   959    779
   960    779
   961    779
   962    779
   971    779
   972    779
   973    779
   974    779
   975    779
   976    779
   977    779
   978    779
   979    779
   980    779
   981    779
   982    779
   983    779
   984    779
   953    780
   954    780
   960    780
   961    780
   962    780
   963    780
   964    780
   965    780
   966    780
   975    780
   976    780
   977    780
   978    780
   979    780
   980    780
   981    780
   982    780
   985    780
   986    780
   987    780
   988    780
   956    781
   957    781
   958    781
   959    781
   960    781
   961    781
   962    781
   963    781
   964    781
   965    781
   966    781
   967    781
   968    781
   969    781
   970    781
   980    781
   981    781
   982    781
   983    781
   984    781
   985    781
   986    781
   987    781
   989    781
   990    781
   991    781
   992    781
   960    782
   961    782
   962    782
   963    782
   964    782
   965    782
   966    782
   967    782
   968    782
   969    782
   970    782
   971    782
   972    782
   973    782
   974    782
   984    782
   985    782
   986    782
   987    782
   988    782
   989    782
   990    782
   991    782
   992    782
   993    782
   994    782
   995    782
   996    782
   965    783
   966    783
   967    783
   968    783
   969    783
   970    783
   971    783
   972    783
   973    783
   974    783
   975    783
   976    783
   977    783
   978    783
   989    783
   990    783
   991    783
   992    783
   993    783
   994    783
   995    783
   968    784
   969    784
   970    784
   971    784
   972    784
   973    784
   974    784
   975    784
   976    784
   977    784
   978    784
   979    784
   980    784
   981    784
   982    784
   983    784
   992    784
   993    784
   994    784
   995    784
   996    784
   967    785
   968    785
   971    785
   972    785
   973    785
   974    785
   975    785
   976    785
   977    785
   978    785
   979    785
   980    785
   981    785
   982    785
   983    785
   984    785
   985    785
   986    785
   971    786
   972    786
   973    786
   974    786
   975    786
   976    786
   977    786
   978    786
   979    786
   980    786
   981    786
   982    786
   983    786
   984    786
   987    786
   988    786
   989    786
   990    786
   991    786
   992    786
   976    787
   977    787
   978    787
   979    787
   980    787
   981    787
   982    787
   990    787
   991    787
   992    787
   993    787
   994    787
   995    787
   983    788
   984    788
   985    788
   986    788
   987    788
   988    788
   989    788
   990    788
   991    788
   996    788
   997    788
   998    788
   999    788
  1000    788
  1001    788
   989    789
   990    789
   991    789
   997    789
   998    789
   999    789
  1000    789
  1001    789
  1002    789
  1003    789
  1004    789
  1005    789
   995    790
   996    790
   997    790
   998    790
   999    790
  1000    790
  1009    790
  1010    790
  1030    790
  1031    790
  1032    790
  1033    790
  1034    790
  1035    790
  1036    790
  1037    790
  1038    790
   997    791
   998    791
  1002    791
  1003    791
  1004    791
  1005    791
  1006    791
  1007    791
  1014    791
  1015    791
  1016    791
  1027    791
  1028    791
  1029    791
  1030    791
  1031    791
  1032    791
  1033    791
  1034    791
  1035    791
  1036    791
  1037    791
  1038    791
  1039    791
  1040    791
  1041    791
  1042    791
  1002    792
  1003    792
  1004    792
  1005    792
  1006    792
  1018    792
  1019    792
  1020    792
  1032    792
  1033    792
  1034    792
  1035    792
  1036    792
  1037    792
  1038    792
  1039    792
  1040    792
  1041    792
  1042    792
  1043    792
  1044    792
  1045    792
  1046    792
  1047    792
