   907    705
   908    705
   909    705
   905    707
   906    707
   905    708
   906    708
   907    708
   905    709
   906    709
   907    709
   905    710
   906    710
   905    712
   906    712
   907    712
   905    713
   906    713
   905    714
   906    714
   905    715
   906    715
   907    715
   904    716
   905    716
   906    716
   904    717
   905    717
   906    717
   904    718
   905    718
   906    718
   904    719
   905    719
   906    719
   904    720
   905    720
   906    720
   907    720
   903    721
   904    721
   905    721
   906    721
   907    721
   908    721
   903    722
   904    722
   905    722
   906    722
   907    722
   908    722
   904    723
   905    723
   906    723
   907    723
   903    724
   904    724
   905    724
   906    724
   907    724
   904    725
   905    725
   906    725
   907    725
   904    726
   905    726
   906    726
   907    726
   903    727
   904    727
   905    727
   906    727
   907    727
   903    728
   904    728
   905    728
   906    728
   907    728
   903    729
   904    729
   905    729
   906    729
   907    729
   903    730
   904    730
   905    730
   906    730
   907    730
   908    730
   903    731
   904    731
   905    731
   906    731
   907    731
   908    731
   909    731
   902    732
   903    732
   904    732
   905    732
   906    732
   907    732
   908    732
   902    733
   903    733
   904    733
   905    733
   906    733
   907    733
   908    733
   902    734
   903    734
   904    734
   905    734
   906    734
   907    734
   908    734
   902    735
   903    735
   904    735
   905    735
   906    735
   907    735
   908    735
   902    736
   903    736
   904    736
   905    736
   906    736
   907    736
   908    736
   902    737
   903    737
   904    737
   905    737
   906    737
   907    737
   908    737
   902    738
   903    738
   904    738
   905    738
   906    738
   907    738
   908    738
   909    738
   902    739
   903    739
   904    739
   905    739
   906    739
   907    739
   908    739
   901    740
   902    740
   903    740
   904    740
   905    740
   906    740
   907    740
   908    740
   901    741
   902    741
   903    741
   904    741
   905    741
   906    741
   907    741
   908    741
   901    742
   902    742
   903    742
   904    742
   905    742
   906    742
   907    742
   908    742
   901    743
   902    743
   903    743
   904    743
   905    743
   906    743
   907    743
   908    743
   901    744
   902    744
   903    744
   904    744
   905    744
   906    744
   907    744
   908    744
   900    745
   901    745
   902    745
   903    745
   904    745
   905    745
   906    745
   907    745
   908    745
   901    746
   902    746
   903    746
   904    746
   905    746
   906    746
   907    746
   908    746
   901    747
   902    747
   903    747
   904    747
   905    747
   906    747
   907    747
   908    747
   900    748
   901    748
   902    748
   903    748
   904    748
   905    748
   906    748
   907    748
   908    748
   901    749
   902    749
   903    749
   904    749
   905    749
   906    749
   907    749
   908    749
   900    750
   901    750
   902    750
   903    750
   904    750
   905    750
   906    750
   907    750
   908    750
   901    751
   902    751
   903    751
   904    751
   905    751
   906    751
   907    751
   908    751
   909    751
   901    752
   902    752
   903    752
   904    752
   905    752
   906    752
   907    752
   908    752
   909    752
   900    753
   901    753
   902    753
   903    753
   904    753
   905    753
   906    753
   907    753
   908    753
   909    753
   900    754
   901    754
   902    754
   903    754
   904    754
   905    754
   906    754
   907    754
   908    754
   909    754
   910    754
   899    755
   900    755
   901    755
   902    755
   903    755
   904    755
   905    755
   906    755
   907    755
   908    755
   909    755
   910    755
   911    755
   899    756
   900    756
   901    756
   902    756
   903    756
   904    756
   905    756
   906    756
   907    756
   908    756
   909    756
   910    756
   911    756
   912    756
   898    757
   899    757
   900    757
   901    757
   902    757
   903    757
   904    757
   905    757
   906    757
   907    757
   908    757
   909    757
   910    757
   911    757
   912    757
   913    757
   897    758
   898    758
   899    758
   900    758
   901    758
   902    758
   903    758
   904    758
   905    758
   906    758
   907    758
   908    758
   909    758
   910    758
   911    758
   912    758
   913    758
   914    758
   895    759
   896    759
   897    759
   898    759
   899    759
   900    759
   901    759
   902    759
   903    759
   904    759
   905    759
   906    759
   907    759
   908    759
   909    759
   910    759
   911    759
   912    759
   913    759
   914    759
   915    759
   894    760
   895    760
   896    760
   897    760
   898    760
   899    760
   900    760
   901    760
   902    760
   903    760
   904    760
   905    760
   906    760
   907    760
   908    760
   909    760
   910    760
   911    760
   912    760
   913    760
   914    760
   915    760
   916    760
   917    760
   892    761
   893    761
   894    761
   895    761
   896    761
   897    761
   898    761
   899    761
   900    761
   901    761
   902    761
   903    761
   904    761
   905    761
   906    761
   907    761
   908    761
   909    761
   910    761
   911    761
   912    761
   913    761
   914    761
   915    761
   916    761
   917    761
   918    761
   919    761
   890    762
   891    762
   892    762
   893    762
   894    762
   895    762
   896    762
   897    762
   898    762
   899    762
   900    762
   901    762
   902    762
   903    762
   904    762
   905    762
   906    762
   907    762
   908    762
   909    762
   910    762
   911    762
   912    762
   913    762
   914    762
   915    762
   916    762
   917    762
   918    762
   919    762
   920    762
   888    763
   889    763
   890    763
   891    763
   892    763
   893    763
   894    763
   895    763
   896    763
   897    763
   898    763
   899    763
   900    763
   901    763
   902    763
   903    763
   904    763
   905    763
   906    763
   907    763
   908    763
   909    763
   911    763
   912    763
   913    763
   914    763
   915    763
   916    763
   917    763
   918    763
   919    763
   920    763
   921    763
   922    763
   885    764
   886    764
   887    764
   888    764
   889    764
   890    764
   891    764
   892    764
   893    764
   894    764
   895    764
   899    764
   900    764
   901    764
   902    764
   903    764
   904    764
   905    764
   906    764
   907    764
   908    764
   913    764
   914    764
   915    764
   916    764
   917    764
   918    764
   919    764
   920    764
   921    764
   922    764
   923    764
   924    764
   883    765
   884    765
   885    765
   886    765
   891    765
   892    765
   893    765
   899    765
   900    765
   901    765
   902    765
   903    765
   904    765
   905    765
   906    765
   907    765
   908    765
   915    765
   916    765
   917    765
   918    765
   919    765
   920    765
   921    765
   922    765
   923    765
   924    765
   925    765
   926    765
   881    766
   882    766
   883    766
   889    766
   890    766
   898    766
   899    766
   900    766
   901    766
   902    766
   903    766
   904    766
   905    766
   906    766
   907    766
   908    766
   909    766
   918    766
   919    766
   920    766
   921    766
   922    766
   923    766
   924    766
   925    766
   926    766
   927    766
   928    766
   877    767
   878    767
   879    767
   880    767
   887    767
   898    767
   899    767
   900    767
   901    767
   902    767
   903    767
   904    767
   905    767
   906    767
   907    767
   908    767
   919    767
   920    767
   921    767
   922    767
   923    767
   924    767
   925    767
   926    767
   927    767
   928    767
   929    767
   930    767
   875    768
   876    768
   884    768
   885    768
   898    768
   899    768
   900    768
   901    768
   902    768
   903    768
   904    768
   905    768
   906    768
   907    768
   908    768
   921    768
   922    768
   923    768
   924    768
   925    768
   926    768
   927    768
   928    768
   929    768
   930    768
   931    768
   932    768
   881    769
   882    769
   898    769
   899    769
   900    769
   901    769
   902    769
   903    769
   904    769
   905    769
   906    769
   907    769
   908    769
   923    769
   924    769
   925    769
   926    769
   927    769
   928    769
   929    769
   930    769
   931    769
   932    769
   933    769
   934    769
   935    769
   947    769
   948    769
   949    769
   950    769
   951    769
   878    770
   879    770
   880    770
   897    770
   898    770
   899    770
   900    770
   901    770
   902    770
   903    770
   904    770
   905    770
   906    770
   907    770
   908    770
   917    770
   918    770
   919    770
   920    770
   921    770
   927    770
   928    770
   929    770
   930    770
   931    770
   932    770
   933    770
   934    770
   935    770
   936    770
   937    770
   949    770
   950    770
   951    770
   952    770
   953    770
   954    770
   955    770
   956    770
   897    771
   898    771
   899    771
   900    771
   901    771
   902    771
   903    771
   904    771
   905    771
   906    771
   907    771
   918    771
   919    771
   920    771
   921    771
   922    771
   923    771
   924    771
   929    771
   930    771
   931    771
   932    771
   933    771
   934    771
   935    771
   936    771
   937    771
   938    771
   939    771
   940    771
   948    771
   949    771
   950    771
   951    771
   952    771
   953    771
   954    771
   955    771
   956    771
   957    771
   958    771
   959    771
   960    771
   964    771
   965    771
   966    771
   897    772
   898    772
   899    772
   900    772
   901    772
   902    772
   903    772
   904    772
   905    772
   906    772
   907    772
   916    772
   919    772
   920    772
   921    772
   922    772
   923    772
   924    772
   925    772
   926    772
   931    772
   932    772
   933    772
   934    772
   935    772
   936    772
   937    772
   938    772
   939    772
   940    772
   941    772
   942    772
   943    772
   951    772
   952    772
   953    772
   954    772
   955    772
   956    772
   957    772
   958    772
   959    772
   960    772
   961    772
   962    772
   963    772
   969    772
   970    772
   971    772
   897    773
   898    773
   899    773
   900    773
   901    773
   902    773
   903    773
   904    773
   905    773
   906    773
   918    773
   919    773
   920    773
   921    773
   922    773
   923    773
   924    773
   925    773
   926    773
   927    773
   928    773
   929    773
   934    773
   935    773
   936    773
   937    773
   938    773
   939    773
   940    773
   941    773
   942    773
   943    773
   944    773
   945    773
   946    773
   954    773
   955    773
   956    773
   957    773
   958    773
   959    773
   960    773
   961    773
   962    773
   963    773
   964    773
   965    773
   966    773
   972    773
   973    773
   974    773
   897    774
   898    774
   899    774
   900    774
   901    774
   902    774
   903    774
   904    774
   905    774
   906    774
   921    774
   922    774
   923    774
   924    774
   925    774
   926    774
   927    774
   928    774
   929    774
   930    774
   931    774
   932    774
   937    774
   938    774
   939    774
   940    774
   941    774
   942    774
   943    774
   944    774
   945    774
   946    774
   947    774
   948    774
   949    774
   958    774
   959    774
   960    774
   961    774
   962    774
   963    774
   964    774
   965    774
   966    774
   967    774
   968    774
   969    774
   970    774
   901    775
   902    775
   903    775
   904    775
   905    775
   924    775
   925    775
   926    775
   927    775
   928    775
   929    775
   930    775
   931    775
   932    775
   933    775
   934    775
   935    775
   940    775
   941    775
   942    775
   943    775
   944    775
   945    775
   946    775
   947    775
   948    775
   949    775
   950    775
   951    775
   952    775
   953    775
   961    775
   962    775
   963    775
   964    775
   965    775
   966    775
   967    775
   968    775
   969    775
   970    775
   971    775
   972    775
   973    775
   974    775
   927    776
   928    776
   929    776
   930    776
   931    776
   932    776
   933    776
   934    776
   935    776
   936    776
   937    776
   938    776
   939    776
   944    776
   945    776
   946    776
   947    776
   948    776
   949    776
   950    776
   951    776
   952    776
   953    776
   954    776
   955    776
   956    776
   965    776
   966    776
   967    776
   968    776
   969    776
   970    776
   971    776
   972    776
   973    776
   974    776
   975    776
   976    776
   977    776
   978    776
   985    776
   986    776
   930    777
   931    777
   932    777
   933    777
   934    777
   935    777
   936    777
   937    777
   938    777
   939    777
   940    777
   941    777
   947    777
   948    777
   949    777
   950    777
   951    777
   952    777
   953    777
   954    777
   955    777
   956    777
   957    777
   958    777
   959    777
   960    777
   969    777
   970    777
   971    777
   972    777
   973    777
   974    777
   975    777
   976    777
   977    777
   978    777
   979    777
   980    777
   981    777
   982    777
   989    777
   990    777
   991    777
   992    777
   928    778
   929    778
   932    778
   933    778
   934    778
   935    778
   936    778
   937    778
   938    778
   939    778
   940    778
   941    778
   942    778
   943    778
   944    778
   945    778
   951    778
   952    778
   953    778
   954    778
   955    778
   956    778
   957    778
   958    778
   959    778
   960    778
   961    778
   962    778
   963    778
   964    778
   973    778
   974    778
   975    778
   976    778
   977    778
   978    778
   979    778
   980    778
   981    778
   982    778
   983    778
   984    778
   985    778
   932    779
   933    779
   934    779
   935    779
   936    779
   937    779
   938    779
   939    779
   940    779
   941    779
   942    779
   946    779
   947    779
   954    779
   955    779
   956    779
   957    779
   959    779
   960    779
   961    779
   962    779
   963    779
   964    779
   965    779
   966    779
   967    779
   968    779
   977    779
   978    779
   979    779
   980    779
   981    779
   982    779
   987    779
   988    779
   989    779
   935    780
   936    780
   937    780
   938    780
   939    780
   940    780
   941    780
   942    780
   950    780
   951    780
   958    780
   959    780
   960    780
   961    780
   962    780
   963    780
   967    780
   968    780
   969    780
   970    780
   971    780
   972    780
   982    780
   983    780
   984    780
   985    780
   991    780
   992    780
   993    780
   994    780
   963    781
   964    781
   965    781
   969    781
   970    781
   971    781
   973    781
   974    781
   975    781
   976    781
   986    781
   987    781
   988    781
   989    781
   990    781
   991    781
   992    781
   993    781
   994    781
   995    781
   996    781
   997    781
   998    781
   966    782
   967    782
   968    782
   969    782
   970    782
   976    782
   977    782
   978    782
   979    782
   980    782
   991    782
   992    782
   993    782
   994    782
   995    782
   970    783
   971    783
   972    783
   973    783
   979    783
   980    783
   981    783
   982    783
   983    783
   984    783
   985    783
   975    784
   976    784
   977    784
   978    784
   985    784
   986    784
   987    784
   988    784
   989    784
   980    785
   981    785
   982    785
   988    785
   989    785
   990    785
   991    785
   992    785
   993    785
   994    785
  1030    785
   985    786
   986    786
   992    786
   993    786
   994    786
   995    786
   996    786
   997    786
   998    786
  1037    786
  1038    786
  1039    786
   989    787
   998    787
   999    787
  1000    787
  1001    787
  1002    787
  1003    787
  1004    787
   993    788
   994    788
   995    788
   996    788
   999    788
  1000    788
  1001    788
  1002    788
  1003    788
  1004    788
  1005    788
  1006    788
  1007    788
  1008    788
  1009    788
  1026    788
  1027    788
  1028    788
  1029    788
  1030    788
  1031    788
  1032    788
  1033    788
  1034    788
  1035    788
  1045    788
  1046    788
  1047    788
   999    789
  1000    789
  1001    789
  1002    789
  1003    789
  1004    789
  1005    789
  1006    789
  1007    789
  1008    789
  1009    789
  1010    789
  1011    789
  1012    789
  1013    789
  1014    789
  1025    789
  1026    789
  1027    789
  1028    789
  1029    789
  1030    789
  1031    789
  1032    789
  1033    789
  1034    789
  1035    789
  1036    789
  1037    789
  1038    789
  1039    789
  1040    789
  1003    790
  1004    790
  1005    790
  1006    790
  1007    790
  1008    790
  1009    790
  1010    790
  1011    790
  1017    790
  1018    790
  1019    790
  1029    790
  1030    790
  1031    790
  1032    790
  1033    790
  1034    790
  1035    790
  1036    790
  1037    790
  1038    790
  1039    790
  1040    790
  1041    790
  1042    790
  1043    790
  1044    790
  1045    790
  1055    790
  1056    790
  1057    790
  1008    791
  1009    791
  1010    791
  1011    791
  1020    791
  1021    791
  1022    791
  1023    791
  1035    791
  1036    791
  1037    791
  1038    791
  1039    791
  1040    791
  1041    791
  1042    791
  1043    791
  1044    791
  1045    791
  1046    791
  1047    791
  1048    791
  1049    791
  1050    791
  1051    791
  1063    791
  1064    791
  1013    792
  1014    792
  1015    792
  1021    792
  1022    792
  1023    792
  1024    792
  1025    792
  1026    792
  1027    792
  1028    792
  1029    792
  1040    792
  1041    792
  1042    792
  1043    792
  1044    792
  1045    792
  1046    792
  1047    792
  1048    792
  1049    792
  1050    792
  1051    792
  1052    792
  1053    792
  1054    792
  1055    792
  1056    792
  1057    792
  1067    792
