   905    705
   906    705
   907    705
   905    706
   906    706
   907    706
   905    707
   906    707
   907    707
   908    707
   905    708
   906    708
   907    708
   905    709
   906    709
   907    709
   905    711
   906    711
   907    711
   905    712
   906    712
   907    712
   905    713
   906    713
   905    714
   906    714
   907    714
   905    715
   906    715
   907    715
   904    716
   905    716
   906    716
   904    717
   905    717
   906    717
   907    717
   905    718
   906    718
   907    718
   904    719
   905    719
   906    719
   904    720
   905    720
   906    720
   907    720
   908    720
   909    720
   904    721
   905    721
   906    721
   907    721
   908    721
   904    722
   905    722
   906    722
   907    722
   908    722
   909    722
   904    723
   905    723
   906    723
   907    723
   908    723
   909    723
   903    724
   904    724
   905    724
   906    724
   907    724
   908    724
   903    725
   904    725
   905    725
   906    725
   907    725
   908    725
   909    725
   904    726
   905    726
   906    726
   907    726
   908    726
   903    727
   904    727
   905    727
   906    727
   907    727
   908    727
   903    728
   904    728
   905    728
   906    728
   907    728
   903    729
   904    729
   905    729
   906    729
   907    729
   908    729
   903    730
   904    730
   905    730
   906    730
   907    730
   908    730
   909    730
   903    731
   904    731
   905    731
   906    731
   907    731
   908    731
   909    731
   902    732
   903    732
   904    732
   905    732
   906    732
   907    732
   908    732
   902    733
   903    733
   904    733
   905    733
   906    733
   907    733
   908    733
   902    734
   903    734
   904    734
   905    734
   906    734
   907    734
   908    734
   902    735
   903    735
   904    735
   905    735
   906    735
   907    735
   908    735
   902    736
   903    736
   904    736
   905    736
   906    736
   907    736
   908    736
   901    737
   902    737
   903    737
   904    737
   905    737
   906    737
   907    737
   908    737
   901    738
   902    738
   903    738
   904    738
   905    738
   906    738
   907    738
   908    738
   902    739
   903    739
   904    739
   905    739
   906    739
   907    739
   908    739
   901    740
   902    740
   903    740
   904    740
   905    740
   906    740
   907    740
   908    740
   901    741
   902    741
   903    741
   904    741
   905    741
   906    741
   907    741
   908    741
   901    742
   902    742
   903    742
   904    742
   905    742
   906    742
   907    742
   908    742
   901    743
   902    743
   903    743
   904    743
   905    743
   906    743
   907    743
   908    743
   901    744
   902    744
   903    744
   904    744
   905    744
   906    744
   907    744
   908    744
   900    745
   901    745
   902    745
   903    745
   904    745
   905    745
   906    745
   907    745
   908    745
   900    746
   901    746
   902    746
   903    746
   904    746
   905    746
   906    746
   907    746
   908    746
   900    747
   901    747
   902    747
   903    747
   904    747
   905    747
   906    747
   907    747
   908    747
   900    748
   901    748
   902    748
   903    748
   904    748
   905    748
   906    748
   907    748
   908    748
   900    749
   901    749
   902    749
   903    749
   904    749
   905    749
   906    749
   907    749
   900    750
   901    750
   902    750
   903    750
   904    750
   905    750
   906    750
   907    750
   900    751
   901    751
   902    751
   903    751
   904    751
   905    751
   906    751
   907    751
   908    751
   900    752
   901    752
   902    752
   903    752
   904    752
   905    752
   906    752
   907    752
   908    752
   900    753
   901    753
   902    753
   903    753
   904    753
   905    753
   906    753
   907    753
   908    753
   900    754
   901    754
   902    754
   903    754
   904    754
   905    754
   906    754
   907    754
   908    754
   900    755
   901    755
   902    755
   903    755
   904    755
   905    755
   906    755
   907    755
   908    755
   900    756
   901    756
   902    756
   903    756
   904    756
   905    756
   906    756
   907    756
   908    756
   909    756
   900    757
   901    757
   902    757
   903    757
   904    757
   905    757
   906    757
   907    757
   908    757
   909    757
   899    758
   900    758
   901    758
   902    758
   903    758
   904    758
   905    758
   906    758
   907    758
   908    758
   909    758
   899    759
   900    759
   901    759
   902    759
   903    759
   904    759
   905    759
   906    759
   907    759
   908    759
   909    759
   910    759
   898    760
   899    760
   900    760
   901    760
   902    760
   903    760
   904    760
   905    760
   906    760
   907    760
   908    760
   909    760
   910    760
   898    761
   899    761
   900    761
   901    761
   902    761
   903    761
   904    761
   905    761
   906    761
   907    761
   908    761
   909    761
   910    761
   911    761
   898    762
   899    762
   900    762
   901    762
   902    762
   903    762
   904    762
   905    762
   906    762
   907    762
   908    762
   909    762
   910    762
   911    762
   912    762
   896    763
   897    763
   898    763
   899    763
   900    763
   901    763
   902    763
   903    763
   904    763
   905    763
   906    763
   907    763
   908    763
   909    763
   910    763
   911    763
   912    763
   913    763
   914    763
   895    764
   896    764
   897    764
   898    764
   899    764
   900    764
   901    764
   902    764
   903    764
   904    764
   905    764
   906    764
   907    764
   908    764
   909    764
   910    764
   911    764
   912    764
   913    764
   914    764
   915    764
   894    765
   895    765
   896    765
   897    765
   898    765
   899    765
   900    765
   901    765
   902    765
   903    765
   904    765
   905    765
   906    765
   907    765
   908    765
   909    765
   910    765
   911    765
   912    765
   913    765
   914    765
   915    765
   916    765
   892    766
   893    766
   894    766
   895    766
   896    766
   897    766
   898    766
   899    766
   900    766
   901    766
   902    766
   903    766
   904    766
   905    766
   906    766
   907    766
   908    766
   909    766
   910    766
   911    766
   912    766
   913    766
   914    766
   915    766
   916    766
   917    766
   918    766
   891    767
   892    767
   893    767
   894    767
   895    767
   896    767
   897    767
   898    767
   899    767
   900    767
   901    767
   902    767
   903    767
   904    767
   905    767
   906    767
   907    767
   908    767
   909    767
   910    767
   911    767
   912    767
   913    767
   914    767
   915    767
   916    767
   917    767
   918    767
   919    767
   920    767
   889    768
   890    768
   891    768
   892    768
   893    768
   894    768
   895    768
   896    768
   897    768
   898    768
   899    768
   900    768
   901    768
   902    768
   903    768
   904    768
   905    768
   906    768
   907    768
   908    768
   909    768
   910    768
   911    768
   912    768
   913    768
   914    768
   915    768
   916    768
   917    768
   918    768
   919    768
   920    768
   921    768
   887    769
   888    769
   889    769
   890    769
   891    769
   892    769
   893    769
   894    769
   895    769
   896    769
   897    769
   898    769
   899    769
   900    769
   901    769
   902    769
   903    769
   904    769
   905    769
   906    769
   907    769
   908    769
   912    769
   913    769
   914    769
   915    769
   916    769
   917    769
   918    769
   919    769
   920    769
   921    769
   922    769
   885    770
   886    770
   887    770
   888    770
   889    770
   890    770
   891    770
   892    770
   893    770
   894    770
   898    770
   899    770
   900    770
   901    770
   902    770
   903    770
   904    770
   905    770
   906    770
   907    770
   908    770
   913    770
   914    770
   915    770
   916    770
   917    770
   918    770
   919    770
   920    770
   921    770
   922    770
   923    770
   924    770
   882    771
   883    771
   884    771
   885    771
   886    771
   887    771
   888    771
   889    771
   890    771
   891    771
   892    771
   893    771
   898    771
   899    771
   900    771
   901    771
   902    771
   903    771
   904    771
   905    771
   906    771
   907    771
   908    771
   915    771
   916    771
   917    771
   918    771
   919    771
   920    771
   921    771
   922    771
   923    771
   924    771
   925    771
   880    772
   881    772
   882    772
   883    772
   884    772
   885    772
   886    772
   887    772
   888    772
   889    772
   890    772
   898    772
   899    772
   900    772
   901    772
   902    772
   903    772
   904    772
   905    772
   906    772
   907    772
   908    772
   917    772
   918    772
   919    772
   920    772
   921    772
   922    772
   923    772
   924    772
   925    772
   926    772
   927    772
   877    773
   878    773
   879    773
   880    773
   881    773
   882    773
   883    773
   884    773
   885    773
   886    773
   887    773
   888    773
   897    773
   898    773
   899    773
   900    773
   901    773
   902    773
   903    773
   904    773
   905    773
   906    773
   907    773
   908    773
   918    773
   919    773
   920    773
   921    773
   922    773
   923    773
   924    773
   925    773
   926    773
   927    773
   928    773
   929    773
   930    773
   876    774
   877    774
   878    774
   879    774
   880    774
   881    774
   882    774
   883    774
   884    774
   885    774
   886    774
   897    774
   898    774
   899    774
   900    774
   901    774
   902    774
   903    774
   904    774
   905    774
   906    774
   907    774
   920    774
   921    774
   922    774
   923    774
   924    774
   925    774
   926    774
   927    774
   928    774
   929    774
   930    774
   931    774
   878    775
   879    775
   880    775
   881    775
   882    775
   883    775
   897    775
   898    775
   899    775
   900    775
   901    775
   902    775
   903    775
   904    775
   905    775
   906    775
   907    775
   922    775
   923    775
   924    775
   925    775
   926    775
   927    775
   928    775
   929    775
   930    775
   931    775
   932    775
   933    775
   934    775
   877    776
   878    776
   879    776
   880    776
   897    776
   898    776
   899    776
   900    776
   901    776
   902    776
   903    776
   904    776
   905    776
   906    776
   907    776
   924    776
   925    776
   926    776
   927    776
   928    776
   929    776
   930    776
   931    776
   932    776
   933    776
   934    776
   935    776
   936    776
   897    777
   898    777
   899    777
   900    777
   901    777
   902    777
   903    777
   904    777
   905    777
   906    777
   907    777
   914    777
   915    777
   916    777
   917    777
   918    777
   919    777
   920    777
   926    777
   927    777
   928    777
   929    777
   930    777
   931    777
   932    777
   933    777
   934    777
   935    777
   936    777
   937    777
   938    777
   952    777
   953    777
   954    777
   955    777
   956    777
   957    777
   958    777
   959    777
   896    778
   897    778
   898    778
   899    778
   900    778
   901    778
   902    778
   903    778
   904    778
   905    778
   906    778
   907    778
   916    778
   917    778
   918    778
   919    778
   920    778
   921    778
   922    778
   923    778
   929    778
   930    778
   931    778
   932    778
   933    778
   934    778
   935    778
   936    778
   937    778
   938    778
   939    778
   940    778
   941    778
   949    778
   950    778
   951    778
   952    778
   953    778
   954    778
   955    778
   956    778
   957    778
   958    778
   959    778
   960    778
   961    778
   967    778
   968    778
   969    778
   970    778
   896    779
   897    779
   898    779
   899    779
   900    779
   901    779
   902    779
   903    779
   904    779
   905    779
   906    779
   907    779
   914    779
   915    779
   916    779
   917    779
   918    779
   919    779
   920    779
   921    779
   922    779
   923    779
   924    779
   925    779
   931    779
   932    779
   933    779
   934    779
   935    779
   936    779
   937    779
   938    779
   939    779
   940    779
   941    779
   942    779
   943    779
   953    779
   954    779
   955    779
   956    779
   957    779
   958    779
   959    779
   960    779
   961    779
   962    779
   963    779
   964    779
   970    779
   971    779
   972    779
   896    780
   897    780
   898    780
   899    780
   900    780
   901    780
   902    780
   903    780
   904    780
   905    780
   916    780
   917    780
   918    780
   919    780
   920    780
   921    780
   922    780
   923    780
   924    780
   925    780
   926    780
   927    780
   934    780
   935    780
   936    780
   937    780
   938    780
   939    780
   940    780
   941    780
   942    780
   943    780
   944    780
   945    780
   946    780
   955    780
   956    780
   957    780
   958    780
   959    780
   960    780
   961    780
   962    780
   963    780
   964    780
   965    780
   966    780
   967    780
   901    781
   902    781
   903    781
   904    781
   905    781
   918    781
   919    781
   920    781
   921    781
   922    781
   923    781
   924    781
   925    781
   926    781
   927    781
   928    781
   929    781
   930    781
   936    781
   937    781
   938    781
   939    781
   940    781
   941    781
   942    781
   943    781
   944    781
   945    781
   946    781
   947    781
   948    781
   949    781
   958    781
   959    781
   960    781
   961    781
   962    781
   963    781
   964    781
   965    781
   966    781
   967    781
   968    781
   969    781
   970    781
   902    782
   903    782
   922    782
   923    782
   924    782
   925    782
   926    782
   927    782
   928    782
   929    782
   930    782
   931    782
   932    782
   933    782
   939    782
   940    782
   941    782
   942    782
   943    782
   944    782
   945    782
   946    782
   947    782
   948    782
   949    782
   950    782
   951    782
   952    782
   962    782
   963    782
   964    782
   965    782
   966    782
   967    782
   968    782
   969    782
   970    782
   971    782
   972    782
   973    782
   974    782
   924    783
   925    783
   926    783
   927    783
   928    783
   929    783
   930    783
   931    783
   932    783
   933    783
   934    783
   935    783
   936    783
   942    783
   943    783
   944    783
   945    783
   946    783
   947    783
   948    783
   949    783
   950    783
   951    783
   952    783
   953    783
   954    783
   955    783
   965    783
   966    783
   967    783
   968    783
   969    783
   970    783
   971    783
   972    783
   973    783
   974    783
   975    783
   976    783
   977    783
   985    783
   923    784
   924    784
   925    784
   927    784
   928    784
   929    784
   930    784
   931    784
   932    784
   933    784
   934    784
   935    784
   936    784
   937    784
   938    784
   939    784
   945    784
   946    784
   947    784
   949    784
   950    784
   951    784
   952    784
   953    784
   954    784
   955    784
   956    784
   957    784
   958    784
   959    784
   968    784
   969    784
   970    784
   971    784
   972    784
   973    784
   974    784
   975    784
   976    784
   977    784
   978    784
   979    784
   980    784
   981    784
   928    785
   929    785
   930    785
   931    785
   932    785
   933    785
   934    785
   935    785
   936    785
   937    785
   940    785
   941    785
   942    785
   948    785
   949    785
   950    785
   951    785
   952    785
   953    785
   954    785
   955    785
   956    785
   957    785
   958    785
   959    785
   960    785
   961    785
   962    785
   971    785
   972    785
   973    785
   974    785
   975    785
   976    785
   977    785
   978    785
   979    785
   980    785
   981    785
   982    785
   983    785
   984    785
   985    785
   931    786
   932    786
   933    786
   934    786
   935    786
   936    786
   937    786
   938    786
   939    786
   951    786
   952    786
   953    786
   954    786
   955    786
   956    786
   957    786
   958    786
   959    786
   960    786
   961    786
   962    786
   963    786
   964    786
   965    786
   975    786
   976    786
   977    786
   978    786
   979    786
   980    786
   981    786
   982    786
   983    786
   984    786
   985    786
   986    786
   987    786
   988    786
   994    786
   995    786
   938    787
   939    787
   954    787
   955    787
   956    787
   957    787
   959    787
   960    787
   961    787
   962    787
   963    787
   964    787
   965    787
   966    787
   967    787
   968    787
   969    787
   979    787
   980    787
   981    787
   982    787
   983    787
   984    787
   985    787
   986    787
   987    787
   988    787
   989    787
   990    787
   991    787
   958    788
   959    788
   960    788
   961    788
   962    788
   963    788
   964    788
   965    788
   966    788
   967    788
   968    788
   969    788
   970    788
   971    788
   972    788
   982    788
   983    788
   984    788
   985    788
   986    788
   987    788
   988    788
   989    788
   990    788
   991    788
   992    788
   993    788
   994    788
   995    788
   962    789
   963    789
   964    789
   965    789
   966    789
   967    789
   968    789
   969    789
   970    789
   971    789
   972    789
   973    789
   974    789
   975    789
   976    789
   987    789
   988    789
   989    789
   990    789
   991    789
   992    789
   993    789
   994    789
   995    789
   996    789
   997    789
   998    789
   999    789
  1000    789
   965    790
   966    790
   967    790
   968    790
   969    790
   970    790
   971    790
   972    790
   973    790
   974    790
   975    790
   976    790
   977    790
   978    790
   979    790
   980    790
   990    790
   991    790
   992    790
   993    790
   994    790
   995    790
   996    790
   997    790
   998    790
   999    790
  1000    790
  1001    790
  1002    790
  1003    790
   964    791
   965    791
   966    791
   968    791
   969    791
   970    791
   971    791
   972    791
   973    791
   974    791
   975    791
   976    791
   977    791
   978    791
   979    791
   980    791
   981    791
   982    791
   983    791
   995    791
   996    791
   997    791
   998    791
   999    791
  1000    791
  1001    791
  1002    791
   967    792
   968    792
   969    792
   970    792
   971    792
   972    792
   973    792
   974    792
   975    792
   976    792
   977    792
   978    792
   979    792
   980    792
   984    792
   985    792
   986    792
   987    792
   988    792
   999    792
  1000    792
  1001    792
  1002    792
  1003    792
  1004    792
