   905    703
   906    703
   905    705
   906    705
   907    705
   905    706
   906    706
   907    706
   905    707
   906    707
   907    707
   905    708
   906    708
   907    708
   905    709
   906    709
   907    709
   905    710
   906    710
   905    711
   906    711
   905    712
   906    712
   907    712
   904    713
   905    713
   906    713
   907    713
   908    713
   909    713
   905    714
   906    714
   905    715
   906    715
   908    715
   909    715
   904    716
   905    716
   906    716
   907    716
   908    716
   909    716
   904    717
   905    717
   906    717
   904    718
   905    718
   904    719
   905    719
   906    719
   907    719
   908    719
   909    719
   904    720
   905    720
   906    720
   907    720
   908    720
   909    720
   903    721
   904    721
   905    721
   906    721
   907    721
   908    721
   903    722
   904    722
   905    722
   906    722
   907    722
   908    722
   903    723
   904    723
   905    723
   906    723
   907    723
   908    723
   903    724
   904    724
   905    724
   906    724
   907    724
   908    724
   903    725
   904    725
   905    725
   906    725
   907    725
   902    726
   903    726
   904    726
   905    726
   906    726
   907    726
   903    727
   904    727
   905    727
   906    727
   907    727
   908    727
   903    728
   904    728
   905    728
   906    728
   907    728
   902    729
   903    729
   904    729
   905    729
   906    729
   907    729
   908    729
   902    730
   903    730
   904    730
   905    730
   906    730
   907    730
   908    730
   903    731
   904    731
   905    731
   906    731
   907    731
   902    732
   903    732
   904    732
   905    732
   906    732
   907    732
   908    732
   902    733
   903    733
   904    733
   905    733
   906    733
   907    733
   908    733
   901    734
   902    734
   903    734
   904    734
   905    734
   906    734
   907    734
   908    734
   901    735
   902    735
   903    735
   904    735
   905    735
   906    735
   907    735
   908    735
   901    736
   902    736
   903    736
   904    736
   905    736
   906    736
   907    736
   908    736
   901    737
   902    737
   903    737
   904    737
   905    737
   906    737
   907    737
   908    737
   901    738
   902    738
   903    738
   904    738
   905    738
   906    738
   907    738
   908    738
   901    739
   902    739
   903    739
   904    739
   905    739
   906    739
   907    739
   901    740
   902    740
   903    740
   904    740
   905    740
   906    740
   907    740
   908    740
   901    741
   902    741
   903    741
   904    741
   905    741
   906    741
   907    741
   908    741
   900    742
   901    742
   902    742
   903    742
   904    742
   905    742
   906    742
   907    742
   901    743
   902    743
   903    743
   904    743
   905    743
   906    743
   907    743
   900    744
   901    744
   902    744
   903    744
   904    744
   905    744
   906    744
   907    744
   900    745
   901    745
   902    745
   903    745
   904    745
   905    745
   906    745
   907    745
   900    746
   901    746
   902    746
   903    746
   904    746
   905    746
   906    746
   907    746
   899    747
   900    747
   901    747
   902    747
   903    747
   904    747
   905    747
   906    747
   907    747
   899    748
   900    748
   901    748
   902    748
   903    748
   904    748
   905    748
   906    748
   907    748
   899    749
   900    749
   901    749
   902    749
   903    749
   904    749
   905    749
   906    749
   907    749
   899    750
   900    750
   901    750
   902    750
   903    750
   904    750
   905    750
   906    750
   907    750
   899    751
   900    751
   901    751
   902    751
   903    751
   904    751
   905    751
   906    751
   899    752
   900    752
   901    752
   902    752
   903    752
   904    752
   905    752
   906    752
   899    753
   900    753
   901    753
   902    753
   903    753
   904    753
   905    753
   906    753
   907    753
   899    754
   900    754
   901    754
   902    754
   903    754
   904    754
   905    754
   906    754
   907    754
   899    755
   900    755
   901    755
   902    755
   903    755
   904    755
   905    755
   906    755
   907    755
   899    756
   900    756
   901    756
   902    756
   903    756
   904    756
   905    756
   906    756
   907    756
   908    756
   899    757
   900    757
   901    757
   902    757
   903    757
   904    757
   905    757
   906    757
   907    757
   908    757
   899    758
   900    758
   901    758
   902    758
   903    758
   904    758
   905    758
   906    758
   907    758
   908    758
   899    759
   900    759
   901    759
   902    759
   903    759
   904    759
   905    759
   906    759
   907    759
   908    759
   900    760
   901    760
   902    760
   903    760
   904    760
   905    760
   906    760
   907    760
   908    760
   899    761
   900    761
   901    761
   902    761
   903    761
   904    761
   905    761
   906    761
   907    761
   908    761
   909    761
   899    762
   900    762
   901    762
   902    762
   903    762
   904    762
   905    762
   906    762
   907    762
   908    762
   909    762
   898    763
   899    763
   900    763
   901    763
   902    763
   903    763
   904    763
   905    763
   906    763
   907    763
   908    763
   909    763
   898    764
   899    764
   900    764
   901    764
   902    764
   903    764
   904    764
   905    764
   906    764
   907    764
   908    764
   909    764
   910    764
   897    765
   898    765
   899    765
   900    765
   901    765
   902    765
   903    765
   904    765
   905    765
   906    765
   907    765
   908    765
   909    765
   910    765
   911    765
   896    766
   897    766
   898    766
   899    766
   900    766
   901    766
   902    766
   903    766
   904    766
   905    766
   906    766
   907    766
   908    766
   909    766
   910    766
   911    766
   912    766
   895    767
   896    767
   897    767
   898    767
   899    767
   900    767
   901    767
   902    767
   903    767
   904    767
   905    767
   906    767
   907    767
   908    767
   909    767
   910    767
   911    767
   912    767
   913    767
   894    768
   895    768
   896    768
   897    768
   898    768
   899    768
   900    768
   901    768
   902    768
   903    768
   904    768
   905    768
   906    768
   907    768
   908    768
   909    768
   910    768
   911    768
   912    768
   913    768
   914    768
   893    769
   894    769
   895    769
   896    769
   897    769
   898    769
   899    769
   900    769
   901    769
   902    769
   903    769
   904    769
   905    769
   906    769
   907    769
   908    769
   909    769
   910    769
   911    769
   912    769
   913    769
   914    769
   915    769
   892    770
   893    770
   894    770
   895    770
   896    770
   897    770
   898    770
   899    770
   900    770
   901    770
   902    770
   903    770
   904    770
   905    770
   906    770
   907    770
   908    770
   909    770
   910    770
   911    770
   912    770
   913    770
   914    770
   915    770
   916    770
   917    770
   890    771
   891    771
   892    771
   893    771
   894    771
   895    771
   896    771
   897    771
   898    771
   899    771
   900    771
   901    771
   902    771
   903    771
   904    771
   905    771
   906    771
   907    771
   908    771
   909    771
   910    771
   911    771
   912    771
   913    771
   914    771
   915    771
   916    771
   917    771
   889    772
   890    772
   891    772
   892    772
   893    772
   894    772
   895    772
   896    772
   897    772
   898    772
   899    772
   900    772
   901    772
   902    772
   903    772
   904    772
   905    772
   906    772
   907    772
   908    772
   909    772
   910    772
   911    772
   912    772
   913    772
   914    772
   915    772
   916    772
   917    772
   918    772
   919    772
   887    773
   888    773
   889    773
   890    773
   891    773
   892    773
   893    773
   894    773
   895    773
   896    773
   897    773
   898    773
   899    773
   900    773
   901    773
   902    773
   903    773
   904    773
   905    773
   906    773
   907    773
   908    773
   910    773
   911    773
   912    773
   913    773
   914    773
   915    773
   916    773
   917    773
   918    773
   919    773
   920    773
   921    773
   885    774
   886    774
   887    774
   888    774
   889    774
   890    774
   891    774
   892    774
   893    774
   894    774
   895    774
   896    774
   897    774
   898    774
   899    774
   900    774
   901    774
   902    774
   903    774
   904    774
   905    774
   906    774
   907    774
   908    774
   910    774
   911    774
   912    774
   913    774
   914    774
   915    774
   916    774
   917    774
   918    774
   919    774
   920    774
   921    774
   922    774
   883    775
   884    775
   885    775
   886    775
   887    775
   888    775
   889    775
   890    775
   891    775
   892    775
   893    775
   894    775
   897    775
   898    775
   899    775
   900    775
   901    775
   902    775
   903    775
   904    775
   905    775
   906    775
   907    775
   908    775
   912    775
   913    775
   914    775
   915    775
   916    775
   917    775
   918    775
   919    775
   920    775
   921    775
   922    775
   923    775
   924    775
   881    776
   882    776
   883    776
   884    776
   885    776
   886    776
   887    776
   888    776
   889    776
   890    776
   891    776
   892    776
   896    776
   897    776
   898    776
   899    776
   900    776
   901    776
   902    776
   903    776
   904    776
   905    776
   906    776
   907    776
   908    776
   913    776
   914    776
   915    776
   916    776
   917    776
   918    776
   919    776
   920    776
   921    776
   922    776
   923    776
   924    776
   925    776
   879    777
   880    777
   881    777
   882    777
   883    777
   884    777
   885    777
   886    777
   887    777
   888    777
   889    777
   890    777
   897    777
   898    777
   899    777
   900    777
   901    777
   902    777
   903    777
   904    777
   905    777
   906    777
   907    777
   908    777
   915    777
   916    777
   917    777
   918    777
   919    777
   920    777
   921    777
   922    777
   923    777
   924    777
   925    777
   926    777
   927    777
   877    778
   878    778
   879    778
   880    778
   881    778
   882    778
   883    778
   884    778
   885    778
   886    778
   887    778
   888    778
   896    778
   897    778
   898    778
   899    778
   900    778
   901    778
   902    778
   903    778
   904    778
   905    778
   906    778
   907    778
   917    778
   918    778
   919    778
   920    778
   921    778
   922    778
   923    778
   924    778
   925    778
   926    778
   927    778
   928    778
   929    778
   874    779
   875    779
   876    779
   877    779
   878    779
   879    779
   880    779
   881    779
   882    779
   883    779
   884    779
   885    779
   886    779
   896    779
   897    779
   898    779
   899    779
   900    779
   901    779
   902    779
   903    779
   904    779
   905    779
   906    779
   907    779
   918    779
   919    779
   920    779
   921    779
   922    779
   923    779
   924    779
   925    779
   926    779
   927    779
   928    779
   929    779
   930    779
   931    779
   873    780
   874    780
   875    780
   876    780
   877    780
   878    780
   879    780
   880    780
   882    780
   883    780
   884    780
   896    780
   897    780
   898    780
   899    780
   900    780
   901    780
   902    780
   903    780
   904    780
   905    780
   906    780
   920    780
   921    780
   922    780
   923    780
   924    780
   925    780
   926    780
   927    780
   928    780
   929    780
   930    780
   931    780
   932    780
   876    781
   877    781
   878    781
   879    781
   880    781
   881    781
   896    781
   897    781
   898    781
   899    781
   900    781
   901    781
   902    781
   903    781
   904    781
   905    781
   906    781
   922    781
   923    781
   924    781
   925    781
   926    781
   927    781
   928    781
   929    781
   930    781
   931    781
   932    781
   933    781
   934    781
   875    782
   876    782
   877    782
   878    782
   879    782
   896    782
   897    782
   898    782
   899    782
   900    782
   901    782
   902    782
   903    782
   904    782
   905    782
   906    782
   907    782
   924    782
   925    782
   926    782
   927    782
   928    782
   929    782
   930    782
   931    782
   932    782
   933    782
   934    782
   935    782
   936    782
   895    783
   896    783
   897    783
   898    783
   899    783
   900    783
   901    783
   902    783
   903    783
   904    783
   905    783
   906    783
   907    783
   926    783
   927    783
   928    783
   929    783
   930    783
   931    783
   932    783
   933    783
   934    783
   935    783
   936    783
   937    783
   938    783
   952    783
   953    783
   954    783
   955    783
   956    783
   957    783
   958    783
   959    783
   895    784
   896    784
   897    784
   898    784
   899    784
   900    784
   901    784
   902    784
   903    784
   904    784
   905    784
   906    784
   914    784
   915    784
   916    784
   917    784
   918    784
   919    784
   920    784
   921    784
   922    784
   923    784
   928    784
   929    784
   930    784
   931    784
   932    784
   933    784
   934    784
   935    784
   936    784
   937    784
   938    784
   939    784
   940    784
   941    784
   952    784
   953    784
   954    784
   955    784
   956    784
   957    784
   958    784
   959    784
   960    784
   961    784
   962    784
   968    784
   969    784
   895    785
   896    785
   897    785
   898    785
   899    785
   900    785
   901    785
   902    785
   903    785
   904    785
   905    785
   912    785
   913    785
   914    785
   915    785
   916    785
   917    785
   918    785
   919    785
   920    785
   921    785
   922    785
   923    785
   924    785
   925    785
   930    785
   931    785
   932    785
   933    785
   934    785
   935    785
   936    785
   937    785
   938    785
   939    785
   940    785
   941    785
   942    785
   943    785
   953    785
   954    785
   955    785
   956    785
   957    785
   958    785
   959    785
   960    785
   961    785
   962    785
   963    785
   964    785
   965    785
   896    786
   897    786
   898    786
   899    786
   900    786
   901    786
   902    786
   903    786
   904    786
   905    786
   914    786
   915    786
   916    786
   917    786
   918    786
   919    786
   920    786
   921    786
   922    786
   923    786
   924    786
   925    786
   926    786
   932    786
   933    786
   934    786
   935    786
   936    786
   937    786
   938    786
   939    786
   940    786
   941    786
   942    786
   943    786
   944    786
   945    786
   946    786
   955    786
   956    786
   957    786
   958    786
   959    786
   960    786
   961    786
   962    786
   963    786
   964    786
   965    786
   966    786
   967    786
   968    786
   896    787
   897    787
   901    787
   902    787
   903    787
   916    787
   917    787
   918    787
   919    787
   920    787
   921    787
   922    787
   923    787
   924    787
   925    787
   926    787
   927    787
   928    787
   935    787
   936    787
   937    787
   938    787
   939    787
   940    787
   941    787
   942    787
   943    787
   944    787
   945    787
   946    787
   947    787
   948    787
   958    787
   959    787
   960    787
   961    787
   962    787
   963    787
   964    787
   965    787
   966    787
   967    787
   968    787
   969    787
   970    787
   971    787
   916    788
   917    788
   918    788
   919    788
   920    788
   921    788
   922    788
   923    788
   924    788
   925    788
   926    788
   927    788
   929    788
   930    788
   937    788
   938    788
   939    788
   940    788
   941    788
   942    788
   943    788
   944    788
   945    788
   946    788
   947    788
   948    788
   949    788
   950    788
   951    788
   961    788
   962    788
   963    788
   964    788
   965    788
   966    788
   967    788
   968    788
   969    788
   970    788
   971    788
   972    788
   973    788
   974    788
   917    789
   918    789
   919    789
   920    789
   921    789
   922    789
   923    789
   924    789
   925    789
   926    789
   927    789
   940    789
   941    789
   942    789
   943    789
   944    789
   945    789
   946    789
   947    789
   948    789
   949    789
   950    789
   951    789
   952    789
   953    789
   954    789
   964    789
   965    789
   966    789
   967    789
   968    789
   969    789
   970    789
   971    789
   972    789
   973    789
   974    789
   975    789
   976    789
   977    789
   924    790
   925    790
   926    790
   927    790
   943    790
   944    790
   945    790
   946    790
   947    790
   948    790
   949    790
   950    790
   951    790
   952    790
   953    790
   954    790
   955    790
   956    790
   967    790
   968    790
   969    790
   970    790
   971    790
   972    790
   973    790
   974    790
   975    790
   976    790
   977    790
   978    790
   979    790
   980    790
   946    791
   947    791
   948    791
   949    791
   950    791
   951    791
   952    791
   953    791
   954    791
   955    791
   956    791
   957    791
   958    791
   959    791
   970    791
   971    791
   972    791
   973    791
   974    791
   975    791
   976    791
   977    791
   978    791
   979    791
   980    791
   981    791
   982    791
   983    791
   949    792
   950    792
   951    792
   952    792
   953    792
   954    792
   955    792
   956    792
   957    792
   958    792
   959    792
   960    792
   961    792
   962    792
   963    792
   973    792
   974    792
   975    792
   976    792
   977    792
   978    792
   979    792
   980    792
   981    792
   982    792
   983    792
   984    792
   985    792
   986    792
   987    792
