   905    704
   906    704
   905    707
   906    707
   905    708
   906    708
   905    709
   904    710
   905    710
   906    710
   904    711
   905    711
   906    711
   905    712
   906    712
   904    713
   905    713
   906    713
   904    714
   905    714
   906    714
   905    715
   906    715
   904    716
   905    716
   906    716
   904    717
   905    717
   906    717
   904    718
   905    718
   906    718
   907    718
   904    719
   905    719
   906    719
   904    720
   905    720
   906    720
   907    720
   903    721
   904    721
   905    721
   906    721
   907    721
   908    721
   903    722
   904    722
   905    722
   906    722
   907    722
   908    722
   903    723
   904    723
   905    723
   906    723
   907    723
   908    723
   903    724
   904    724
   905    724
   906    724
   907    724
   908    724
   903    725
   904    725
   905    725
   906    725
   907    725
   908    725
   902    726
   903    726
   904    726
   905    726
   906    726
   907    726
   908    726
   902    727
   903    727
   904    727
   905    727
   906    727
   907    727
   908    727
   903    728
   904    728
   905    728
   906    728
   907    728
   902    729
   903    729
   904    729
   905    729
   906    729
   907    729
   908    729
   902    730
   903    730
   904    730
   905    730
   906    730
   907    730
   908    730
   902    731
   903    731
   904    731
   905    731
   906    731
   907    731
   902    732
   903    732
   904    732
   905    732
   906    732
   907    732
   908    732
   902    733
   903    733
   904    733
   905    733
   906    733
   907    733
   908    733
   901    734
   902    734
   903    734
   904    734
   905    734
   906    734
   907    734
   908    734
   901    735
   902    735
   903    735
   904    735
   905    735
   906    735
   907    735
   908    735
   901    736
   902    736
   903    736
   904    736
   905    736
   906    736
   907    736
   901    737
   902    737
   903    737
   904    737
   905    737
   906    737
   907    737
   901    738
   902    738
   903    738
   904    738
   905    738
   906    738
   907    738
   908    738
   900    739
   901    739
   902    739
   903    739
   904    739
   905    739
   906    739
   907    739
   900    740
   901    740
   902    740
   903    740
   904    740
   905    740
   906    740
   907    740
   901    741
   902    741
   903    741
   904    741
   905    741
   906    741
   907    741
   908    741
   900    742
   901    742
   902    742
   903    742
   904    742
   905    742
   906    742
   907    742
   900    743
   901    743
   902    743
   903    743
   904    743
   905    743
   906    743
   907    743
   900    744
   901    744
   902    744
   903    744
   904    744
   905    744
   906    744
   907    744
   900    745
   901    745
   902    745
   903    745
   904    745
   905    745
   906    745
   907    745
   908    745
   900    746
   901    746
   902    746
   903    746
   904    746
   905    746
   906    746
   907    746
   908    746
   899    747
   900    747
   901    747
   902    747
   903    747
   904    747
   905    747
   906    747
   907    747
   899    748
   900    748
   901    748
   902    748
   903    748
   904    748
   905    748
   906    748
   907    748
   899    749
   900    749
   901    749
   902    749
   903    749
   904    749
   905    749
   906    749
   907    749
   899    750
   900    750
   901    750
   902    750
   903    750
   904    750
   905    750
   906    750
   907    750
   899    751
   900    751
   901    751
   902    751
   903    751
   904    751
   905    751
   906    751
   907    751
   899    752
   900    752
   901    752
   902    752
   903    752
   904    752
   905    752
   906    752
   907    752
   899    753
   900    753
   901    753
   902    753
   903    753
   904    753
   905    753
   906    753
   907    753
   899    754
   900    754
   901    754
   902    754
   903    754
   904    754
   905    754
   906    754
   907    754
   899    755
   900    755
   901    755
   902    755
   903    755
   904    755
   905    755
   906    755
   907    755
   899    756
   900    756
   901    756
   902    756
   903    756
   904    756
   905    756
   906    756
   907    756
   899    757
   900    757
   901    757
   902    757
   903    757
   904    757
   905    757
   906    757
   907    757
   899    758
   900    758
   901    758
   902    758
   903    758
   904    758
   905    758
   906    758
   907    758
   899    759
   900    759
   901    759
   902    759
   903    759
   904    759
   905    759
   906    759
   907    759
   899    760
   900    760
   901    760
   902    760
   903    760
   904    760
   905    760
   906    760
   907    760
   899    761
   900    761
   901    761
   902    761
   903    761
   904    761
   905    761
   906    761
   907    761
   908    761
   899    762
   900    762
   901    762
   902    762
   903    762
   904    762
   905    762
   906    762
   907    762
   908    762
   899    763
   900    763
   901    763
   902    763
   903    763
   904    763
   905    763
   906    763
   907    763
   908    763
   899    764
   900    764
   901    764
   902    764
   903    764
   904    764
   905    764
   906    764
   907    764
   908    764
   898    765
   899    765
   900    765
   901    765
   902    765
   903    765
   904    765
   905    765
   906    765
   907    765
   908    765
   909    765
   897    766
   898    766
   899    766
   900    766
   901    766
   902    766
   903    766
   904    766
   905    766
   906    766
   907    766
   908    766
   909    766
   910    766
   897    767
   898    767
   899    767
   900    767
   901    767
   902    767
   903    767
   904    767
   905    767
   906    767
   907    767
   908    767
   909    767
   910    767
   896    768
   897    768
   898    768
   899    768
   900    768
   901    768
   902    768
   903    768
   904    768
   905    768
   906    768
   907    768
   908    768
   909    768
   910    768
   911    768
   896    769
   897    769
   898    769
   899    769
   900    769
   901    769
   902    769
   903    769
   904    769
   905    769
   906    769
   907    769
   908    769
   909    769
   910    769
   911    769
   912    769
   895    770
   896    770
   897    770
   898    770
   899    770
   900    770
   901    770
   902    770
   903    770
   904    770
   905    770
   906    770
   907    770
   908    770
   909    770
   910    770
   911    770
   912    770
   894    771
   895    771
   896    771
   897    771
   898    771
   899    771
   900    771
   901    771
   902    771
   903    771
   904    771
   905    771
   906    771
   907    771
   908    771
   909    771
   910    771
   911    771
   912    771
   913    771
   893    772
   894    772
   895    772
   896    772
   897    772
   898    772
   899    772
   900    772
   901    772
   902    772
   903    772
   904    772
   905    772
   906    772
   907    772
   908    772
   909    772
   910    772
   911    772
   912    772
   913    772
   914    772
   915    772
   892    773
   893    773
   894    773
   895    773
   896    773
   897    773
   898    773
   899    773
   900    773
   901    773
   902    773
   903    773
   904    773
   905    773
   906    773
   907    773
   908    773
   909    773
   910    773
   911    773
   912    773
   913    773
   914    773
   915    773
   916    773
   890    774
   891    774
   892    774
   893    774
   894    774
   895    774
   896    774
   897    774
   898    774
   899    774
   900    774
   901    774
   902    774
   903    774
   904    774
   905    774
   906    774
   907    774
   908    774
   909    774
   910    774
   911    774
   912    774
   913    774
   914    774
   915    774
   916    774
   917    774
   889    775
   890    775
   891    775
   892    775
   893    775
   894    775
   895    775
   896    775
   897    775
   898    775
   899    775
   900    775
   901    775
   902    775
   903    775
   904    775
   905    775
   906    775
   907    775
   908    775
   909    775
   910    775
   911    775
   912    775
   913    775
   914    775
   915    775
   916    775
   917    775
   918    775
   888    776
   889    776
   890    776
   891    776
   892    776
   893    776
   894    776
   895    776
   896    776
   897    776
   898    776
   899    776
   900    776
   901    776
   902    776
   903    776
   904    776
   905    776
   906    776
   907    776
   908    776
   909    776
   910    776
   911    776
   912    776
   913    776
   914    776
   915    776
   916    776
   917    776
   918    776
   919    776
   920    776
   887    777
   888    777
   889    777
   890    777
   891    777
   892    777
   893    777
   894    777
   895    777
   896    777
   897    777
   898    777
   899    777
   900    777
   901    777
   902    777
   903    777
   904    777
   905    777
   906    777
   907    777
   908    777
   910    777
   911    777
   912    777
   913    777
   914    777
   915    777
   916    777
   917    777
   918    777
   919    777
   920    777
   921    777
   922    777
   888    778
   889    778
   890    778
   891    778
   892    778
   893    778
   894    778
   895    778
   897    778
   898    778
   899    778
   900    778
   901    778
   902    778
   903    778
   904    778
   905    778
   906    778
   907    778
   911    778
   912    778
   913    778
   914    778
   915    778
   916    778
   917    778
   918    778
   919    778
   920    778
   921    778
   922    778
   888    779
   889    779
   890    779
   891    779
   892    779
   893    779
   894    779
   896    779
   897    779
   898    779
   899    779
   900    779
   901    779
   902    779
   903    779
   904    779
   905    779
   906    779
   912    779
   913    779
   914    779
   915    779
   916    779
   917    779
   918    779
   919    779
   920    779
   921    779
   922    779
   923    779
   924    779
   891    780
   892    780
   896    780
   897    780
   898    780
   899    780
   900    780
   901    780
   902    780
   903    780
   904    780
   914    780
   915    780
   916    780
   917    780
   918    780
   919    780
   920    780
   921    780
   922    780
   923    780
   924    780
   925    780
   899    781
   900    781
   901    781
   902    781
   903    781
   904    781
   915    781
   916    781
   917    781
   918    781
   919    781
   920    781
   921    781
   922    781
   923    781
   924    781
   925    781
   926    781
   927    781
   901    782
   902    782
   903    782
   916    782
   917    782
   918    782
   919    782
   920    782
   921    782
   922    782
   923    782
   924    782
   925    782
   926    782
   927    782
   916    783
   917    783
   918    783
   919    783
   920    783
   921    783
   922    783
   923    783
   924    783
   925    783
   926    783
   920    784
   921    784
   922    784
   923    784
   924    784
   925    784
