   904    704
   905    704
   906    704
   905    705
   904    706
   905    706
   906    706
   904    707
   905    707
   906    707
   904    708
   905    708
   906    708
   904    709
   905    709
   906    709
   904    710
   905    710
   906    710
   904    711
   905    711
   906    711
   904    712
   905    712
   906    712
   904    713
   905    713
   906    713
   904    714
   905    714
   906    714
   903    715
   904    715
   905    715
   906    715
   903    716
   904    716
   905    716
   906    716
   904    717
   905    717
   906    717
   903    718
   904    718
   905    718
   906    718
   903    719
   904    719
   905    719
   906    719
   903    720
   904    720
   905    720
   906    720
   907    720
   908    720
   903    721
   904    721
   905    721
   906    721
   907    721
   908    721
   903    722
   904    722
   905    722
   906    722
   907    722
   908    722
   902    723
   903    723
   904    723
   905    723
   906    723
   907    723
   908    723
   902    724
   903    724
   904    724
   905    724
   906    724
   907    724
   908    724
   902    725
   903    725
   904    725
   905    725
   906    725
   907    725
   908    725
   902    726
   903    726
   904    726
   905    726
   906    726
   907    726
   908    726
   902    727
   903    727
   904    727
   905    727
   906    727
   907    727
   908    727
   902    728
   903    728
   904    728
   905    728
   906    728
   907    728
   908    728
   902    729
   903    729
   904    729
   905    729
   906    729
   907    729
   908    729
   902    730
   903    730
   904    730
   905    730
   906    730
   907    730
   908    730
   901    731
   902    731
   903    731
   904    731
   905    731
   906    731
   907    731
   901    732
   902    732
   903    732
   904    732
   905    732
   906    732
   907    732
   908    732
   901    733
   902    733
   903    733
   904    733
   905    733
   906    733
   907    733
   908    733
   901    734
   902    734
   903    734
   904    734
   905    734
   906    734
   907    734
   908    734
   901    735
   902    735
   903    735
   904    735
   905    735
   906    735
   907    735
   908    735
   900    736
   901    736
   902    736
   903    736
   904    736
   905    736
   906    736
   907    736
   900    737
   901    737
   902    737
   903    737
   904    737
   905    737
   906    737
   907    737
   908    737
   900    738
   901    738
   902    738
   903    738
   904    738
   905    738
   906    738
   907    738
   908    738
   900    739
   901    739
   902    739
   903    739
   904    739
   905    739
   906    739
   907    739
   900    740
   901    740
   902    740
   903    740
   904    740
   905    740
   906    740
   907    740
   899    741
   900    741
   901    741
   902    741
   903    741
   904    741
   905    741
   906    741
   907    741
   900    742
   901    742
   902    742
   903    742
   904    742
   905    742
   906    742
   907    742
   900    743
   901    743
   902    743
   903    743
   904    743
   905    743
   906    743
   907    743
   899    744
   900    744
   901    744
   902    744
   903    744
   904    744
   905    744
   906    744
   907    744
   899    745
   900    745
   901    745
   902    745
   903    745
   904    745
   905    745
   906    745
   907    745
   900    746
   901    746
   902    746
   903    746
   904    746
   905    746
   906    746
   907    746
   899    747
   900    747
   901    747
   902    747
   903    747
   904    747
   905    747
   906    747
   907    747
   899    748
   900    748
   901    748
   902    748
   903    748
   904    748
   905    748
   906    748
   907    748
   899    749
   900    749
   901    749
   902    749
   903    749
   904    749
   905    749
   906    749
   907    749
   899    750
   900    750
   901    750
   902    750
   903    750
   904    750
   905    750
   906    750
   907    750
   899    751
   900    751
   901    751
   902    751
   903    751
   904    751
   905    751
   906    751
   907    751
   898    752
   899    752
   900    752
   901    752
   902    752
   903    752
   904    752
   905    752
   906    752
   898    753
   899    753
   900    753
   901    753
   902    753
   903    753
   904    753
   905    753
   906    753
   898    754
   899    754
   900    754
   901    754
   902    754
   903    754
   904    754
   905    754
   906    754
   898    755
   899    755
   900    755
   901    755
   902    755
   903    755
   904    755
   905    755
   906    755
   898    756
   899    756
   900    756
   901    756
   902    756
   903    756
   904    756
   905    756
   906    756
   897    757
   898    757
   899    757
   900    757
   901    757
   902    757
   903    757
   904    757
   905    757
   906    757
   897    758
   898    758
   899    758
   900    758
   901    758
   902    758
   903    758
   904    758
   905    758
   898    759
   899    759
   900    759
   901    759
   902    759
   903    759
   904    759
   905    759
   897    760
   898    760
   899    760
   900    760
   901    760
   902    760
   903    760
   898    761
   899    761
   900    761
   901    761
   902    761
   903    761
   898    762
   899    762
   900    762
   901    762
