   902    760
   903    760
   902    761
   903    761
   904    761
   902    762
   903    762
   904    762
   902    763
   903    763
   902    764
   903    764
   904    764
   902    765
   903    765
   904    765
   902    766
   903    766
   904    766
   901    767
   902    767
   903    767
   904    767
   901    768
   902    768
   903    768
   904    768
   900    769
   901    769
   902    769
   903    769
   904    769
   900    770
   901    770
   902    770
   903    770
   904    770
   900    771
   901    771
   902    771
   903    771
   904    771
   900    772
   901    772
   902    772
   903    772
   904    772
   905    772
   906    772
   900    773
   901    773
   902    773
   903    773
   904    773
   905    773
   906    773
   899    774
   900    774
   901    774
   902    774
   903    774
   904    774
   905    774
   906    774
   907    774
   899    775
   900    775
   901    775
   902    775
   903    775
   904    775
   905    775
   906    775
   899    776
   900    776
   901    776
   902    776
   903    776
   904    776
   905    776
   906    776
   907    776
   898    777
   899    777
   900    777
   901    777
   902    777
   903    777
   904    777
   905    777
   906    777
   907    777
   898    778
   899    778
   900    778
   901    778
   902    778
   903    778
   904    778
   905    778
   906    778
   907    778
   908    778
   898    779
   899    779
   900    779
   901    779
   902    779
   903    779
   904    779
   905    779
   906    779
   907    779
   908    779
   898    780
   899    780
   900    780
   901    780
   902    780
   903    780
   904    780
   905    780
   906    780
   907    780
   908    780
   898    781
   899    781
   900    781
   901    781
   902    781
   903    781
   904    781
   905    781
   906    781
   907    781
   908    781
   909    781
   898    782
   899    782
   900    782
   901    782
   902    782
   903    782
   904    782
   905    782
   906    782
   907    782
   908    782
   909    782
   897    783
   898    783
   899    783
   900    783
   901    783
   902    783
   903    783
   904    783
   905    783
   906    783
   907    783
   908    783
   897    784
   898    784
   899    784
   900    784
   901    784
   902    784
   903    784
   904    784
   905    784
   906    784
   907    784
   896    785
   897    785
   898    785
   899    785
   902    785
   903    785
   904    785
   905    785
   906    785
   907    785
   901    786
   902    786
   907    786
   908    786
