   714    699
   715    699
   716    699
   717    699
   718    699
   719    699
   720    699
   721    699
   722    699
   723    699
   724    699
   725    699
   726    699
   727    699
   714    700
   715    700
   716    700
   717    700
   718    700
   719    700
   720    700
   721    700
   722    700
   723    700
   724    700
   725    700
   726    700
   727    700
   714    701
   715    701
   716    701
   719    701
   720    701
   721    701
   722    701
   723    701
   713    702
   714    702
   715    702
   716    702
   718    702
   719    702
   720    702
   721    702
   722    702
   723    702
   713    703
   714    703
   715    703
   716    703
   718    703
   719    703
   720    703
   721    703
   722    703
   714    704
   715    704
   719    704
   720    704
   721    704
   723    704
   724    704
   725    704
   726    704
   714    705
   715    705
   718    705
   719    705
   720    705
   721    705
   722    705
   723    705
   724    705
   725    705
   726    705
   714    706
   715    706
   716    706
   717    706
   718    706
   719    706
   720    706
   721    706
   722    706
   723    706
   724    706
   725    706
   726    706
   727    706
   714    707
   715    707
   716    707
   717    707
   718    707
   719    707
   720    707
   721    707
   722    707
   723    707
   724    707
   725    707
   726    707
