   902    728
   903    728
   902    729
   903    729
   904    729
   902    730
   903    730
   904    730
   901    731
   902    731
   903    731
   902    732
   903    732
   904    732
   902    733
   903    733
   901    734
   902    734
   903    734
   904    734
   901    735
   902    735
   903    735
   904    735
   900    736
   901    736
   902    736
   903    736
   900    737
   901    737
   902    737
   903    737
   900    738
   901    738
   902    738
   903    738
   900    739
   901    739
   902    739
   903    739
   900    740
   901    740
   902    740
   903    740
   899    741
   900    741
   901    741
   902    741
   903    741
   899    742
   900    742
   901    742
   902    742
   903    742
   899    743
   900    743
   901    743
   902    743
   903    743
   899    744
   900    744
   901    744
   902    744
   903    744
   904    744
   899    745
   900    745
   901    745
   902    745
   903    745
   898    746
   899    746
   900    746
   901    746
   902    746
   903    746
   899    747
   900    747
   901    747
   902    747
   903    747
   899    748
   900    748
   901    748
   902    748
   903    748
   898    749
   899    749
   900    749
   901    749
   902    749
   903    749
   898    750
   899    750
   900    750
   901    750
   902    750
   903    750
   898    751
   899    751
   900    751
   901    751
   902    751
   903    751
   897    752
   898    752
   899    752
   900    752
   901    752
   902    752
   903    752
   898    753
   899    753
   900    753
   901    753
   902    753
   903    753
   897    754
   898    754
   899    754
   900    754
   901    754
   902    754
   903    754
   897    755
   898    755
   899    755
   900    755
   901    755
   902    755
   903    755
   897    756
   898    756
   899    756
   900    756
   901    756
   902    756
   903    756
   897    757
   898    757
   899    757
   900    757
   901    757
   902    757
   903    757
   897    758
   898    758
   899    758
   900    758
   901    758
   902    758
   896    759
   897    759
   898    759
   899    759
   900    759
   901    759
   902    759
   903    759
   896    760
   897    760
   898    760
   899    760
   900    760
   901    760
   902    760
   896    761
   897    761
   898    761
   899    761
   900    761
   901    761
   902    761
   903    761
   896    762
   897    762
   898    762
   899    762
   900    762
   901    762
   902    762
   896    763
   897    763
   898    763
   899    763
   900    763
   901    763
   902    763
   903    763
   896    764
   897    764
   898    764
   899    764
   900    764
   901    764
   902    764
   903    764
   896    765
   897    765
   898    765
   899    765
   900    765
   901    765
   902    765
   903    765
   896    766
   897    766
   898    766
   899    766
   900    766
   901    766
   902    766
   903    766
   895    767
   896    767
   897    767
   898    767
   899    767
   900    767
   901    767
   902    767
   903    767
   904    767
   895    768
   896    768
   897    768
   898    768
   899    768
   900    768
   901    768
   902    768
   903    768
   895    769
   896    769
   897    769
   898    769
   899    769
   900    769
   901    769
   902    769
   903    769
   895    770
   896    770
   897    770
   898    770
   899    770
   900    770
   901    770
   902    770
   903    770
   895    771
   896    771
   897    771
   898    771
   899    771
   900    771
   901    771
   902    771
   903    771
   895    772
   896    772
   897    772
   898    772
   899    772
   900    772
   901    772
   902    772
   895    773
   896    773
   897    773
   898    773
   899    773
   900    773
   901    773
   902    773
   903    773
   895    774
   896    774
   897    774
   898    774
   899    774
   900    774
   901    774
   902    774
   894    775
   895    775
   896    775
   897    775
   898    775
   899    775
   900    775
   901    775
   902    775
   903    775
   894    776
   895    776
   896    776
   897    776
   898    776
   899    776
   900    776
   901    776
   902    776
   903    776
   894    777
   895    777
   896    777
   897    777
   898    777
   899    777
   900    777
   901    777
   902    777
   894    778
   895    778
   896    778
   897    778
   898    778
   899    778
   900    778
   901    778
   902    778
   903    778
   894    779
   895    779
   896    779
   897    779
   898    779
   899    779
   900    779
   901    779
   902    779
   893    780
   894    780
   895    780
   896    780
   897    780
   898    780
   899    780
   900    780
   901    780
   902    780
   903    780
   893    781
   894    781
   895    781
   896    781
   897    781
   898    781
   899    781
   900    781
   901    781
   902    781
   903    781
   893    782
   894    782
   895    782
   896    782
   897    782
   898    782
   899    782
   900    782
   901    782
   902    782
   903    782
   893    783
   894    783
   895    783
   896    783
   897    783
   898    783
   899    783
   900    783
   901    783
   902    783
   903    783
   893    784
   894    784
   895    784
   896    784
   897    784
   898    784
   899    784
   900    784
   901    784
   902    784
   903    784
   893    785
   894    785
   895    785
   896    785
   897    785
   898    785
   899    785
   900    785
   901    785
   902    785
   903    785
   893    786
   894    786
   895    786
   896    786
   897    786
   898    786
   899    786
   900    786
   901    786
   902    786
   903    786
   893    787
   894    787
   895    787
   896    787
   897    787
   898    787
   899    787
   900    787
   901    787
   902    787
   903    787
   893    788
   894    788
   895    788
   896    788
   897    788
   898    788
   899    788
   900    788
   901    788
   902    788
   903    788
   893    789
   894    789
   895    789
   896    789
   897    789
   898    789
   899    789
   900    789
   901    789
   902    789
   903    789
   893    790
   894    790
   895    790
   896    790
   897    790
   898    790
   899    790
   900    790
   901    790
   902    790
   903    790
   893    791
   894    791
   895    791
   896    791
   897    791
   898    791
   899    791
   900    791
   901    791
   902    791
   903    791
   904    791
   892    792
   893    792
   894    792
   895    792
   896    792
   897    792
   898    792
   899    792
   900    792
   901    792
   902    792
   903    792
   904    792
