   899    777
   900    777
   899    778
   900    778
   901    778
   899    779
   900    779
   901    779
   899    780
   900    780
   901    780
   898    781
   899    781
   900    781
   901    781
   898    782
   899    782
   900    782
   901    782
   902    782
   898    783
   899    783
   900    783
   901    783
   898    784
   899    784
   900    784
   901    784
   902    784
   897    785
   898    785
   899    785
   900    785
   901    785
   902    785
   897    786
   898    786
   899    786
   900    786
   901    786
   902    786
   897    787
   898    787
   899    787
   900    787
   901    787
   902    787
   897    788
   898    788
   899    788
   900    788
   901    788
   902    788
   897    789
   898    789
   899    789
   900    789
   901    789
   902    789
   903    789
   896    790
   897    790
   898    790
   899    790
   900    790
   901    790
   902    790
   903    790
   904    790
   896    791
   897    791
   898    791
   899    791
   900    791
   901    791
   902    791
   903    791
   904    791
   896    792
   897    792
   898    792
   899    792
   900    792
   901    792
   902    792
   903    792
   904    792
   905    792
