   901    698
   902    698
   901    700
   902    700
   903    702
   904    702
   905    702
   901    703
   902    703
   903    703
   904    703
   905    703
   900    704
   901    704
   902    704
   900    705
   901    705
   902    705
   900    706
   901    706
   902    706
   900    707
   901    707
   902    707
   900    708
   901    708
   902    708
   900    709
   901    709
   902    709
   899    710
   900    710
   901    710
   902    710
   899    711
   900    711
   901    711
   902    711
   899    712
   900    712
   901    712
   902    712
   899    713
   900    713
   901    713
   902    713
   899    714
   900    714
   901    714
   902    714
   898    715
   899    715
   900    715
   901    715
   902    715
   898    716
   899    716
   900    716
   901    716
   902    716
   903    716
   898    717
   899    717
   900    717
   901    717
   902    717
   903    717
   898    718
   899    718
   900    718
   901    718
   902    718
   903    718
   898    719
   899    719
   900    719
   901    719
   902    719
   903    719
   898    720
   899    720
   900    720
   901    720
   902    720
   903    720
   897    721
   898    721
   899    721
   900    721
   901    721
   902    721
   903    721
   897    722
   898    722
   899    722
   900    722
   901    722
   902    722
   903    722
   897    723
   898    723
   899    723
   900    723
   901    723
   902    723
   903    723
   897    724
   898    724
   899    724
   900    724
   901    724
   902    724
   896    725
   897    725
   898    725
   899    725
   900    725
   901    725
   902    725
   896    726
   897    726
   898    726
   899    726
   900    726
   901    726
   902    726
   896    727
   897    727
   898    727
   899    727
   900    727
   901    727
   902    727
   896    728
   897    728
   898    728
   899    728
   900    728
   901    728
   895    729
   896    729
   897    729
   898    729
   899    729
   900    729
   895    730
   896    730
   897    730
   898    730
   899    730
   900    730
   895    731
   896    731
   897    731
   898    731
   899    731
   895    732
   896    732
   897    732
   898    732
   895    733
   896    733
   897    733
   898    733
   894    734
   895    734
   896    734
   897    734
   898    734
