   902    704
   903    704
   902    705
   903    705
   901    706
   902    706
   903    706
   901    707
   902    707
   903    707
   901    708
   902    708
   903    708
   901    709
   902    709
   903    709
   901    710
   902    710
   903    710
   900    711
   901    711
   902    711
   900    712
   901    712
   902    712
   899    713
   900    713
   901    713
   902    713
   903    713
   899    714
   900    714
   901    714
   902    714
   903    714
   899    715
   900    715
   901    715
   902    715
   899    716
   900    716
   901    716
   902    716
   903    716
   899    717
   900    717
   901    717
   902    717
   903    717
   899    718
   900    718
   901    718
   902    718
   898    719
   899    719
   900    719
   901    719
   902    719
   898    720
   899    720
   900    720
   901    720
   902    720
   903    720
   904    720
   898    721
   899    721
   900    721
   901    721
   902    721
   903    721
   904    721
   898    722
   899    722
   900    722
   901    722
   902    722
   903    722
   904    722
   897    723
   898    723
   899    723
   900    723
   901    723
   902    723
   903    723
   904    723
   897    724
   898    724
   899    724
   900    724
   901    724
   902    724
   903    724
   897    725
   898    725
   899    725
   900    725
   901    725
   902    725
   896    726
   897    726
   898    726
   899    726
   900    726
   901    726
   902    726
   896    727
   897    727
   898    727
   899    727
   900    727
   901    727
   902    727
   896    728
   897    728
   898    728
   899    728
   900    728
   901    728
   902    728
   895    729
   896    729
   897    729
   898    729
   899    729
   900    729
   901    729
   895    730
   896    730
   897    730
   898    730
   899    730
   900    730
   901    730
   902    730
   896    731
   897    731
   898    731
   899    731
   900    731
   901    731
   902    731
   895    732
   896    732
   897    732
   898    732
   899    732
   900    732
   901    732
   902    732
   895    733
   896    733
   897    733
   898    733
   899    733
   900    733
   901    733
   902    733
   894    734
   895    734
   896    734
   897    734
   898    734
   899    734
   900    734
   901    734
   902    734
   894    735
   895    735
   896    735
   897    735
   898    735
   899    735
   900    735
   901    735
   894    736
   895    736
   896    736
   897    736
   898    736
   899    736
   900    736
   893    737
   894    737
   895    737
   896    737
   897    737
   898    737
   899    737
   900    737
   893    738
   894    738
   895    738
   896    738
   897    738
   898    738
   899    738
   900    738
   893    739
   894    739
   895    739
   896    739
   897    739
   898    739
   899    739
   900    739
   901    739
   892    740
   893    740
   894    740
   895    740
   896    740
   897    740
   898    740
   899    740
   900    740
   892    741
   893    741
   894    741
   895    741
   896    741
   897    741
   898    741
   899    741
   900    741
   892    742
   893    742
   894    742
   895    742
   896    742
   897    742
   898    742
   899    742
   900    742
   892    743
   893    743
   894    743
   895    743
   896    743
   897    743
   898    743
   899    743
   900    743
   892    744
   893    744
   894    744
   895    744
   896    744
   897    744
   898    744
   899    744
   900    744
   891    745
   892    745
   893    745
   894    745
   895    745
   896    745
   897    745
   898    745
   899    745
   892    746
   893    746
   894    746
   895    746
   896    746
   897    746
   898    746
   899    746
   892    747
   893    747
   894    747
   895    747
   896    747
   897    747
   898    747
   899    747
   900    747
   891    748
   892    748
   893    748
   894    748
   895    748
   896    748
   897    748
   898    748
   899    748
   891    749
   892    749
   893    749
   894    749
   895    749
   896    749
   897    749
   898    749
   899    749
   891    750
   892    750
   893    750
   894    750
   895    750
   896    750
   897    750
   898    750
   890    751
   891    751
   892    751
   893    751
   894    751
   895    751
   896    751
   897    751
   898    751
   890    752
   891    752
   892    752
   893    752
   894    752
   895    752
   896    752
   897    752
   890    753
   891    753
   892    753
   893    753
   894    753
   895    753
   896    753
   897    753
   890    754
   891    754
   892    754
   893    754
   894    754
   895    754
   896    754
   889    755
   890    755
   891    755
   892    755
   893    755
   894    755
   895    755
   889    756
   890    756
   891    756
   892    756
   893    756
   894    756
   895    756
   889    757
   890    757
   891    757
   892    757
   893    757
   894    757
   888    758
   889    758
   890    758
   891    758
   892    758
   893    758
   894    758
   888    759
   889    759
   890    759
   891    759
   892    759
   893    759
   888    760
   889    760
   890    760
   891    760
   892    760
   893    760
   888    761
   889    761
   890    761
   891    761
   892    761
