   904    703
   905    703
   906    703
   904    704
   905    704
   906    704
   907    704
   908    704
   904    705
   905    705
   906    705
   907    705
   908    705
   904    706
   905    706
   906    706
   907    706
   908    706
   904    707
   905    707
   906    707
   907    707
   908    707
   903    708
   904    708
   905    708
   906    708
   907    708
   908    708
   903    709
   904    709
   905    709
   906    709
   907    709
   908    709
   903    710
   904    710
   905    710
   906    710
   907    710
   903    711
   904    711
   905    711
   906    711
   907    711
   908    711
   903    712
   904    712
   905    712
   906    712
   907    712
   908    712
   903    713
   904    713
   905    713
   906    713
   907    713
   908    713
   902    714
   903    714
   904    714
   905    714
   906    714
   907    714
   902    715
   903    715
   904    715
   905    715
   906    715
   907    715
   902    716
   903    716
   904    716
   906    716
   907    716
   902    717
   903    717
   904    717
   905    717
   906    717
   907    717
   902    718
   903    718
   904    718
   905    718
   906    718
   907    718
   901    719
   902    719
   903    719
   904    719
   905    719
   906    719
   901    720
   902    720
   903    720
   904    720
   905    720
   906    720
   900    721
   901    721
   902    721
   903    721
   904    721
   905    721
   906    721
   907    721
   901    722
   902    722
   903    722
   904    722
   905    722
   906    722
   901    723
   902    723
   903    723
   904    723
   905    723
   906    723
   907    723
   900    724
   901    724
   902    724
   903    724
   904    724
   905    724
   906    724
   907    724
   900    725
   901    725
   902    725
   903    725
   904    725
   905    725
   906    725
   899    726
   900    726
   901    726
   902    726
   903    726
   904    726
   905    726
   906    726
   899    727
   900    727
   901    727
   902    727
   903    727
   904    727
   905    727
   906    727
   899    728
   900    728
   901    728
   902    728
   903    728
   904    728
   905    728
   898    729
   899    729
   900    729
   901    729
   902    729
   903    729
   904    729
   899    730
   900    730
   901    730
   902    730
   903    730
   904    730
   898    731
   899    731
   900    731
   901    731
   902    731
   903    731
   904    731
   898    732
   899    732
   900    732
   901    732
   902    732
   903    732
   904    732
   898    733
   899    733
   900    733
   901    733
   902    733
   903    733
   904    733
   897    734
   898    734
   899    734
   900    734
   901    734
   902    734
   903    734
   904    734
   897    735
   898    735
   899    735
   900    735
   901    735
   902    735
   903    735
   904    735
   897    736
   898    736
   899    736
   900    736
   901    736
   902    736
   903    736
   897    737
   898    737
   899    737
   900    737
   901    737
   902    737
   903    737
   896    738
   897    738
   898    738
   899    738
   900    738
   901    738
   902    738
   903    738
   904    738
   896    739
   897    739
   898    739
   899    739
   900    739
   901    739
   902    739
   903    739
   896    740
   897    740
   898    740
   899    740
   900    740
   901    740
   902    740
   903    740
   895    741
   896    741
   897    741
   898    741
   899    741
   900    741
   901    741
   902    741
   895    742
   896    742
   897    742
   898    742
   899    742
   900    742
   901    742
   902    742
   895    743
   896    743
   897    743
   898    743
   899    743
   900    743
   901    743
   902    743
   903    743
   894    744
   895    744
   896    744
   897    744
   898    744
   899    744
   900    744
   901    744
   902    744
   894    745
   895    745
   896    745
   897    745
   898    745
   899    745
   900    745
   901    745
   902    745
   894    746
   895    746
   896    746
   897    746
   898    746
   899    746
   900    746
   901    746
   894    747
   895    747
   896    747
   897    747
   898    747
   899    747
   900    747
   901    747
   894    748
   895    748
   896    748
   897    748
   898    748
   899    748
   900    748
   901    748
   893    749
   894    749
   895    749
   896    749
   897    749
   898    749
   899    749
   900    749
   901    749
   893    750
   894    750
   895    750
   896    750
   897    750
   898    750
   899    750
   900    750
   901    750
   892    751
   893    751
   894    751
   895    751
   896    751
   897    751
   898    751
   899    751
   900    751
   892    752
   893    752
   894    752
   895    752
   896    752
   897    752
   898    752
   899    752
   900    752
   892    753
   893    753
   894    753
   895    753
   896    753
   897    753
   898    753
   899    753
   892    754
   893    754
   894    754
   895    754
   896    754
   897    754
   898    754
   892    755
   893    755
   894    755
   895    755
   896    755
   897    755
   898    755
   892    756
   893    756
   894    756
   895    756
   896    756
   892    757
   893    757
   894    757
   895    757
   896    757
   893    758
   894    758
   895    758
