   905    704
   906    704
   907    704
   908    704
   905    705
   906    705
   907    705
   908    705
   909    705
   910    705
   906    706
   907    706
   908    706
   909    706
   910    706
   905    707
   906    707
   907    707
   908    707
   909    707
   910    707
   905    708
   906    708
   907    708
   908    708
   909    708
   910    708
   905    709
   906    709
   907    709
   905    710
   906    710
   907    710
   905    711
   906    711
   907    711
   905    712
   906    712
   907    712
   904    713
   905    713
   906    713
   904    714
   905    714
   906    714
   904    715
   905    715
   906    715
   904    716
   905    716
   906    716
   904    717
   905    717
   906    717
   903    718
   904    718
   905    718
   906    718
   903    719
   904    719
   905    719
   903    720
   904    720
