   909    702
   910    702
   908    703
   909    703
   910    703
   909    704
   910    704
   908    705
   909    705
   910    705
   911    705
   908    706
   909    706
   910    706
   908    707
   909    707
   910    707
   911    707
   908    708
   909    708
   910    708
   911    708
   912    708
   908    709
   909    709
   910    709
   911    709
   912    709
   907    710
   908    710
   909    710
   910    710
   911    710
   912    710
   907    711
   908    711
   909    711
   910    711
   911    711
   912    711
   907    712
   908    712
   909    712
   910    712
   911    712
   907    713
   908    713
   909    713
   910    713
   911    713
   912    713
   907    714
   908    714
   909    714
   910    714
   911    714
   912    714
   907    715
   908    715
   909    715
   910    715
   911    715
   912    715
   907    716
   908    716
   909    716
   910    716
   911    716
   912    716
   907    717
   908    717
   909    717
   910    717
   911    717
   906    718
   907    718
   908    718
   909    718
   910    718
   911    718
   906    719
   907    719
   908    719
   909    719
   910    719
   911    719
   906    720
   907    720
   908    720
   909    720
   910    720
   906    721
   907    721
   908    721
   909    721
   910    721
   906    722
   907    722
   908    722
   909    722
   910    722
   905    723
   906    723
   907    723
   908    723
   909    723
   910    723
   905    724
   906    724
   907    724
   908    724
   909    724
   910    724
   904    725
   905    725
   906    725
   907    725
   908    725
   909    725
   910    725
   904    726
   905    726
   906    726
   907    726
   908    726
   909    726
   910    726
   905    727
   906    727
   907    727
   908    727
   909    727
   910    727
   911    727
   904    728
   905    728
   906    728
   907    728
   908    728
   909    728
   910    728
   904    729
   905    729
   906    729
   907    729
   908    729
   909    729
   910    729
   903    730
   904    730
   905    730
   906    730
   907    730
   908    730
   909    730
   910    730
   903    731
   904    731
   905    731
   906    731
   907    731
   908    731
   909    731
   910    731
   904    732
   905    732
   906    732
   907    732
   908    732
   909    732
   910    732
   903    733
   904    733
   905    733
   906    733
   907    733
   908    733
   909    733
   903    734
   904    734
   905    734
   906    734
   907    734
   908    734
   909    734
   910    734
   903    735
   904    735
   905    735
   906    735
   907    735
   908    735
   909    735
   903    736
   904    736
   905    736
   906    736
   907    736
   908    736
   909    736
   903    737
   904    737
   905    737
   906    737
   907    737
   908    737
   902    738
   903    738
   904    738
   905    738
   906    738
   907    738
   908    738
   909    738
   902    739
   903    739
   904    739
   905    739
   906    739
   907    739
   908    739
   902    740
   903    740
   904    740
   905    740
   906    740
   907    740
   908    740
   902    741
   903    741
   904    741
   905    741
   906    741
   907    741
   908    741
   902    742
   903    742
   904    742
   905    742
   906    742
   907    742
   908    742
   901    743
   902    743
   903    743
   904    743
   905    743
   906    743
   907    743
   908    743
   901    744
   902    744
   903    744
   904    744
   905    744
   906    744
   907    744
   901    745
   902    745
   903    745
   904    745
   905    745
   906    745
   907    745
   908    745
   901    746
   902    746
   903    746
   904    746
   905    746
   906    746
   907    746
   908    746
   901    747
   902    747
   903    747
   904    747
   905    747
   906    747
   907    747
   900    748
   901    748
   902    748
   903    748
   904    748
   905    748
   906    748
   907    748
   908    748
   900    749
   901    749
   902    749
   903    749
   904    749
   905    749
   906    749
   907    749
   899    750
   900    750
   901    750
   902    750
   903    750
   904    750
   905    750
   906    750
   907    750
   899    751
   900    751
   901    751
   902    751
   903    751
   904    751
   905    751
   906    751
   907    751
   899    752
   900    752
   901    752
   902    752
   903    752
   904    752
   905    752
   906    752
   907    752
   899    753
   900    753
   901    753
   902    753
   903    753
   904    753
   905    753
   906    753
   907    753
   899    754
   900    754
   901    754
   902    754
   903    754
   904    754
   905    754
   906    754
   907    754
   908    754
   898    755
   899    755
   900    755
   901    755
   902    755
   903    755
   904    755
   905    755
   906    755
   907    755
   908    755
   898    756
   899    756
   900    756
   901    756
   902    756
   903    756
   904    756
   905    756
   906    756
   907    756
   908    756
   898    757
   899    757
   900    757
   901    757
   902    757
   903    757
   904    757
   905    757
   906    757
   907    757
   898    758
   899    758
   900    758
   901    758
   902    758
   903    758
   904    758
   905    758
   906    758
   907    758
   898    759
   899    759
   900    759
   901    759
   902    759
   903    759
   904    759
   905    759
   906    759
   907    759
   897    760
   898    760
   899    760
   900    760
   901    760
   902    760
   903    760
   904    760
   905    760
   906    760
   907    760
   897    761
   898    761
   899    761
   900    761
   901    761
   902    761
   903    761
   904    761
   905    761
   896    762
   897    762
   898    762
   899    762
   900    762
   901    762
   902    762
   903    762
   904    762
   905    762
   896    763
   897    763
   898    763
   899    763
   900    763
   901    763
   902    763
   903    763
   904    763
   905    763
   896    764
   897    764
   898    764
   899    764
   900    764
   901    764
   902    764
   903    764
   904    764
   905    764
   896    765
   897    765
   898    765
   899    765
   900    765
   901    765
   902    765
   903    765
   904    765
   905    765
   896    766
   897    766
   898    766
   899    766
   900    766
   901    766
   902    766
   903    766
   904    766
   905    766
   895    767
   896    767
   897    767
   898    767
   899    767
   900    767
   901    767
   902    767
   903    767
   904    767
   905    767
   895    768
   896    768
   897    768
   898    768
   899    768
   900    768
   901    768
   902    768
   903    768
   904    768
   895    769
   896    769
   897    769
   898    769
   899    769
   900    769
   901    769
   902    769
   903    769
   904    769
   895    770
   896    770
   897    770
   898    770
   899    770
   900    770
   901    770
   902    770
   903    770
   904    770
   895    771
   896    771
   897    771
   898    771
   899    771
   900    771
   901    771
   902    771
   903    771
   904    771
   894    772
   895    772
   896    772
   897    772
   898    772
   899    772
   900    772
   901    772
   902    772
   903    772
   894    773
   895    773
   896    773
   897    773
   898    773
   899    773
   900    773
   901    773
   902    773
   903    773
   904    773
   894    774
   895    774
   896    774
   897    774
   898    774
   899    774
   900    774
   901    774
   902    774
   903    774
   904    774
   893    775
   894    775
   895    775
   896    775
   897    775
   898    775
   899    775
   900    775
   901    775
   902    775
   903    775
   904    775
   893    776
   894    776
   895    776
   896    776
   897    776
   898    776
   899    776
   900    776
   901    776
   902    776
   903    776
   904    776
   893    777
   894    777
   895    777
   896    777
   897    777
   898    777
   899    777
   900    777
   901    777
   902    777
   903    777
   893    778
   894    778
   895    778
   896    778
   897    778
   898    778
   899    778
   900    778
   901    778
   902    778
   903    778
   904    778
   892    779
   893    779
   894    779
   895    779
   896    779
   897    779
   898    779
   899    779
   900    779
   901    779
   902    779
   903    779
   904    779
   892    780
   893    780
   894    780
   895    780
   896    780
   897    780
   898    780
   899    780
   900    780
   901    780
   902    780
   903    780
   904    780
   892    781
   893    781
   894    781
   895    781
   896    781
   897    781
   898    781
   899    781
   900    781
   901    781
   902    781
   903    781
   891    782
   892    782
   893    782
   894    782
   895    782
   896    782
   897    782
   898    782
   899    782
   900    782
   901    782
   902    782
   903    782
   892    783
   893    783
   894    783
   895    783
   896    783
   897    783
   898    783
   899    783
   900    783
   901    783
   902    783
   903    783
   892    784
   893    784
   894    784
   895    784
   896    784
   897    784
   898    784
   899    784
   900    784
   901    784
   902    784
   894    785
   895    785
   896    785
   897    785
   898    785
   899    785
   900    785
   896    786
   897    786
   898    786
   899    786
   897    787
   898    787
   899    787
