   912    704
   913    704
   914    704
   911    705
   912    705
   913    705
   914    705
   912    706
   913    706
   912    707
   913    707
   911    708
   912    708
   913    708
   911    709
   912    709
   913    709
   911    710
   912    710
   913    710
   911    711
   912    711
   913    711
   911    712
   912    712
   913    712
   914    712
   915    712
   916    712
   911    713
   912    713
   913    713
   914    713
   915    713
   911    714
   912    714
   913    714
   914    714
   915    714
   911    715
   912    715
   913    715
   914    715
   910    716
   911    716
   912    716
   913    716
   910    717
   911    717
   912    717
   913    717
   910    718
   911    718
   912    718
   913    718
   910    719
   911    719
   912    719
   910    720
   911    720
   912    720
