   913    704
   914    704
   911    705
   912    705
   913    705
   914    705
   912    706
   913    706
   914    706
   912    707
   913    707
   911    708
   912    708
   913    708
   912    709
   913    709
   912    710
   913    710
   914    710
   911    711
   912    711
   913    711
   914    711
   915    711
   916    711
   911    712
   912    712
   913    712
   914    712
   915    712
   916    712
   911    713
   912    713
   913    713
   914    713
   915    713
   911    714
   912    714
   913    714
   914    714
   915    714
   911    715
   912    715
   913    715
   914    715
   915    715
   916    715
   910    716
   911    716
   912    716
   913    716
   914    716
   915    716
   910    717
   911    717
   912    717
   913    717
   914    717
   915    717
   916    717
   910    718
   911    718
   912    718
   913    718
   914    718
   915    718
   916    718
   910    719
   911    719
   912    719
   913    719
   914    719
   915    719
   910    720
   911    720
   912    720
   913    720
   914    720
   915    720
   916    720
   910    721
   911    721
   912    721
   913    721
   914    721
   915    721
   910    722
   911    722
   912    722
   913    722
   914    722
   915    722
   910    723
   911    723
   912    723
   913    723
   914    723
   915    723
   910    724
   911    724
   912    724
   913    724
   914    724
   915    724
   910    725
   911    725
   912    725
   913    725
   914    725
   915    725
   909    726
   910    726
   911    726
   912    726
   913    726
   914    726
   909    727
   910    727
   911    727
   912    727
   913    727
   909    728
   910    728
   911    728
   912    728
   913    728
   909    729
   910    729
   911    729
   912    729
   909    730
   910    730
   911    730
