   910    705
   911    705
   912    705
   913    705
   914    705
   915    705
   910    706
   911    706
   913    706
   914    706
   915    706
   912    707
   913    707
   914    707
   912    708
   913    708
   914    708
   912    709
   913    709
   914    709
   915    709
   916    709
   917    709
   912    710
   913    710
   914    710
   915    710
   916    710
   917    710
   911    711
   912    711
   913    711
   914    711
   915    711
   916    711
   917    711
   912    712
   913    712
   914    712
   915    712
   916    712
   917    712
   912    713
   913    713
   914    713
   915    713
   916    713
   917    713
   911    714
   912    714
   913    714
   914    714
   915    714
   916    714
   912    715
   913    715
   914    715
   915    715
   916    715
   917    715
   912    716
   913    716
   914    716
   915    716
   916    716
   917    716
   911    717
   912    717
   913    717
   914    717
   915    717
   916    717
   911    718
   912    718
   913    718
   914    718
   915    718
   916    718
   917    718
   911    719
   912    719
   913    719
   914    719
   915    719
   916    719
   917    719
   911    720
   912    720
   913    720
   914    720
   915    720
   916    720
   917    720
   911    721
   912    721
   913    721
   914    721
   915    721
   916    721
   917    721
   911    722
   912    722
   913    722
   914    722
   915    722
   916    722
   917    722
   911    723
   912    723
   913    723
   914    723
   915    723
   916    723
   917    723
   910    724
   911    724
   912    724
   913    724
   914    724
   915    724
   916    724
   917    724
   910    725
   911    725
   912    725
   913    725
   914    725
   915    725
   916    725
   910    726
   911    726
   912    726
   913    726
   914    726
   915    726
   916    726
   917    726
   910    727
   911    727
   912    727
   913    727
   914    727
   915    727
   916    727
   910    728
   911    728
   912    728
   913    728
   914    728
   915    728
   916    728
   910    729
   911    729
   912    729
   913    729
   914    729
   915    729
   916    729
   917    729
   910    730
   911    730
   912    730
   913    730
   914    730
   915    730
   916    730
   910    731
   911    731
   912    731
   913    731
   914    731
   915    731
   916    731
   909    732
   910    732
   911    732
   912    732
   913    732
   914    732
   915    732
   916    732
   917    732
   909    733
   910    733
   911    733
   912    733
   913    733
   914    733
   915    733
   916    733
   909    734
   910    734
   911    734
   912    734
   913    734
   914    734
   915    734
   916    734
   909    735
   910    735
   911    735
   912    735
   913    735
   914    735
   915    735
   916    735
   909    736
   910    736
   911    736
   912    736
   913    736
   914    736
   915    736
   908    737
   909    737
   910    737
   911    737
   912    737
   913    737
   914    737
   908    738
   909    738
   910    738
   911    738
   912    738
   913    738
   914    738
   915    738
   908    739
   909    739
   910    739
   911    739
   912    739
   913    739
   914    739
   915    739
   908    740
   909    740
   910    740
   911    740
   912    740
   913    740
   914    740
   915    740
   907    741
   908    741
   909    741
   910    741
   911    741
   912    741
   913    741
   914    741
   915    741
   907    742
   908    742
   909    742
   910    742
   911    742
   912    742
   913    742
   914    742
   915    742
   907    743
   908    743
   909    743
   910    743
   911    743
   912    743
   913    743
   914    743
   915    743
   916    743
   907    744
   908    744
   909    744
   910    744
   911    744
   912    744
   913    744
   914    744
   915    744
   907    745
   908    745
   909    745
   910    745
   911    745
   912    745
   913    745
   914    745
   915    745
   907    746
   908    746
   909    746
   910    746
   911    746
   912    746
   913    746
   914    746
   915    746
   907    747
   908    747
   909    747
   910    747
   911    747
   912    747
   913    747
   914    747
   915    747
   906    748
   907    748
   908    748
   909    748
   910    748
   911    748
   912    748
   913    748
   914    748
   915    748
   907    749
   908    749
   909    749
   910    749
   911    749
   912    749
   913    749
   914    749
   915    749
   907    750
   908    750
   909    750
   910    750
   911    750
   912    750
   913    750
   914    750
   915    750
   907    751
   908    751
   909    751
   910    751
   911    751
   912    751
   913    751
   914    751
   915    751
   907    752
   908    752
   909    752
   910    752
   911    752
   912    752
   913    752
   914    752
   915    752
   907    753
   908    753
   909    753
   910    753
   911    753
   912    753
   913    753
   914    753
   915    753
   906    754
   907    754
   908    754
   909    754
   910    754
   911    754
   912    754
   913    754
   914    754
   915    754
   906    755
   907    755
   908    755
   909    755
   910    755
   911    755
   912    755
   913    755
   914    755
   906    756
   907    756
   908    756
   909    756
   910    756
   911    756
   912    756
   913    756
   914    756
   906    757
   907    757
   908    757
   909    757
   910    757
   911    757
   912    757
   913    757
   906    758
   907    758
   908    758
   909    758
   910    758
   911    758
   912    758
   913    758
   906    759
   907    759
   908    759
   909    759
   910    759
   911    759
   912    759
   906    760
   907    760
   908    760
   909    760
   910    760
   907    761
   908    761
   909    761
   910    761
