   914    704
   915    704
   916    704
   914    705
   915    705
   916    705
   914    706
   915    706
   916    706
   917    706
   913    707
   914    707
   915    707
   916    707
   917    707
   913    708
   914    708
   915    708
   916    708
   917    708
   913    709
   914    709
   915    709
   916    709
   917    709
   913    710
   914    710
   915    710
   916    710
   917    710
   913    711
   914    711
   915    711
   916    711
   917    711
   912    712
   913    712
   914    712
   915    712
   916    712
   917    712
   912    713
   913    713
   914    713
   915    713
   916    713
   917    713
   912    714
   913    714
   914    714
   915    714
   916    714
   917    714
   912    715
   913    715
   914    715
   915    715
   916    715
   917    715
   912    716
   913    716
   914    716
   915    716
   916    716
   917    716
   911    717
   912    717
   913    717
   914    717
   915    717
   916    717
   917    717
   912    718
   913    718
   914    718
   915    718
   916    718
   917    718
   912    719
   913    719
   914    719
   915    719
   916    719
   917    719
   911    720
   912    720
   913    720
   914    720
   915    720
   916    720
   917    720
   912    721
   913    721
   914    721
   915    721
   916    721
   917    721
   912    722
   913    722
   914    722
   915    722
   916    722
   917    722
   911    723
   912    723
   913    723
   914    723
   915    723
   916    723
   917    723
   911    724
   912    724
   913    724
   914    724
   915    724
   916    724
   917    724
   911    725
   912    725
   913    725
   914    725
   915    725
   916    725
   917    725
   911    726
   912    726
   913    726
   914    726
   915    726
   916    726
   917    726
   911    727
   912    727
   913    727
   914    727
   915    727
   916    727
   917    727
   911    728
   912    728
   913    728
   914    728
   915    728
   916    728
   911    729
   912    729
   913    729
   914    729
   915    729
   910    730
   911    730
   912    730
   913    730
   914    730
   915    730
   910    731
   911    731
   912    731
   913    731
   914    731
   915    731
   911    732
   912    732
   913    732
   914    732
   915    732
   916    732
   910    733
   911    733
   912    733
   913    733
   914    733
   915    733
   910    734
   911    734
   912    734
   913    734
   914    734
   915    734
   910    735
   911    735
   912    735
   913    735
   914    735
   915    735
   910    736
   911    736
   912    736
   913    736
   914    736
   909    737
   910    737
   911    737
   912    737
   913    737
   914    737
   910    738
   912    738
   913    738
