   911    706
   912    706
   913    706
   914    706
   915    706
   912    707
   913    707
   914    707
   915    707
   913    708
   914    708
   915    708
   912    709
   913    709
   914    709
   915    709
   912    710
   913    710
   914    710
   915    710
   916    710
   917    710
   912    711
   913    711
   914    711
   915    711
   916    711
   917    711
   912    712
   913    712
   914    712
   915    712
   916    712
   917    712
   912    713
   913    713
   914    713
   915    713
   916    713
   917    713
   912    714
   913    714
   914    714
   915    714
   916    714
   917    714
   912    715
   913    715
   914    715
   915    715
   916    715
   917    715
   912    716
   913    716
   914    716
   915    716
   916    716
   917    716
   911    717
   912    717
   913    717
   914    717
   915    717
   916    717
   917    717
   911    718
   912    718
   913    718
   914    718
   915    718
   916    718
   917    718
   912    719
   913    719
   914    719
   915    719
   916    719
   917    719
   911    720
   912    720
   913    720
   914    720
   915    720
   916    720
   917    720
   911    721
   912    721
   913    721
   914    721
   915    721
   916    721
   917    721
   912    722
   913    722
   914    722
   915    722
   916    722
   911    723
   912    723
   913    723
   914    723
   915    723
   916    723
   911    724
   912    724
   913    724
   914    724
   915    724
   916    724
   917    724
   911    725
   912    725
   913    725
   914    725
   915    725
   916    725
   917    725
   911    726
   912    726
   913    726
   914    726
   915    726
   916    726
   917    726
   910    727
   911    727
   912    727
   913    727
   914    727
   915    727
   916    727
   917    727
   910    728
   911    728
   912    728
   913    728
   914    728
   915    728
   916    728
   917    728
   911    729
   912    729
   913    729
   914    729
   915    729
   916    729
   917    729
   910    730
   911    730
   912    730
   913    730
   914    730
   915    730
   916    730
   910    731
   911    731
   912    731
   913    731
   914    731
   915    731
   916    731
   917    731
   910    732
   911    732
   912    732
   913    732
   914    732
   915    732
   916    732
   917    732
   910    733
   911    733
   912    733
   913    733
   914    733
   915    733
   916    733
   910    734
   911    734
   912    734
   913    734
   914    734
   915    734
   916    734
   917    734
   909    735
   910    735
   911    735
   912    735
   913    735
   914    735
   915    735
   916    735
   909    736
   910    736
   911    736
   912    736
   913    736
   914    736
   915    736
   909    737
   910    737
   911    737
   912    737
   913    737
   914    737
   915    737
   909    738
   910    738
   911    738
   912    738
   913    738
   914    738
   915    738
   916    738
   908    739
   909    739
   910    739
   911    739
   912    739
   913    739
   914    739
   915    739
   909    740
   910    740
   911    740
   912    740
   913    740
   909    741
   910    741
   911    741
   912    741
   913    741
   908    742
   909    742
   910    742
   911    742
   912    742
   909    743
   910    743
   911    743
   912    743
