   914    705
   915    705
   914    706
   915    706
   912    707
   913    707
   914    707
   915    707
   913    708
   914    708
   915    708
   913    709
   914    709
   915    709
   913    710
   914    710
   915    710
   916    710
   913    711
   914    711
   915    711
   916    711
   917    711
   912    712
   913    712
   914    712
   915    712
   916    712
   917    712
   912    713
   913    713
   914    713
   915    713
   916    713
   917    713
   913    714
   914    714
   915    714
   912    715
   913    715
   914    715
   915    715
   912    716
   913    716
   914    716
   913    717
   914    717
