   913    768
   914    768
   913    769
   914    769
   915    769
   913    770
   914    770
   915    770
   913    771
   914    771
   912    772
   913    772
   914    772
   915    772
   912    773
   913    773
   914    773
   915    773
   911    774
   912    774
   913    774
   914    774
   915    774
   911    775
   912    775
   913    775
   914    775
   915    775
   910    776
   911    776
   912    776
   913    776
   914    776
   915    776
   916    776
   917    776
   910    777
   911    777
   912    777
   913    777
   914    777
   915    777
   916    777
   910    778
   911    778
   912    778
   913    778
   914    778
   915    778
   916    778
   917    778
   909    779
   910    779
   911    779
   912    779
   913    779
   914    779
   915    779
   916    779
   909    780
   910    780
   911    780
   912    780
   913    780
   914    780
   915    780
   909    781
   910    781
   911    781
   912    781
   913    781
   914    781
   915    781
   916    781
   908    782
   909    782
   910    782
   911    782
   912    782
   913    782
   914    782
   915    782
   908    783
   909    783
   910    783
   911    783
   912    783
   913    783
   914    783
   915    783
   908    784
   909    784
   910    784
   911    784
   912    784
   913    784
   914    784
   908    785
   909    785
   910    785
   911    785
   912    785
   907    786
   908    786
   909    786
   910    786
   911    786
   911    787
   912    787
