   915    706
   916    706
   915    708
   916    708
   917    708
   915    709
   916    709
   912    710
   913    710
   914    710
   915    710
   916    710
   917    710
   918    710
   911    711
   912    711
   913    711
   914    711
   915    711
   916    711
   917    711
   913    712
   914    712
   915    712
   916    712
   917    712
   918    712
   919    712
   913    713
   914    713
   915    713
   916    713
   917    713
   918    713
   919    713
   913    714
   914    714
   915    714
   916    714
   917    714
   918    714
   913    715
   914    715
   915    715
   916    715
   917    715
   918    715
   913    716
   914    716
   915    716
   916    716
   917    716
   918    716
   913    717
   914    717
   915    717
   916    717
   917    717
   918    717
   913    718
   914    718
   915    718
   916    718
   917    718
   918    718
   913    719
   914    719
   915    719
   916    719
   917    719
   918    719
   913    720
   914    720
   915    720
   916    720
   917    720
   918    720
   912    721
   913    721
   914    721
   915    721
   916    721
   917    721
   918    721
   912    722
   913    722
   914    722
   915    722
   916    722
   917    722
   918    722
   912    723
   913    723
   914    723
   915    723
   916    723
   917    723
   912    724
   913    724
   914    724
   915    724
   916    724
   917    724
   912    725
   913    725
   914    725
   915    725
   916    725
   917    725
   918    725
   912    726
   913    726
   914    726
   915    726
   916    726
   917    726
   912    727
   913    727
   914    727
   915    727
   916    727
   912    728
   913    728
   914    728
   915    728
   916    728
