   915    747
   916    747
   914    748
   915    748
   916    748
   914    749
   915    749
   916    749
   914    750
   915    750
   916    750
   917    750
   913    751
   914    751
   915    751
   916    751
   917    751
   913    752
   914    752
   915    752
   916    752
   917    752
   913    753
   914    753
   915    753
   916    753
   917    753
   918    753
   912    754
   913    754
   914    754
   915    754
   916    754
   917    754
   918    754
   912    755
   913    755
   914    755
   915    755
   916    755
   917    755
   918    755
   912    756
   913    756
   914    756
   915    756
   916    756
   917    756
   918    756
   912    757
   913    757
   914    757
   915    757
   916    757
   917    757
   918    757
   911    758
   912    758
   913    758
   914    758
   915    758
   916    758
   917    758
   918    758
   911    759
   912    759
   913    759
   914    759
   915    759
   916    759
   917    759
   918    759
   911    760
   912    760
   913    760
   914    760
   915    760
   916    760
   917    760
   918    760
   910    761
   911    761
   912    761
   913    761
   914    761
   915    761
   916    761
   917    761
   918    761
   910    762
   911    762
   912    762
   913    762
   914    762
   915    762
   916    762
   917    762
   918    762
   910    763
   911    763
   912    763
   913    763
   914    763
   915    763
   916    763
   917    763
   909    764
   910    764
   911    764
   912    764
   913    764
   914    764
   915    764
   916    764
   917    764
   909    765
   910    765
   911    765
   912    765
   913    765
   914    765
   915    765
   916    765
   908    766
   909    766
   910    766
   911    766
   912    766
   913    766
   914    766
   915    766
   916    766
   917    766
   909    767
   910    767
   911    767
   912    767
   913    767
   914    767
   915    767
   916    767
   917    767
   909    768
   910    768
   911    768
   912    768
   913    768
   914    768
   915    768
   916    768
   917    768
   908    769
   909    769
   910    769
   911    769
   912    769
   913    769
   914    769
   915    769
   916    769
   917    769
   908    770
   909    770
   910    770
   911    770
   912    770
   913    770
   914    770
   915    770
   916    770
   917    770
   907    771
   908    771
   909    771
   910    771
   911    771
   912    771
   913    771
   914    771
   915    771
   916    771
   917    771
   907    772
   908    772
   909    772
   910    772
   911    772
   912    772
   913    772
   914    772
   915    772
   916    772
   917    772
   907    773
   908    773
   909    773
   910    773
   911    773
   912    773
   913    773
   914    773
   915    773
   916    773
   917    773
   907    774
   908    774
   909    774
   910    774
   911    774
   912    774
   913    774
   914    774
   915    774
   916    774
   917    774
   906    775
   907    775
   908    775
   909    775
   910    775
   911    775
   912    775
   913    775
   914    775
   915    775
   916    775
   917    775
   906    776
   907    776
   908    776
   909    776
   910    776
   911    776
   912    776
   913    776
   914    776
   915    776
   916    776
   917    776
   906    777
   907    777
   908    777
   909    777
   910    777
   911    777
   912    777
   913    777
   914    777
   915    777
   916    777
   906    778
   907    778
   908    778
   909    778
   910    778
   911    778
   912    778
   913    778
   914    778
   915    778
   916    778
   907    779
   908    779
   909    779
   910    779
   911    779
   912    779
   913    779
