   916    708
   917    708
   916    709
   917    709
   915    710
   916    710
   917    710
   915    712
   916    712
   917    712
   915    713
   916    713
   917    713
   914    714
   915    714
   916    714
   917    714
   918    714
   912    715
   913    715
   914    715
   915    715
   916    715
   917    715
   918    715
   919    715
   913    716
   914    716
   915    716
   916    716
   917    716
   918    716
   919    716
   914    717
   915    717
   916    717
   917    717
   918    717
   919    717
   914    718
   915    718
   916    718
   917    718
   918    718
   919    718
   913    719
   914    719
   915    719
   916    719
   917    719
   918    719
   913    720
   914    720
   915    720
   916    720
   917    720
   918    720
   919    720
   913    721
   914    721
   915    721
   916    721
   917    721
   918    721
   913    722
   914    722
   915    722
   916    722
   917    722
   918    722
   912    723
   913    723
   914    723
   915    723
   916    723
   917    723
   918    723
   912    724
   913    724
   914    724
   915    724
   916    724
   917    724
   918    724
   912    725
   913    725
   914    725
   915    725
   916    725
   917    725
   918    725
   912    726
   913    726
   914    726
   915    726
   916    726
   917    726
   918    726
   919    726
   912    727
   913    727
   914    727
   915    727
   916    727
   917    727
   918    727
   912    728
   913    728
   914    728
   915    728
   916    728
   917    728
   918    728
   912    729
   913    729
   914    729
   915    729
   916    729
   917    729
   918    729
   912    730
   913    730
   914    730
   915    730
   916    730
   917    730
   918    730
   912    731
   913    731
   914    731
   915    731
   916    731
   917    731
   918    731
   912    732
   913    732
   914    732
   915    732
   916    732
   917    732
   918    732
   911    733
   912    733
   913    733
   914    733
   915    733
   916    733
   917    733
   918    733
   911    734
   912    734
   913    734
   914    734
   915    734
   916    734
   917    734
   918    734
   911    735
   912    735
   913    735
   914    735
   915    735
   916    735
   917    735
   918    735
   911    736
   912    736
   913    736
   914    736
   915    736
   916    736
   917    736
   918    736
   911    737
   912    737
   913    737
   914    737
   915    737
   916    737
   917    737
   918    737
   911    738
   912    738
   913    738
   914    738
   915    738
   916    738
   917    738
   911    739
   912    739
   913    739
   914    739
   915    739
   916    739
   917    739
   911    740
   912    740
   913    740
   914    740
   915    740
   916    740
   911    741
   912    741
   913    741
   914    741
   915    741
   916    741
   911    742
   912    742
   913    742
   914    742
   915    742
   916    742
   911    743
   912    743
   913    743
   914    743
   915    743
   911    744
   912    744
   913    744
