   916    711
   915    712
   916    712
   915    713
   916    713
   917    713
   914    714
   915    714
   916    714
   917    714
   918    714
   912    715
   913    715
   914    715
   915    715
   916    715
   917    715
   913    716
   914    716
   915    716
   916    716
   917    716
   913    717
   914    717
   915    717
   916    717
   917    717
   918    717
   919    717
   914    718
   915    718
   916    718
   917    718
   918    718
   919    718
   913    719
   914    719
   915    719
   916    719
   917    719
   918    719
   913    720
   914    720
   915    720
   916    720
   917    720
   918    720
   913    721
   914    721
   915    721
   916    721
   917    721
   918    721
   913    722
   914    722
   915    722
   916    722
   917    722
   918    722
   912    723
   913    723
   914    723
   915    723
   916    723
   917    723
   918    723
   912    724
   913    724
   914    724
   915    724
   916    724
   917    724
   918    724
   912    725
   913    725
   914    725
   915    725
   916    725
   917    725
   918    725
   912    726
   913    726
   914    726
   915    726
   916    726
   917    726
   912    727
   913    727
   914    727
   915    727
   916    727
   917    727
   913    728
   914    728
   915    728
   916    728
   912    729
   913    729
   914    729
   912    730
   913    730
