   915    712
   916    712
   916    713
   915    714
   916    714
   915    715
   916    715
   915    716
   916    716
   917    716
   914    717
   915    717
   916    717
   917    717
   918    717
   914    718
   915    718
   916    718
   917    718
   918    718
   912    719
   913    719
   914    719
   915    719
   916    719
   917    719
   918    719
   912    720
   913    720
   914    720
   915    720
   916    720
   917    720
   918    720
   919    720
   913    721
   914    721
   915    721
   916    721
   917    721
   918    721
   913    722
   914    722
   915    722
   916    722
   917    722
   918    722
   912    723
   913    723
   914    723
   915    723
   916    723
   917    723
   918    723
   912    724
   913    724
   914    724
   915    724
   916    724
   917    724
   918    724
   912    725
   913    725
   914    725
   915    725
   916    725
   917    725
   918    725
   912    726
   913    726
   914    726
   915    726
   916    726
   917    726
   918    726
   912    727
   913    727
   914    727
   915    727
   916    727
   917    727
   918    727
   911    728
   912    728
   913    728
   914    728
   915    728
   916    728
   917    728
   918    728
   912    729
   913    729
   914    729
   915    729
   916    729
   917    729
   918    729
   912    730
   913    730
   914    730
   915    730
   916    730
   917    730
   918    730
   911    731
   912    731
   913    731
   914    731
   915    731
   916    731
   917    731
   918    731
   911    732
   912    732
   913    732
   914    732
   915    732
   916    732
   917    732
   918    732
   911    733
   912    733
   913    733
   914    733
   915    733
   916    733
   917    733
   918    733
   911    734
   912    734
   913    734
   914    734
   915    734
   916    734
   917    734
   918    734
   911    735
   912    735
   913    735
   914    735
   915    735
   916    735
   917    735
   918    735
   911    736
   912    736
   913    736
   914    736
   915    736
   916    736
   917    736
   918    736
   911    737
   912    737
   913    737
   914    737
   915    737
   916    737
   917    737
   918    737
   910    738
   911    738
   912    738
   913    738
   914    738
   915    738
   916    738
   917    738
   918    738
   910    739
   911    739
   912    739
   913    739
   914    739
   915    739
   916    739
   917    739
   918    739
   911    740
   912    740
   913    740
   914    740
   915    740
   916    740
   917    740
   910    741
   911    741
   912    741
   913    741
   914    741
   915    741
   916    741
   917    741
   918    741
   910    742
   911    742
   912    742
   913    742
   914    742
   915    742
   916    742
   917    742
   918    742
   910    743
   911    743
   912    743
   913    743
   914    743
   915    743
   916    743
   917    743
   918    743
   910    744
   911    744
   912    744
   913    744
   914    744
   915    744
   916    744
   917    744
   918    744
   910    745
   911    745
   912    745
   913    745
   914    745
   915    745
   916    745
   917    745
   910    746
   911    746
   912    746
   913    746
   914    746
   915    746
   916    746
   917    746
   918    746
   910    747
   911    747
   912    747
   913    747
   914    747
   915    747
   916    747
   917    747
   909    748
   910    748
   911    748
   912    748
   913    748
   914    748
   915    748
   916    748
   917    748
   909    749
   910    749
   911    749
   912    749
   913    749
   914    749
   915    749
   916    749
   917    749
   918    749
   909    750
   910    750
   911    750
   912    750
   913    750
   914    750
   915    750
   916    750
   917    750
   909    751
   910    751
   911    751
   912    751
   913    751
   914    751
   915    751
   916    751
   917    751
   909    752
   910    752
   911    752
   912    752
   913    752
   914    752
   915    752
   916    752
   917    752
   909    753
   910    753
   911    753
   912    753
   913    753
   914    753
   915    753
   916    753
   917    753
   909    754
   910    754
   911    754
   912    754
   913    754
   914    754
   915    754
   916    754
   917    754
   908    755
   909    755
   910    755
   911    755
   912    755
   913    755
   914    755
   915    755
   916    755
   917    755
   909    756
   910    756
   911    756
   912    756
   913    756
   914    756
   915    756
   916    756
   917    756
   908    757
   909    757
   910    757
   911    757
   912    757
   913    757
   914    757
   915    757
   916    757
   917    757
   908    758
   909    758
   910    758
   911    758
   912    758
   913    758
   914    758
   915    758
   916    758
   917    758
   918    758
   908    759
   909    759
   910    759
   911    759
   912    759
   913    759
   914    759
   915    759
   916    759
   917    759
   908    760
   909    760
   910    760
   911    760
   912    760
   913    760
   914    760
   915    760
   916    760
   917    760
   918    760
   908    761
   909    761
   910    761
   911    761
   912    761
   913    761
   914    761
   915    761
   916    761
   917    761
   918    761
   908    762
   909    762
   910    762
   911    762
   912    762
   913    762
   914    762
   915    762
   916    762
   917    762
   918    762
   908    763
   909    763
   910    763
   911    763
   912    763
   913    763
   914    763
   915    763
   916    763
   917    763
   918    763
   908    764
   909    764
   910    764
   911    764
   912    764
   913    764
   914    764
   915    764
   916    764
   917    764
   918    764
   908    765
   909    765
   910    765
   911    765
   912    765
   913    765
   914    765
   915    765
   916    765
   917    765
   918    765
   907    766
   908    766
   909    766
   910    766
   911    766
   912    766
   913    766
   914    766
   915    766
   916    766
   917    766
   918    766
   907    767
   908    767
   909    767
   910    767
   911    767
   912    767
   913    767
   914    767
   915    767
   916    767
   917    767
   907    768
   908    768
   909    768
   910    768
   911    768
   912    768
   913    768
   914    768
   915    768
   916    768
   917    768
   907    769
   908    769
   909    769
   910    769
   911    769
   912    769
   913    769
   914    769
   915    769
   916    769
   917    769
   907    770
   908    770
   909    770
   910    770
   911    770
   912    770
   913    770
   914    770
   915    770
   916    770
   917    770
   907    771
   908    771
   909    771
   910    771
   911    771
   912    771
   913    771
   914    771
   915    771
   916    771
   917    771
   907    772
   908    772
   909    772
   910    772
   911    772
   912    772
   913    772
   914    772
   915    772
   916    772
   917    772
   907    773
   908    773
   909    773
   910    773
   911    773
   912    773
   913    773
   914    773
   915    773
   916    773
   917    773
   907    774
   908    774
   909    774
   910    774
   911    774
   912    774
   913    774
   914    774
   915    774
   916    774
   917    774
   906    775
   907    775
   908    775
   909    775
   910    775
   911    775
   912    775
   913    775
   914    775
   915    775
   916    775
   917    775
   906    776
   907    776
   908    776
   909    776
   910    776
   911    776
   912    776
   913    776
   914    776
   915    776
   916    776
   917    776
   906    777
   907    777
   908    777
   909    777
   910    777
   911    777
   912    777
   913    777
   914    777
   915    777
   916    777
   917    777
   906    778
   907    778
   908    778
   909    778
   910    778
   911    778
   912    778
   913    778
   914    778
   915    778
   916    778
   917    778
   906    779
   907    779
   908    779
   909    779
   910    779
   911    779
   912    779
   913    779
   914    779
   915    779
   916    779
   917    779
   906    780
   907    780
   908    780
   909    780
   910    780
   911    780
   912    780
   913    780
   914    780
   915    780
   916    780
   917    780
   906    781
   907    781
   908    781
   909    781
   910    781
   911    781
   912    781
   913    781
   914    781
   915    781
   916    781
   905    782
   906    782
   907    782
   908    782
   909    782
   910    782
   911    782
   912    782
   913    782
   914    782
   915    782
   916    782
   917    782
   905    783
   906    783
   907    783
   908    783
   909    783
   910    783
   911    783
   912    783
   913    783
   914    783
   915    783
   916    783
   905    784
   906    784
   907    784
   908    784
   909    784
   910    784
   911    784
   912    784
   913    784
   914    784
   915    784
   906    785
   907    785
   908    785
   909    785
   910    785
   911    785
   912    785
   913    785
   914    785
   909    786
   910    786
   911    786
   912    786
   913    786
   914    786
   915    786
   910    787
   911    787
   912    787
   913    787
