   914    770
   915    770
   916    770
   914    772
   915    772
   914    773
   915    773
   913    774
   914    774
   915    774
   913    775
   914    775
   915    775
   913    776
   914    776
   915    776
   913    777
   914    777
   915    777
   912    778
   913    778
   914    778
   915    778
   912    779
   913    779
   914    779
   912    780
   913    780
   914    780
   912    781
   913    781
   914    781
   911    782
   912    782
   913    782
   913    783
   914    783
