   916    718
   917    718
   916    719
   917    719
   918    719
   916    720
   917    720
   918    720
   915    721
   916    721
   917    721
   918    721
   915    722
   916    722
   917    722
   918    722
   919    722
   915    723
   916    723
   917    723
   918    723
   919    723
   912    724
   913    724
   914    724
   915    724
   916    724
   917    724
   918    724
   919    724
   911    725
   912    725
   913    725
   914    725
   915    725
   916    725
   917    725
   918    725
   919    725
   920    725
   912    726
   913    726
   914    726
   915    726
   916    726
   917    726
   918    726
   919    726
   920    726
   913    727
   914    727
   915    727
   916    727
   917    727
   918    727
   919    727
   920    727
   913    728
   914    728
   915    728
   916    728
   917    728
   918    728
   919    728
   920    728
   914    729
   915    729
   916    729
   917    729
   918    729
   919    729
   920    729
   913    730
   914    730
   915    730
   916    730
   917    730
   918    730
   919    730
   913    731
   914    731
   915    731
   916    731
   917    731
   918    731
   919    731
   912    732
   913    732
   914    732
   915    732
   916    732
   917    732
   918    732
   919    732
   912    733
   913    733
   914    733
   915    733
   916    733
   917    733
   918    733
   919    733
   912    734
   913    734
   914    734
   915    734
   916    734
   917    734
   918    734
   919    734
   912    735
   913    735
   914    735
   915    735
   916    735
   917    735
   918    735
   919    735
   912    736
   913    736
   914    736
   915    736
   916    736
   917    736
   918    736
   919    736
   912    737
   913    737
   914    737
   915    737
   916    737
   917    737
   918    737
   919    737
   912    738
   913    738
   914    738
   915    738
   916    738
   917    738
   918    738
   919    738
   911    739
   912    739
   913    739
   914    739
   915    739
   916    739
   917    739
   918    739
   919    739
   911    740
   912    740
   913    740
   914    740
   915    740
   916    740
   917    740
   918    740
   919    740
   911    741
   912    741
   913    741
   914    741
   915    741
   916    741
   917    741
   918    741
   919    741
   911    742
   912    742
   913    742
   914    742
   915    742
   916    742
   917    742
   918    742
   919    742
   911    743
   912    743
   913    743
   914    743
   915    743
   916    743
   917    743
   918    743
   919    743
   911    744
   912    744
   913    744
   914    744
   915    744
   916    744
   917    744
   918    744
   919    744
   911    745
   912    745
   913    745
   914    745
   915    745
   916    745
   917    745
   918    745
   919    745
   911    746
   912    746
   913    746
   914    746
   915    746
   916    746
   917    746
   918    746
   919    746
   911    747
   912    747
   913    747
   914    747
   915    747
   916    747
   917    747
   918    747
   919    747
   910    748
   911    748
   912    748
   913    748
   914    748
   915    748
   916    748
   917    748
   918    748
   919    748
   910    749
   911    749
   912    749
   913    749
   914    749
   915    749
   916    749
   917    749
   918    749
   919    749
   910    750
   911    750
   912    750
   913    750
   914    750
   915    750
   916    750
   917    750
   918    750
   910    751
   911    751
   912    751
   913    751
   914    751
   915    751
   916    751
   917    751
   918    751
   910    752
   911    752
   912    752
   913    752
   914    752
   915    752
   916    752
   917    752
   910    753
   911    753
   912    753
   913    753
   914    753
   915    753
   916    753
   917    753
   910    754
   911    754
   912    754
   913    754
   914    754
   915    754
   916    754
   909    755
   910    755
   911    755
   912    755
   913    755
   914    755
   915    755
   916    755
   910    756
   911    756
   912    756
   913    756
   914    756
   915    756
   909    757
   910    757
   911    757
   912    757
   913    757
   914    757
   909    758
   910    758
   911    758
   912    758
   913    758
