   916    718
   917    718
   916    719
   917    719
   916    720
   917    720
   918    720
   915    721
   916    721
   917    721
   918    721
   915    722
   916    722
   917    722
   918    722
   915    723
   916    723
   917    723
   918    723
   919    723
   911    724
   912    724
   913    724
   915    724
   916    724
   917    724
   918    724
   912    725
   913    725
   914    725
   915    725
   916    725
   917    725
   918    725
   919    725
   912    726
   913    726
   914    726
   915    726
   916    726
   917    726
   918    726
   919    726
   920    726
   913    727
   914    727
   915    727
   916    727
   917    727
   918    727
   919    727
   920    727
   913    728
   914    728
   915    728
   916    728
   917    728
   918    728
   919    728
   920    728
   914    729
   915    729
   916    729
   917    729
   918    729
   919    729
   920    729
   913    730
   914    730
   915    730
   916    730
   917    730
   918    730
   919    730
   913    731
   914    731
   915    731
   916    731
   917    731
   918    731
   919    731
   913    732
   914    732
   915    732
   916    732
   917    732
   918    732
   913    733
   914    733
   915    733
   916    733
   917    733
   918    733
   919    733
   912    734
   913    734
   914    734
   915    734
   916    734
   917    734
   918    734
   912    735
   913    735
   914    735
   915    735
   916    735
   917    735
   918    735
   913    736
   914    736
   915    736
   916    736
   912    737
   913    737
   914    737
   915    737
   916    737
   912    738
   913    738
   914    738
   915    738
   912    739
   913    739
   914    739
