   915    763
   916    763
   917    763
   915    764
   916    764
   917    764
   918    764
   915    765
   916    765
   917    765
   918    765
   914    766
   915    766
   916    766
   917    766
   918    766
   914    767
   915    767
   916    767
   917    767
   913    768
   914    768
   915    768
   916    768
   917    768
   918    768
   913    769
   914    769
   915    769
   916    769
   917    769
   918    769
   913    770
   914    770
   915    770
   916    770
   917    770
   918    770
   919    770
   913    771
   914    771
   915    771
   916    771
   917    771
   918    771
   919    771
   912    772
   913    772
   914    772
   915    772
   916    772
   917    772
   918    772
   919    772
   912    773
   913    773
   914    773
   915    773
   916    773
   917    773
   918    773
   919    773
   912    774
   913    774
   914    774
   915    774
   916    774
   917    774
   918    774
   919    774
   912    775
   913    775
   914    775
   915    775
   916    775
   917    775
   918    775
   911    776
   912    776
   913    776
   914    776
   915    776
   916    776
   917    776
   918    776
   919    776
   911    777
   912    777
   913    777
   914    777
   915    777
   916    777
   917    777
   918    777
   910    778
   911    778
   912    778
   913    778
   914    778
   915    778
   916    778
   917    778
   918    778
   919    778
   910    779
   911    779
   912    779
   913    779
   914    779
   915    779
   916    779
   917    779
   918    779
   910    780
   911    780
   912    780
   913    780
   914    780
   915    780
   916    780
   917    780
   918    780
   910    781
   911    781
   912    781
   913    781
   914    781
   915    781
   916    781
   917    781
   918    781
   909    782
   910    782
   911    782
   912    782
   913    782
   914    782
   915    782
   916    782
   917    782
   918    782
   919    782
   909    783
   910    783
   911    783
   912    783
   913    783
   914    783
   915    783
   916    783
   911    784
   912    784
   913    784
   914    784
   914    785
   915    785
