   918    721
   919    721
   920    721
   917    722
   918    722
   919    722
   920    722
   921    722
   917    723
   918    723
   919    723
   917    724
   918    724
   919    724
   920    724
   921    724
   917    725
   918    725
   919    725
   920    725
   921    725
   917    726
   918    726
   919    726
   920    726
   921    726
   916    727
   917    727
   918    727
   919    727
   920    727
   921    727
   917    728
   918    728
   919    728
   920    728
   921    728
   922    728
   914    729
   915    729
   916    729
   917    729
   918    729
   919    729
   920    729
   921    729
   913    730
   914    730
   915    730
   916    730
   917    730
   918    730
   919    730
   920    730
   921    730
   922    730
   914    731
   915    731
   916    731
   917    731
   918    731
   919    731
   920    731
   921    731
   915    732
   916    732
   917    732
   918    732
   919    732
   920    732
   921    732
   915    733
   916    733
   917    733
   918    733
   919    733
   920    733
   921    733
   914    734
   915    734
   916    734
   917    734
   918    734
   919    734
   920    734
   921    734
   915    735
   916    735
   917    735
   918    735
   919    735
   920    735
   921    735
   914    736
   915    736
   916    736
   917    736
   918    736
   919    736
   920    736
   921    736
   914    737
   915    737
   916    737
   917    737
   918    737
   919    737
   920    737
   921    737
   914    738
   915    738
   916    738
   917    738
   918    738
   919    738
   920    738
   921    738
   914    739
   915    739
   916    739
   917    739
   918    739
   919    739
   920    739
   921    739
   913    740
   914    740
   915    740
   916    740
   917    740
   918    740
   919    740
   920    740
   921    740
   913    741
   914    741
   915    741
   916    741
   917    741
   918    741
   919    741
   920    741
   921    741
   913    742
   914    742
   915    742
   916    742
   917    742
   918    742
   919    742
   920    742
   921    742
   913    743
   914    743
   915    743
   916    743
   917    743
   918    743
   919    743
   920    743
   921    743
   913    744
   914    744
   915    744
   916    744
   917    744
   918    744
   919    744
   920    744
   921    744
   913    745
   914    745
   915    745
   916    745
   917    745
   918    745
   919    745
   920    745
   921    745
   913    746
   914    746
   915    746
   916    746
   917    746
   918    746
   919    746
   920    746
   921    746
   912    747
   913    747
   914    747
   915    747
   916    747
   917    747
   918    747
   919    747
   920    747
   921    747
   912    748
   913    748
   914    748
   915    748
   916    748
   917    748
   918    748
   919    748
   920    748
   921    748
   912    749
   913    749
   914    749
   915    749
   916    749
   917    749
   918    749
   919    749
   920    749
   921    749
   912    750
   913    750
   914    750
   915    750
   916    750
   917    750
   918    750
   919    750
   920    750
   921    750
   912    751
   913    751
   914    751
   915    751
   916    751
   917    751
   918    751
   919    751
   920    751
   921    751
   912    752
   913    752
   914    752
   915    752
   916    752
   917    752
   918    752
   919    752
   920    752
   921    752
   912    753
   913    753
   914    753
   915    753
   916    753
   917    753
   918    753
   919    753
   920    753
   921    753
   912    754
   913    754
   914    754
   915    754
   916    754
   917    754
   918    754
   919    754
   920    754
   921    754
   912    755
   913    755
   914    755
   915    755
   916    755
   917    755
   918    755
   919    755
   920    755
   911    756
   912    756
   913    756
   914    756
   915    756
   916    756
   917    756
   918    756
   919    756
   920    756
   921    756
   912    757
   913    757
   914    757
   915    757
   916    757
   917    757
   918    757
   919    757
   920    757
   921    757
   911    758
   912    758
   913    758
   914    758
   915    758
   916    758
   917    758
   918    758
   919    758
   920    758
   921    758
   911    759
   912    759
   913    759
   914    759
   915    759
   916    759
   917    759
   918    759
   919    759
   920    759
   921    759
   912    760
   913    760
   914    760
   915    760
   916    760
   917    760
   918    760
   919    760
   920    760
   921    760
   911    761
   912    761
   913    761
   914    761
   915    761
   916    761
   917    761
   918    761
   919    761
   920    761
   921    761
   911    762
   912    762
   913    762
   914    762
   915    762
   916    762
   917    762
   918    762
   919    762
   920    762
   911    763
   912    763
   913    763
   914    763
   915    763
   916    763
   917    763
   918    763
   919    763
   920    763
   921    763
   911    764
   912    764
   913    764
   914    764
   915    764
   916    764
   917    764
   918    764
   919    764
   920    764
   910    765
   911    765
   912    765
   913    765
   914    765
   915    765
   916    765
   917    765
   918    765
   919    765
   920    765
   910    766
   911    766
   912    766
   913    766
   914    766
   915    766
   916    766
   917    766
   918    766
   919    766
   920    766
   910    767
   911    767
   912    767
   913    767
   914    767
   915    767
   916    767
   917    767
   918    767
   919    767
   920    767
   910    768
   911    768
   912    768
   913    768
   914    768
   915    768
   916    768
   917    768
   918    768
   919    768
   920    768
   910    769
   911    769
   912    769
   913    769
   914    769
   915    769
   916    769
   917    769
   918    769
   919    769
   920    769
   910    770
   911    770
   912    770
   913    770
   914    770
   915    770
   916    770
   917    770
   918    770
   919    770
   920    770
   910    771
   911    771
   912    771
   913    771
   914    771
   915    771
   916    771
   917    771
   918    771
   919    771
   920    771
   910    772
   911    772
   912    772
   913    772
   914    772
   915    772
   916    772
   917    772
   918    772
   919    772
   920    772
   910    773
   911    773
   912    773
   913    773
   914    773
   915    773
   916    773
   917    773
   918    773
   919    773
   920    773
   909    774
   910    774
   911    774
   912    774
   913    774
   914    774
   915    774
   916    774
   917    774
   918    774
   919    774
   920    774
   910    775
   911    775
   912    775
   913    775
   914    775
   915    775
   916    775
   917    775
   918    775
   919    775
   920    775
   909    776
   910    776
   911    776
   912    776
   913    776
   914    776
   915    776
   916    776
   917    776
   918    776
   919    776
   920    776
   909    777
   910    777
   911    777
   912    777
   913    777
   914    777
   915    777
   916    777
   917    777
   918    777
   919    777
   920    777
   909    778
   910    778
   911    778
   912    778
   913    778
   914    778
   915    778
   916    778
   917    778
   918    778
   919    778
   920    778
   909    779
   910    779
   911    779
   912    779
   913    779
   914    779
   915    779
   916    779
   917    779
   918    779
   919    779
   920    779
   909    780
   910    780
   911    780
   912    780
   913    780
   914    780
   915    780
   916    780
   917    780
   918    780
   919    780
   920    780
   909    781
   910    781
   911    781
   912    781
   913    781
   914    781
   915    781
   916    781
   917    781
   918    781
   919    781
   920    781
   908    782
   909    782
   910    782
   911    782
   912    782
   913    782
   914    782
   915    782
   916    782
   917    782
   918    782
   919    782
   920    782
   909    783
   910    783
   911    783
   912    783
   913    783
   914    783
   915    783
   916    783
   917    783
   918    783
   919    783
   920    783
   908    784
   909    784
   910    784
   911    784
   912    784
   913    784
   914    784
   915    784
   916    784
   917    784
   918    784
   919    784
   920    784
   908    785
   909    785
   910    785
   911    785
   912    785
   913    785
   914    785
   915    785
   916    785
   917    785
   918    785
   909    786
   910    786
   911    786
   912    786
   913    786
   914    786
   915    786
   916    786
   917    786
   911    787
   912    787
   913    787
   914    787
   915    787
   916    787
   917    787
   914    788
   915    788
   916    788
