   918    712
   919    712
   919    714
   918    715
   919    715
   920    715
   918    716
   919    716
   920    716
   918    717
   919    717
   918    718
   919    718
   920    718
   918    719
   919    719
   920    719
   917    720
   918    720
   919    720
   918    721
   919    721
   920    721
   917    722
   918    722
   919    722
   917    723
   918    723
   919    723
   917    724
   918    724
   919    724
   920    724
   917    725
   918    725
   919    725
   920    725
   917    726
   918    726
   919    726
   920    726
   921    726
   916    727
   917    727
   918    727
   919    727
   920    727
   921    727
   916    728
   917    728
   918    728
   919    728
   920    728
   921    728
   922    728
   913    729
   914    729
   915    729
   916    729
   917    729
   918    729
   919    729
   920    729
   921    729
   914    730
   915    730
   916    730
   917    730
   918    730
   919    730
   920    730
   921    730
   922    730
   913    731
   914    731
   915    731
   916    731
   917    731
   918    731
   919    731
   920    731
   921    731
   922    731
   914    732
   915    732
   916    732
   917    732
   918    732
   919    732
   920    732
   921    732
   922    732
   914    733
   915    733
   916    733
   917    733
   918    733
   919    733
   920    733
   921    733
   922    733
   915    734
   916    734
   917    734
   918    734
   919    734
   920    734
   921    734
   922    734
   915    735
   916    735
   917    735
   918    735
   919    735
   920    735
   921    735
   922    735
   914    736
   915    736
   916    736
   917    736
   918    736
   919    736
   920    736
   921    736
   914    737
   915    737
   916    737
   917    737
   918    737
   919    737
   920    737
   921    737
   914    738
   915    738
   916    738
   917    738
   918    738
   919    738
   920    738
   921    738
   914    739
   915    739
   916    739
   917    739
   918    739
   919    739
   920    739
   921    739
   913    740
   914    740
   915    740
   916    740
   917    740
   918    740
   919    740
   920    740
   921    740
   914    741
   915    741
   916    741
   917    741
   918    741
   919    741
   920    741
   921    741
   913    742
   914    742
   915    742
   916    742
   917    742
   918    742
   919    742
   920    742
   921    742
   913    743
   914    743
   915    743
   916    743
   917    743
   918    743
   919    743
   920    743
   921    743
   914    744
   915    744
   916    744
   917    744
   918    744
   919    744
   920    744
   921    744
   913    745
   914    745
   915    745
   916    745
   917    745
   918    745
   919    745
   920    745
   921    745
   913    746
   914    746
   915    746
   916    746
   917    746
   918    746
   919    746
   920    746
   921    746
   913    747
   914    747
   915    747
   916    747
   917    747
   918    747
   919    747
   920    747
   921    747
   913    748
   914    748
   915    748
   916    748
   917    748
   918    748
   919    748
   920    748
   921    748
   912    749
   913    749
   914    749
   915    749
   916    749
   917    749
   918    749
   919    749
   920    749
   921    749
   912    750
   913    750
   914    750
   915    750
   916    750
   917    750
   918    750
   919    750
   920    750
   921    750
   912    751
   913    751
   914    751
   915    751
   916    751
   917    751
   918    751
   919    751
   920    751
   921    751
   912    752
   913    752
   914    752
   915    752
   916    752
   917    752
   918    752
   919    752
   920    752
   921    752
   912    753
   913    753
   914    753
   915    753
   916    753
   917    753
   918    753
   919    753
   920    753
   912    754
   913    754
   914    754
   915    754
   916    754
   917    754
   918    754
   919    754
   920    754
   921    754
   912    755
   913    755
   914    755
   915    755
   916    755
   917    755
   918    755
   919    755
   920    755
   912    756
   913    756
   914    756
   915    756
   916    756
   917    756
   918    756
   919    756
   920    756
   912    757
   913    757
   914    757
   915    757
   916    757
   917    757
   918    757
   919    757
   920    757
   911    758
   912    758
   913    758
   914    758
   915    758
   916    758
   917    758
   918    758
   919    758
   912    759
   913    759
   914    759
   915    759
   916    759
   917    759
   918    759
   919    759
   912    760
   913    760
   914    760
   915    760
   916    760
   917    760
   918    760
   912    761
   913    761
   914    761
   915    761
   916    761
   917    761
   912    762
   913    762
   914    762
   915    762
