   918    777
   919    777
   920    777
   918    778
   919    778
   920    778
   917    779
   918    779
   919    779
   920    779
   917    780
   918    780
   919    780
   920    780
   916    781
   917    781
   918    781
   919    781
   920    781
   916    782
   917    782
   918    782
   919    782
   920    782
   915    783
   916    783
   917    783
   918    783
   919    783
   920    783
   915    784
   916    784
   917    784
   918    784
   919    784
   920    784
   915    785
   916    785
   917    785
   918    785
   919    785
   920    785
   914    786
   915    786
   916    786
   917    786
   918    786
   919    786
   920    786
   921    786
   914    787
   915    787
   916    787
   917    787
   918    787
   919    787
   920    787
   921    787
   913    788
   914    788
   915    788
   916    788
   917    788
   918    788
   919    788
   920    788
   921    788
   913    789
   914    789
   915    789
   916    789
   917    789
   918    789
   919    789
   920    789
   913    790
   914    790
   915    790
   916    790
   917    790
   918    790
   919    790
   920    790
   914    791
   915    791
   916    791
   917    791
