   919    714
   920    714
   921    714
   919    715
   920    715
   921    715
   919    716
   920    716
   921    716
   919    717
   920    717
   921    717
   920    718
   921    718
   919    719
   920    719
   921    719
   919    720
   920    720
   921    720
   922    720
   920    721
   921    721
   919    722
   920    722
   921    722
   922    722
   919    723
   920    723
   921    723
   922    723
   919    724
   920    724
   921    724
   919    725
   920    725
   921    725
   922    725
   919    726
   920    726
   921    726
   922    726
   923    726
   919    727
   920    727
   921    727
   922    727
   918    728
   919    728
   920    728
   921    728
   922    728
   918    729
   919    729
   920    729
   921    729
   919    730
   920    730
   921    730
   922    730
   918    731
   919    731
   920    731
   921    731
   922    731
   923    731
   918    732
   919    732
   920    732
   921    732
   922    732
   923    732
   918    733
   919    733
   920    733
   921    733
   922    733
   923    733
   918    734
   919    734
   920    734
   921    734
   922    734
   923    734
   917    735
   918    735
   919    735
   920    735
   921    735
   922    735
   923    735
   913    736
   917    736
   918    736
   919    736
   920    736
   921    736
   922    736
   923    736
   913    737
   914    737
   915    737
   916    737
   917    737
   918    737
   919    737
   920    737
   921    737
   922    737
   923    737
   912    738
   913    738
   914    738
   915    738
   916    738
   917    738
   918    738
   919    738
   920    738
   921    738
   922    738
   923    738
   924    738
   914    739
   915    739
   916    739
   917    739
   918    739
   919    739
   920    739
   921    739
   922    739
   923    739
   915    740
   916    740
   917    740
   918    740
   919    740
   920    740
   921    740
   922    740
   923    740
   915    741
   916    741
   917    741
   918    741
   919    741
   920    741
   921    741
   922    741
   923    741
   916    742
   917    742
   918    742
   919    742
   920    742
   921    742
   922    742
   923    742
   916    743
   917    743
   918    743
   919    743
   920    743
   921    743
   922    743
   923    743
   924    743
   915    744
   916    744
   917    744
   918    744
   919    744
   920    744
   921    744
   922    744
   923    744
   916    745
   917    745
   918    745
   919    745
   920    745
   921    745
   922    745
   923    745
   915    746
   916    746
   917    746
   918    746
   919    746
   920    746
   921    746
   922    746
   923    746
   915    747
   916    747
   917    747
   918    747
   919    747
   920    747
   921    747
   922    747
   923    747
   915    748
   916    748
   917    748
   918    748
   919    748
   920    748
   921    748
   922    748
   923    748
   915    749
   916    749
   917    749
   918    749
   919    749
   920    749
   921    749
   922    749
   923    749
   914    750
   915    750
   916    750
   917    750
   918    750
   919    750
   920    750
   921    750
   922    750
   923    750
   914    751
   915    751
   916    751
   917    751
   918    751
   919    751
   920    751
   921    751
   922    751
   923    751
   915    752
   916    752
   917    752
   918    752
   919    752
   920    752
   921    752
   922    752
   923    752
   914    753
   915    753
   916    753
   917    753
   918    753
   919    753
   920    753
   921    753
   922    753
   923    753
   915    754
   916    754
   917    754
   918    754
   919    754
   920    754
   921    754
   922    754
   923    754
   914    755
   915    755
   916    755
   917    755
   918    755
   919    755
   920    755
   921    755
   922    755
   923    755
   914    756
   915    756
   916    756
   917    756
   918    756
   919    756
   920    756
   921    756
   922    756
   923    756
   914    757
   915    757
   916    757
   917    757
   918    757
   919    757
   920    757
   921    757
   922    757
   923    757
   914    758
   915    758
   916    758
   917    758
   918    758
   919    758
   920    758
   921    758
   922    758
   923    758
   914    759
   915    759
   916    759
   917    759
   918    759
   919    759
   920    759
   921    759
   922    759
   923    759
   914    760
   915    760
   916    760
   917    760
   918    760
   919    760
   920    760
   921    760
   922    760
   923    760
   913    761
   914    761
   915    761
   916    761
   917    761
   918    761
   919    761
   920    761
   921    761
   922    761
   923    761
   913    762
   914    762
   915    762
   916    762
   917    762
   918    762
   919    762
   920    762
   921    762
   922    762
   923    762
   914    763
   915    763
   916    763
   917    763
   918    763
   919    763
   920    763
   921    763
   922    763
   923    763
   913    764
   914    764
   915    764
   916    764
   917    764
   918    764
   919    764
   920    764
   921    764
   922    764
   913    765
   914    765
   915    765
   916    765
   917    765
   918    765
   919    765
   920    765
   921    765
   922    765
   923    765
   913    766
   914    766
   915    766
   916    766
   917    766
   918    766
   919    766
   920    766
   921    766
   922    766
   923    766
   913    767
   914    767
   915    767
   916    767
   917    767
   918    767
   919    767
   920    767
   921    767
   922    767
   923    767
   913    768
   914    768
   915    768
   916    768
   917    768
   918    768
   919    768
   920    768
   921    768
   922    768
   923    768
   913    769
   914    769
   915    769
   916    769
   917    769
   918    769
   919    769
   920    769
   921    769
   922    769
   923    769
   912    770
   913    770
   914    770
   915    770
   916    770
   917    770
   918    770
   919    770
   920    770
   921    770
   922    770
   923    770
   913    771
   914    771
   915    771
   916    771
   917    771
   918    771
   919    771
   920    771
   921    771
   922    771
   923    771
   912    772
   913    772
   914    772
   915    772
   916    772
   917    772
   918    772
   919    772
   920    772
   921    772
   922    772
   923    772
   924    772
   912    773
   913    773
   914    773
   915    773
   916    773
   917    773
   918    773
   919    773
   920    773
   921    773
   922    773
   923    773
   912    774
   913    774
   914    774
   915    774
   916    774
   917    774
   918    774
   919    774
   920    774
   921    774
   922    774
   923    774
   912    775
   913    775
   914    775
   915    775
   916    775
   917    775
   918    775
   919    775
   920    775
   921    775
   922    775
   923    775
   924    775
   912    776
   913    776
   914    776
   915    776
   916    776
   917    776
   918    776
   919    776
   920    776
   921    776
   922    776
   923    776
   912    777
   913    777
   914    777
   915    777
   916    777
   917    777
   918    777
   919    777
   920    777
   921    777
   922    777
   923    777
   912    778
   913    778
   914    778
   915    778
   916    778
   917    778
   918    778
   919    778
   920    778
   921    778
   922    778
   923    778
   912    779
   913    779
   914    779
   915    779
   916    779
   917    779
   918    779
   919    779
   920    779
   921    779
   922    779
   923    779
   911    780
   912    780
   913    780
   914    780
   915    780
   916    780
   917    780
   918    780
   919    780
   920    780
   921    780
   922    780
   923    780
   912    781
   913    781
   914    781
   915    781
   916    781
   917    781
   918    781
   919    781
   920    781
   921    781
   922    781
   923    781
   924    781
   912    782
   913    782
   914    782
   915    782
   916    782
   917    782
   918    782
   919    782
   920    782
   921    782
   922    782
   923    782
   912    783
   913    783
   914    783
   915    783
   916    783
   917    783
   918    783
   919    783
   920    783
   921    783
   922    783
   923    783
   924    783
   911    784
   912    784
   913    784
   914    784
   915    784
   916    784
   917    784
   918    784
   919    784
   920    784
   921    784
   922    784
   923    784
   924    784
   912    785
   913    785
   914    785
   915    785
   916    785
   917    785
   918    785
   919    785
   920    785
   921    785
   922    785
   923    785
   911    786
   912    786
   913    786
   914    786
   915    786
   916    786
   917    786
   918    786
   919    786
   920    786
   921    786
   922    786
   911    787
   912    787
   913    787
   914    787
   915    787
   916    787
   917    787
   918    787
   919    787
   920    787
   921    787
   916    788
   917    788
   918    788
   919    788
   920    788
   921    788
   917    789
   918    789
