   920    712
   921    712
   922    712
   920    714
   921    714
   922    714
   923    714
   924    714
   920    715
   921    715
   922    715
   923    715
   924    715
   920    716
   921    716
   922    716
   923    716
   924    716
   920    717
   921    717
   922    717
   920    718
   921    718
   922    718
   920    719
   921    719
   922    719
   920    720
   921    720
   922    720
   920    721
   921    721
   922    721
   920    722
   921    722
   922    722
   920    723
   921    723
   922    723
   919    724
   920    724
   921    724
   919    725
   920    725
   921    725
   922    725
   919    726
   920    726
   921    726
   919    727
   920    727
   921    727
   922    727
   920    728
   921    728
   922    728
   923    728
   919    729
   920    729
   921    729
   922    729
   919    730
   920    730
   921    730
   922    730
   919    731
   920    731
   921    731
   922    731
   919    732
   920    732
   921    732
   922    732
   918    733
   919    733
   920    733
   921    733
   922    733
   923    733
   918    734
   919    734
   920    734
   921    734
   922    734
   918    735
   919    735
   920    735
   921    735
   922    735
   918    736
   919    736
   920    736
   921    736
   918    737
   919    737
   920    737
   921    737
   918    738
   919    738
   920    738
   921    738
   922    738
   912    739
   913    739
   914    739
   918    739
   919    739
   920    739
   921    739
   922    739
   914    740
   915    740
   916    740
   918    740
   919    740
   920    740
   921    740
   922    740
   923    740
   915    741
   916    741
   917    741
   918    741
   919    741
   920    741
   921    741
   922    741
   923    741
   913    742
   914    742
   915    742
   916    742
   917    742
   918    742
   919    742
   920    742
   921    742
   922    742
   914    743
   915    743
   916    743
   917    743
   918    743
   919    743
   920    743
   921    743
   915    744
   916    744
   917    744
   918    744
   919    744
   920    744
   921    744
   916    745
   917    745
   918    745
   919    745
   920    745
