   920    709
   921    709
   920    710
   921    711
   922    711
   923    711
   920    712
   921    712
   922    712
   920    713
   921    713
   922    713
   923    713
   924    713
   920    714
   921    714
   922    714
   923    714
   924    714
   920    715
   921    715
   922    715
   923    715
   924    715
   919    716
   920    716
   921    716
   922    716
   923    716
   924    716
   920    717
   921    717
   922    717
   923    717
   924    717
   920    718
   921    718
   922    718
   923    718
   924    718
   920    719
   921    719
   922    719
   923    719
   924    719
   920    720
   921    720
   922    720
   923    720
   924    720
   920    721
   921    721
   922    721
   923    721
   920    722
   921    722
   922    722
   923    722
   920    723
   921    723
   922    723
   923    723
   919    724
   920    724
   921    724
   922    724
   919    725
   920    725
   921    725
   922    725
   919    726
   920    726
   921    726
   922    726
   919    727
   920    727
   921    727
   922    727
   923    727
   919    728
   920    728
   921    728
   922    728
   923    728
   919    729
   920    729
   921    729
   922    729
   919    730
   920    730
   921    730
   922    730
   919    731
   920    731
   921    731
   922    731
   919    732
   920    732
   921    732
   922    732
   918    733
   919    733
   920    733
   921    733
   922    733
   923    733
   918    734
   919    734
   920    734
   921    734
   922    734
   918    735
   919    735
   920    735
   921    735
   922    735
   923    735
   918    736
   919    736
   920    736
   921    736
   922    736
   923    736
   918    737
   919    737
   920    737
   921    737
   922    737
   923    737
   918    738
   919    738
   920    738
   921    738
   922    738
   923    738
   913    739
   914    739
   915    739
   918    739
   919    739
   920    739
   921    739
   922    739
   923    739
   913    740
   914    740
   915    740
   916    740
   917    740
   918    740
   919    740
   920    740
   921    740
   922    740
   923    740
   924    740
   912    741
   913    741
   914    741
   915    741
   916    741
   917    741
   918    741
   919    741
   920    741
   921    741
   922    741
   923    741
   924    741
   913    742
   914    742
   915    742
   916    742
   917    742
   918    742
   919    742
   920    742
   921    742
   922    742
   923    742
   924    742
   914    743
   915    743
   916    743
   917    743
   918    743
   919    743
   920    743
   921    743
   922    743
   923    743
   924    743
   915    744
   916    744
   917    744
   918    744
   919    744
   920    744
   921    744
   922    744
   923    744
   924    744
   916    745
   917    745
   918    745
   919    745
   920    745
   921    745
   922    745
   923    745
   924    745
   925    745
   916    746
   917    746
   918    746
   919    746
   920    746
   921    746
   922    746
   923    746
   924    746
   916    747
   917    747
   918    747
   919    747
   920    747
   921    747
   922    747
   923    747
   924    747
   916    748
   917    748
   918    748
   919    748
   920    748
   921    748
   922    748
   923    748
   924    748
   916    749
   917    749
   918    749
   919    749
   920    749
   921    749
   922    749
   923    749
   924    749
   916    750
   917    750
   918    750
   919    750
   920    750
   921    750
   922    750
   923    750
   915    751
   916    751
   917    751
   918    751
   919    751
   920    751
   921    751
   922    751
   923    751
   915    752
   916    752
   917    752
   918    752
   919    752
   920    752
   921    752
   922    752
   923    752
   915    753
   916    753
   917    753
   918    753
   919    753
   920    753
   921    753
   922    753
   915    754
   916    754
   917    754
   918    754
   919    754
   920    754
   921    754
   922    754
   915    755
   916    755
   917    755
   918    755
   919    755
   920    755
   921    755
   922    755
   915    756
   916    756
   917    756
   918    756
   919    756
   920    756
   921    756
   915    757
   916    757
   917    757
   918    757
   919    757
   920    757
   915    758
   916    758
   917    758
   918    758
   919    758
   915    759
   916    759
   917    759
   918    759
