   921    716
   922    716
   923    716
   922    717
   923    717
   921    718
   922    718
   923    718
   922    719
   923    719
   922    720
   923    720
   924    720
   921    721
   922    721
   923    721
   924    721
   921    722
   922    722
   923    722
   924    722
   921    723
   922    723
   923    723
   924    723
   922    724
   923    724
   924    724
   922    725
   923    725
   924    725
   921    726
   922    726
   923    726
   924    726
   921    727
   922    727
   923    727
   924    727
   921    728
   922    728
   923    728
   924    728
   921    729
   922    729
   923    729
   924    729
   921    730
   922    730
   923    730
   921    731
   922    731
   923    731
   924    731
   921    732
   922    732
   923    732
   924    732
   925    732
   921    733
   922    733
   923    733
   924    733
   925    733
   921    734
   922    734
   923    734
   924    734
   925    734
   920    735
   921    735
   922    735
   923    735
   924    735
   921    736
   922    736
   923    736
   924    736
   920    737
   921    737
   922    737
   923    737
   924    737
   920    738
   921    738
   922    738
   923    738
   924    738
   920    739
   921    739
   922    739
   923    739
   924    739
   920    740
   921    740
   922    740
   923    740
   924    740
   920    741
   921    741
   922    741
   923    741
   924    741
   920    742
   921    742
   922    742
   923    742
   924    742
   919    743
   920    743
   921    743
   922    743
   923    743
   924    743
   919    744
   920    744
   921    744
   922    744
   923    744
   924    744
   919    745
   920    745
   921    745
   922    745
   923    745
   924    745
   925    745
   919    746
   920    746
   921    746
   922    746
   923    746
   924    746
   925    746
   913    747
   914    747
   915    747
   920    747
   921    747
   922    747
   923    747
   924    747
   925    747
   915    748
   916    748
   917    748
   918    748
   919    748
   920    748
   921    748
   922    748
   923    748
   924    748
   925    748
   926    748
   912    749
   913    749
   914    749
   915    749
   916    749
   917    749
   918    749
   919    749
   920    749
   921    749
   922    749
   923    749
   924    749
   925    749
   926    749
   927    749
   913    750
   914    750
   915    750
   916    750
   917    750
   918    750
   919    750
   920    750
   921    750
   922    750
   923    750
   924    750
   925    750
   926    750
   927    750
   915    751
   916    751
   917    751
   918    751
   919    751
   920    751
   921    751
   922    751
   923    751
   924    751
   925    751
   926    751
   927    751
   916    752
   917    752
   918    752
   919    752
   920    752
   921    752
   922    752
   923    752
   924    752
   925    752
   926    752
   927    752
   916    753
   917    753
   918    753
   919    753
   920    753
   921    753
   922    753
   923    753
   924    753
   925    753
   926    753
   927    753
   928    753
   916    754
   917    754
   918    754
   919    754
   920    754
   921    754
   922    754
   923    754
   924    754
   925    754
   926    754
   927    754
   917    755
   918    755
   919    755
   920    755
   921    755
   922    755
   923    755
   924    755
   925    755
   926    755
   927    755
   917    756
   918    756
   919    756
   920    756
   921    756
   922    756
   923    756
   924    756
   925    756
   926    756
   927    756
   918    757
   919    757
   920    757
   921    757
   922    757
   923    757
   924    757
   925    757
   926    757
   927    757
   917    758
   918    758
   919    758
   920    758
   921    758
   922    758
   923    758
   924    758
   925    758
   926    758
   927    758
   917    759
   918    759
   919    759
   920    759
   921    759
   922    759
   923    759
   924    759
   925    759
   926    759
   927    759
   917    760
   918    760
   919    760
   920    760
   921    760
   922    760
   923    760
   924    760
   925    760
   926    760
   917    761
   918    761
   919    761
   920    761
   921    761
   922    761
   923    761
   924    761
   925    761
   926    761
   927    761
   916    762
   917    762
   918    762
   919    762
   920    762
   921    762
   922    762
   923    762
   924    762
   925    762
   926    762
   916    763
   917    763
   918    763
   919    763
   920    763
   921    763
   922    763
   923    763
   924    763
   925    763
   926    763
   916    764
   917    764
   918    764
   919    764
   920    764
   921    764
   922    764
   923    764
   924    764
   925    764
   926    764
   916    765
   917    765
   918    765
   919    765
   920    765
   921    765
   922    765
   923    765
   924    765
   925    765
   926    765
   916    766
   917    766
   918    766
   919    766
   920    766
   921    766
   922    766
   923    766
   924    766
   925    766
   926    766
   916    767
   917    767
   918    767
   919    767
   920    767
   921    767
   922    767
   923    767
   924    767
   925    767
   926    767
   915    768
   916    768
   917    768
   918    768
   919    768
   920    768
   921    768
   922    768
   923    768
   924    768
   925    768
   926    768
   916    769
   917    769
   918    769
   919    769
   920    769
   921    769
   922    769
   923    769
   924    769
   925    769
   926    769
   916    770
   917    770
   918    770
   919    770
   920    770
   921    770
   922    770
   923    770
   924    770
   925    770
   926    770
   915    771
   916    771
   917    771
   918    771
   919    771
   920    771
   921    771
   922    771
   923    771
   924    771
   925    771
   926    771
   916    772
   917    772
   918    772
   919    772
   920    772
   921    772
   922    772
   923    772
   924    772
   925    772
   926    772
   915    773
   916    773
   917    773
   918    773
   919    773
   920    773
   921    773
   922    773
   923    773
   924    773
   925    773
   926    773
   915    774
   916    774
   917    774
   918    774
   919    774
   920    774
   921    774
   922    774
   923    774
   924    774
   925    774
   926    774
   915    775
   916    775
   917    775
   918    775
   919    775
   920    775
   921    775
   922    775
   923    775
   924    775
   925    775
   926    775
   916    776
   917    776
   918    776
   919    776
   920    776
   921    776
   922    776
   923    776
   924    776
   925    776
   926    776
   927    776
   915    777
   916    777
   917    777
   918    777
   919    777
   920    777
   921    777
   922    777
   923    777
   924    777
   925    777
   926    777
   927    777
   915    778
   916    778
   917    778
   918    778
   919    778
   920    778
   921    778
   922    778
   923    778
   924    778
   925    778
   926    778
   927    778
   915    779
   916    779
   917    779
   918    779
   919    779
   920    779
   921    779
   922    779
   923    779
   924    779
   925    779
   926    779
   927    779
   915    780
   916    780
   917    780
   918    780
   919    780
   920    780
   921    780
   922    780
   923    780
   924    780
   925    780
   926    780
   927    780
   915    781
   916    781
   917    781
   918    781
   919    781
   920    781
   921    781
   922    781
   923    781
   924    781
   925    781
   926    781
   927    781
   915    782
   916    782
   917    782
   918    782
   919    782
   920    782
   921    782
   922    782
   923    782
   924    782
   925    782
   926    782
   914    783
   915    783
   916    783
   917    783
   918    783
   919    783
   920    783
   921    783
   922    783
   923    783
   924    783
   925    783
   926    783
   927    783
   915    784
   916    784
   917    784
   918    784
   919    784
   920    784
   921    784
   922    784
   923    784
   924    784
   925    784
   926    784
   914    785
   915    785
   916    785
   917    785
   918    785
   919    785
   920    785
   921    785
   922    785
   923    785
   924    785
   925    785
   926    785
   927    785
   915    786
   916    786
   917    786
   918    786
   919    786
   920    786
   921    786
   922    786
   923    786
   924    786
   925    786
   926    786
   927    786
   913    787
   914    787
   915    787
   916    787
   917    787
   918    787
   919    787
   920    787
   921    787
   922    787
   923    787
   924    787
   916    788
   917    788
   918    788
   919    788
   920    788
   921    788
   922    788
   923    788
   917    789
   918    789
   919    789
   920    789
   921    789
