   923    714
   924    714
   922    715
   923    715
   921    716
   922    716
   923    716
   922    717
   923    717
   924    717
   921    718
   922    718
   923    718
   924    718
   922    719
   923    719
   924    719
   922    720
   923    720
   921    721
   922    721
   923    721
   921    722
   922    722
   921    723
   922    723
   923    723
   922    724
   923    724
   924    724
   922    725
   923    725
   924    725
   921    726
   922    726
   923    726
   924    726
   922    727
   923    727
   924    727
   925    727
   921    728
   922    728
   923    728
   924    728
   921    729
   922    729
   923    729
   924    729
   922    730
   923    730
   924    730
   921    731
   922    731
   923    731
   924    731
   921    732
   922    732
   923    732
   924    732
   925    732
   921    733
   922    733
   923    733
   924    733
   925    733
   926    733
   921    734
   922    734
   923    734
   924    734
   925    734
   926    734
   921    735
   922    735
   923    735
   924    735
   925    735
   926    735
   921    736
   922    736
   923    736
   924    736
   925    736
   920    737
   921    737
   922    737
   923    737
   924    737
   925    737
   921    738
   922    738
   923    738
   924    738
   925    738
   920    739
   921    739
   922    739
   923    739
   924    739
   925    739
   920    740
   921    740
   922    740
   923    740
   924    740
   925    740
   920    741
   921    741
   922    741
   923    741
   924    741
   925    741
   920    742
   921    742
   922    742
   923    742
   924    742
   925    742
   919    743
   920    743
   921    743
   922    743
   923    743
   924    743
   925    743
   920    744
   921    744
   922    744
   923    744
   924    744
   925    744
   926    744
   920    745
   921    745
   922    745
   923    745
   924    745
   925    745
   926    745
   919    746
   920    746
   921    746
   922    746
   923    746
   924    746
   925    746
   926    746
   908    747
   909    747
   910    747
   920    747
   921    747
   922    747
   923    747
   924    747
   925    747
   926    747
   913    748
   914    748
   919    748
   920    748
   921    748
   922    748
   923    748
   924    748
   925    748
   926    748
   914    749
   915    749
   916    749
   917    749
   920    749
   921    749
   922    749
   923    749
   924    749
   925    749
   926    749
   927    749
   911    750
   912    750
   913    750
   914    750
   915    750
   916    750
   917    750
   918    750
   919    750
   920    750
   921    750
   922    750
   923    750
   924    750
   925    750
   926    750
   913    751
   914    751
   915    751
   916    751
   917    751
   918    751
   919    751
   920    751
   921    751
   922    751
   923    751
   924    751
   925    751
   926    751
   927    751
   914    752
   915    752
   916    752
   917    752
   918    752
   919    752
   920    752
   921    752
   922    752
   923    752
   924    752
   925    752
   926    752
   927    752
   915    753
   916    753
   917    753
   918    753
   919    753
   920    753
   921    753
   922    753
   923    753
   924    753
   925    753
   926    753
   927    753
   916    754
   917    754
   918    754
   919    754
   920    754
   921    754
   922    754
   923    754
   924    754
   925    754
   926    754
   927    754
   917    755
   918    755
   919    755
   920    755
   921    755
   922    755
   923    755
   924    755
   925    755
   926    755
   916    756
   917    756
   918    756
   919    756
   920    756
   921    756
   922    756
   923    756
   924    756
   925    756
   917    757
   918    757
   919    757
   920    757
   921    757
   922    757
   923    757
   924    757
   918    758
   919    758
   920    758
   921    758
   922    758
   923    758
   918    759
   919    759
   920    759
   921    759
   922    759
   919    760
   920    760
   921    760
