   926    764
   925    765
   926    765
   927    765
   928    765
   925    766
   926    766
   927    766
   928    766
   925    767
   926    767
   927    767
   928    767
   924    768
   925    768
   926    768
   927    768
   928    768
   924    769
   925    769
   926    769
   927    769
   928    769
   923    770
   924    770
   925    770
   926    770
   927    770
   923    771
   924    771
   925    771
   926    771
   927    771
   922    772
   923    772
   924    772
   925    772
   926    772
   927    772
   928    772
   922    773
   923    773
   924    773
   925    773
   926    773
   927    773
   921    774
   922    774
   923    774
   924    774
   925    774
   926    774
   927    774
   928    774
   921    775
   922    775
   923    775
   924    775
   925    775
   926    775
   927    775
   920    776
   921    776
   922    776
   923    776
   924    776
   925    776
   926    776
   927    776
   928    776
   920    777
   921    777
   922    777
   923    777
   924    777
   925    777
   926    777
   927    777
   928    777
   920    778
   921    778
   922    778
   923    778
   924    778
   925    778
   926    778
   927    778
   928    778
   919    779
   920    779
   921    779
   922    779
   923    779
   924    779
   925    779
   926    779
   927    779
   928    779
   919    780
   920    780
   921    780
   922    780
   923    780
   924    780
   925    780
   926    780
   927    780
   928    780
   918    781
   919    781
   920    781
   921    781
   922    781
   923    781
   924    781
   925    781
   926    781
   927    781
   928    781
   918    782
   919    782
   920    782
   921    782
   922    782
   923    782
   924    782
   925    782
   926    782
   927    782
   928    782
   918    783
   919    783
   920    783
   921    783
   922    783
   923    783
   924    783
   925    783
   926    783
   927    783
   928    783
   917    784
   918    784
   919    784
   920    784
   921    784
   922    784
   923    784
   924    784
   925    784
   926    784
   927    784
   928    784
   917    785
   918    785
   919    785
   920    785
   921    785
   922    785
   923    785
   924    785
   925    785
   926    785
   927    785
   928    785
   917    786
   918    786
   919    786
   920    786
   921    786
   922    786
   923    786
   924    786
   925    786
   926    786
   927    786
   928    786
   917    787
   918    787
   919    787
   920    787
   921    787
   922    787
   923    787
   924    787
   925    787
   926    787
   927    787
   918    788
   919    788
   920    788
   921    788
   922    788
   923    788
   924    788
   925    788
   926    788
   919    789
   920    789
   921    789
   922    789
   923    789
   924    789
   925    789
   926    789
   921    790
   922    790
