   923    720
   924    720
   925    720
   926    720
   924    721
   925    721
   926    721
   923    722
   924    722
   925    722
   926    722
   924    723
   925    723
   926    723
   924    724
   925    724
   926    724
   927    724
   923    725
   924    725
   925    725
   926    725
   924    726
   925    726
   926    726
   927    726
   923    727
   924    727
   925    727
   926    727
   927    727
   924    728
   925    728
   926    728
   927    728
   924    729
   925    729
   926    729
   927    729
   924    730
   925    730
   926    730
   927    730
   928    730
   924    731
   925    731
   926    731
   927    731
   928    731
   924    732
   925    732
   926    732
   927    732
   928    732
   924    733
   925    733
   926    733
   927    733
   928    733
   923    734
   924    734
   925    734
   926    734
   927    734
   928    734
   924    735
   925    735
   926    735
   927    735
   928    735
   924    736
   925    736
   926    736
   927    736
   928    736
   923    737
   924    737
   925    737
   926    737
   927    737
   928    737
   923    738
   924    738
   925    738
   926    738
   927    738
   928    738
   923    739
   924    739
   925    739
   926    739
   927    739
   928    739
   924    740
   925    740
   926    740
   927    740
   928    740
   923    741
   924    741
   925    741
   926    741
   927    741
   928    741
   929    741
   923    742
   924    742
   925    742
   926    742
   927    742
   928    742
   923    743
   924    743
   925    743
   926    743
   927    743
   928    743
   929    743
   923    744
   924    744
   925    744
   926    744
   927    744
   928    744
   923    745
   924    745
   925    745
   926    745
   927    745
   928    745
   923    746
   924    746
   925    746
   926    746
   927    746
   928    746
   923    747
   924    747
   925    747
   926    747
   927    747
   928    747
   923    748
   924    748
   925    748
   926    748
   927    748
   928    748
   922    749
   923    749
   924    749
   925    749
   926    749
   927    749
   928    749
   922    750
   923    750
   924    750
   925    750
   926    750
   927    750
   928    750
   923    751
   924    751
   925    751
   926    751
   927    751
   928    751
   922    752
   923    752
   924    752
   925    752
   926    752
   927    752
   928    752
   922    753
   923    753
   924    753
   925    753
   926    753
   927    753
   928    753
   922    754
   923    754
   924    754
   925    754
   926    754
   927    754
   928    754
   922    755
   923    755
   924    755
   925    755
   926    755
   927    755
   928    755
   929    755
   922    756
   923    756
   924    756
   925    756
   926    756
   927    756
   928    756
   922    757
   923    757
   924    757
   925    757
   926    757
   927    757
   928    757
   929    757
   908    758
   909    758
   910    758
   922    758
   923    758
   924    758
   925    758
   926    758
   927    758
   928    758
   911    759
   912    759
   913    759
   922    759
   923    759
   924    759
   925    759
   926    759
   927    759
   928    759
   929    759
   912    760
   913    760
   914    760
   915    760
   922    760
   923    760
   924    760
   925    760
   926    760
   927    760
   928    760
   911    761
   912    761
   913    761
   914    761
   915    761
   916    761
   917    761
   918    761
   922    761
   923    761
   924    761
   925    761
   926    761
   927    761
   928    761
   929    761
   911    762
   912    762
   913    762
   914    762
   915    762
   916    762
   917    762
   918    762
   919    762
   920    762
   921    762
   922    762
   923    762
   924    762
   925    762
   926    762
   927    762
   928    762
   912    763
   913    763
   914    763
   915    763
   916    763
   917    763
   918    763
   919    763
   920    763
   921    763
   922    763
   923    763
   924    763
   925    763
   926    763
   927    763
   928    763
   929    763
   914    764
   915    764
   916    764
   917    764
   918    764
   919    764
   920    764
   921    764
   922    764
   923    764
   924    764
   925    764
   926    764
   927    764
   928    764
   929    764
   915    765
   916    765
   917    765
   918    765
   919    765
   920    765
   921    765
   922    765
   923    765
   924    765
   925    765
   926    765
   927    765
   928    765
   929    765
   917    766
   918    766
   919    766
   920    766
   921    766
   922    766
   923    766
   924    766
   925    766
   926    766
   927    766
   928    766
   917    767
   918    767
   919    767
   920    767
   921    767
   922    767
   923    767
   924    767
   925    767
   926    767
   927    767
   928    767
   918    768
   919    768
   920    768
   921    768
   922    768
   923    768
   924    768
   925    768
   926    768
   918    769
   919    769
   920    769
   921    769
   922    769
   923    769
   924    769
   925    769
   919    770
   920    770
   921    770
   922    770
   923    770
   920    771
   921    771
   922    771
