   926    719
   927    719
   923    720
   924    720
   925    720
   926    720
   923    721
   924    721
   925    721
   926    721
   924    722
   923    723
   924    723
   925    723
   923    724
   924    724
   925    724
   923    725
   924    725
   925    725
   926    725
   923    726
   924    726
   925    726
   926    726
   923    727
   924    727
   925    727
   926    727
   927    727
   923    728
   924    728
   925    728
   926    728
   927    728
   923    729
   924    729
   925    729
   926    729
   927    729
   923    730
   924    730
   925    730
   926    730
   927    730
   928    730
   924    731
   925    731
   926    731
   927    731
   923    732
   924    732
   925    732
   926    732
   927    732
   928    732
   923    733
   924    733
   925    733
   926    733
   927    733
   923    734
   924    734
   925    734
   926    734
   927    734
   928    734
   923    735
   924    735
   925    735
   926    735
   927    735
   923    736
   924    736
   925    736
   926    736
   927    736
   923    737
   924    737
   925    737
   926    737
   927    737
   923    738
   924    738
   925    738
   926    738
   927    738
   923    739
   924    739
   925    739
   926    739
   927    739
   923    740
   924    740
   925    740
   926    740
   927    740
   928    740
   923    741
   924    741
   925    741
   926    741
   927    741
   928    741
   923    742
   924    742
   925    742
   926    742
   927    742
   923    743
   924    743
   925    743
   926    743
   927    743
   928    743
   923    744
   924    744
   925    744
   926    744
   927    744
   928    744
   922    745
   923    745
   924    745
   925    745
   926    745
   927    745
   928    745
   923    746
   924    746
   925    746
   926    746
   927    746
   928    746
   922    747
   923    747
   924    747
   925    747
   926    747
   927    747
   928    747
   922    748
   923    748
   924    748
   925    748
   926    748
   927    748
   928    748
   922    749
   923    749
   924    749
   925    749
   926    749
   927    749
   928    749
   922    750
   923    750
   924    750
   925    750
   926    750
   927    750
   928    750
   922    751
   923    751
   924    751
   925    751
   926    751
   927    751
   928    751
   922    752
   923    752
   924    752
   925    752
   926    752
   927    752
   921    753
   922    753
   923    753
   924    753
   925    753
   926    753
   927    753
   928    753
   922    754
   923    754
   924    754
   925    754
   926    754
   927    754
   928    754
   922    755
   923    755
   924    755
   925    755
   926    755
   927    755
   928    755
   929    755
   907    756
   908    756
   909    756
   921    756
   922    756
   923    756
   924    756
   925    756
   926    756
   927    756
   928    756
   910    757
   911    757
   912    757
   913    757
   922    757
   923    757
   924    757
   925    757
   926    757
   927    757
   928    757
   911    758
   912    758
   913    758
   914    758
   915    758
   921    758
   922    758
   923    758
   924    758
   925    758
   926    758
   927    758
   928    758
   929    758
   930    758
   908    759
   909    759
   910    759
   912    759
   913    759
   914    759
   915    759
   916    759
   917    759
   918    759
   922    759
   923    759
   924    759
   925    759
   926    759
   927    759
   928    759
   929    759
   912    760
   913    760
   914    760
   915    760
   916    760
   917    760
   918    760
   919    760
   920    760
   922    760
   923    760
   924    760
   925    760
   926    760
   927    760
   928    760
   929    760
   930    760
   912    761
   913    761
   914    761
   915    761
   916    761
   917    761
   918    761
   919    761
   920    761
   921    761
   922    761
   923    761
   924    761
   925    761
   926    761
   927    761
   928    761
   929    761
   930    761
   914    762
   915    762
   916    762
   917    762
   918    762
   919    762
   920    762
   921    762
   922    762
   923    762
   924    762
   925    762
   926    762
   927    762
   928    762
   929    762
   930    762
   916    763
   917    763
   918    763
   919    763
   920    763
   921    763
   922    763
   923    763
   924    763
   925    763
   926    763
   927    763
   928    763
   929    763
   930    763
   916    764
   917    764
   918    764
   919    764
   920    764
   921    764
   922    764
   923    764
   924    764
   925    764
   926    764
   927    764
   928    764
   929    764
   930    764
   931    764
   917    765
   918    765
   919    765
   920    765
   921    765
   922    765
   923    765
   924    765
   925    765
   926    765
   927    765
   928    765
   929    765
   930    765
   931    765
   918    766
   919    766
   920    766
   921    766
   922    766
   923    766
   924    766
   925    766
   926    766
   927    766
   928    766
   929    766
   930    766
   931    766
   918    767
   919    767
   920    767
   921    767
   922    767
   923    767
   924    767
   925    767
   926    767
   927    767
   928    767
   929    767
   930    767
   931    767
   918    768
   919    768
   920    768
   921    768
   922    768
   923    768
   924    768
   925    768
   926    768
   927    768
   928    768
   929    768
   930    768
   931    768
   932    768
   918    769
   919    769
   920    769
   921    769
   922    769
   923    769
   924    769
   925    769
   926    769
   927    769
   928    769
   929    769
   930    769
   931    769
   919    770
   920    770
   921    770
   922    770
   923    770
   924    770
   925    770
   926    770
   927    770
   928    770
   929    770
   930    770
   931    770
   920    771
   921    771
   922    771
   923    771
   924    771
   925    771
   926    771
   927    771
   928    771
   929    771
   930    771
   931    771
   920    772
   921    772
   922    772
   923    772
   924    772
   925    772
   926    772
   927    772
   928    772
   929    772
   930    772
   931    772
   920    773
   921    773
   922    773
   923    773
   924    773
   925    773
   926    773
   927    773
   928    773
   929    773
   930    773
   931    773
   920    774
   921    774
   922    774
   923    774
   924    774
   925    774
   926    774
   927    774
   928    774
   929    774
   930    774
   931    774
   920    775
   921    775
   922    775
   923    775
   924    775
   925    775
   926    775
   927    775
   928    775
   929    775
   930    775
   931    775
   919    776
   920    776
   921    776
   922    776
   923    776
   924    776
   925    776
   926    776
   927    776
   928    776
   929    776
   930    776
   919    777
   920    777
   921    777
   922    777
   923    777
   924    777
   925    777
   926    777
   927    777
   928    777
   929    777
   930    777
   919    778
   920    778
   921    778
   922    778
   923    778
   924    778
   925    778
   926    778
   927    778
   928    778
   929    778
   930    778
   918    779
   919    779
   920    779
   921    779
   922    779
   923    779
   924    779
   925    779
   926    779
   927    779
   928    779
   929    779
   930    779
   919    780
   920    780
   921    780
   922    780
   923    780
   924    780
   925    780
   926    780
   927    780
   928    780
   929    780
   930    780
   918    781
   919    781
   920    781
   921    781
   922    781
   923    781
   924    781
   925    781
   926    781
   927    781
   928    781
   929    781
   930    781
   918    782
   919    782
   920    782
   921    782
   922    782
   923    782
   924    782
   925    782
   926    782
   927    782
   928    782
   929    782
   930    782
   918    783
   919    783
   920    783
   921    783
   922    783
   923    783
   924    783
   925    783
   926    783
   927    783
   928    783
   929    783
   930    783
   918    784
   919    784
   920    784
   921    784
   922    784
   923    784
   924    784
   925    784
   926    784
   927    784
   928    784
   929    784
   930    784
   918    785
   919    785
   920    785
   921    785
   922    785
   923    785
   924    785
   925    785
   926    785
   927    785
   928    785
   929    785
   930    785
   918    786
   919    786
   920    786
   921    786
   922    786
   923    786
   924    786
   925    786
   926    786
   927    786
   928    786
   929    786
   930    786
   918    787
   919    787
   920    787
   921    787
   922    787
   923    787
   924    787
   925    787
   926    787
   927    787
   928    787
   929    787
   930    787
   918    788
   919    788
   920    788
   921    788
   922    788
   923    788
   924    788
   925    788
   926    788
   927    788
   928    788
   929    788
   930    788
   918    789
   919    789
   920    789
   921    789
   922    789
   923    789
   924    789
   925    789
   926    789
   927    789
   928    789
   917    790
   918    790
   919    790
   920    790
   921    790
   922    790
   923    790
   924    790
   925    790
   926    790
   927    790
   928    790
   919    791
   920    791
   921    791
   922    791
   923    791
   924    791
   925    791
   926    791
   927    791
   921    792
   922    792
   923    792
   924    792
