   928    752
   929    752
   928    753
   929    753
   927    754
   928    754
   929    754
   926    755
   927    755
   928    755
   929    755
   927    756
   928    756
   929    756
   926    757
   927    757
   928    757
   929    757
   926    758
   927    758
   928    758
   929    758
   925    759
   926    759
   927    759
   928    759
   929    759
   924    760
   925    760
   926    760
   927    760
   928    760
   929    760
   930    760
   924    761
   925    761
   926    761
   927    761
   928    761
   929    761
   930    761
   923    762
   924    762
   925    762
   926    762
   927    762
   928    762
   929    762
   930    762
   931    762
   923    763
   924    763
   925    763
   926    763
   927    763
   928    763
   929    763
   930    763
   931    763
   923    764
   924    764
   925    764
   926    764
   927    764
   928    764
   929    764
   930    764
   931    764
   923    765
   924    765
   925    765
   926    765
   927    765
   928    765
   929    765
   930    765
   931    765
   923    766
   924    766
   925    766
   926    766
   927    766
   928    766
   929    766
   930    766
   931    766
   932    766
   923    767
   924    767
   925    767
   926    767
   927    767
   928    767
   929    767
   930    767
   931    767
   919    768
   920    768
   921    768
   923    768
   924    768
   925    768
   926    768
   927    768
   928    768
   929    768
   930    768
   931    768
   932    768
   919    769
   920    769
   921    769
   922    769
   923    769
   924    769
   925    769
   926    769
   927    769
   928    769
   929    769
   930    769
   931    769
   932    769
   919    770
   920    770
   921    770
   922    770
   923    770
   924    770
   925    770
   926    770
   927    770
   928    770
   929    770
   930    770
   931    770
   932    770
   919    771
   920    771
   921    771
   922    771
   923    771
   924    771
   925    771
   926    771
   927    771
   928    771
   929    771
   930    771
   931    771
   932    771
   918    772
   919    772
   920    772
   921    772
   922    772
   923    772
   924    772
   925    772
   926    772
   927    772
   928    772
   929    772
   930    772
   931    772
   932    772
   918    773
   919    773
   920    773
   921    773
   922    773
   923    773
   924    773
   925    773
   926    773
   927    773
   928    773
   929    773
   930    773
   931    773
   932    773
   933    773
   919    774
   920    774
   921    774
   922    774
   923    774
   924    774
   925    774
   926    774
   927    774
   928    774
   929    774
   930    774
   931    774
   932    774
   933    774
   919    775
   920    775
   921    775
   922    775
   923    775
   924    775
   925    775
   926    775
   927    775
   928    775
   929    775
   930    775
   931    775
   932    775
   933    775
   934    775
   919    776
   920    776
   921    776
   922    776
   923    776
   924    776
   925    776
   926    776
   927    776
   928    776
   929    776
   930    776
   931    776
   932    776
   933    776
   934    776
   919    777
   920    777
   921    777
   922    777
   923    777
   924    777
   925    777
   926    777
   927    777
   928    777
   929    777
   930    777
   931    777
   932    777
   933    777
   934    777
   919    778
   920    778
   921    778
   922    778
   923    778
   924    778
   925    778
   926    778
   927    778
   928    778
   929    778
   930    778
   931    778
   932    778
   933    778
   934    778
   921    779
   922    779
   923    779
   924    779
   925    779
   926    779
   927    779
   928    779
   929    779
   930    779
   931    779
   932    779
   933    779
   934    779
   920    780
   921    780
   922    780
   923    780
   924    780
   925    780
   926    780
   927    780
   928    780
   929    780
   930    780
   931    780
   932    780
   933    780
   934    780
   920    781
   921    781
   922    781
   923    781
   924    781
   925    781
   926    781
   927    781
   928    781
   929    781
   930    781
   931    781
   932    781
   933    781
   922    782
   923    782
   924    782
   925    782
   926    782
   927    782
   928    782
   929    782
   930    782
   931    782
   932    782
   933    782
   934    782
   921    783
   922    783
   923    783
   924    783
   925    783
   926    783
   927    783
   928    783
   929    783
   930    783
   931    783
   932    783
   933    783
   922    784
   923    784
   924    784
   925    784
   926    784
   927    784
   928    784
   929    784
   930    784
   931    784
   932    784
   933    784
   921    785
   922    785
   923    785
   924    785
   925    785
   926    785
   927    785
   928    785
   929    785
   930    785
   931    785
   932    785
   933    785
   921    786
   922    786
   923    786
   924    786
   925    786
   926    786
   927    786
   928    786
   929    786
   930    786
   931    786
   932    786
   933    786
   921    787
   922    787
   923    787
   924    787
   925    787
   926    787
   927    787
   928    787
   929    787
   930    787
   931    787
   932    787
   933    787
   921    788
   922    788
   923    788
   924    788
   925    788
   926    788
   927    788
   928    788
   929    788
   930    788
   931    788
   932    788
   933    788
   920    789
   921    789
   922    789
   923    789
   924    789
   925    789
   926    789
   927    789
   928    789
   929    789
   930    789
   931    789
   932    789
   921    790
   922    790
   923    790
   924    790
   925    790
   926    790
   927    790
   928    790
   929    790
   930    790
   931    790
   923    791
   924    791
   925    791
   926    791
   928    791
   929    791
   930    791
