  1055    701
  1056    701
  1057    701
  1058    701
  1063    701
  1064    701
  1067    701
  1068    701
  1069    701
  1063    702
  1064    702
  1066    702
  1067    702
  1068    702
   991    703
   992    703
   993    703
   994    703
   995    703
   996    703
   997    703
   998    703
  1037    703
  1038    703
  1039    703
  1040    703
  1055    703
  1056    703
  1059    703
  1060    703
  1061    703
  1062    703
  1063    703
  1064    703
   989    704
  1009    704
  1010    704
  1011    704
  1012    704
  1013    704
  1027    704
  1028    704
  1029    704
  1030    704
  1031    704
  1036    704
  1037    704
  1038    704
  1039    704
   984    705
   985    705
   987    705
   988    705
   989    705
   990    705
   991    705
   992    705
   993    705
   994    705
   995    705
  1011    705
  1012    705
  1013    705
  1032    705
  1033    705
  1034    705
  1035    705
  1036    705
  1037    705
  1038    705
  1039    705
   984    706
   985    706
   986    706
   987    706
  1011    707
  1012    707
   991    708
   992    708
   993    708
   994    708
   995    708
   996    708
   983    709
   984    709
   985    709
   986    709
   987    709
   988    709
  1008    709
  1009    709
  1010    709
  1011    709
  1012    709
   981    710
   982    710
   983    710
   989    710
   990    710
   963    711
   964    711
   965    711
   985    711
   986    711
   987    711
   988    711
   989    711
   958    712
   959    712
   980    712
   949    713
   950    713
   951    713
   956    713
   957    713
   958    713
   965    713
   966    713
   939    714
   940    714
   941    714
   942    714
   943    714
   952    714
   953    714
   954    714
   940    715
   941    715
   942    715
   943    715
   944    715
   945    715
   946    715
   947    715
   948    715
   951    715
   952    715
   939    716
   940    716
   941    716
   926    717
   927    717
   942    717
   943    717
   928    718
   929    718
   927    720
   928    720
   926    721
   927    721
   925    722
   926    722
   927    722
   926    723
   927    723
   925    724
   926    724
   927    724
   928    724
   925    725
   926    725
   927    725
   928    725
   925    726
   926    726
   927    726
   928    726
   925    727
   926    727
   927    727
   928    727
   926    728
   927    728
   928    728
   925    729
   926    729
   927    729
   928    729
   929    729
   925    730
   926    730
   927    730
   928    730
   929    730
   925    731
   926    731
   927    731
   928    731
   929    731
   925    732
   926    732
   927    732
   928    732
   929    732
   930    732
   925    733
   926    733
   927    733
   928    733
   929    733
   930    733
   925    734
   926    734
   927    734
   928    734
   929    734
   925    735
   926    735
   927    735
   928    735
   929    735
   930    735
   926    736
   927    736
   928    736
   929    736
   930    736
   931    736
   926    737
   927    737
   928    737
   929    737
   930    737
   931    737
   926    738
   927    738
   928    738
   929    738
   930    738
   931    738
   926    739
   927    739
   928    739
   929    739
   930    739
   926    740
   927    740
   928    740
   929    740
   930    740
   926    741
   927    741
   928    741
   929    741
   930    741
   925    742
   926    742
   927    742
   928    742
   929    742
   930    742
   926    743
   927    743
   928    743
   929    743
   930    743
   925    744
   926    744
   927    744
   928    744
   929    744
   930    744
   925    745
   926    745
   927    745
   928    745
   929    745
   930    745
   926    746
   927    746
   928    746
   929    746
   930    746
   931    746
   925    747
   926    747
   927    747
   928    747
   929    747
   930    747
   931    747
   926    748
   927    748
   928    748
   929    748
   930    748
   931    748
   925    749
   926    749
   927    749
   928    749
   929    749
   930    749
   931    749
   932    749
   926    750
   927    750
   928    750
   929    750
   930    750
   931    750
   932    750
   925    751
   926    751
   927    751
   928    751
   929    751
   930    751
   931    751
   932    751
   925    752
   926    752
   927    752
   928    752
   929    752
   930    752
   931    752
   932    752
   925    753
   926    753
   927    753
   928    753
   929    753
   930    753
   931    753
   932    753
   925    754
   926    754
   927    754
   928    754
   929    754
   930    754
   931    754
   932    754
   925    755
   926    755
   927    755
   928    755
   929    755
   930    755
   931    755
   932    755
   925    756
   926    756
   927    756
   928    756
   929    756
   930    756
   931    756
   932    756
   925    757
   926    757
   927    757
   928    757
   929    757
   930    757
   931    757
   932    757
   925    758
   926    758
   927    758
   928    758
   929    758
   930    758
   931    758
   932    758
   925    759
   926    759
   927    759
   928    759
   929    759
   930    759
   931    759
   925    760
   926    760
   927    760
   928    760
   929    760
   930    760
   931    760
   932    760
   925    761
   926    761
   927    761
   928    761
   929    761
   930    761
   931    761
   932    761
   925    762
   926    762
   927    762
   928    762
   929    762
   930    762
   931    762
   932    762
   925    763
   926    763
   927    763
   928    763
   929    763
   930    763
   931    763
   932    763
   925    764
   926    764
   927    764
   928    764
   929    764
   930    764
   931    764
   932    764
   925    765
   926    765
   927    765
   928    765
   929    765
   930    765
   931    765
   932    765
   925    766
   926    766
   927    766
   928    766
   929    766
   930    766
   931    766
   932    766
   924    767
   925    767
   926    767
   927    767
   928    767
   929    767
   930    767
   931    767
   932    767
   925    768
   926    768
   927    768
   928    768
   929    768
   930    768
   931    768
   932    768
   924    769
   925    769
   926    769
   927    769
   928    769
   929    769
   930    769
   931    769
   932    769
   925    770
   926    770
   927    770
   928    770
   929    770
   930    770
   931    770
   924    771
   925    771
   926    771
   927    771
   928    771
   929    771
   930    771
   931    771
   932    771
   902    772
   903    772
   924    772
   925    772
   926    772
   927    772
   928    772
   929    772
   930    772
   931    772
   932    772
   933    772
   903    773
   904    773
   905    773
   906    773
   924    773
   925    773
   926    773
   927    773
   928    773
   929    773
   930    773
   931    773
   932    773
   933    773
   907    774
   908    774
   924    774
   925    774
   926    774
   927    774
   928    774
   929    774
   930    774
   931    774
   932    774
   933    774
   909    775
   910    775
   911    775
   924    775
   925    775
   926    775
   927    775
   928    775
   929    775
   930    775
   931    775
   932    775
   933    775
   934    775
   907    776
   908    776
   909    776
   910    776
   911    776
   912    776
   913    776
   914    776
   924    776
   925    776
   926    776
   927    776
   928    776
   929    776
   930    776
   931    776
   932    776
   933    776
   934    776
   908    777
   909    777
   910    777
   911    777
   912    777
   913    777
   914    777
   915    777
   916    777
   925    777
   926    777
   927    777
   928    777
   929    777
   930    777
   931    777
   932    777
   933    777
   934    777
   907    778
   908    778
   909    778
   910    778
   911    778
   912    778
   913    778
   914    778
   915    778
   916    778
   917    778
   918    778
   925    778
   926    778
   927    778
   928    778
   929    778
   930    778
   931    778
   932    778
   933    778
   934    778
   909    779
   910    779
   911    779
   912    779
   913    779
   914    779
   915    779
   916    779
   917    779
   918    779
   919    779
   920    779
   925    779
   926    779
   927    779
   928    779
   929    779
   930    779
   931    779
   932    779
   933    779
   934    779
   935    779
   911    780
   912    780
   913    780
   914    780
   915    780
   916    780
   917    780
   918    780
   919    780
   920    780
   921    780
   922    780
   925    780
   926    780
   927    780
   928    780
   929    780
   930    780
   931    780
   932    780
   933    780
   934    780
   912    781
   913    781
   914    781
   915    781
   916    781
   917    781
   918    781
   919    781
   920    781
   921    781
   922    781
   923    781
   924    781
   925    781
   926    781
   927    781
   928    781
   929    781
   930    781
   931    781
   932    781
   933    781
   934    781
   914    782
   915    782
   916    782
   917    782
   918    782
   919    782
   920    782
   921    782
   922    782
   923    782
   924    782
   925    782
   926    782
   927    782
   928    782
   929    782
   930    782
   931    782
   932    782
   933    782
   934    782
   915    783
   916    783
   917    783
   918    783
   919    783
   920    783
   921    783
   922    783
   923    783
   924    783
   925    783
   926    783
   927    783
   928    783
   929    783
   930    783
   931    783
   932    783
   933    783
   917    784
   918    784
   919    784
   920    784
   921    784
   922    784
   923    784
   924    784
   925    784
   926    784
   927    784
   928    784
   929    784
   930    784
   931    784
   932    784
   933    784
   918    785
   919    785
   920    785
   921    785
   922    785
   923    785
   924    785
   925    785
   926    785
   927    785
   928    785
   929    785
   926    786
   927    786
   928    786
   929    786
   930    786
   931    786
   932    786
   926    787
   927    787
   928    787
   929    787
   930    787
