   987    703
   988    703
   989    703
   990    703
   991    703
   988    704
   989    704
   990    704
   991    704
   985    705
   986    705
   987    705
   988    705
   989    705
   985    706
   986    706
   987    706
   990    706
   991    708
   983    709
   984    709
   970    710
   971    710
   972    710
   973    710
   974    710
   975    710
   962    711
   963    711
   964    711
   958    712
   969    712
   970    712
   971    712
   946    713
   947    713
   951    713
   952    713
   953    713
   955    713
   956    713
   957    713
   964    713
   965    713
   938    714
   939    714
   940    714
   941    714
   936    715
   937    715
   938    715
   939    715
   940    715
   941    715
   942    715
   943    715
   945    715
   946    715
   952    715
   954    715
   955    715
   956    715
   940    716
   941    716
   938    717
   939    717
   940    717
   941    717
   942    717
   927    718
   928    718
   929    718
   926    720
   927    720
   928    720
   925    721
   926    721
   927    721
   925    722
   926    722
   927    722
   925    723
   926    723
   927    723
   925    724
   926    724
   927    724
   928    724
   925    725
   926    725
   927    725
   928    725
   925    726
   926    726
   927    726
   928    726
   925    727
   926    727
   927    727
   928    727
   925    728
   926    728
   927    728
   928    728
   925    729
   926    729
   927    729
   928    729
   925    730
   926    730
   927    730
   928    730
   929    730
   925    731
   926    731
   927    731
   928    731
   929    731
   930    731
   925    732
   926    732
   927    732
   928    732
   929    732
   930    732
   925    733
   926    733
   927    733
   928    733
   929    733
   930    733
   925    734
   926    734
   927    734
   928    734
   929    734
   930    734
   925    735
   926    735
   927    735
   928    735
   929    735
   930    735
   925    736
   926    736
   927    736
   928    736
   929    736
   930    736
   931    736
   926    737
   927    737
   928    737
   929    737
   930    737
   931    737
   925    738
   926    738
   927    738
   928    738
   929    738
   930    738
   931    738
   926    739
   927    739
   928    739
   929    739
   930    739
   925    740
   926    740
   927    740
   928    740
   929    740
   930    740
   926    741
   927    741
   928    741
   929    741
   930    741
   925    742
   926    742
   927    742
   928    742
   929    742
   930    742
   925    743
   926    743
   927    743
   928    743
   929    743
   930    743
   925    744
   926    744
   927    744
   928    744
   929    744
   930    744
   925    745
   926    745
   927    745
   928    745
   929    745
   930    745
   926    746
   927    746
   928    746
   929    746
   930    746
   931    746
   925    747
   926    747
   927    747
   928    747
   929    747
   930    747
   931    747
   926    748
   927    748
   928    748
   929    748
   930    748
   931    748
   925    749
   926    749
   927    749
   928    749
   929    749
   930    749
   931    749
   932    749
   926    750
   927    750
   928    750
   929    750
   930    750
   931    750
   932    750
   925    751
   926    751
   927    751
   928    751
   929    751
   930    751
   931    751
   932    751
   925    752
   926    752
   927    752
   928    752
   929    752
   930    752
   931    752
   932    752
   925    753
   926    753
   927    753
   928    753
   929    753
   930    753
   931    753
   932    753
   925    754
   926    754
   927    754
   928    754
   929    754
   930    754
   931    754
   932    754
   925    755
   926    755
   927    755
   928    755
   929    755
   930    755
   931    755
   932    755
   925    756
   926    756
   927    756
   928    756
   929    756
   930    756
   931    756
   932    756
   925    757
   926    757
   927    757
   928    757
   929    757
   930    757
   931    757
   932    757
   925    758
   926    758
   927    758
   928    758
   929    758
   930    758
   931    758
   932    758
   925    759
   926    759
   927    759
   928    759
   929    759
   930    759
   931    759
   925    760
   926    760
   927    760
   928    760
   929    760
   930    760
   931    760
   932    760
   925    761
   926    761
   927    761
   928    761
   929    761
   930    761
   931    761
   925    762
   926    762
   927    762
   928    762
   929    762
   930    762
   931    762
   932    762
   925    763
   926    763
   927    763
   928    763
   929    763
   930    763
   931    763
   925    764
   926    764
   927    764
   928    764
   929    764
   930    764
   931    764
   932    764
   925    765
   926    765
   927    765
   928    765
   929    765
   930    765
   931    765
   932    765
   925    766
   926    766
   927    766
   928    766
   929    766
   930    766
   931    766
   932    766
   924    767
   925    767
   926    767
   927    767
   928    767
   929    767
   930    767
   931    767
   932    767
   925    768
   926    768
   927    768
   928    768
   929    768
   930    768
   924    769
   925    769
   926    769
   927    769
   928    769
   929    769
   925    770
   926    770
   927    770
   928    770
   926    771
   927    771
