   941    714
   942    714
   943    714
   944    714
   937    715
   938    715
   939    715
   941    715
   942    715
   943    715
   944    715
   938    716
   939    716
   940    716
   941    716
   942    716
   939    717
   944    718
   945    718
   946    718
   926    721
   927    721
   925    724
   926    724
   927    724
   928    724
   926    725
   927    725
   928    725
   925    726
   926    726
   927    726
   928    726
   925    727
   926    727
   927    727
   928    727
   926    728
   927    728
   928    728
   925    729
   926    729
   927    729
   928    729
   926    730
   927    730
   928    730
   925    731
   926    731
   927    731
   928    731
   926    732
   927    732
   928    732
   929    732
   925    733
   926    733
   927    733
   928    733
   929    733
   926    734
   927    734
   928    734
   929    734
   925    735
   926    735
   927    735
   928    735
   929    735
   930    735
   926    736
   927    736
   928    736
   929    736
   930    736
   931    736
   926    737
   927    737
   928    737
   929    737
   930    737
   931    737
   926    738
   927    738
   928    738
   929    738
   930    738
   931    738
   926    739
   927    739
   928    739
   929    739
   930    739
   931    739
   926    740
   927    740
   928    740
   929    740
   930    740
   931    740
   926    741
   927    741
   928    741
   929    741
   930    741
   931    741
   932    741
   926    742
   927    742
   928    742
   929    742
   930    742
   931    742
   932    742
   926    743
   927    743
   928    743
   929    743
   930    743
   931    743
   932    743
   925    744
   926    744
   927    744
   928    744
   929    744
   930    744
   931    744
   926    745
   927    745
   928    745
   929    745
   930    745
   931    745
   932    745
   926    746
   927    746
   928    746
   929    746
   930    746
   931    746
   932    746
   926    747
   927    747
   928    747
   929    747
   930    747
   931    747
   932    747
   926    748
   927    748
   928    748
   929    748
   930    748
   931    748
   926    749
   927    749
   928    749
   929    749
   930    749
   931    749
   932    749
   926    750
   927    750
   928    750
   929    750
   930    750
   931    750
   932    750
   925    751
   926    751
   927    751
   928    751
   929    751
   930    751
   931    751
   932    751
   926    752
   927    752
   928    752
   929    752
   930    752
   931    752
   932    752
   925    753
   926    753
   927    753
   928    753
   929    753
   930    753
   931    753
   932    753
   926    754
   927    754
   928    754
   929    754
   930    754
   931    754
   932    754
   925    755
   926    755
   927    755
   928    755
   929    755
   930    755
   931    755
   932    755
   925    756
   926    756
   927    756
   928    756
   929    756
   930    756
   931    756
   932    756
   925    757
   926    757
   927    757
   928    757
   929    757
   930    757
   931    757
   932    757
   926    758
   927    758
   928    758
   929    758
   930    758
   931    758
   932    758
   925    759
   926    759
   927    759
   928    759
   929    759
   930    759
   931    759
   925    760
   926    760
   927    760
   928    760
   929    760
   930    760
   931    760
   932    760
   925    761
   926    761
   927    761
   928    761
   929    761
   930    761
   931    761
   932    761
   926    762
   927    762
   928    762
   929    762
   930    762
   931    762
   932    762
   925    763
   926    763
   927    763
   928    763
   929    763
   930    763
   931    763
   932    763
   925    764
   926    764
   927    764
   928    764
   929    764
   930    764
   931    764
   932    764
   925    765
   926    765
   927    765
   928    765
   929    765
   930    765
   931    765
   932    765
   925    766
   926    766
   927    766
   928    766
   929    766
   930    766
   931    766
   932    766
   925    767
   926    767
   927    767
   928    767
   929    767
   930    767
   931    767
   932    767
   925    768
   926    768
   927    768
   928    768
   929    768
   930    768
   931    768
   932    768
   933    768
   925    769
   926    769
   927    769
   928    769
   929    769
   930    769
   931    769
   932    769
   925    770
   926    770
   927    770
   928    770
   929    770
   930    770
   931    770
   932    770
   933    770
   925    771
   926    771
   927    771
   928    771
   929    771
   930    771
   931    771
   932    771
   925    772
   926    772
   927    772
   928    772
   929    772
   930    772
   931    772
   932    772
   900    773
   901    773
   925    773
   926    773
   927    773
   928    773
   929    773
   930    773
   931    773
   932    773
   933    773
   901    774
   902    774
   903    774
   924    774
   925    774
   926    774
   927    774
   928    774
   929    774
   930    774
   931    774
   932    774
   896    775
   897    775
   898    775
   902    775
   903    775
   904    775
   905    775
   906    775
   907    775
   924    775
   925    775
   926    775
   927    775
   928    775
   929    775
   930    775
   931    775
   932    775
   933    775
   899    776
   900    776
   904    776
   905    776
   906    776
   907    776
   908    776
   909    776
   924    776
   925    776
   926    776
   927    776
   928    776
   929    776
   930    776
   931    776
   932    776
   933    776
   906    777
   907    777
   908    777
   909    777
   910    777
   911    777
   912    777
   925    777
   926    777
   927    777
   928    777
   929    777
   930    777
   931    777
   932    777
   933    777
   934    777
   907    778
   908    778
   909    778
   910    778
   911    778
   912    778
   913    778
   914    778
   925    778
   926    778
   927    778
   928    778
   929    778
   930    778
   931    778
   932    778
   933    778
   934    778
   905    779
   906    779
   907    779
   908    779
   909    779
   910    779
   911    779
   912    779
   913    779
   914    779
   915    779
   916    779
   925    779
   926    779
   927    779
   928    779
   929    779
   930    779
   931    779
   932    779
   933    779
   907    780
   908    780
   909    780
   910    780
   911    780
   912    780
   913    780
   914    780
   915    780
   916    780
   917    780
   918    780
   925    780
   926    780
   927    780
   928    780
   929    780
   930    780
   931    780
   932    780
   933    780
   934    780
   910    781
   911    781
   912    781
   913    781
   914    781
   915    781
   916    781
   925    781
   926    781
   927    781
   928    781
   929    781
   930    781
   931    781
   932    781
   933    781
   934    781
   910    782
   911    782
   912    782
   913    782
   914    782
   915    782
   916    782
   921    782
   922    782
   925    782
   926    782
   927    782
   928    782
   929    782
   930    782
   931    782
   932    782
   933    782
   934    782
   912    783
   913    783
   914    783
   915    783
   916    783
   917    783
   923    783
   925    783
   926    783
   927    783
   928    783
   929    783
   930    783
   931    783
   932    783
   933    783
   925    784
   926    784
   928    784
   929    784
   930    784
   931    784
   932    784
   933    784
   933    786
