  1075    701
  1076    701
  1077    701
  1063    702
  1079    702
  1080    702
  1017    703
  1018    703
  1017    704
  1018    704
  1019    704
  1020    704
  1021    704
  1022    704
  1030    704
  1046    704
  1047    704
  1048    704
  1049    704
  1050    704
  1051    704
  1052    704
  1053    704
  1054    704
  1055    704
  1002    705
  1003    705
  1004    705
  1005    705
  1006    705
  1007    705
  1008    705
  1009    705
  1012    705
  1013    705
  1015    705
  1016    705
  1017    705
  1018    705
  1032    705
  1033    705
  1034    705
  1045    705
  1046    705
  1047    705
  1048    705
  1049    705
  1050    705
  1051    705
  1052    705
  1053    705
  1054    705
  1055    705
   990    706
   991    706
   992    706
   993    706
  1000    706
  1001    706
  1002    706
  1003    706
  1004    706
  1005    706
  1006    706
  1007    706
  1008    706
  1032    706
  1033    706
  1034    706
  1035    706
  1036    706
  1049    706
  1050    706
  1018    707
  1019    707
  1012    708
  1013    708
  1014    708
  1015    708
  1020    708
  1021    708
  1022    708
  1026    708
  1027    708
  1028    708
  1029    708
  1030    708
  1031    708
  1032    708
  1033    708
   991    709
   992    709
   993    709
   994    709
  1017    709
  1018    709
  1019    709
   985    710
   986    710
   987    710
   965    712
   966    712
   959    713
   960    713
   947    714
   948    714
   949    714
   950    714
   952    714
   953    714
   959    714
   960    714
   961    714
   962    714
   963    714
   966    714
   967    714
   941    715
   942    715
   943    715
   944    715
   945    715
   964    715
   965    715
   937    716
   938    716
   945    716
   946    716
   947    716
   948    716
   951    716
   952    716
   953    716
   938    717
   939    717
   943    717
   944    717
   927    718
   928    718
   932    718
   933    718
   934    718
   936    718
   937    718
   938    718
   941    718
   925    719
   926    719
   929    719
   930    719
   937    719
   938    719
   939    719
   925    720
   926    720
   932    720
   928    721
   929    721
   930    721
   931    721
   927    722
   928    722
   929    722
   930    722
   926    723
   927    723
   928    723
   930    723
   931    723
   926    724
   927    724
   926    725
   927    725
   928    725
   925    726
   926    726
   927    726
   928    726
   929    726
   926    727
   927    727
   928    727
   929    727
   926    728
   927    728
   928    728
   929    728
   930    728
   926    729
   927    729
   928    729
   929    729
   930    729
   926    730
   927    730
   928    730
   929    730
   930    730
   926    731
   927    731
   928    731
   929    731
   930    731
   931    731
   926    732
   927    732
   928    732
   929    732
   930    732
   931    732
   926    733
   927    733
   928    733
   929    733
   930    733
   931    733
   926    734
   927    734
   928    734
   929    734
   930    734
   931    734
   926    735
   927    735
   928    735
   929    735
   930    735
   931    735
   926    736
   927    736
   928    736
   929    736
   930    736
   931    736
   926    737
   927    737
   928    737
   929    737
   930    737
   931    737
   926    738
   927    738
   928    738
   929    738
   930    738
   931    738
   932    738
   926    739
   927    739
   928    739
   929    739
   930    739
   931    739
   927    740
   928    740
   929    740
   930    740
   931    740
   932    740
   926    741
   927    741
   928    741
   929    741
   930    741
   931    741
   932    741
   927    742
   928    742
   929    742
   930    742
   931    742
   932    742
   926    743
   927    743
   928    743
   929    743
   930    743
   931    743
   932    743
   933    743
   927    744
   928    744
   929    744
   930    744
   931    744
   932    744
   933    744
   934    744
   926    745
   927    745
   928    745
   929    745
   930    745
   931    745
   932    745
   933    745
   927    746
   928    746
   929    746
   930    746
   931    746
   932    746
   933    746
   934    746
   926    747
   927    747
   928    747
   929    747
   930    747
   931    747
   932    747
   933    747
   926    748
   927    748
   928    748
   929    748
   930    748
   931    748
   932    748
   933    748
   934    748
   926    749
   927    749
   928    749
   929    749
   930    749
   931    749
   932    749
   933    749
   934    749
   926    750
   927    750
   928    750
   929    750
   930    750
   931    750
   932    750
   933    750
   926    751
   927    751
   928    751
   929    751
   930    751
   931    751
   932    751
   933    751
   926    752
   927    752
   928    752
   929    752
   930    752
   931    752
   932    752
   933    752
   926    753
   927    753
   928    753
   929    753
   930    753
   931    753
   932    753
   933    753
   926    754
   927    754
   928    754
   929    754
   930    754
   931    754
   932    754
   933    754
   926    755
   927    755
   928    755
   929    755
   930    755
   931    755
   932    755
   933    755
   926    756
   927    756
   928    756
   929    756
   930    756
   931    756
   932    756
   933    756
   926    757
   927    757
   928    757
   929    757
   930    757
   931    757
   932    757
   933    757
   926    758
   927    758
   928    758
   929    758
   930    758
   931    758
   932    758
   933    758
   926    759
   927    759
   928    759
   929    759
   930    759
   931    759
   932    759
   933    759
   926    760
   927    760
   928    760
   929    760
   930    760
   931    760
   932    760
   933    760
   926    761
   927    761
   928    761
   929    761
   930    761
   931    761
   932    761
   933    761
   926    762
   927    762
   928    762
   929    762
   930    762
   931    762
   932    762
   933    762
   926    763
   927    763
   928    763
   929    763
   930    763
   931    763
   932    763
   933    763
   926    764
   927    764
   928    764
   929    764
   930    764
   931    764
   932    764
   933    764
   926    765
   927    765
   928    765
   929    765
   930    765
   931    765
   932    765
   933    765
   926    766
   927    766
   928    766
   929    766
   930    766
   931    766
   932    766
   933    766
   934    766
   926    767
   927    767
   928    767
   929    767
   930    767
   931    767
   932    767
   933    767
   926    768
   927    768
   928    768
   929    768
   930    768
   931    768
   932    768
   933    768
   934    768
   926    769
   927    769
   928    769
   929    769
   930    769
   931    769
   932    769
   933    769
   934    769
   926    770
   927    770
   928    770
   929    770
   930    770
   931    770
   932    770
   933    770
   934    770
   926    771
   927    771
   928    771
   929    771
   930    771
   931    771
   932    771
   933    771
   934    771
   926    772
   927    772
   928    772
   929    772
   930    772
   931    772
   932    772
   933    772
   934    772
   925    773
   926    773
   927    773
   928    773
   929    773
   930    773
   931    773
   932    773
   933    773
   934    773
   926    774
   927    774
   928    774
   929    774
   930    774
   931    774
   932    774
   933    774
   934    774
   925    775
   926    775
   927    775
   928    775
   929    775
   930    775
   931    775
   932    775
   933    775
   934    775
   925    776
   926    776
   927    776
   928    776
   929    776
   930    776
   931    776
   932    776
   933    776
   934    776
   925    777
   926    777
   927    777
   928    777
   929    777
   930    777
   931    777
   932    777
   933    777
   934    777
   925    778
   926    778
   927    778
   928    778
   929    778
   930    778
   931    778
   932    778
   933    778
   934    778
   925    779
   926    779
   927    779
   928    779
   929    779
   930    779
   931    779
   932    779
   933    779
   934    779
   935    779
   925    780
   926    780
   927    780
   928    780
   929    780
   930    780
   931    780
   932    780
   933    780
   934    780
   935    780
   926    781
   927    781
   928    781
   929    781
   930    781
   931    781
   932    781
   933    781
   934    781
   935    781
   925    782
   926    782
   927    782
   928    782
   929    782
   930    782
   931    782
   932    782
   933    782
   934    782
   935    782
   925    783
   926    783
   927    783
   928    783
   929    783
   930    783
   931    783
   932    783
   933    783
   934    783
   935    783
   925    784
   926    784
   927    784
   928    784
   929    784
   930    784
   931    784
   932    784
   933    784
   934    784
   935    784
   926    785
   927    785
   928    785
   929    785
   930    785
   931    785
   932    785
   933    785
   934    785
   926    786
   927    786
   928    786
   929    786
   930    786
   931    786
   932    786
   933    786
   934    786
   926    787
   927    787
   928    787
   929    787
   930    787
   931    787
   932    787
   933    787
   934    787
   928    788
   929    788
   930    788
   931    788
   932    788
   929    789
   930    789
