   930    749
   931    749
   932    749
   930    750
   931    750
   932    750
   931    751
   932    751
   930    752
   931    752
   932    752
   930    753
   931    753
   932    753
   930    754
   931    754
   932    754
   930    755
   931    755
   932    755
   929    756
   930    756
   931    756
   932    756
   928    757
   929    757
   930    757
   931    757
   932    757
   933    757
   927    758
   928    758
   929    758
   930    758
   931    758
   932    758
   933    758
   926    759
   927    759
   928    759
   929    759
   930    759
   931    759
   932    759
   933    759
   926    760
   927    760
   928    760
   929    760
   930    760
   931    760
   932    760
   933    760
   926    761
   927    761
   928    761
   929    761
   930    761
   931    761
   932    761
   933    761
   934    761
   926    762
   927    762
   928    762
   929    762
   930    762
   931    762
   932    762
   933    762
   926    763
   927    763
   928    763
   929    763
   930    763
   931    763
   932    763
   933    763
   934    763
   926    764
   927    764
   928    764
   929    764
   930    764
   931    764
   932    764
   933    764
   934    764
   926    765
   927    765
   928    765
   929    765
   930    765
   931    765
   932    765
   933    765
   926    766
   927    766
   928    766
   929    766
   930    766
   931    766
   932    766
   933    766
   934    766
   926    767
   927    767
   928    767
   929    767
   930    767
   931    767
   932    767
   933    767
   926    768
   927    768
   928    768
   929    768
   930    768
   931    768
   932    768
   933    768
   934    768
   926    769
   927    769
   928    769
   929    769
   930    769
   931    769
   932    769
   933    769
   934    769
   926    770
   927    770
   928    770
   929    770
   930    770
   931    770
   932    770
   933    770
   934    770
   925    771
   926    771
   927    771
   928    771
   929    771
   930    771
   931    771
   932    771
   933    771
   934    771
   925    772
   926    772
   927    772
   928    772
   929    772
   930    772
   931    772
   932    772
   933    772
   934    772
   925    773
   926    773
   927    773
   928    773
   929    773
   930    773
   931    773
   932    773
   933    773
   934    773
   925    774
   926    774
   927    774
   928    774
   929    774
   930    774
   931    774
   932    774
   933    774
   934    774
   925    775
   926    775
   927    775
   928    775
   929    775
   930    775
   931    775
   932    775
   933    775
   934    775
   925    776
   926    776
   927    776
   928    776
   929    776
   930    776
   931    776
   932    776
   933    776
   934    776
   925    777
   926    777
   927    777
   928    777
   929    777
   930    777
   931    777
   932    777
   933    777
   934    777
   935    777
   925    778
   926    778
   927    778
   928    778
   929    778
   930    778
   931    778
   932    778
   933    778
   934    778
   925    779
   926    779
   927    779
   928    779
   929    779
   930    779
   931    779
   932    779
   933    779
   934    779
   935    779
   925    780
   926    780
   927    780
   928    780
   929    780
   930    780
   931    780
   932    780
   933    780
   934    780
   935    780
   925    781
   926    781
   927    781
   928    781
   929    781
   930    781
   931    781
   932    781
   933    781
   934    781
   935    781
   925    782
   926    782
   927    782
   928    782
   929    782
   930    782
   931    782
   932    782
   933    782
   934    782
   935    782
   925    783
   926    783
   927    783
   928    783
   929    783
   930    783
   931    783
   932    783
   933    783
   934    783
   935    783
   925    784
   926    784
   927    784
   928    784
   929    784
   930    784
   931    784
   932    784
   933    784
   934    784
   935    784
   926    785
   927    785
   928    785
   929    785
   930    785
   931    785
   932    785
   933    785
   934    785
   926    786
   927    786
   928    786
   929    786
   930    786
   931    786
   932    786
   933    786
   934    786
   927    787
   928    787
   929    787
   930    787
   931    787
   932    787
   933    787
   928    788
   929    788
   930    788
   931    788
   932    788
