  1088    701
  1089    701
  1091    701
  1092    701
  1093    701
  1094    701
  1116    701
  1051    702
  1052    702
  1053    702
  1054    702
  1055    702
  1056    702
  1057    702
  1058    702
  1059    702
  1065    702
  1066    702
  1067    702
  1068    702
  1089    702
  1090    702
  1091    702
  1092    702
  1093    702
  1094    702
  1035    703
  1036    703
  1037    703
  1038    703
  1039    703
  1040    703
  1055    703
  1056    703
  1057    703
  1058    703
  1059    703
  1060    703
  1061    703
  1064    703
  1065    703
  1066    703
  1088    703
  1034    704
  1035    704
  1036    704
  1037    704
  1038    704
  1039    704
  1048    704
  1049    704
  1050    704
  1051    704
  1052    704
  1053    704
  1054    704
  1055    704
  1056    704
  1057    704
  1058    704
  1059    704
  1060    704
  1073    704
  1074    704
  1020    705
  1021    705
  1022    705
  1023    705
  1024    705
  1033    705
  1034    705
  1035    705
  1036    705
  1037    705
  1038    705
  1039    705
  1040    705
  1041    705
  1042    705
  1048    705
  1049    705
  1050    705
   988    706
   989    706
   990    706
   991    706
  1039    706
  1040    706
  1041    706
  1042    706
  1048    706
  1049    706
  1050    706
  1051    706
  1052    706
  1053    706
  1054    706
  1055    706
  1056    706
  1057    706
  1058    706
  1059    706
  1060    706
   985    707
   986    707
   987    707
   988    707
   989    707
   990    707
   991    707
   994    707
   995    707
   996    707
   997    707
   998    707
   999    707
  1000    707
  1023    707
  1018    708
  1019    708
  1039    708
  1040    708
  1001    709
  1002    709
  1003    709
  1004    709
  1005    709
  1006    709
  1007    709
  1021    709
  1022    709
   989    710
   990    710
   991    710
   987    711
   988    711
   989    711
   996    711
   997    711
   998    711
   999    711
  1000    711
  1004    711
  1005    711
  1006    711
  1009    711
   972    712
   973    712
   974    712
   975    712
   980    712
   982    712
   983    712
   962    713
   963    713
   964    713
   965    713
   966    713
   967    713
   987    713
   988    713
   960    714
   961    714
   962    714
   970    714
   971    714
   972    714
   973    714
   974    714
   975    714
   978    714
   979    714
   980    714
   981    714
   941    716
   942    716
   943    716
   944    716
   964    716
   965    716
   966    716
   938    717
   942    717
   943    717
   944    717
   947    717
   948    717
   932    718
   939    718
   940    718
   941    718
   942    718
   943    718
   944    718
   928    719
   929    719
   930    719
   937    719
   938    719
   939    719
   940    719
   941    719
   942    719
   928    720
   929    720
   930    720
   931    720
   926    721
   927    721
   930    722
   931    722
   927    723
   928    723
   929    723
   930    723
   927    724
   928    724
   926    725
   927    725
   928    725
   926    726
   927    726
   926    727
   927    727
   928    727
   929    727
   926    728
   927    728
   928    728
   929    728
   930    728
   926    729
   927    729
   928    729
   929    729
   930    729
   926    730
   927    730
   928    730
   929    730
   930    730
   926    731
   927    731
   928    731
   929    731
   930    731
   926    732
   927    732
   928    732
   929    732
   930    732
   927    733
   928    733
   929    733
   930    733
   931    733
   926    734
   927    734
   928    734
   929    734
   930    734
   931    734
   926    735
   927    735
   928    735
   929    735
   930    735
   931    735
   926    736
   927    736
   928    736
   929    736
   930    736
   931    736
   926    737
   927    737
   928    737
   929    737
   930    737
   931    737
   926    738
   927    738
   928    738
   929    738
   930    738
   931    738
   927    739
   928    739
   929    739
   930    739
   931    739
   927    740
   928    740
   929    740
   930    740
   931    740
   932    740
   927    741
   928    741
   929    741
   930    741
   931    741
   932    741
   927    742
   928    742
   929    742
   930    742
   931    742
   932    742
   927    743
   928    743
   929    743
   930    743
   931    743
   932    743
   933    743
   927    744
   928    744
   929    744
   930    744
   931    744
   932    744
   933    744
   927    745
   928    745
   929    745
   930    745
   931    745
   932    745
   933    745
   927    746
   928    746
   929    746
   930    746
   931    746
   932    746
   933    746
   934    746
   927    747
   928    747
   929    747
   930    747
   931    747
   932    747
   933    747
   927    748
   928    748
   929    748
   930    748
   931    748
   932    748
   933    748
   934    748
   927    749
   928    749
   929    749
   930    749
   931    749
   932    749
   933    749
   934    749
   927    750
   928    750
   929    750
   930    750
   931    750
   932    750
   933    750
   927    751
   928    751
   929    751
   930    751
   931    751
   932    751
   933    751
   934    751
   927    752
   928    752
   929    752
   930    752
   931    752
   932    752
   933    752
   927    753
   928    753
   929    753
   930    753
   931    753
   932    753
   933    753
   927    754
   928    754
   929    754
   930    754
   931    754
   932    754
   933    754
   927    755
   928    755
   929    755
   930    755
   931    755
   932    755
   933    755
   927    756
   928    756
   929    756
   930    756
   931    756
   932    756
   933    756
   927    757
   928    757
   929    757
   930    757
   931    757
   932    757
   933    757
   934    757
   927    758
   928    758
   929    758
   930    758
   931    758
   932    758
   933    758
   934    758
   927    759
   928    759
   929    759
   930    759
   931    759
   932    759
   933    759
   934    759
   927    760
   928    760
   929    760
   930    760
   931    760
   932    760
   933    760
   934    760
   927    761
   928    761
   929    761
   930    761
   931    761
   932    761
   933    761
   934    761
   927    762
   928    762
   929    762
   930    762
   931    762
   932    762
   933    762
   934    762
   927    763
   928    763
   929    763
   930    763
   931    763
   932    763
   933    763
   934    763
   927    764
   928    764
   929    764
   930    764
   931    764
   932    764
   933    764
   934    764
   927    765
   928    765
   929    765
   930    765
   931    765
   932    765
   933    765
   934    765
   935    765
   927    766
   928    766
   929    766
   930    766
   931    766
   932    766
   933    766
   934    766
   927    767
   928    767
   929    767
   930    767
   931    767
   932    767
   933    767
   934    767
   935    767
   927    768
   928    768
   929    768
   930    768
   931    768
   932    768
   933    768
   934    768
   935    768
   927    769
   928    769
   929    769
   930    769
   931    769
   932    769
   933    769
   934    769
   935    769
   927    770
   928    770
   929    770
   930    770
   931    770
   932    770
   933    770
   934    770
   935    770
   927    771
   928    771
   929    771
   930    771
   931    771
   932    771
   933    771
   934    771
   935    771
   927    772
   928    772
   929    772
   930    772
   931    772
   932    772
   933    772
   934    772
   935    772
   927    773
   928    773
   929    773
   930    773
   931    773
   932    773
   933    773
   934    773
   935    773
   927    774
   928    774
   929    774
   930    774
   931    774
   932    774
   933    774
   934    774
   935    774
   926    775
   927    775
   928    775
   929    775
   930    775
   931    775
   932    775
   933    775
   934    775
   935    775
   927    776
   928    776
   929    776
   930    776
   931    776
   932    776
   933    776
   934    776
   935    776
   926    777
   927    777
   928    777
   929    777
   930    777
   931    777
   932    777
   933    777
   934    777
   935    777
   926    778
   927    778
   928    778
   929    778
   930    778
   931    778
   932    778
   933    778
   934    778
   935    778
   926    779
   927    779
   928    779
   929    779
   930    779
   931    779
   932    779
   933    779
   934    779
   935    779
   926    780
   927    780
   928    780
   929    780
   930    780
   931    780
   932    780
   933    780
   934    780
   935    780
   926    781
   927    781
   928    781
   929    781
   930    781
   931    781
   932    781
   933    781
   934    781
   935    781
   926    782
   927    782
   928    782
   929    782
   930    782
   931    782
   932    782
   933    782
   934    782
   935    782
   926    783
   927    783
   928    783
   929    783
   930    783
   931    783
   932    783
   933    783
   934    783
   935    783
   926    784
   927    784
   928    784
   929    784
   930    784
   931    784
   932    784
   933    784
   934    784
   935    784
   928    785
   929    785
   930    785
   931    785
   932    785
   933    785
   934    785
   928    786
   929    786
   930    786
   931    786
   932    786
   933    786
   930    787
   931    787
