  1019    705
  1020    705
  1021    705
  1022    705
  1023    705
   990    706
   991    706
   992    706
   998    706
  1019    706
  1020    706
   996    707
  1005    707
  1018    707
   991    708
   992    708
   993    708
   994    708
   995    708
   996    708
   997    708
   998    708
   999    708
  1000    708
  1020    709
  1021    709
  1022    709
  1002    710
  1003    710
  1004    710
  1005    710
  1006    710
  1007    710
   993    711
   994    711
   995    711
  1018    711
  1019    711
   989    712
   990    712
   991    712
  1000    712
  1003    712
   976    713
   977    713
   978    713
   979    713
   980    713
   981    713
   983    713
   984    713
   985    713
   986    713
   987    713
   988    713
   995    713
   996    713
   967    714
   990    714
   991    714
   992    714
   984    715
   970    716
   971    716
   945    717
   946    717
   947    717
   968    717
   969    717
   939    718
   940    718
   944    718
   945    718
   946    718
   947    718
   948    718
   949    718
   950    718
   951    718
   962    718
   939    719
   940    719
   941    719
   943    719
   944    719
   945    719
   946    719
   947    719
   930    720
   931    720
   939    720
   940    720
   943    720
   944    720
   948    720
   949    720
   950    720
   927    721
   928    721
   929    721
   930    721
   933    721
   934    721
   937    721
   938    721
   940    721
   941    721
   942    721
   945    721
   946    721
   929    722
   930    722
   931    722
   928    725
   929    725
   927    726
   928    726
   929    726
   926    727
   927    727
   928    727
   927    728
   926    729
   927    729
   928    729
   929    729
   926    730
   927    730
   928    730
   929    730
   930    730
   926    731
   927    731
   928    731
   929    731
   930    731
   926    732
   927    732
   928    732
   929    732
   930    732
   927    733
   928    733
   929    733
   930    733
   927    734
   928    734
   929    734
   930    734
   931    734
   927    735
   928    735
   929    735
   930    735
   931    735
   927    736
   928    736
   929    736
   930    736
   931    736
   927    737
   928    737
   929    737
   930    737
   931    737
   927    738
   928    738
   929    738
   930    738
   931    738
   927    739
   928    739
   929    739
   930    739
   931    739
   927    740
   928    740
   929    740
   930    740
   931    740
   932    740
   927    741
   928    741
   929    741
   930    741
   931    741
   932    741
   927    742
   928    742
   929    742
   930    742
   931    742
   932    742
   927    743
   928    743
   929    743
   930    743
   931    743
   932    743
   933    743
   927    744
   928    744
   929    744
   930    744
   931    744
   932    744
   933    744
   927    745
   928    745
   929    745
   930    745
   931    745
   932    745
   933    745
   934    745
   927    746
   928    746
   929    746
   930    746
   931    746
   932    746
   933    746
   934    746
   935    746
   927    747
   928    747
   929    747
   930    747
   931    747
   932    747
   933    747
   934    747
   928    748
   929    748
   930    748
   931    748
   932    748
   933    748
   934    748
   935    748
   928    749
   929    749
   930    749
   931    749
   932    749
   933    749
   934    749
   927    750
   928    750
   929    750
   930    750
   931    750
   932    750
   933    750
   934    750
   935    750
   928    751
   929    751
   930    751
   931    751
   932    751
   933    751
   934    751
   935    751
   928    752
   929    752
   930    752
   931    752
   932    752
   933    752
   934    752
   935    752
   928    753
   929    753
   930    753
   931    753
   932    753
   933    753
   934    753
   935    753
   927    754
   928    754
   929    754
   930    754
   931    754
   932    754
   933    754
   934    754
   935    754
   928    755
   929    755
   930    755
   931    755
   932    755
   933    755
   934    755
   935    755
   927    756
   928    756
   929    756
   930    756
   931    756
   932    756
   933    756
   934    756
   935    756
   928    757
   929    757
   930    757
   931    757
   932    757
   933    757
   934    757
   935    757
   927    758
   928    758
   929    758
   930    758
   931    758
   932    758
   933    758
   934    758
   928    759
   929    759
   930    759
   931    759
   932    759
   933    759
   934    759
   927    760
   928    760
   929    760
   930    760
   931    760
   932    760
   933    760
   934    760
   928    761
   929    761
   930    761
   931    761
   932    761
   933    761
   934    761
   935    761
   928    762
   929    762
   930    762
   931    762
   932    762
   933    762
   934    762
   935    762
   928    763
   929    763
   930    763
   931    763
   932    763
   933    763
   934    763
   935    763
   928    764
   929    764
   930    764
   931    764
   932    764
   933    764
   934    764
   935    764
   928    765
   929    765
   930    765
   931    765
   932    765
   933    765
   934    765
   935    765
   928    766
   929    766
   930    766
   931    766
   932    766
   933    766
   934    766
   935    766
   928    767
   929    767
   930    767
   931    767
   932    767
   933    767
   934    767
   935    767
   927    768
   928    768
   929    768
   930    768
   931    768
   932    768
   933    768
   934    768
   935    768
   936    768
   927    769
   928    769
   929    769
   930    769
   931    769
   932    769
   933    769
   934    769
   935    769
   936    769
   928    770
   929    770
   930    770
   931    770
   932    770
   933    770
   934    770
   935    770
   936    770
   927    771
   928    771
   929    771
   930    771
   931    771
   932    771
   933    771
   934    771
   935    771
   936    771
   928    772
   929    772
   930    772
   931    772
   932    772
   933    772
   934    772
   935    772
   936    772
   928    773
   929    773
   930    773
   931    773
   932    773
   933    773
   934    773
   935    773
   936    773
   928    774
   929    774
   930    774
   931    774
   932    774
   933    774
   934    774
   935    774
   936    774
   928    775
   929    775
   930    775
   931    775
   932    775
   933    775
   934    775
   935    775
   936    775
   928    776
   929    776
   930    776
   931    776
   932    776
   933    776
   934    776
   935    776
   936    776
   928    777
   929    777
   930    777
   931    777
   932    777
   933    777
   934    777
   935    777
   936    777
   928    778
   929    778
   930    778
   931    778
   932    778
   933    778
   934    778
   935    778
   936    778
   928    779
   929    779
   930    779
   931    779
   932    779
   933    779
   934    779
   935    779
   936    779
   928    780
   929    780
   930    780
   931    780
   932    780
   933    780
   934    780
   935    780
   936    780
   937    780
   928    781
   929    781
   930    781
   931    781
   932    781
   933    781
   934    781
   935    781
   936    781
   928    782
   929    782
   930    782
   931    782
   932    782
   933    782
   934    782
   935    782
   936    782
   937    782
   928    783
   929    783
   930    783
   931    783
   932    783
   933    783
   934    783
   935    783
   936    783
   937    783
   928    784
   929    784
   930    784
   931    784
   932    784
   933    784
   934    784
   935    784
   936    784
   937    784
   928    785
   929    785
   930    785
   931    785
   932    785
   933    785
   934    785
   935    785
   936    785
   937    785
   928    786
   929    786
   930    786
   931    786
   932    786
   933    786
   934    786
   935    786
   936    786
   928    787
   929    787
   930    787
   931    787
   932    787
   933    787
   934    787
   935    787
   936    787
   928    788
   929    788
   930    788
   931    788
   932    788
   933    788
   934    788
   935    788
   929    789
   930    789
   931    789
   932    789
   933    789
   934    789
   935    789
   931    790
   932    790
   933    790
