  1130    700
  1131    700
  1132    700
  1134    700
  1100    701
  1101    701
  1102    701
  1103    701
  1068    702
  1069    702
  1070    702
  1071    702
  1072    702
  1073    702
  1117    702
  1049    703
  1050    703
  1051    703
  1067    703
  1068    703
  1069    703
  1070    703
  1071    703
  1072    703
  1087    703
  1015    704
  1044    704
  1045    704
  1046    704
  1047    704
  1048    704
  1049    704
  1050    704
  1051    704
  1052    704
  1053    704
  1054    704
  1055    704
  1067    704
  1068    704
  1069    704
  1070    704
  1086    704
  1087    704
  1088    704
  1090    704
  1091    704
  1092    704
  1093    704
  1094    704
  1095    704
  1096    704
  1024    705
  1025    705
  1026    705
  1027    705
  1028    705
  1029    705
  1030    705
  1031    705
  1032    705
  1033    705
  1034    705
  1035    705
  1036    705
  1037    705
  1038    705
  1039    705
  1040    705
  1041    705
  1042    705
  1043    705
  1044    705
  1045    705
  1046    705
  1047    705
  1048    705
  1053    705
  1054    705
  1055    705
  1056    705
  1057    705
  1058    705
  1059    705
  1060    705
  1061    705
  1062    705
  1063    705
  1064    705
  1065    705
  1066    705
  1067    705
  1068    705
  1069    705
  1070    705
  1073    705
  1074    705
  1075    705
  1076    705
  1077    705
  1078    705
  1079    705
  1101    705
  1102    705
  1103    705
   988    706
   989    706
   990    706
   991    706
   992    706
   996    706
  1011    706
  1012    706
  1013    706
  1016    706
  1017    706
  1023    706
  1024    706
  1025    706
  1026    706
  1032    706
  1033    706
  1034    706
  1035    706
  1036    706
  1037    706
  1038    706
  1039    706
  1040    706
  1041    706
  1042    706
  1043    706
  1044    706
  1045    706
  1046    706
  1047    706
  1048    706
  1049    706
  1050    706
  1093    706
  1094    706
   987    707
   988    707
   989    707
   990    707
   991    707
   996    707
   997    707
   998    707
  1008    707
  1009    707
  1010    707
  1011    707
  1012    707
  1013    707
  1014    707
  1015    707
  1044    707
  1045    707
  1046    707
  1047    707
  1048    707
  1072    707
  1073    707
  1074    707
  1076    707
   984    708
   985    708
   998    708
   999    708
  1000    708
  1001    708
  1002    708
  1003    708
  1004    708
  1035    708
  1036    708
  1037    708
   978    709
   979    709
   980    709
  1044    709
  1045    709
  1046    709
  1047    709
  1007    710
  1008    710
  1009    710
  1010    710
  1011    710
  1012    710
  1013    710
  1014    710
  1015    710
  1016    710
  1017    710
  1018    710
  1027    710
   996    711
   997    711
   998    711
   990    712
   991    712
   992    712
  1003    712
  1004    712
  1005    712
  1011    712
  1012    712
  1013    712
   989    713
   990    713
   991    713
   997    713
   998    713
  1005    713
  1006    713
   970    714
   971    714
   972    714
   973    714
   974    714
   963    715
   964    715
   965    715
   966    715
   967    715
   986    715
   987    715
   988    715
   962    716
   963    716
   964    716
   968    716
   969    716
   970    716
   971    716
   972    716
   946    717
   947    717
   948    717
   961    717
   962    717
   963    717
   969    717
   970    717
   971    717
   942    718
   943    718
   944    718
   945    718
   947    718
   948    718
   949    718
   950    718
   965    718
   966    718
   967    718
   944    719
   945    719
   946    719
   947    719
   948    719
   949    719
   950    719
   952    719
   953    719
   932    720
   933    720
   934    720
   935    720
   940    720
   941    720
   944    720
   945    720
   946    720
   947    720
   929    721
   930    721
   931    721
   934    721
   935    721
   943    721
   944    721
   947    721
   948    721
   949    721
   932    722
   933    722
   944    722
   945    722
   929    723
   930    723
   929    725
   930    725
   928    726
   929    726
   927    727
   928    727
   927    728
   928    728
   926    729
   927    729
   928    729
   929    729
   926    730
   927    730
   928    730
   929    730
   930    730
   926    731
   927    731
   928    731
   929    731
   930    731
   926    732
   927    732
   928    732
   929    732
   930    732
   927    733
   928    733
   929    733
   930    733
   926    734
   927    734
   928    734
   929    734
   930    734
   931    734
   927    735
   928    735
   929    735
   930    735
   931    735
   926    736
   927    736
   928    736
   929    736
   930    736
   931    736
   927    737
   928    737
   929    737
   930    737
   931    737
   926    738
   927    738
   928    738
   929    738
   930    738
   931    738
   927    739
   928    739
   929    739
   930    739
   931    739
   927    740
   928    740
   929    740
   930    740
   931    740
   927    741
   928    741
   929    741
   930    741
   931    741
   932    741
   927    742
   928    742
   929    742
   930    742
   931    742
   932    742
   927    743
   928    743
   929    743
   930    743
   931    743
   932    743
   933    743
   927    744
   928    744
   929    744
   930    744
   931    744
   932    744
   927    745
   928    745
   929    745
   930    745
   931    745
   932    745
   933    745
   927    746
   928    746
   929    746
   930    746
   931    746
   932    746
   933    746
   934    746
   927    747
   928    747
   929    747
   930    747
   931    747
   932    747
   933    747
   934    747
   927    748
   928    748
   929    748
   930    748
   931    748
   932    748
   933    748
   934    748
   927    749
   928    749
   929    749
   930    749
   931    749
   932    749
   933    749
   934    749
   927    750
   928    750
   929    750
   930    750
   931    750
   932    750
   933    750
   934    750
   928    751
   929    751
   930    751
   931    751
   932    751
   933    751
   934    751
   928    752
   929    752
   930    752
   931    752
   932    752
   933    752
   934    752
   928    753
   929    753
   930    753
   931    753
   932    753
   933    753
   934    753
   928    754
   929    754
   930    754
   931    754
   932    754
   933    754
   934    754
   928    755
   929    755
   930    755
   931    755
   932    755
   933    755
   934    755
   928    756
   929    756
   930    756
   931    756
   932    756
   933    756
   934    756
   928    757
   929    757
   930    757
   931    757
   932    757
   933    757
   934    757
   928    758
   929    758
   930    758
   931    758
   932    758
   933    758
   934    758
   928    759
   929    759
   930    759
   931    759
   932    759
   933    759
   934    759
   935    759
   927    760
   928    760
   929    760
   930    760
   931    760
   932    760
   933    760
   934    760
   928    761
   929    761
   930    761
   931    761
   932    761
   933    761
   934    761
   935    761
   928    762
   929    762
   930    762
   931    762
   932    762
   933    762
   934    762
   935    762
   928    763
   929    763
   930    763
   931    763
   932    763
   933    763
   934    763
   935    763
   928    764
   929    764
   930    764
   931    764
   932    764
   933    764
   934    764
   935    764
   928    765
   929    765
   930    765
   931    765
   932    765
   933    765
   934    765
   935    765
   928    766
   929    766
   930    766
   931    766
   932    766
   933    766
   934    766
   935    766
   928    767
   929    767
   930    767
   931    767
   932    767
   933    767
   934    767
   935    767
   928    768
   929    768
   930    768
   931    768
   932    768
   933    768
   934    768
   935    768
   927    769
   928    769
   929    769
   930    769
   931    769
   932    769
   933    769
   934    769
   935    769
   936    769
   928    770
   929    770
   930    770
   931    770
   932    770
   933    770
   934    770
   935    770
   936    770
   927    771
   928    771
   929    771
   930    771
   931    771
   932    771
   933    771
   934    771
   935    771
   936    771
   928    772
   929    772
   930    772
   931    772
   932    772
   933    772
   934    772
   935    772
   936    772
   927    773
   928    773
   929    773
   930    773
   931    773
   932    773
   933    773
   934    773
   935    773
   936    773
   928    774
   929    774
   930    774
   931    774
   932    774
   933    774
   934    774
   935    774
   936    774
   928    775
   929    775
   930    775
   931    775
   932    775
   933    775
   934    775
   935    775
   936    775
   928    776
   929    776
   930    776
   931    776
   932    776
   933    776
   934    776
   935    776
   936    776
   928    777
   929    777
   930    777
   931    777
   932    777
   933    777
   934    777
   935    777
   936    777
   937    777
   928    778
   929    778
   930    778
   931    778
   932    778
   933    778
   934    778
   935    778
   936    778
   928    779
   929    779
   930    779
   931    779
   932    779
   933    779
   934    779
   935    779
   936    779
   937    779
   928    780
   929    780
   930    780
   931    780
   932    780
   933    780
   934    780
   935    780
   936    780
   937    780
   928    781
   929    781
   930    781
   931    781
   932    781
   933    781
   934    781
   935    781
   936    781
   937    781
   938    781
   928    782
   929    782
   930    782
   931    782
   932    782
   933    782
   934    782
   935    782
   936    782
   937    782
   928    783
   929    783
   930    783
   931    783
   932    783
   933    783
   934    783
   935    783
   936    783
   937    783
   928    784
   929    784
   930    784
   931    784
   932    784
   933    784
   934    784
   935    784
   936    784
   937    784
   928    785
   929    785
   930    785
   931    785
   932    785
   933    785
   934    785
   935    785
   936    785
   937    785
   928    786
   929    786
   930    786
   931    786
   932    786
   933    786
   934    786
   935    786
   936    786
   928    787
   929    787
   930    787
   931    787
   932    787
   933    787
   934    787
   935    787
   936    787
   930    788
   931    788
   932    788
   933    788
   934    788
   935    788
   931    789
   932    789
   933    789
   934    789
