   991    706
   992    706
   993    706
   994    706
   995    706
   996    706
   992    707
   993    707
   994    707
   995    707
   996    707
   997    707
   998    707
   999    707
  1000    707
  1001    707
  1004    707
  1005    707
  1006    707
   992    708
   993    708
   994    708
   995    708
  1005    708
  1006    708
  1007    708
  1008    708
  1002    711
  1003    711
  1005    711
   990    712
   991    712
   992    712
   993    712
   994    712
   995    712
   996    712
   991    713
   992    713
   993    713
   997    713
   998    713
   999    713
   960    714
   974    714
   975    714
   976    714
   977    714
   978    714
   979    714
   980    714
   981    714
   982    714
   983    714
   984    714
   985    714
   986    714
   987    714
   996    714
   997    714
   959    715
   960    715
   963    715
   964    715
   965    715
   966    715
   967    715
   968    715
   991    715
   992    715
   993    715
   963    716
   964    716
   965    716
   966    716
   967    716
   976    716
   977    716
   983    716
   984    716
   985    716
   951    717
   952    717
   963    717
   964    717
   965    717
   966    717
   967    717
   968    717
   970    717
   971    717
   944    718
   945    718
   966    718
   967    718
   968    718
   969    718
   970    718
   971    718
   939    719
   940    719
   941    719
   942    719
   943    719
   944    719
   945    719
   946    719
   947    719
   949    719
   950    719
   964    719
   939    720
   940    720
   941    720
   942    720
   943    720
   944    720
   945    720
   946    720
   947    720
   948    720
   949    720
   950    720
   931    721
   932    721
   933    721
   934    721
   935    721
   941    721
   942    721
   943    721
   944    721
   945    721
   946    721
   928    722
   929    722
   930    722
   941    722
   942    722
   943    722
   946    722
   947    722
   930    723
   931    723
   932    723
   943    723
   944    723
   927    724
   928    724
   930    725
   931    725
   932    725
   928    726
   929    726
   930    726
   927    727
   928    727
   929    727
   927    728
   926    729
   927    729
   928    729
   927    730
   928    730
   929    730
   926    731
   927    731
   928    731
   929    731
   930    731
   926    732
   927    732
   928    732
   929    732
   930    732
   931    732
   932    732
   926    733
   927    733
   928    733
   929    733
   930    733
   931    733
   926    734
   927    734
   928    734
   929    734
   930    734
   931    734
   926    735
   927    735
   928    735
   929    735
   930    735
   931    735
   926    736
   927    736
   928    736
   929    736
   930    736
   931    736
   927    737
   928    737
   929    737
   930    737
   931    737
   926    738
   927    738
   928    738
   929    738
   930    738
   931    738
   926    739
   927    739
   928    739
   929    739
   930    739
   931    739
   927    740
   928    740
   929    740
   930    740
   931    740
   932    740
   927    741
   928    741
   929    741
   930    741
   931    741
   932    741
   933    741
   927    742
   928    742
   929    742
   930    742
   931    742
   932    742
   933    742
   927    743
   928    743
   929    743
   930    743
   931    743
   932    743
   933    743
   927    744
   928    744
   929    744
   930    744
   931    744
   932    744
   933    744
   934    744
   927    745
   928    745
   929    745
   930    745
   931    745
   932    745
   933    745
   934    745
   927    746
   928    746
   929    746
   930    746
   931    746
   932    746
   933    746
   934    746
   927    747
   928    747
   929    747
   930    747
   931    747
   932    747
   933    747
   934    747
   927    748
   928    748
   929    748
   930    748
   931    748
   932    748
   933    748
   934    748
   927    749
   928    749
   929    749
   930    749
   931    749
   932    749
   933    749
   934    749
   927    750
   928    750
   929    750
   930    750
   931    750
   932    750
   933    750
   934    750
   928    751
   929    751
   930    751
   931    751
   932    751
   933    751
   934    751
   927    752
   928    752
   929    752
   930    752
   931    752
   932    752
   933    752
   934    752
   935    752
   928    753
   929    753
   930    753
   931    753
   932    753
   933    753
   934    753
   935    753
   928    754
   929    754
   930    754
   931    754
   932    754
   933    754
   934    754
   935    754
   928    755
   929    755
   930    755
   931    755
   932    755
   933    755
   934    755
   935    755
   928    756
   929    756
   930    756
   931    756
   932    756
   933    756
   934    756
   935    756
   928    757
   929    757
   930    757
   931    757
   932    757
   933    757
   934    757
   928    758
   929    758
   930    758
   931    758
   932    758
   933    758
   934    758
   928    759
   929    759
   930    759
   931    759
   932    759
   933    759
   934    759
   935    759
   928    760
   929    760
   930    760
   931    760
   932    760
   933    760
   934    760
   935    760
   936    760
   928    761
   929    761
   930    761
   931    761
   932    761
   933    761
   934    761
   935    761
   936    761
   928    762
   929    762
   930    762
   931    762
   932    762
   933    762
   934    762
   935    762
   936    762
   937    762
   928    763
   929    763
   930    763
   931    763
   932    763
   933    763
   934    763
   935    763
   936    763
   928    764
   929    764
   930    764
   931    764
   932    764
   933    764
   934    764
   935    764
   928    765
   929    765
   930    765
   931    765
   932    765
   933    765
   934    765
   935    765
   936    765
   928    766
   929    766
   930    766
   931    766
   932    766
   933    766
   934    766
   935    766
   936    766
   928    767
   929    767
   930    767
   931    767
   932    767
   933    767
   934    767
   935    767
   936    767
   928    768
   929    768
   930    768
   931    768
   932    768
   933    768
   934    768
   935    768
   936    768
   928    769
   929    769
   930    769
   931    769
   932    769
   933    769
   934    769
   935    769
   936    769
   928    770
   929    770
   930    770
   931    770
   932    770
   933    770
   934    770
   935    770
   936    770
   928    771
   929    771
   930    771
   931    771
   932    771
   933    771
   934    771
   935    771
   928    772
   929    772
   930    772
   931    772
   932    772
   933    772
   934    772
   935    772
   936    772
   928    773
   929    773
   930    773
   931    773
   932    773
   933    773
   934    773
   935    773
   936    773
   928    774
   929    774
   930    774
   931    774
   932    774
   933    774
   934    774
   928    775
   929    775
   930    775
   931    775
   932    775
   933    775
   934    775
   928    776
   929    776
   930    776
   931    776
   932    776
   933    776
   929    777
   930    777
   931    777
