  1113    701
  1114    701
  1115    701
  1116    701
  1117    701
  1118    701
  1119    701
  1085    702
  1086    702
  1087    702
  1088    702
  1089    702
  1058    703
  1059    703
  1060    703
  1101    703
  1102    703
  1103    703
  1104    703
  1105    703
  1106    703
  1026    704
  1027    704
  1028    704
  1029    704
  1031    704
  1032    704
  1033    704
  1034    704
  1065    704
  1066    704
  1067    704
  1070    704
  1071    704
   998    705
   999    705
  1000    705
  1001    705
  1002    705
  1003    705
  1004    705
  1005    705
  1006    705
  1029    705
  1031    705
  1032    705
  1033    705
  1034    705
  1035    705
  1036    705
  1037    705
  1038    705
  1039    705
  1040    705
  1042    705
  1043    705
  1044    705
  1045    705
  1046    705
  1047    705
  1048    705
  1049    705
  1089    705
  1090    705
  1091    705
  1092    705
  1093    705
  1094    705
  1003    706
  1004    706
  1005    706
  1006    706
  1023    706
  1024    706
  1025    706
  1026    706
  1027    706
  1029    706
  1030    706
  1031    706
  1032    706
  1033    706
  1034    706
  1039    706
  1040    706
  1041    706
  1042    706
  1043    706
  1047    706
  1048    706
  1049    706
  1050    706
  1056    706
  1057    706
  1058    706
  1063    706
  1064    706
  1065    706
  1066    706
  1067    706
  1068    706
  1070    706
  1071    706
  1072    706
   998    707
   999    707
  1000    707
  1001    707
  1002    707
  1003    707
  1004    707
  1005    707
  1006    707
  1007    707
  1023    707
  1024    707
  1025    707
  1040    707
  1041    707
  1042    707
  1044    707
  1045    707
  1046    707
  1047    707
  1055    707
  1056    707
  1057    707
  1060    707
  1061    707
  1062    707
  1090    707
  1091    707
  1092    707
  1093    707
   991    708
   992    708
   993    708
  1049    708
  1050    708
  1051    708
  1055    708
  1056    708
  1057    708
  1058    708
  1062    708
  1063    708
  1068    708
   992    709
   993    709
   994    709
   995    709
   996    709
   997    709
   998    709
   999    709
  1000    709
  1001    709
  1002    709
  1003    709
  1007    709
  1031    709
  1032    709
  1033    709
  1034    709
  1035    709
  1036    709
  1037    709
  1038    709
  1039    709
  1060    709
  1061    709
  1062    709
  1024    710
  1025    710
  1046    710
  1047    710
  1048    710
  1049    710
  1050    710
  1051    710
  1012    711
  1013    711
  1014    711
  1015    711
  1028    711
   999    712
  1000    712
   993    713
   994    713
   995    713
   993    714
   994    714
   995    714
   996    714
   998    714
   999    714
  1000    714
   975    715
   976    715
   977    715
   964    716
   965    716
   966    716
   967    716
   990    716
   991    716
   992    716
   963    717
   964    717
   965    717
   977    717
   978    717
   979    717
   983    717
   984    717
   962    718
   963    718
   964    718
   965    718
   970    718
   971    718
   972    718
   945    719
   946    719
   947    719
   945    720
   946    720
   947    720
   948    720
   949    720
   941    721
   942    721
   943    721
   944    721
   945    721
   948    721
   949    721
   950    721
   932    722
   942    722
   943    722
   945    722
   927    723
   928    723
   929    723
   942    723
   943    723
   931    724
   932    724
   926    725
   927    725
   928    725
   929    725
   929    727
   930    727
   927    728
   928    728
   929    728
   926    729
   927    729
   928    729
   929    729
   926    730
   927    730
   928    730
   929    730
   926    731
   927    731
   928    731
   929    731
   930    731
   926    732
   927    732
   928    732
   929    732
   930    732
   926    733
   927    733
   928    733
   929    733
   930    733
   926    734
   927    734
   928    734
   929    734
   930    734
   931    734
   926    735
   927    735
   928    735
   929    735
   930    735
   926    736
   927    736
   928    736
   929    736
   930    736
   931    736
   927    737
   928    737
   929    737
   930    737
   931    737
   926    738
   927    738
   928    738
   929    738
   930    738
   931    738
   926    739
   927    739
   928    739
   929    739
   930    739
   931    739
   927    740
   928    740
   929    740
   930    740
   931    740
   927    741
   928    741
   929    741
   930    741
   931    741
   932    741
   927    742
   928    742
   929    742
   930    742
   931    742
   932    742
   926    743
   927    743
   928    743
   929    743
   930    743
   931    743
   932    743
   933    743
   927    744
   928    744
   929    744
   930    744
   931    744
   932    744
   933    744
   934    744
   927    745
   928    745
   929    745
   930    745
   931    745
   932    745
   933    745
   927    746
   928    746
   929    746
   930    746
   931    746
   932    746
   933    746
   934    746
   927    747
   928    747
   929    747
   930    747
   931    747
   932    747
   933    747
   934    747
   927    748
   928    748
   929    748
   930    748
   931    748
   932    748
   933    748
   934    748
   927    749
   928    749
   929    749
   930    749
   931    749
   932    749
   933    749
   934    749
   927    750
   928    750
   929    750
   930    750
   931    750
   932    750
   933    750
   934    750
   928    751
   929    751
   930    751
   931    751
   932    751
   933    751
   934    751
   927    752
   928    752
   929    752
   930    752
   931    752
   932    752
   933    752
   934    752
   928    753
   929    753
   930    753
   931    753
   932    753
   933    753
   934    753
   928    754
   929    754
   930    754
   931    754
   932    754
   933    754
   934    754
   935    754
   928    755
   929    755
   930    755
   931    755
   932    755
   933    755
   934    755
   928    756
   929    756
   930    756
   931    756
   932    756
   933    756
   934    756
   935    756
   928    757
   929    757
   930    757
   931    757
   932    757
   933    757
   934    757
   935    757
   928    758
   929    758
   930    758
   931    758
   932    758
   933    758
   934    758
   935    758
   928    759
   929    759
   930    759
   931    759
   932    759
   933    759
   934    759
   935    759
   928    760
   929    760
   930    760
   931    760
   932    760
   933    760
   934    760
   935    760
   928    761
   929    761
   930    761
   931    761
   932    761
   933    761
   934    761
   935    761
   928    762
   929    762
   930    762
   931    762
   932    762
   933    762
   934    762
   935    762
   928    763
   929    763
   930    763
   931    763
   932    763
   933    763
   934    763
   935    763
   928    764
   929    764
   930    764
   931    764
   932    764
   933    764
   934    764
   935    764
   928    765
   929    765
   930    765
   931    765
   932    765
   933    765
   934    765
   935    765
   936    765
   928    766
   929    766
   930    766
   931    766
   932    766
   933    766
   934    766
   935    766
   936    766
   928    767
   929    767
   930    767
   931    767
   932    767
   933    767
   934    767
   935    767
   936    767
   928    768
   929    768
   930    768
   931    768
   932    768
   933    768
   934    768
   935    768
   936    768
   928    769
   929    769
   930    769
   931    769
   932    769
   933    769
   934    769
   935    769
   936    769
   928    770
   929    770
   930    770
   931    770
   932    770
   933    770
   934    770
   935    770
   936    770
   928    771
   929    771
   930    771
   931    771
   932    771
   933    771
   934    771
   935    771
   936    771
   928    772
   929    772
   930    772
   931    772
   932    772
   933    772
   934    772
   935    772
   936    772
   928    773
   929    773
   930    773
   931    773
   932    773
   933    773
   934    773
   935    773
   936    773
   928    774
   929    774
   930    774
   931    774
   932    774
   933    774
   934    774
   935    774
   936    774
   928    775
   929    775
   930    775
   931    775
   932    775
   933    775
   934    775
   935    775
   936    775
   928    776
   929    776
   930    776
   931    776
   932    776
   933    776
   934    776
   935    776
   936    776
   928    777
   929    777
   930    777
   931    777
   932    777
   933    777
   934    777
   935    777
   936    777
   928    778
   929    778
   930    778
   931    778
   932    778
   933    778
   934    778
   935    778
   936    778
   928    779
   929    779
   930    779
   931    779
   932    779
   933    779
   934    779
   935    779
   936    779
   937    779
   928    780
   929    780
   930    780
   931    780
   932    780
   933    780
   934    780
   935    780
   936    780
   937    780
   928    781
   929    781
   930    781
   931    781
   932    781
   933    781
   934    781
   935    781
   936    781
   928    782
   929    782
   930    782
   931    782
   932    782
   933    782
   934    782
   935    782
   936    782
   937    782
   928    783
   929    783
   930    783
   931    783
   932    783
   933    783
   934    783
   935    783
   936    783
   928    784
   929    784
   930    784
   931    784
   932    784
   933    784
   934    784
   935    784
   936    784
   929    785
   930    785
   931    785
   932    785
   933    785
   934    785
   935    785
   936    785
   928    786
   929    786
   930    786
   931    786
   932    786
   933    786
   934    786
   930    787
   931    787
   932    787
   933    787
   934    787
   935    787
   932    788
   933    788
