   968    715
   962    716
   963    716
   964    716
   954    717
   962    717
   963    717
   964    717
   965    717
   946    718
   947    718
   948    718
   949    718
   950    718
   961    718
   962    718
   963    718
   940    719
   941    719
   942    719
   943    719
   944    719
   945    719
   946    719
   947    719
   948    719
   949    719
   950    719
   951    719
   964    719
   965    719
   966    719
   939    720
   940    720
   941    720
   942    720
   943    720
   944    720
   945    720
   946    720
   947    720
   948    720
   949    720
   950    720
   951    720
   933    721
   940    721
   941    721
   942    721
   943    721
   944    721
   945    721
   946    721
   929    722
   930    722
   931    722
   933    722
   934    722
   942    722
   943    722
   947    722
   948    722
   949    722
   926    723
   930    723
   931    723
   932    723
   944    723
   945    723
   927    724
   928    724
   929    724
   930    724
   933    724
   934    724
   931    725
   932    725
   930    726
   931    726
   928    727
   929    727
   927    728
   928    728
   929    728
   926    729
   927    729
   928    729
   926    730
   927    730
   928    730
   926    731
   927    731
   928    731
   929    731
   926    732
   927    732
   928    732
   929    732
   930    732
   926    733
   927    733
   928    733
   929    733
   930    733
   931    733
   926    734
   927    734
   928    734
   929    734
   930    734
   931    734
   927    735
   928    735
   929    735
   930    735
   931    735
   926    736
   927    736
   928    736
   929    736
   930    736
   931    736
   927    737
   928    737
   929    737
   930    737
   931    737
   926    738
   927    738
   928    738
   929    738
   930    738
   931    738
   932    738
   927    739
   928    739
   929    739
   930    739
   931    739
   927    740
   928    740
   929    740
   930    740
   931    740
   932    740
   933    740
   927    741
   928    741
   929    741
   930    741
   931    741
   932    741
   933    741
   927    742
   928    742
   929    742
   930    742
   931    742
   932    742
   933    742
   927    743
   928    743
   929    743
   930    743
   931    743
   932    743
   933    743
   927    744
   928    744
   929    744
   930    744
   931    744
   932    744
   933    744
   934    744
   927    745
   928    745
   929    745
   930    745
   931    745
   932    745
   933    745
   927    746
   928    746
   929    746
   930    746
   931    746
   932    746
   933    746
   934    746
   927    747
   928    747
   929    747
   930    747
   931    747
   932    747
   933    747
   927    748
   928    748
   929    748
   930    748
   931    748
   932    748
   933    748
   934    748
   927    749
   928    749
   929    749
   930    749
   931    749
   932    749
   933    749
   934    749
   927    750
   928    750
   929    750
   930    750
   931    750
   932    750
   933    750
   934    750
   928    751
   929    751
   930    751
   931    751
   932    751
   933    751
   934    751
   927    752
   928    752
   929    752
   930    752
   931    752
   932    752
   933    752
   934    752
   928    753
   929    753
   930    753
   931    753
   932    753
   933    753
   934    753
   928    754
   929    754
   930    754
   931    754
   932    754
   933    754
   934    754
   928    755
   929    755
   930    755
   931    755
   932    755
   933    755
   934    755
   928    756
   929    756
   930    756
   931    756
   932    756
   928    757
   929    757
   930    757
   931    757
   932    757
   933    757
   928    758
   929    758
   930    758
   931    758
