  1095    702
  1096    702
  1097    702
  1098    702
  1099    702
  1100    702
  1101    702
  1064    703
  1065    703
  1066    703
  1067    703
  1068    703
  1069    703
  1070    703
  1071    703
  1072    703
  1073    703
  1074    703
  1075    703
  1077    703
  1078    703
  1079    703
  1097    703
  1098    703
  1099    703
  1100    703
  1101    703
  1103    703
  1104    703
  1105    703
  1106    703
  1107    703
  1108    703
  1109    703
  1110    703
  1111    703
  1112    703
  1113    703
  1114    703
  1115    703
  1043    704
  1044    704
  1045    704
  1046    704
  1047    704
  1051    704
  1053    704
  1065    704
  1066    704
  1067    704
  1068    704
  1069    704
  1070    704
  1071    704
  1072    704
  1073    704
  1074    704
  1075    704
  1076    704
  1077    704
  1078    704
  1079    704
  1080    704
  1081    704
  1082    704
  1083    704
  1087    704
  1116    704
  1117    704
  1118    704
  1119    704
  1120    704
  1045    705
  1046    705
  1047    705
  1048    705
  1049    705
  1050    705
  1051    705
  1052    705
  1053    705
  1054    705
  1055    705
  1056    705
  1057    705
  1058    705
  1059    705
  1060    705
  1061    705
  1062    705
  1063    705
  1089    705
  1090    705
  1091    705
  1092    705
  1093    705
  1094    705
  1095    705
  1096    705
  1097    705
  1098    705
  1099    705
  1100    705
  1101    705
  1102    705
  1103    705
  1104    705
  1029    706
  1030    706
  1031    706
  1033    706
  1034    706
  1035    706
  1036    706
  1037    706
  1038    706
  1039    706
  1040    706
  1041    706
  1042    706
  1044    706
  1045    706
  1046    706
  1052    706
  1053    706
  1054    706
  1055    706
  1056    706
  1057    706
  1058    706
  1062    706
  1063    706
  1064    706
  1065    706
  1066    706
  1067    706
  1068    706
  1069    706
  1070    706
  1071    706
  1072    706
  1074    706
  1075    706
  1076    706
  1079    706
  1080    706
  1002    707
  1003    707
  1004    707
  1005    707
  1006    707
  1007    707
  1012    707
  1013    707
  1014    707
  1019    707
  1020    707
  1037    707
  1038    707
  1039    707
  1040    707
  1041    707
  1042    707
  1043    707
  1044    707
  1045    707
  1046    707
  1047    707
  1048    707
  1049    707
  1050    707
  1051    707
  1053    707
  1054    707
  1055    707
  1056    707
  1057    707
  1058    707
  1059    707
  1060    707
  1061    707
  1062    707
  1063    707
  1097    707
  1098    707
  1099    707
  1100    707
  1000    708
  1001    708
  1002    708
  1003    708
  1004    708
  1005    708
  1006    708
  1007    708
  1008    708
  1010    708
  1011    708
  1012    708
  1013    708
  1014    708
  1015    708
  1016    708
  1017    708
  1023    708
  1024    708
  1061    708
  1062    708
  1001    709
  1002    709
  1003    709
  1004    709
  1005    709
  1006    709
  1007    709
  1008    709
  1010    709
  1011    709
  1012    709
  1013    709
  1014    709
  1015    709
  1016    709
  1038    709
  1039    709
  1040    709
  1041    709
  1042    709
  1028    710
  1029    710
  1053    710
  1054    710
  1055    710
  1056    710
  1057    710
  1058    710
  1024    711
  1025    711
  1032    711
  1033    711
  1034    711
  1035    711
  1036    711
  1037    711
  1038    711
  1039    711
  1040    711
  1003    712
  1004    712
  1005    712
  1006    712
  1007    712
   994    713
   995    713
   996    713
   997    713
   998    713
   999    713
   993    714
   994    714
   995    714
   996    714
  1002    714
  1003    714
  1004    714
   978    715
   979    715
   980    715
   981    715
   982    715
   983    715
   984    715
   985    715
   986    715
   988    715
   989    715
   990    715
   991    715
   992    715
   998    715
   999    715
  1000    715
   969    716
   970    716
   971    716
   972    716
   976    716
   977    716
   978    716
   995    716
   963    717
   964    717
   965    717
   989    717
   990    717
   991    717
   963    718
   964    718
   965    718
   967    718
   968    718
   969    718
   970    718
   971    718
   972    718
   973    718
   980    718
   981    718
   982    718
   983    718
   949    719
   950    719
   951    719
   952    719
   960    719
   961    719
   962    719
   963    719
   942    720
   943    720
   944    720
   945    720
   946    720
   947    720
   948    720
   949    720
   950    720
   951    720
   952    720
   937    721
   938    721
   939    721
   940    721
   941    721
   943    721
   944    721
   945    721
   946    721
   947    721
   948    721
   949    721
   950    721
   951    721
   952    721
   953    721
   940    722
   941    722
   944    722
   945    722
   946    722
   947    722
   948    722
   949    722
   930    723
   931    723
   932    723
   934    723
   935    723
   936    723
   940    723
   941    723
   942    723
   944    723
   945    723
   946    723
   928    724
   929    724
   930    724
   934    724
   946    724
   947    724
   948    724
   951    724
   952    724
   953    724
   930    725
   931    725
   932    725
   943    725
   944    725
   945    725
   949    725
   950    725
   925    726
   926    726
   927    726
   928    726
   946    726
   947    726
   931    727
   928    728
   929    728
   930    728
   927    729
   928    729
   929    729
   926    730
   927    730
   928    730
   926    731
   927    731
   928    731
   929    731
   926    732
   927    732
   928    732
   926    733
   927    733
   928    733
   929    733
   930    733
   926    734
   927    734
   928    734
   929    734
   930    734
   931    734
   926    735
   927    735
   928    735
   929    735
   930    735
   931    735
   926    736
   927    736
   928    736
   929    736
   930    736
   931    736
   932    736
   926    737
   927    737
   928    737
   929    737
   930    737
   931    737
   926    738
   927    738
   928    738
   929    738
   930    738
   931    738
   926    739
   927    739
   928    739
   929    739
   930    739
   931    739
   927    740
   928    740
   929    740
   930    740
   931    740
   926    741
   927    741
   928    741
   929    741
   930    741
   931    741
   932    741
   927    742
   928    742
   929    742
   930    742
   931    742
   932    742
   926    743
   927    743
   928    743
   929    743
   930    743
   931    743
   932    743
   927    744
   928    744
   929    744
   930    744
   931    744
   932    744
   927    745
   928    745
   929    745
   930    745
   931    745
   932    745
   933    745
   927    746
   928    746
   929    746
   930    746
   931    746
   932    746
   933    746
   927    747
   928    747
   929    747
   930    747
   931    747
   932    747
   933    747
   927    748
   928    748
   929    748
   930    748
   931    748
   932    748
   933    748
   934    748
   927    749
   928    749
   929    749
   930    749
   931    749
   932    749
   933    749
   934    749
   927    750
   928    750
   929    750
   930    750
   931    750
   932    750
   933    750
   934    750
   928    751
   929    751
   930    751
   931    751
   932    751
   933    751
   934    751
   927    752
   928    752
   929    752
   930    752
   931    752
   932    752
   933    752
   934    752
   935    752
   927    753
   928    753
   929    753
   930    753
   931    753
   932    753
   933    753
   934    753
   935    753
   927    754
   928    754
   929    754
   930    754
   931    754
   932    754
   933    754
   934    754
   935    754
   928    755
   929    755
   930    755
   931    755
   932    755
   933    755
   934    755
   935    755
   927    756
   928    756
   929    756
   930    756
   931    756
   932    756
   933    756
   934    756
   935    756
   928    757
   929    757
   930    757
   931    757
   932    757
   933    757
   934    757
   935    757
   928    758
   929    758
   930    758
   931    758
   932    758
   933    758
   934    758
   935    758
   928    759
   929    759
   930    759
   931    759
   932    759
   933    759
   934    759
   935    759
   928    760
   929    760
   930    760
   931    760
   932    760
   933    760
   934    760
   935    760
   928    761
   929    761
   930    761
   931    761
   932    761
   933    761
   934    761
   935    761
   928    762
   929    762
   930    762
   931    762
   932    762
   933    762
   934    762
   935    762
   928    763
   929    763
   930    763
   931    763
   932    763
   933    763
   934    763
   935    763
   936    763
   928    764
   929    764
   930    764
   931    764
   932    764
   933    764
   934    764
   935    764
   928    765
   929    765
   930    765
   931    765
   932    765
   933    765
   934    765
   935    765
   936    765
   928    766
   929    766
   930    766
   931    766
   932    766
   933    766
   934    766
   935    766
   936    766
   928    767
   929    767
   930    767
   931    767
   932    767
   933    767
   934    767
   935    767
   936    767
   937    767
   928    768
   929    768
   930    768
   931    768
   932    768
   933    768
   934    768
   935    768
   936    768
   937    768
   928    769
   929    769
   930    769
   931    769
   932    769
   933    769
   934    769
   935    769
   936    769
   937    769
   928    770
   929    770
   930    770
   931    770
   932    770
   933    770
   934    770
   935    770
   936    770
   928    771
   929    771
   930    771
   931    771
   932    771
   933    771
   934    771
   935    771
   936    771
   928    772
   929    772
   930    772
   931    772
   932    772
   933    772
   934    772
   935    772
   936    772
   928    773
   929    773
   930    773
   931    773
   932    773
   933    773
   934    773
   935    773
   936    773
   928    774
   929    774
   930    774
   931    774
   932    774
   933    774
   934    774
   935    774
   936    774
   928    775
   929    775
   930    775
   931    775
   932    775
   933    775
   934    775
   935    775
   936    775
   928    776
   929    776
   930    776
   931    776
   932    776
   933    776
   934    776
   935    776
   936    776
   928    777
   929    777
   930    777
   931    777
   932    777
   933    777
   934    777
   935    777
   936    777
   937    777
   928    778
   929    778
   930    778
   931    778
   932    778
   933    778
   934    778
   935    778
   936    778
   937    778
   928    779
   929    779
   930    779
   931    779
   932    779
   933    779
   934    779
   935    779
   936    779
   937    779
   928    780
   929    780
   930    780
   931    780
   932    780
   933    780
   934    780
   935    780
   936    780
   937    780
   928    781
   929    781
   930    781
   931    781
   932    781
   933    781
   934    781
   935    781
   936    781
   937    781
   928    782
   929    782
   930    782
   931    782
   932    782
   933    782
   934    782
   935    782
   936    782
   937    782
   928    783
   929    783
   930    783
   931    783
   932    783
   933    783
   934    783
   935    783
   936    783
   937    783
   928    784
   929    784
   930    784
   931    784
   932    784
   933    784
   934    784
   935    784
   936    784
   937    784
   929    785
   930    785
   931    785
   932    785
   933    785
   934    785
   935    785
   936    785
   937    785
   931    786
   932    786
   933    786
   934    786
   935    786
   936    786
   931    787
   933    787
   934    787
   935    787
   936    787
