  1093    702
  1097    702
  1098    702
  1099    702
  1100    702
  1101    702
  1102    702
  1103    702
  1131    702
  1132    702
  1133    702
  1134    702
  1062    703
  1063    703
  1064    703
  1065    703
  1066    703
  1067    703
  1068    703
  1069    703
  1070    703
  1071    703
  1093    703
  1094    703
  1095    703
  1096    703
  1097    703
  1098    703
  1099    703
  1100    703
  1101    703
  1102    703
  1103    703
  1104    703
  1105    703
  1106    703
  1107    703
  1108    703
  1109    703
  1040    704
  1041    704
  1042    704
  1043    704
  1064    704
  1065    704
  1066    704
  1067    704
  1068    704
  1069    704
  1070    704
  1071    704
  1072    704
  1073    704
  1074    704
  1075    704
  1076    704
  1077    704
  1078    704
  1079    704
  1080    704
  1110    704
  1111    704
  1112    704
  1113    704
  1114    704
  1115    704
  1116    704
  1117    704
  1118    704
  1040    705
  1041    705
  1042    705
  1043    705
  1044    705
  1045    705
  1046    705
  1047    705
  1048    705
  1049    705
  1050    705
  1051    705
  1052    705
  1053    705
  1054    705
  1055    705
  1089    705
  1090    705
  1091    705
  1092    705
  1094    705
  1095    705
  1096    705
  1097    705
  1005    706
  1006    706
  1007    706
  1008    706
  1009    706
  1016    706
  1017    706
  1018    706
  1019    706
  1020    706
  1021    706
  1022    706
  1023    706
  1038    706
  1039    706
  1040    706
  1041    706
  1042    706
  1050    706
  1051    706
  1052    706
  1053    706
  1054    706
  1055    706
  1056    706
  1057    706
  1058    706
  1059    706
  1060    706
  1066    706
  1067    706
  1070    706
  1071    706
  1072    706
  1073    706
  1074    706
  1075    706
  1076    706
  1077    706
  1078    706
  1006    707
  1007    707
  1009    707
  1013    707
  1014    707
  1015    707
  1017    707
  1018    707
  1019    707
  1020    707
  1021    707
  1022    707
  1023    707
  1037    707
  1043    707
  1044    707
  1045    707
  1046    707
  1047    707
  1048    707
  1049    707
  1050    707
  1051    707
  1052    707
  1053    707
  1054    707
  1055    707
  1056    707
  1092    707
  1093    707
  1094    707
   993    708
   994    708
   995    708
  1006    708
  1007    708
  1008    708
  1009    708
  1015    708
  1016    708
  1058    708
  1059    708
   993    709
   994    709
   995    709
   996    709
   997    709
   998    709
   999    709
  1003    709
  1004    709
  1005    709
  1006    709
  1007    709
  1032    709
  1033    709
  1034    709
  1035    709
  1036    709
  1037    709
  1038    709
  1039    709
  1040    709
  1024    710
  1025    710
  1026    710
  1011    711
  1012    711
  1013    711
  1014    711
  1015    711
  1016    711
  1017    711
  1018    711
  1019    711
  1030    711
  1037    711
  1038    711
   984    712
   985    712
   986    712
   987    712
   988    712
   989    712
  1000    712
  1001    712
  1002    712
   988    713
   992    713
   993    713
   994    713
   995    713
   996    713
   997    713
   998    713
  1016    713
  1017    713
  1018    713
  1019    713
   991    714
   992    714
   993    714
   994    714
   995    714
   996    714
   997    714
   998    714
   999    714
  1000    714
  1006    714
  1007    714
  1008    714
  1009    714
  1010    714
   975    715
   976    715
   977    715
   978    715
   979    715
   980    715
   981    715
   982    715
   983    715
   997    715
   998    715
   999    715
   966    716
   967    716
   968    716
   969    716
   970    716
   971    716
   972    716
   992    716
   993    716
   994    716
   995    716
   974    717
   975    717
   976    717
   977    717
   978    717
   979    717
   984    717
   985    717
   986    717
   952    718
   953    718
   956    718
   962    718
   963    718
   964    718
   965    718
   966    718
   967    718
   968    718
   969    718
   970    718
   971    718
   972    718
   946    719
   947    719
   948    719
   957    719
   958    719
   959    719
   941    720
   942    721
   943    721
   944    721
   945    721
   946    721
   947    721
   949    721
   950    721
   951    721
   941    722
   942    722
   943    722
   944    722
   945    722
   946    722
   947    722
   929    723
   930    723
   931    723
   942    723
   943    723
   944    723
   947    723
   948    723
   925    724
   926    724
   927    724
   932    724
   933    724
   945    724
   946    724
   927    725
   928    725
   929    725
   930    725
   946    725
   947    725
   948    725
   931    726
   932    726
   933    726
   944    726
   929    727
   930    727
   931    727
   928    728
   929    728
   930    728
   927    729
   928    729
   929    729
   926    730
   927    730
   928    730
   926    731
   927    731
   928    731
   929    731
   930    731
   926    732
   927    732
   928    732
   929    732
   930    732
   926    733
   927    733
   928    733
   929    733
   930    733
   931    733
   926    734
   927    734
   928    734
   929    734
   930    734
   931    734
   926    735
   927    735
   928    735
   929    735
   930    735
   926    736
   927    736
   928    736
   929    736
   930    736
   926    737
   927    737
   928    737
   929    737
   930    737
   926    738
   927    738
   928    738
   929    738
   930    738
   931    738
   926    739
   927    739
   928    739
   929    739
   930    739
   931    739
   927    740
   928    740
   929    740
   930    740
   931    740
   926    741
   927    741
   928    741
   929    741
   930    741
   931    741
   932    741
   927    742
   928    742
   929    742
   930    742
   931    742
   932    742
   926    743
   927    743
   928    743
   929    743
   930    743
   931    743
   932    743
   933    743
   927    744
   928    744
   929    744
   930    744
   931    744
   932    744
   933    744
   927    745
   928    745
   929    745
   930    745
   931    745
   932    745
   933    745
   927    746
   928    746
   929    746
   930    746
   931    746
   932    746
   933    746
   934    746
   927    747
   928    747
   929    747
   930    747
   931    747
   932    747
   933    747
   934    747
   927    748
   928    748
   929    748
   930    748
   931    748
   932    748
   933    748
   934    748
   927    749
   928    749
   929    749
   930    749
   931    749
   932    749
   933    749
   934    749
   927    750
   928    750
   929    750
   930    750
   931    750
   932    750
   933    750
   934    750
   928    751
   929    751
   930    751
   931    751
   932    751
   933    751
   934    751
   927    752
   928    752
   929    752
   930    752
   931    752
   932    752
   933    752
   934    752
   935    752
   927    753
   928    753
   929    753
   930    753
   931    753
   932    753
   933    753
   934    753
   935    753
   927    754
   928    754
   929    754
   930    754
   931    754
   932    754
   933    754
   934    754
   935    754
   936    754
   928    755
   929    755
   930    755
   931    755
   932    755
   933    755
   934    755
   935    755
   927    756
   928    756
   929    756
   930    756
   931    756
   932    756
   933    756
   934    756
   935    756
   928    757
   929    757
   930    757
   931    757
   932    757
   933    757
   934    757
   935    757
   928    758
   929    758
   930    758
   931    758
   932    758
   933    758
   934    758
   935    758
   928    759
   929    759
   930    759
   931    759
   932    759
   933    759
   934    759
   935    759
   928    760
   929    760
   930    760
   931    760
   932    760
   933    760
   934    760
   935    760
   936    760
   928    761
   929    761
   930    761
   931    761
   932    761
   933    761
   934    761
   935    761
   936    761
   928    762
   929    762
   930    762
   931    762
   932    762
   933    762
   934    762
   935    762
   936    762
   928    763
   929    763
   930    763
   931    763
   932    763
   933    763
   934    763
   935    763
   936    763
   928    764
   929    764
   930    764
   931    764
   932    764
   933    764
   934    764
   935    764
   936    764
   928    765
   929    765
   930    765
   931    765
   932    765
   933    765
   934    765
   935    765
   936    765
   928    766
   929    766
   930    766
   931    766
   932    766
   933    766
   934    766
   935    766
   936    766
   928    767
   929    767
   930    767
   931    767
   932    767
   933    767
   934    767
   935    767
   936    767
   928    768
   929    768
   930    768
   931    768
   932    768
   933    768
   934    768
   935    768
   936    768
   928    769
   929    769
   930    769
   931    769
   932    769
   933    769
   934    769
   935    769
   936    769
   928    770
   929    770
   930    770
   931    770
   932    770
   933    770
   934    770
   935    770
   936    770
   928    771
   929    771
   930    771
   931    771
   932    771
   933    771
   934    771
   935    771
   936    771
   928    772
   929    772
   930    772
   931    772
   932    772
   933    772
   934    772
   935    772
   936    772
   928    773
   929    773
   930    773
   931    773
   932    773
   933    773
   934    773
   935    773
   936    773
   928    774
   929    774
   930    774
   931    774
   932    774
   933    774
   934    774
   935    774
   936    774
   928    775
   929    775
   930    775
   931    775
   932    775
   933    775
   934    775
   935    775
   936    775
   928    776
   929    776
   930    776
   931    776
   932    776
   933    776
   934    776
   935    776
   936    776
   928    777
   929    777
   930    777
   931    777
   932    777
   933    777
   934    777
   935    777
   936    777
   937    777
   928    778
   929    778
   930    778
   931    778
   932    778
   933    778
   934    778
   935    778
   936    778
   937    778
   928    779
   929    779
   930    779
   931    779
   932    779
   933    779
   934    779
   935    779
   936    779
   937    779
   928    780
   929    780
   930    780
   931    780
   932    780
   933    780
   934    780
   935    780
   936    780
   937    780
   928    781
   929    781
   930    781
   931    781
   932    781
   933    781
   934    781
   935    781
   936    781
   937    781
   928    782
   929    782
   930    782
   931    782
   932    782
   933    782
   934    782
   935    782
   936    782
   937    782
   928    783
   929    783
   930    783
   931    783
   932    783
   933    783
   934    783
   935    783
   936    783
   937    783
   928    784
   929    784
   930    784
   931    784
   932    784
   933    784
   934    784
   935    784
   936    784
   937    784
   929    785
   930    785
   931    785
   932    785
   933    785
   934    785
   935    785
   936    785
   937    785
   930    786
   931    786
   932    786
   933    786
   934    786
   935    786
   936    786
   930    787
   931    787
   932    787
   933    787
   934    787
   935    787
   936    787
   932    788
