  1099    702
  1100    702
  1101    702
  1102    702
  1103    702
  1104    702
  1105    702
  1106    702
  1107    702
  1108    702
  1109    702
  1068    703
  1069    703
  1070    703
  1071    703
  1072    703
  1073    703
  1074    703
  1075    703
  1076    703
  1077    703
  1078    703
  1079    703
  1080    703
  1081    703
  1082    703
  1083    703
  1084    703
  1085    703
  1086    703
  1103    703
  1104    703
  1105    703
  1112    703
  1113    703
  1114    703
  1115    703
  1116    703
  1117    703
  1118    703
  1053    704
  1071    704
  1072    704
  1073    704
  1074    704
  1075    704
  1076    704
  1077    704
  1078    704
  1079    704
  1080    704
  1081    704
  1082    704
  1083    704
  1084    704
  1085    704
  1086    704
  1087    704
  1088    704
  1089    704
  1090    704
  1091    704
  1092    704
  1093    704
  1094    704
  1055    705
  1058    705
  1062    705
  1063    705
  1064    705
  1065    705
  1101    705
  1102    705
  1103    705
  1104    705
  1105    705
  1106    705
  1107    705
  1057    706
  1058    706
  1059    706
  1060    706
  1067    706
  1068    706
  1069    706
  1070    706
  1084    706
  1085    706
  1086    706
  1087    706
  1088    706
  1089    706
  1090    706
  1091    706
  1092    706
  1093    706
  1094    706
  1000    707
  1001    707
  1002    707
  1003    707
  1004    707
  1042    707
  1043    707
  1044    707
  1045    707
  1048    707
  1049    707
  1050    707
  1051    707
  1052    707
  1053    707
  1054    707
  1055    707
  1056    707
  1057    707
  1058    707
  1059    707
  1060    707
  1061    707
  1062    707
  1063    707
  1065    707
  1066    707
  1067    707
  1072    707
  1073    707
  1003    708
  1004    708
  1010    708
  1011    708
  1012    708
  1014    708
  1023    708
  1024    708
  1026    708
  1027    708
  1028    708
  1029    708
  1039    708
  1040    708
  1041    708
  1063    708
  1064    708
  1065    708
  1090    708
  1091    708
  1092    708
  1048    709
  1049    709
  1050    709
  1051    709
  1052    709
  1053    709
  1058    709
  1064    709
  1065    709
  1066    709
   993    710
   994    710
   995    710
   996    710
   998    710
  1000    710
  1001    710
  1033    710
  1034    710
  1026    711
  1027    711
  1028    711
  1043    711
  1044    711
  1045    711
  1047    711
  1048    711
  1049    711
  1010    712
  1011    712
  1012    712
  1013    712
  1031    712
  1032    712
   999    713
  1000    713
  1001    713
  1002    713
  1026    713
  1027    713
  1028    713
  1029    713
   994    714
   995    714
   996    714
  1007    714
  1008    714
  1009    714
   994    715
   995    715
   996    715
   997    715
   998    715
   999    715
  1001    715
   975    716
   976    716
   977    716
   978    716
   979    716
   984    716
   988    716
   966    717
   967    717
   968    717
   969    717
   970    717
   971    717
   981    717
   982    717
   983    717
   984    717
   985    717
   992    717
   993    717
   994    717
   995    717
   965    718
   966    718
   967    718
   968    718
   969    718
   970    718
   971    718
   972    718
   973    718
   974    718
   975    718
   976    718
   977    718
   978    718
   979    718
   980    718
   983    718
   984    718
   985    718
   986    718
   987    718
   988    718
   963    719
   964    719
   965    719
   966    719
   967    719
   968    719
   969    719
   970    719
   971    719
   972    719
   973    719
   974    719
   948    720
   949    720
   950    720
   942    721
   943    721
   944    721
   945    721
   946    721
   947    721
   948    721
   949    721
   950    721
   951    721
   952    721
   943    722
   944    722
   945    722
   946    722
   947    722
   948    722
   949    722
   962    722
   963    722
   964    722
   942    723
   943    723
   944    723
   945    723
   946    723
   947    723
   948    723
   949    723
   930    724
   931    724
   932    724
   933    724
   934    724
   935    724
   936    724
   944    724
   945    724
   946    724
   950    724
   951    724
   926    725
   927    725
   928    725
   929    725
   932    725
   933    725
   934    725
   946    725
   947    725
   929    726
   930    726
   931    726
   925    727
   926    727
   927    727
   933    727
   934    727
   931    728
   932    728
   929    729
   930    729
   931    729
   927    730
   928    730
   929    730
   930    730
   927    731
   928    731
   929    731
   930    731
   931    731
   926    732
   927    732
   928    732
   929    732
   930    732
   931    732
   932    732
   926    733
   927    733
   928    733
   929    733
   930    733
   931    733
   926    734
   927    734
   928    734
   929    734
   925    735
   926    735
   927    735
   928    735
   929    735
   930    735
   926    736
   927    736
   928    736
   929    736
   930    736
   931    736
   926    737
   927    737
   928    737
   929    737
   930    737
   931    737
   926    738
   927    738
   928    738
   929    738
   930    738
   931    738
   926    739
   927    739
   928    739
   929    739
   930    739
   931    739
   926    740
   927    740
   928    740
   929    740
   930    740
   931    740
   926    741
   927    741
   928    741
   929    741
   930    741
   931    741
   927    742
   928    742
   929    742
   930    742
   931    742
   926    743
   927    743
   928    743
   929    743
   930    743
   931    743
   932    743
   926    744
   927    744
   928    744
   929    744
   930    744
   931    744
   932    744
   926    745
   927    745
   928    745
   929    745
   930    745
   931    745
   932    745
   933    745
   927    746
   928    746
   929    746
   930    746
   931    746
   932    746
   933    746
   926    747
   927    747
   928    747
   929    747
   930    747
   931    747
   932    747
   933    747
   927    748
   928    748
   929    748
   930    748
   931    748
   932    748
   933    748
   934    748
   927    749
   928    749
   929    749
   930    749
   931    749
   932    749
   933    749
   934    749
   927    750
   928    750
   929    750
   930    750
   931    750
   932    750
   933    750
   934    750
   927    751
   928    751
   929    751
   930    751
   931    751
   932    751
   933    751
   934    751
   927    752
   928    752
   929    752
   930    752
   931    752
   932    752
   933    752
   934    752
   935    752
   927    753
   928    753
   929    753
   930    753
   931    753
   932    753
   933    753
   934    753
   935    753
   927    754
   928    754
   929    754
   930    754
   931    754
   932    754
   933    754
   934    754
   935    754
   928    755
   929    755
   930    755
   931    755
   932    755
   933    755
   934    755
   927    756
   928    756
   929    756
   930    756
   931    756
   932    756
   933    756
   934    756
   935    756
   927    757
   928    757
   929    757
   930    757
   931    757
   932    757
   933    757
   934    757
   935    757
   927    758
   928    758
   929    758
   930    758
   931    758
   932    758
   933    758
   934    758
   935    758
   928    759
   929    759
   930    759
   931    759
   932    759
   933    759
   934    759
   935    759
   928    760
   929    760
   930    760
   931    760
   932    760
   933    760
   934    760
   935    760
   936    760
   928    761
   929    761
   930    761
   931    761
   932    761
   933    761
   934    761
   935    761
   936    761
   928    762
   929    762
   930    762
   931    762
   932    762
   933    762
   934    762
   935    762
   936    762
   928    763
   929    763
   930    763
   931    763
   932    763
   933    763
   934    763
   935    763
   936    763
   928    764
   929    764
   930    764
   931    764
   932    764
   933    764
   934    764
   935    764
   936    764
   928    765
   929    765
   930    765
   931    765
   932    765
   933    765
   934    765
   935    765
   936    765
   937    765
   928    766
   929    766
   930    766
   931    766
   932    766
   933    766
   934    766
   935    766
   936    766
   937    766
   928    767
   929    767
   930    767
   931    767
   932    767
   933    767
   934    767
   935    767
   936    767
   937    767
   928    768
   929    768
   930    768
   931    768
   932    768
   933    768
   934    768
   935    768
   936    768
   937    768
   928    769
   929    769
   930    769
   931    769
   932    769
   933    769
   934    769
   935    769
   936    769
   928    770
   929    770
   930    770
   931    770
   932    770
   933    770
   934    770
   935    770
   936    770
   928    771
   929    771
   930    771
   931    771
   932    771
   933    771
   934    771
   935    771
   936    771
   937    771
   928    772
   929    772
   930    772
   931    772
   932    772
   933    772
   934    772
   935    772
   936    772
   937    772
   928    773
   929    773
   930    773
   931    773
   932    773
   933    773
   934    773
   935    773
   936    773
   928    774
   929    774
   930    774
   931    774
   932    774
   933    774
   934    774
   935    774
   936    774
   937    774
   928    775
   929    775
   930    775
   931    775
   932    775
   933    775
   934    775
   935    775
   936    775
   937    775
   928    776
   929    776
   930    776
   931    776
   932    776
   933    776
   934    776
   935    776
   936    776
   928    777
   929    777
   930    777
   931    777
   932    777
   933    777
   934    777
   935    777
   936    777
   937    777
   928    778
   929    778
   930    778
   931    778
   932    778
   933    778
   934    778
   935    778
   936    778
   937    778
   928    779
   929    779
   930    779
   931    779
   932    779
   933    779
   934    779
   935    779
   936    779
   937    779
   928    780
   929    780
   930    780
   931    780
   932    780
   933    780
   934    780
   935    780
   936    780
   937    780
   928    781
   929    781
   930    781
   931    781
   932    781
   933    781
   934    781
   935    781
   936    781
   937    781
   938    781
   928    782
   929    782
   930    782
   931    782
   932    782
   933    782
   934    782
   935    782
   936    782
   937    782
   928    783
   929    783
   930    783
   931    783
   932    783
   933    783
   934    783
   935    783
   936    783
   937    783
   928    784
   929    784
   930    784
   931    784
   932    784
   933    784
   934    784
   935    784
   936    784
   937    784
   932    785
   933    785
   934    785
   935    785
   936    785
   937    785
   933    786
   934    786
   935    786
   936    786
   937    786
   933    787
   934    787
   935    787
   936    787
