  1103    702
  1104    702
  1105    702
  1106    702
  1107    702
  1108    702
  1109    702
  1110    702
  1111    702
  1112    702
  1070    703
  1071    703
  1103    703
  1104    703
  1105    703
  1106    703
  1107    703
  1108    703
  1113    703
  1115    703
  1047    704
  1048    704
  1049    704
  1050    704
  1051    704
  1052    704
  1053    704
  1054    704
  1055    704
  1084    704
  1085    704
  1086    704
  1102    704
  1103    704
  1045    706
  1046    706
  1047    706
  1048    706
  1049    706
  1050    706
  1051    706
  1052    706
  1053    706
  1054    706
  1055    706
  1056    706
  1057    706
  1008    707
  1009    707
  1010    707
  1012    707
  1013    707
  1014    707
  1015    707
  1016    707
  1017    707
  1018    707
  1019    707
  1023    707
  1024    707
  1025    707
  1026    707
  1027    707
  1028    707
  1029    707
  1030    707
  1031    707
  1042    707
  1043    707
  1044    707
  1045    707
  1047    707
  1048    707
  1049    707
  1050    707
  1051    707
  1052    707
  1053    707
  1054    707
  1055    707
  1056    707
  1057    707
  1058    707
  1059    707
  1060    707
  1078    707
  1079    707
  1080    707
  1081    707
  1082    707
  1083    707
  1084    707
  1085    707
  1014    708
  1016    708
  1017    708
  1018    708
  1019    708
  1023    708
  1024    708
  1026    708
  1027    708
  1028    708
  1029    708
  1030    708
  1031    708
  1032    708
  1039    708
  1040    708
  1041    708
  1046    708
  1047    708
  1048    708
  1049    708
  1050    708
  1051    708
  1052    708
  1053    708
  1054    708
  1055    708
  1056    708
  1057    708
  1058    708
  1059    708
  1060    708
  1061    708
  1062    708
  1063    708
  1064    708
  1065    708
  1066    708
  1067    708
  1008    709
  1009    709
  1010    709
  1024    709
  1025    709
  1026    709
  1027    709
  1028    709
  1049    709
  1052    709
  1053    709
  1054    709
  1059    709
  1060    709
  1061    709
  1062    709
  1063    709
  1064    709
  1068    709
  1069    709
  1070    709
  1071    709
  1072    709
  1075    709
  1076    709
  1077    709
  1078    709
  1079    709
  1080    709
  1081    709
  1082    709
  1083    709
  1084    709
  1008    710
  1009    710
  1010    710
  1021    710
  1022    710
  1023    710
  1024    710
  1025    710
  1041    710
  1042    710
  1043    710
  1066    710
  1067    710
  1028    711
  1029    711
  1053    711
  1054    711
  1055    711
  1061    711
  1016    712
  1017    712
  1018    712
  1024    712
  1025    712
  1026    712
  1027    712
  1005    713
  1006    713
  1007    713
  1031    713
  1032    713
   978    714
   979    714
   980    714
   981    714
   995    714
   996    714
   997    714
  1023    714
  1024    714
  1025    714
  1026    714
   995    715
   996    715
   997    715
  1003    715
  1004    715
  1005    715
  1008    715
  1009    715
  1010    715
  1012    715
  1013    715
  1014    715
   980    716
   981    716
   982    716
   983    716
   984    716
   985    716
   986    716
   989    716
   990    716
   991    716
   992    716
  1001    716
  1002    716
   971    717
   972    717
   973    717
   974    717
   975    717
   995    717
   996    717
   997    717
   998    717
   999    717
  1000    717
  1001    717
   962    718
   963    718
   964    718
   965    718
   966    718
   967    718
   968    718
   969    718
   970    718
   971    718
   972    718
   973    718
   991    718
   992    718
   964    719
   965    719
   966    719
   967    719
   968    719
   969    719
   970    719
   971    719
   972    719
   973    719
   974    719
   975    719
   981    719
   982    719
   983    719
   984    719
   985    719
   986    719
   951    720
   952    720
   957    720
   958    720
   961    720
   962    720
   963    720
   964    720
   965    720
   967    720
   968    720
   969    720
   973    720
   974    720
   945    721
   946    721
   947    721
   948    721
   949    721
   950    721
   951    721
   960    721
   961    721
   962    721
   963    721
   964    721
   965    721
   966    721
   945    722
   946    722
   947    722
   948    722
   949    722
   950    722
   951    722
   952    722
   953    722
   958    722
   959    722
   960    722
   961    722
   962    722
   942    723
   943    723
   944    723
   945    723
   946    723
   947    723
   948    723
   949    723
   950    723
   951    723
   960    723
   961    723
   962    723
   943    724
   944    724
   946    724
   947    724
   928    725
   929    725
   930    725
   931    725
   934    725
   935    725
   943    725
   944    725
   945    725
   949    725
   950    725
   927    726
   931    726
   932    726
   933    726
   946    726
   947    726
   929    727
   930    727
   931    727
   935    727
   949    727
   933    728
   934    728
   930    729
   931    729
   932    729
   929    730
   930    730
   927    731
   928    731
   929    731
   926    732
   927    732
   928    732
   931    732
   932    732
   926    733
   927    733
   928    733
   929    733
   930    733
   931    733
   932    733
   926    734
   927    734
   928    734
   929    734
   925    735
   926    735
   927    735
   928    735
   929    735
   930    735
   926    736
   927    736
   928    736
   929    736
   930    736
   931    736
   926    737
   927    737
   928    737
   929    737
   930    737
   931    737
   925    738
   926    738
   927    738
   928    738
   929    738
   930    738
   931    738
   926    739
   927    739
   928    739
   929    739
   930    739
   931    739
   926    740
   927    740
   928    740
   929    740
   930    740
   931    740
   926    741
   927    741
   928    741
   929    741
   930    741
   931    741
   926    742
   927    742
   928    742
   929    742
   930    742
   931    742
   926    743
   927    743
   928    743
   929    743
   930    743
   931    743
   932    743
   926    744
   927    744
   928    744
   929    744
   930    744
   931    744
   932    744
   926    745
   927    745
   928    745
   929    745
   930    745
   931    745
   932    745
   927    746
   928    746
   929    746
   930    746
   931    746
   932    746
   926    747
   927    747
   928    747
   929    747
   930    747
   931    747
   932    747
   933    747
   927    748
   928    748
   929    748
   930    748
   931    748
   932    748
   933    748
   934    748
   926    749
   927    749
   928    749
   929    749
   930    749
   931    749
   932    749
   933    749
   927    750
   928    750
   929    750
   930    750
   931    750
   932    750
   933    750
   927    751
   928    751
   929    751
   930    751
   931    751
   932    751
   933    751
   934    751
   927    752
   928    752
   929    752
   930    752
   931    752
   932    752
   933    752
   934    752
   927    753
   928    753
   929    753
   930    753
   931    753
   932    753
   933    753
   934    753
   927    754
   928    754
   929    754
   930    754
   931    754
   932    754
   933    754
   934    754
   935    754
   927    755
   928    755
   929    755
   930    755
   931    755
   932    755
   933    755
   934    755
   927    756
   928    756
   929    756
   930    756
   931    756
   932    756
   933    756
   934    756
   935    756
   927    757
   928    757
   929    757
   930    757
   931    757
   932    757
   933    757
   934    757
   927    758
   928    758
   929    758
   930    758
   931    758
   932    758
   933    758
   934    758
   928    759
   929    759
   930    759
   931    759
   932    759
   933    759
   934    759
   935    759
   927    760
   928    760
   929    760
   930    760
   931    760
   932    760
   933    760
   934    760
   935    760
   928    761
   929    761
   930    761
   931    761
   932    761
   933    761
   934    761
   935    761
   936    761
   927    762
   928    762
   929    762
   930    762
   931    762
   932    762
   933    762
   934    762
   935    762
   928    763
   929    763
   930    763
   931    763
   932    763
   933    763
   934    763
   935    763
   936    763
   928    764
   929    764
   930    764
   931    764
   932    764
   933    764
   934    764
   935    764
   928    765
   929    765
   930    765
   931    765
   932    765
   933    765
   934    765
   935    765
   936    765
   928    766
   929    766
   930    766
   931    766
   932    766
   933    766
   934    766
   935    766
   936    766
   928    767
   929    767
   930    767
   931    767
   932    767
   933    767
   934    767
   935    767
   936    767
   937    767
   928    768
   929    768
   930    768
   931    768
   932    768
   933    768
   934    768
   935    768
   936    768
   928    769
   929    769
   930    769
   931    769
   932    769
   933    769
   934    769
   935    769
   936    769
   937    769
   928    770
   929    770
   930    770
   931    770
   932    770
   933    770
   934    770
   935    770
   936    770
   928    771
   929    771
   930    771
   931    771
   932    771
   933    771
   934    771
   935    771
   936    771
   928    772
   929    772
   930    772
   931    772
   932    772
   933    772
   934    772
   935    772
   936    772
   937    772
   928    773
   929    773
   930    773
   931    773
   932    773
   933    773
   934    773
   935    773
   936    773
   937    773
   928    774
   929    774
   930    774
   931    774
   932    774
   933    774
   934    774
   935    774
   936    774
   937    774
   938    774
   928    775
   929    775
   930    775
   931    775
   932    775
   933    775
   934    775
   935    775
   936    775
   937    775
   928    776
   929    776
   930    776
   931    776
   932    776
   933    776
   934    776
   935    776
   936    776
   937    776
   928    777
   929    777
   930    777
   931    777
   932    777
   933    777
   934    777
   935    777
   936    777
   937    777
   928    778
   929    778
   930    778
   931    778
   932    778
   933    778
   934    778
   935    778
   936    778
   937    778
   928    779
   929    779
   930    779
   931    779
   932    779
   933    779
   934    779
   935    779
   936    779
   937    779
   928    780
   929    780
   930    780
   931    780
   932    780
   933    780
   934    780
   935    780
   936    780
   937    780
   928    781
   929    781
   930    781
   931    781
   932    781
   933    781
   934    781
   935    781
   936    781
   937    781
   938    781
   928    782
   929    782
   930    782
   931    782
   932    782
   933    782
   934    782
   935    782
   936    782
   937    782
   938    782
   928    783
   929    783
   930    783
   931    783
   932    783
   933    783
   934    783
   935    783
   936    783
   937    783
   928    784
   929    784
   930    784
   931    784
   932    784
   933    784
   934    784
   935    784
   936    784
   937    784
   938    784
   928    785
   929    785
   930    785
   931    785
   932    785
   933    785
   934    785
   935    785
   936    785
   937    785
   929    786
   930    786
   931    786
   932    786
   933    786
   934    786
   935    786
   936    786
   937    786
   931    787
   932    787
   933    787
   934    787
   935    787
   936    787
   937    787
   932    788
   933    788
   934    788
   935    788
