   930    725
   931    725
   932    725
   934    725
   927    726
   928    726
   929    726
   931    726
   932    726
   933    726
   928    727
   929    727
   930    727
   931    727
   927    728
   933    728
   931    729
   932    729
   929    730
   930    730
   928    731
   929    731
   930    731
   927    732
   928    732
   929    732
   927    733
   928    733
   929    733
   930    733
   926    734
   927    734
   928    734
   929    734
   930    734
   926    735
   927    735
   928    735
   929    735
   930    735
   926    736
   927    736
   928    736
   929    736
   930    736
   927    737
