   941    722
   942    722
   943    722
   942    723
   943    723
   947    723
   948    723
   949    723
   943    724
   944    724
   945    724
   946    724
   947    724
   929    725
   930    725
   931    725
   926    726
   927    726
   928    726
   946    726
   947    726
   929    727
   930    727
   931    727
   931    729
   929    730
   930    730
   928    731
   929    731
   930    731
   927    732
   928    732
   929    732
   927    733
   928    733
   926    734
   927    734
   928    734
   929    734
   926    735
   927    735
   928    735
   929    735
   930    735
   926    736
   927    736
   928    736
   929    736
   930    736
   931    736
   926    737
   927    737
   928    737
   929    737
   930    737
   929    738
   930    738
   926    739
   927    739
   928    739
   929    739
   930    739
   931    739
   927    740
   928    740
   929    740
   930    740
   931    740
   926    741
   927    741
   928    741
   929    741
   930    741
   931    741
   927    742
   928    742
   929    742
   930    742
   931    742
   926    743
   927    743
   928    743
   929    743
   930    743
   931    743
   932    743
   927    744
   928    744
   929    744
   930    744
   931    744
   932    744
   926    745
   927    745
   928    745
   929    745
   930    745
   931    745
   932    745
   927    746
   928    746
   929    746
   930    746
   931    746
   932    746
   927    747
   928    747
   929    747
   930    747
   931    747
   932    747
   927    748
   928    748
   929    748
   930    748
   931    748
   932    748
   933    748
   927    749
   928    749
   929    749
   930    749
   931    749
   932    749
   933    749
   927    750
   928    750
   929    750
   930    750
   931    750
   932    750
   933    750
   927    751
   928    751
   929    751
   930    751
   931    751
   932    751
   933    751
   934    751
   927    752
   928    752
   929    752
   930    752
   931    752
   932    752
   933    752
   934    752
   928    753
   929    753
   930    753
   931    753
   932    753
   933    753
   934    753
   928    754
   929    754
   930    754
   931    754
   932    754
   933    754
   934    754
   928    755
   929    755
   930    755
   931    755
   932    755
   933    755
   934    755
   928    756
   929    756
   930    756
   931    756
   932    756
   933    756
   934    756
   928    757
   929    757
   930    757
   931    757
   932    757
   933    757
   934    757
   928    758
   929    758
   930    758
   931    758
   932    758
   933    758
   934    758
   928    759
   929    759
   930    759
   931    759
   932    759
   933    759
   928    760
   929    760
   930    760
   928    761
   929    761
   930    761
