  1113    702
  1114    702
  1115    702
  1116    702
  1118    702
  1119    702
  1082    703
  1083    703
  1084    703
  1085    703
  1086    703
  1089    703
  1090    703
  1091    703
  1112    703
  1113    703
  1067    704
  1086    704
  1087    704
  1088    704
  1089    704
  1090    704
  1091    704
  1092    704
  1093    704
  1094    704
  1095    704
  1096    704
  1097    704
  1106    704
  1071    705
  1072    705
  1073    705
  1074    705
  1075    705
  1076    705
  1077    705
  1078    705
  1079    705
  1080    705
  1081    705
  1082    705
  1083    705
  1084    705
  1124    705
  1125    705
  1126    705
  1127    705
  1128    705
  1129    705
  1098    706
  1099    706
  1100    706
  1101    706
  1102    706
  1103    706
  1104    706
  1047    707
  1065    707
  1066    707
  1067    707
  1068    707
  1071    707
  1072    707
  1073    707
  1074    707
  1075    707
  1076    707
  1077    707
  1078    707
  1079    707
  1080    707
  1081    707
  1082    707
  1087    707
  1088    707
  1089    707
  1090    707
  1091    707
  1092    707
  1093    707
  1094    707
  1095    707
  1096    707
  1116    707
  1049    708
  1050    708
  1051    708
  1052    708
  1053    708
  1054    708
  1055    708
  1056    708
  1057    708
  1059    708
  1060    708
  1061    708
  1062    708
  1063    708
  1064    708
  1068    708
  1069    708
  1070    708
  1068    709
  1069    709
  1070    709
  1050    710
  1051    710
  1052    710
  1053    710
  1070    710
  1071    710
  1034    711
  1035    711
  1036    711
  1064    711
  1065    711
  1066    711
  1031    712
  1032    712
  1014    713
  1015    713
  1016    713
  1017    713
  1021    713
  1022    713
  1023    713
  1024    713
  1035    713
  1036    713
  1037    713
  1005    714
  1006    714
  1007    714
  1008    714
  1030    714
  1031    714
  1032    714
  1033    714
  1034    714
  1035    714
   997    715
   998    715
   999    715
  1011    715
  1012    715
  1013    715
  1014    715
   996    716
   997    716
   998    716
   999    716
  1000    716
  1001    716
  1002    716
  1013    716
  1014    716
  1015    716
  1016    716
   980    717
   981    717
   982    717
   983    717
   984    717
   985    717
   986    717
   987    717
   988    717
   989    717
   990    717
   991    717
   992    717
   993    717
   994    717
   995    717
   996    717
   972    718
   973    718
   974    718
   975    718
   976    718
   985    718
   986    718
   987    718
   988    718
   989    718
   999    718
  1000    718
   971    719
   972    719
   973    719
   974    719
   975    719
   976    719
   966    720
   967    720
   969    720
   970    720
   971    720
   972    720
   973    720
   974    720
   975    720
   976    720
   952    721
   953    721
   954    721
   957    721
   958    721
   959    721
   963    721
   964    721
   965    721
   966    721
   967    721
   970    721
   971    721
   972    721
   973    721
   974    721
   975    721
   948    722
   949    722
   955    722
   957    722
   958    722
   959    722
   973    722
   974    722
   942    723
   943    723
   944    723
   948    723
   949    723
   950    723
   951    723
   954    723
   944    724
   945    724
   946    724
   949    724
   950    724
   951    724
   953    724
   954    724
   955    724
   945    725
   946    725
   947    725
   948    725
   949    725
   931    726
   932    726
   933    726
   945    726
   946    726
   928    727
   929    727
   933    727
   934    727
   943    727
   944    727
   948    727
   930    728
   931    728
   932    728
   926    729
   927    729
   928    729
   929    729
   935    729
   932    730
   933    730
   930    731
   931    731
   932    731
   928    732
   929    732
   930    732
   931    732
   927    733
   928    733
   929    733
   930    733
   926    734
   927    734
   928    734
   929    734
   930    734
   931    734
   926    735
   927    735
   928    735
   929    735
   930    735
   931    735
   932    735
   926    736
   927    736
   928    736
   929    736
   930    736
   931    736
   932    736
   926    737
   927    737
   928    737
   929    737
   930    737
   931    737
   926    738
   927    738
   928    738
   929    738
   930    738
   931    738
   926    739
   927    739
   928    739
   929    739
   930    739
   931    739
   926    740
   927    740
   928    740
   929    740
   930    740
   931    740
   926    741
   927    741
   928    741
   929    741
   930    741
   931    741
   932    741
   926    742
   927    742
   928    742
   929    742
   930    742
   931    742
   926    743
   927    743
   928    743
   929    743
   930    743
   931    743
   927    744
   928    744
   929    744
   930    744
   931    744
   926    745
   927    745
   928    745
   929    745
   930    745
   931    745
   932    745
   927    746
   928    746
   929    746
   930    746
   931    746
   932    746
   926    747
   927    747
   928    747
   929    747
   930    747
   931    747
   932    747
   926    748
   927    748
   928    748
   929    748
   930    748
   931    748
   932    748
   926    749
   927    749
   928    749
   929    749
   930    749
   931    749
   932    749
   927    750
   928    750
   929    750
   930    750
   931    750
   932    750
   926    751
   927    751
   928    751
   929    751
   930    751
   931    751
   932    751
   933    751
   927    752
   928    752
   929    752
   930    752
   931    752
   932    752
   933    752
   927    753
   928    753
   929    753
   930    753
   931    753
   932    753
   933    753
   934    753
   927    754
   928    754
   929    754
   930    754
   931    754
   932    754
   933    754
   934    754
   927    755
   928    755
   929    755
   930    755
   931    755
   932    755
   933    755
   934    755
   927    756
   928    756
   929    756
   930    756
   931    756
   932    756
   933    756
   934    756
   935    756
   927    757
   928    757
   929    757
   930    757
   931    757
   932    757
   933    757
   934    757
   927    758
   928    758
   929    758
   930    758
   931    758
   932    758
   933    758
   934    758
   927    759
   928    759
   929    759
   930    759
   931    759
   932    759
   933    759
   934    759
   935    759
   927    760
   928    760
   929    760
   930    760
   931    760
   932    760
   933    760
   934    760
   927    761
   928    761
   929    761
   930    761
   931    761
   932    761
   933    761
   934    761
   935    761
   927    762
   928    762
   929    762
   930    762
   931    762
   932    762
   933    762
   934    762
   935    762
   928    763
   929    763
   930    763
   931    763
   932    763
   933    763
   934    763
   935    763
   928    764
   929    764
   930    764
   931    764
   932    764
   933    764
   934    764
   935    764
   928    765
   929    765
   930    765
   931    765
   932    765
   933    765
   934    765
   935    765
   928    766
   929    766
   930    766
   931    766
   932    766
   933    766
   934    766
   935    766
   928    767
   929    767
   930    767
   931    767
   932    767
   933    767
   934    767
   935    767
   936    767
   928    768
   929    768
   930    768
   931    768
   932    768
   933    768
   934    768
   935    768
   936    768
   928    769
   929    769
   930    769
   931    769
   932    769
   933    769
   934    769
   935    769
   936    769
   928    770
   929    770
   930    770
   931    770
   932    770
   933    770
   934    770
   935    770
   936    770
   928    771
   929    771
   930    771
   931    771
   932    771
   933    771
   934    771
   935    771
   936    771
   928    772
   929    772
   930    772
   931    772
   932    772
   933    772
   934    772
   935    772
   936    772
   928    773
   929    773
   930    773
   931    773
   932    773
   933    773
   934    773
   935    773
   936    773
   928    774
   929    774
   930    774
   931    774
   932    774
   933    774
   934    774
   935    774
   936    774
   937    774
   928    775
   929    775
   930    775
   931    775
   932    775
   933    775
   934    775
   935    775
   936    775
   937    775
   928    776
   929    776
   930    776
   931    776
   932    776
   933    776
   934    776
   935    776
   936    776
   937    776
   928    777
   929    777
   930    777
   931    777
   932    777
   933    777
   934    777
   935    777
   936    777
   937    777
   928    778
   929    778
   930    778
   931    778
   932    778
   933    778
   934    778
   935    778
   936    778
   937    778
   938    778
   928    779
   929    779
   930    779
   931    779
   932    779
   933    779
   934    779
   935    779
   936    779
   937    779
   938    779
   928    780
   929    780
   930    780
   931    780
   932    780
   933    780
   934    780
   935    780
   936    780
   937    780
   928    781
   929    781
   930    781
   931    781
   932    781
   933    781
   934    781
   935    781
   936    781
   937    781
   938    781
   928    782
   929    782
   930    782
   931    782
   932    782
   933    782
   934    782
   935    782
   936    782
   937    782
   928    783
   929    783
   930    783
   931    783
   932    783
   933    783
   934    783
   935    783
   936    783
   937    783
   928    784
   929    784
   930    784
   931    784
   932    784
   933    784
   934    784
   935    784
   936    784
   937    784
   938    784
   928    785
   929    785
   930    785
   931    785
   932    785
   933    785
   934    785
   935    785
   936    785
   937    785
   928    786
   929    786
   930    786
   931    786
   932    786
   933    786
   934    786
   935    786
   936    786
   931    787
   932    787
   933    787
   934    787
   935    787
   936    787
   937    787
   934    788
