  1117    702
  1118    702
  1119    702
  1120    702
  1123    702
  1124    702
  1096    703
  1097    703
  1101    703
  1102    703
  1109    703
  1112    703
  1073    704
  1074    704
  1075    704
  1076    704
  1077    704
  1089    704
  1090    704
  1091    704
  1097    704
  1098    704
  1099    704
  1100    704
  1101    704
  1102    704
  1103    704
  1104    704
  1105    704
  1106    704
  1107    704
  1113    704
  1114    704
  1115    704
  1071    705
  1072    705
  1073    705
  1074    705
  1075    705
  1076    705
  1077    705
  1078    705
  1079    705
  1080    705
  1081    705
  1082    705
  1083    705
  1131    705
  1132    705
  1133    705
  1134    705
  1135    705
  1136    705
  1137    705
  1138    705
  1139    705
  1052    706
  1053    706
  1054    706
  1055    706
  1061    706
  1062    706
  1063    706
  1064    706
  1065    706
  1106    706
  1080    707
  1081    707
  1082    707
  1083    707
  1084    707
  1085    707
  1086    707
  1094    707
  1095    707
  1096    707
  1097    707
  1098    707
  1099    707
  1100    707
  1101    707
  1102    707
  1103    707
  1104    707
  1128    707
  1129    707
  1130    707
  1052    708
  1053    708
  1054    708
  1055    708
  1056    708
  1058    708
  1059    708
  1060    708
  1061    708
  1062    708
  1063    708
  1064    708
  1065    708
  1070    708
  1071    708
  1072    708
  1073    708
  1074    708
  1075    708
  1076    708
  1077    708
  1078    708
  1051    709
  1052    709
  1053    709
  1054    709
  1071    709
  1072    709
  1073    709
  1103    709
  1104    709
  1056    710
  1057    710
  1058    710
  1059    710
  1060    710
  1061    710
  1062    710
  1063    710
  1064    710
  1065    710
  1066    710
  1067    710
  1073    710
  1050    711
  1071    711
  1072    711
  1055    712
  1056    712
  1057    712
  1020    713
  1021    713
  1028    713
  1029    713
  1030    713
  1031    713
  1037    713
  1038    713
  1010    714
  1011    714
  1012    714
  1013    714
  1018    714
  1019    714
  1020    714
  1001    715
  1002    715
   998    716
   999    716
  1010    716
  1012    716
  1013    716
  1021    716
   985    717
   986    717
   987    717
   988    717
   996    717
   997    717
   998    717
   999    717
  1000    717
  1004    717
  1005    717
  1006    717
   977    718
   978    718
   979    718
   986    718
   987    718
   988    718
   989    718
   990    718
   991    718
  1002    718
  1003    718
  1004    718
  1005    718
   969    719
   970    719
   971    719
   972    719
   973    719
   983    719
   984    719
   985    719
   986    719
   987    719
   988    719
   989    719
   990    719
   991    719
   996    719
   997    719
   998    719
   968    720
   969    720
   971    720
   972    720
   973    720
   974    720
   975    720
   976    720
   991    720
   967    721
   968    721
   970    721
   971    721
   972    721
   973    721
   974    721
   975    721
   976    721
   951    722
   952    722
   953    722
   969    722
   970    722
   971    722
   972    722
   973    722
   974    722
   946    723
   947    723
   948    723
   973    723
   974    723
   940    724
   941    724
   942    724
   943    724
   947    724
   948    724
   949    724
   950    724
   951    724
   952    724
   953    724
   941    725
   942    725
   943    725
   944    725
   948    725
   949    725
   950    725
   951    725
   952    725
   953    725
   944    726
   948    726
   949    726
   930    727
   931    727
   932    727
   935    727
   941    727
   942    727
   945    727
   951    727
   952    727
   927    728
   928    728
   929    728
   933    728
   934    728
   948    728
   949    728
   930    729
   931    729
   932    729
   927    730
   928    730
   929    730
   932    731
   933    731
   930    732
   931    732
   932    732
   928    733
   929    733
   930    733
   931    733
   927    734
   928    734
   929    734
   930    734
   931    734
   927    735
   928    735
   929    735
   930    735
   931    735
   932    735
   933    735
   926    736
   927    736
   928    736
   929    736
   930    736
   926    737
   927    737
   928    737
   929    737
   930    737
   926    738
   927    738
   928    738
   929    738
   930    738
   931    738
   926    739
   927    739
   928    739
   929    739
   930    739
   926    740
   927    740
   928    740
   929    740
   930    740
   931    740
   926    741
   927    741
   928    741
   929    741
   930    741
   931    741
   926    742
   927    742
   928    742
   929    742
   930    742
   931    742
   926    743
   927    743
   928    743
   929    743
   930    743
   931    743
   927    744
   928    744
   929    744
   930    744
   931    744
   926    745
   927    745
   928    745
   929    745
   930    745
   931    745
   932    745
   927    746
   928    746
   929    746
   930    746
   931    746
   926    747
   927    747
   928    747
   929    747
   930    747
   931    747
   932    747
   926    748
   927    748
   928    748
   929    748
   930    748
   931    748
   932    748
   926    749
   927    749
   928    749
   929    749
   930    749
   931    749
   932    749
   927    750
   928    750
   929    750
   930    750
   931    750
   932    750
   926    751
   927    751
   928    751
   929    751
   930    751
   931    751
   932    751
   933    751
   927    752
   928    752
   929    752
   930    752
   931    752
   932    752
   933    752
   927    753
   928    753
   929    753
   930    753
   931    753
   932    753
   933    753
   934    753
   927    754
   928    754
   929    754
   930    754
   931    754
   932    754
   933    754
   934    754
   927    755
   928    755
   929    755
   930    755
   931    755
   932    755
   933    755
   934    755
   927    756
   928    756
   929    756
   930    756
   931    756
   932    756
   933    756
   934    756
   935    756
   927    757
   928    757
   929    757
   930    757
   931    757
   932    757
   933    757
   934    757
   927    758
   928    758
   929    758
   930    758
   931    758
   932    758
   933    758
   934    758
   927    759
   928    759
   929    759
   930    759
   931    759
   932    759
   933    759
   934    759
   935    759
   927    760
   928    760
   929    760
   930    760
   931    760
   932    760
   933    760
   934    760
   935    760
   927    761
   928    761
   929    761
   930    761
   931    761
   932    761
   933    761
   934    761
   935    761
   927    762
   928    762
   929    762
   930    762
   931    762
   932    762
   933    762
   934    762
   935    762
   927    763
   928    763
   929    763
   930    763
   931    763
   932    763
   933    763
   934    763
   935    763
   927    764
   928    764
   929    764
   930    764
   931    764
   932    764
   933    764
   934    764
   935    764
   928    765
   929    765
   930    765
   931    765
   932    765
   933    765
   934    765
   935    765
   936    765
   927    766
   928    766
   929    766
   930    766
   931    766
   932    766
   933    766
   934    766
   935    766
   936    766
   928    767
   929    767
   930    767
   931    767
   932    767
   933    767
   934    767
   935    767
   936    767
   928    768
   929    768
   930    768
   931    768
   932    768
   933    768
   934    768
   935    768
   936    768
   927    769
   928    769
   929    769
   930    769
   931    769
   932    769
   933    769
   934    769
   935    769
   936    769
   937    769
   928    770
   929    770
   930    770
   931    770
   932    770
   933    770
   934    770
   935    770
   936    770
   937    770
   928    771
   929    771
   930    771
   931    771
   932    771
   933    771
   934    771
   935    771
   936    771
   928    772
   929    772
   930    772
   931    772
   932    772
   933    772
   934    772
   935    772
   936    772
   937    772
   928    773
   929    773
   930    773
   931    773
   932    773
   933    773
   934    773
   935    773
   936    773
   937    773
   928    774
   929    774
   930    774
   931    774
   932    774
   933    774
   934    774
   935    774
   936    774
   937    774
   928    775
   929    775
   930    775
   931    775
   932    775
   933    775
   934    775
   935    775
   936    775
   937    775
   938    775
   928    776
   929    776
   930    776
   931    776
   932    776
   933    776
   934    776
   935    776
   936    776
   937    776
   938    776
   928    777
   929    777
   930    777
   931    777
   932    777
   933    777
   934    777
   935    777
   936    777
   937    777
   929    778
   930    778
   931    778
   932    778
   933    778
   934    778
   935    778
   936    778
   937    778
   928    779
   929    779
   930    779
   931    779
   932    779
   933    779
   934    779
   935    779
   936    779
   937    779
   929    780
   930    780
   931    780
   932    780
   933    780
   934    780
   935    780
   936    780
   937    780
   928    781
   929    781
   930    781
   931    781
   932    781
   933    781
   934    781
   935    781
   936    781
   937    781
   938    781
   939    781
   928    782
   929    782
   930    782
   931    782
   932    782
   933    782
   934    782
   935    782
   936    782
   937    782
   928    783
   929    783
   930    783
   931    783
   932    783
   933    783
   934    783
   935    783
   936    783
   937    783
   928    784
   929    784
   930    784
   931    784
   932    784
   933    784
   934    784
   935    784
   936    784
   932    785
   933    785
   934    785
   935    785
