  1066    704
  1067    704
  1068    704
  1069    704
  1070    704
  1071    704
  1072    704
  1073    704
  1037    705
  1038    705
  1039    705
  1072    705
  1073    705
  1074    705
  1075    705
  1076    705
  1077    705
  1078    705
  1079    705
  1080    705
  1081    705
  1082    705
  1087    705
  1092    705
  1094    705
  1055    706
  1056    706
  1057    706
  1060    706
  1061    706
  1062    706
  1063    706
  1064    706
  1065    706
  1066    706
  1067    706
  1068    706
  1069    706
  1070    706
  1071    706
  1072    706
  1073    706
  1074    706
  1075    706
  1076    706
  1050    707
  1051    707
  1097    707
  1098    707
  1099    707
  1100    707
  1101    707
  1102    707
   999    708
  1000    708
  1001    708
  1002    708
  1003    708
  1004    708
  1005    708
  1006    708
  1007    708
  1046    708
  1047    708
  1048    708
  1049    708
  1050    708
  1051    708
  1052    708
  1053    708
  1054    708
  1055    708
  1056    708
  1057    708
  1058    708
  1059    708
  1060    708
  1061    708
  1062    708
  1063    708
  1064    708
  1067    708
  1068    708
  1069    708
  1070    708
  1071    708
  1072    708
  1073    708
  1074    708
  1075    708
  1076    708
  1077    708
  1048    709
  1049    709
  1050    709
  1051    709
  1052    709
  1053    709
  1054    709
  1055    709
  1056    709
  1057    709
  1058    709
  1059    709
  1060    709
  1071    709
  1072    709
  1073    709
  1074    709
  1104    709
  1105    709
  1106    709
  1002    710
  1003    710
  1034    710
  1035    710
  1036    710
  1056    710
  1057    710
  1058    710
  1059    710
  1060    710
  1061    710
  1062    710
  1063    710
  1064    710
  1067    710
  1068    710
  1069    710
  1070    710
  1071    710
  1075    710
  1076    710
  1077    710
  1005    711
  1006    711
  1007    711
  1008    711
  1009    711
  1046    711
  1047    711
  1048    711
  1049    711
  1050    711
  1051    711
  1073    711
  1074    711
  1035    712
  1036    712
  1037    712
  1038    712
  1020    713
  1021    713
  1022    713
  1023    713
  1031    713
  1032    713
  1033    713
  1047    713
  1048    713
  1049    713
  1050    713
  1051    713
  1052    713
   989    714
  1012    714
  1013    714
  1014    714
  1015    714
  1016    714
  1017    714
  1018    714
  1019    714
  1024    714
  1025    714
  1026    714
  1037    714
  1038    714
  1039    714
  1004    715
  1005    715
  1006    715
  1017    715
  1018    715
  1019    715
  1032    715
  1033    715
  1034    715
   997    716
   998    716
  1011    716
  1012    716
  1013    716
  1014    716
  1015    716
  1023    716
  1024    716
   998    717
   999    717
  1000    717
  1004    717
  1005    717
  1006    717
  1007    717
  1015    717
  1016    717
  1017    717
  1018    717
  1019    717
   979    718
   980    718
   981    718
   982    718
   983    718
   984    718
   985    718
   986    718
   987    718
   988    718
   989    718
   990    718
   991    718
   992    718
   993    718
  1005    718
  1006    718
   972    719
   973    719
   974    719
   985    719
   986    719
   987    719
   988    719
   989    719
   990    719
   991    719
   992    719
   999    719
  1000    719
  1001    719
   966    720
   967    720
   968    720
   974    720
   975    720
   976    720
   977    720
   990    720
   991    720
   994    720
   995    720
   967    721
   968    721
   969    721
   970    721
   971    721
   972    721
   973    721
   974    721
   975    721
   976    721
   977    721
   978    721
   986    721
   987    721
   988    721
   954    722
   955    722
   966    722
   967    722
   968    722
   969    722
   970    722
   971    722
   972    722
   973    722
   974    722
   975    722
   976    722
   948    723
   949    723
   967    723
   976    723
   977    723
   944    724
   945    724
   946    724
   949    724
   950    724
   971    724
   946    725
   947    725
   949    725
   950    725
   951    725
   946    726
   947    726
   948    726
   949    726
   950    726
   951    726
   952    726
   932    727
   933    727
   934    727
   935    727
   936    727
   943    727
   944    727
   945    727
   946    727
   947    727
   948    727
   928    728
   929    728
   930    728
   931    728
   935    728
   944    728
   945    728
   946    728
   949    728
   950    728
   926    729
   927    729
   932    729
   933    729
   934    729
   946    729
   947    729
   948    729
   929    730
   930    730
   931    730
   932    730
   944    730
   945    730
   946    730
   925    731
   926    731
   927    731
   933    731
   934    731
   945    731
   946    731
   947    731
   932    732
   933    732
   929    733
   930    733
   931    733
   932    733
   928    734
   929    734
   930    734
   931    734
   927    735
   928    735
   929    735
   930    735
   931    735
   932    735
   933    735
   926    736
   927    736
   928    736
   929    736
   930    736
   931    736
   926    737
   927    737
   928    737
   929    737
   930    737
   931    737
   926    738
   927    738
   928    738
   929    738
   930    738
   931    738
   932    738
   926    739
   927    739
   928    739
   929    739
   930    739
   931    739
   926    740
   927    740
   928    740
   929    740
   930    740
   931    740
   926    741
   927    741
   928    741
   929    741
   930    741
   931    741
   932    741
   925    742
   926    742
   927    742
   928    742
   929    742
   930    742
   931    742
   932    742
   926    743
   927    743
   928    743
   929    743
   930    743
   931    743
   932    743
   926    744
   927    744
   928    744
   929    744
   930    744
   931    744
   932    744
   926    745
   927    745
   928    745
   929    745
   930    745
   931    745
   932    745
   926    746
   927    746
   928    746
   929    746
   930    746
   931    746
   932    746
   926    747
   927    747
   928    747
   929    747
   930    747
   931    747
   932    747
   926    748
   927    748
   928    748
   929    748
   930    748
   931    748
   932    748
   926    749
   927    749
   928    749
   929    749
   930    749
   931    749
   932    749
   927    750
   928    750
   929    750
   930    750
   931    750
   932    750
   926    751
   927    751
   928    751
   929    751
   930    751
   931    751
   932    751
   933    751
   926    752
   927    752
   928    752
   929    752
   930    752
   931    752
   932    752
   933    752
   934    752
   926    753
   927    753
   928    753
   929    753
   930    753
   931    753
   932    753
   933    753
   934    753
   927    754
   928    754
   929    754
   930    754
   931    754
   932    754
   933    754
   934    754
   926    755
   927    755
   928    755
   929    755
   930    755
   931    755
   932    755
   933    755
   934    755
   927    756
   928    756
   929    756
   930    756
   931    756
   932    756
   933    756
   934    756
   935    756
   927    757
   928    757
   929    757
   930    757
   931    757
   932    757
   933    757
   934    757
   935    757
   927    758
   928    758
   929    758
   930    758
   931    758
   932    758
   933    758
   934    758
   927    759
   928    759
   929    759
   930    759
   931    759
   932    759
   933    759
   934    759
   927    760
   928    760
   929    760
   930    760
   931    760
   932    760
   933    760
   934    760
   927    761
   928    761
   929    761
   930    761
   931    761
   932    761
   933    761
   934    761
   935    761
   927    762
   928    762
   929    762
   930    762
   931    762
   932    762
   933    762
   934    762
   935    762
   928    763
   929    763
   930    763
   931    763
   932    763
   933    763
   934    763
   935    763
   927    764
   928    764
   929    764
   930    764
   931    764
   932    764
   933    764
   934    764
   935    764
   927    765
   928    765
   929    765
   930    765
   931    765
   932    765
   933    765
   934    765
   935    765
   928    766
   929    766
   930    766
   931    766
   932    766
   933    766
   934    766
   935    766
   928    767
   929    767
   930    767
   931    767
   932    767
   933    767
   934    767
   935    767
   936    767
   928    768
   929    768
   930    768
   931    768
   932    768
   933    768
   934    768
   935    768
   936    768
   927    769
   928    769
   929    769
   930    769
   931    769
   932    769
   933    769
   934    769
   935    769
   936    769
   928    770
   929    770
   930    770
   931    770
   932    770
   933    770
   934    770
   935    770
   936    770
   928    771
   929    771
   930    771
   931    771
   932    771
   933    771
   934    771
   935    771
   936    771
   928    772
   929    772
   930    772
   931    772
   932    772
   933    772
   934    772
   935    772
   936    772
   937    772
   928    773
   929    773
   930    773
   931    773
   932    773
   933    773
   934    773
   935    773
   936    773
   928    774
   929    774
   930    774
   931    774
   932    774
   933    774
   934    774
   935    774
   936    774
   937    774
   928    775
   929    775
   930    775
   931    775
   932    775
   933    775
   934    775
   935    775
   936    775
   937    775
   928    776
   929    776
   930    776
   931    776
   932    776
   933    776
   934    776
   935    776
   936    776
   937    776
   928    777
   929    777
   930    777
   931    777
   932    777
   933    777
   934    777
   935    777
   936    777
   937    777
   929    778
   930    778
   931    778
   932    778
   933    778
   934    778
   935    778
   936    778
   937    778
   928    779
   929    779
   930    779
   931    779
   932    779
   933    779
   934    779
   935    779
   936    779
   937    779
   928    780
   929    780
   930    780
   931    780
   932    780
   933    780
   934    780
   935    780
   936    780
   937    780
   928    781
   929    781
   930    781
   931    781
   932    781
   933    781
   934    781
   935    781
   936    781
   937    781
   928    782
   929    782
   930    782
   931    782
   932    782
   933    782
   934    782
   935    782
   936    782
   937    782
   929    783
   930    783
   931    783
   932    783
   933    783
   934    783
   935    783
   936    783
   929    784
   930    784
   931    784
   932    784
   933    784
   934    784
   935    784
