  1125    702
  1126    702
  1127    702
  1128    702
  1129    702
  1105    703
  1106    703
  1107    703
  1108    703
  1109    703
  1107    704
  1108    704
  1109    704
  1110    704
  1111    704
  1112    704
  1113    704
  1122    704
  1123    704
  1124    704
  1125    704
  1126    704
  1127    704
  1077    705
  1078    705
  1079    705
  1080    705
  1081    705
  1082    705
  1083    705
  1084    705
  1085    705
  1086    705
  1087    705
  1088    705
  1089    705
  1090    705
  1091    705
  1092    705
  1093    705
  1094    705
  1095    705
  1096    705
  1097    705
  1100    705
  1101    705
  1102    705
  1103    705
  1071    706
  1072    706
  1073    706
  1077    706
  1078    706
  1079    706
  1090    706
  1091    706
   992    707
   993    707
  1027    707
  1028    707
  1029    707
  1030    707
  1031    707
  1081    707
  1096    707
  1101    707
  1102    707
  1103    707
  1104    707
  1105    707
  1106    707
  1107    707
  1108    707
   991    708
   992    708
   993    708
   994    708
   995    708
   996    708
   997    708
   998    708
   999    708
  1000    708
  1001    708
  1008    708
  1009    708
  1011    708
  1012    708
  1013    708
  1049    708
  1050    708
  1051    708
  1052    708
  1057    708
  1058    708
  1059    708
  1060    708
  1061    708
  1062    708
  1063    708
  1064    708
  1071    708
  1072    708
  1073    708
  1074    708
  1075    708
  1076    708
  1077    708
  1078    708
  1079    708
  1080    708
  1081    708
  1082    708
  1083    708
  1084    708
  1085    708
  1086    708
  1087    708
  1088    708
  1089    708
  1090    708
  1091    708
  1092    708
  1093    708
  1094    708
  1095    708
  1096    708
  1097    708
  1116    708
  1117    708
  1118    708
   992    709
   993    709
   994    709
  1032    709
  1033    709
  1048    709
  1049    709
  1050    709
  1051    709
  1052    709
  1053    709
  1054    709
  1055    709
  1056    709
  1057    709
  1058    709
  1059    709
  1063    709
  1064    709
  1065    709
  1066    709
  1073    709
  1074    709
  1075    709
  1076    709
  1077    709
  1078    709
  1103    709
  1104    709
  1105    709
  1106    709
  1107    709
  1108    709
  1109    709
  1110    709
  1111    709
   993    710
   994    710
   995    710
   996    710
   999    710
  1000    710
  1001    710
  1002    710
  1004    710
  1005    710
  1006    710
  1007    710
  1008    710
  1009    710
  1010    710
  1031    710
  1032    710
  1033    710
  1034    710
  1035    710
  1072    710
  1073    710
  1074    710
  1076    710
  1077    710
  1078    710
  1079    710
  1080    710
  1081    710
  1082    710
  1083    710
  1084    710
  1085    710
  1088    710
  1089    710
  1090    710
  1091    710
  1092    710
  1009    711
  1010    711
  1011    711
  1012    711
  1013    711
  1014    711
  1015    711
  1016    711
  1017    711
  1018    711
  1019    711
  1048    711
  1049    711
  1050    711
  1051    711
  1052    711
  1053    711
  1054    711
  1055    711
  1037    712
  1038    712
  1039    712
  1053    712
  1054    712
  1067    712
  1068    712
  1034    713
  1035    713
  1036    713
  1037    713
  1052    713
  1053    713
  1054    713
  1055    713
  1056    713
  1057    713
  1016    714
  1017    714
  1018    714
  1019    714
  1020    714
  1021    714
  1026    714
  1027    714
  1007    715
  1008    715
  1009    715
  1034    715
  1035    715
  1036    715
  1037    715
  1000    716
  1001    716
  1000    717
  1001    717
  1006    717
  1007    717
  1008    717
  1009    717
  1010    717
  1011    717
  1015    717
  1016    717
  1017    717
  1019    717
  1020    717
  1021    717
   983    718
   984    718
   985    718
   986    718
   987    718
   988    718
   989    718
   990    718
   991    718
   997    718
   998    718
   999    718
  1000    718
  1006    718
   976    719
   977    719
   990    719
  1005    719
  1006    719
  1007    719
   968    720
   969    720
   970    720
   971    720
   972    720
   973    720
   974    720
   968    721
   969    721
   970    721
   971    721
   972    721
   973    721
   974    721
   975    721
   976    721
   944    722
   956    722
   957    722
   958    722
   959    722
   968    722
   969    722
   970    722
   971    722
   972    722
   973    722
   974    722
   975    722
   952    723
   953    723
   968    723
   969    723
   970    723
   971    723
   972    723
   946    724
   947    724
   948    724
   949    724
   953    724
   954    724
   955    724
   943    725
   944    725
   945    725
   947    725
   948    725
   949    725
   950    725
   954    725
   955    725
   943    726
   944    726
   945    726
   948    726
   949    726
   950    726
   954    726
   955    726
   945    727
   946    727
   947    727
   948    727
   949    727
   950    727
   951    727
   931    728
   932    728
   943    728
   946    728
   947    728
   953    728
   928    729
   929    729
   930    729
   944    729
   945    729
   950    729
   931    730
   932    730
   933    730
   948    730
   928    731
   929    731
   930    731
   931    731
   935    731
   945    731
   946    731
   933    732
   934    732
   931    733
   932    733
   929    734
   930    734
   931    734
   928    735
   929    735
   930    735
   927    736
   928    736
   929    736
   930    736
   927    737
   928    737
   929    737
   930    737
   926    738
   927    738
   928    738
   929    738
   930    738
   931    738
   926    739
   927    739
   928    739
   929    739
   930    739
   931    739
   926    740
   927    740
   928    740
   929    740
   930    740
   931    740
   926    741
   927    741
   928    741
   929    741
   930    741
   931    741
   925    742
   926    742
   927    742
   928    742
   929    742
   930    742
   931    742
   926    743
   927    743
   928    743
   929    743
   930    743
   931    743
   932    743
   925    744
   926    744
   927    744
   928    744
   929    744
   930    744
   931    744
   932    744
   926    745
   927    745
   928    745
   929    745
   930    745
   931    745
   932    745
   927    746
   928    746
   929    746
   930    746
   931    746
   932    746
   926    747
   927    747
   928    747
   929    747
   930    747
   931    747
   932    747
   927    748
   928    748
   929    748
   930    748
   931    748
   932    748
   926    749
   927    749
   928    749
   929    749
   930    749
   931    749
   932    749
   927    750
   928    750
   929    750
   930    750
   931    750
   932    750
   926    751
   927    751
   928    751
   929    751
   930    751
   931    751
   932    751
   933    751
   927    752
   928    752
   929    752
   930    752
   931    752
   932    752
   933    752
   926    753
   927    753
   928    753
   929    753
   930    753
   931    753
   932    753
   933    753
   934    753
   927    754
   928    754
   929    754
   930    754
   931    754
   932    754
   933    754
   934    754
   926    755
   927    755
   928    755
   929    755
   930    755
   931    755
   932    755
   933    755
   934    755
   927    756
   928    756
   929    756
   930    756
   931    756
   932    756
   933    756
   934    756
   935    756
   927    757
   928    757
   929    757
   930    757
   931    757
   932    757
   933    757
   934    757
   935    757
   927    758
   928    758
   929    758
   930    758
   931    758
   932    758
   933    758
   934    758
   935    758
   927    759
   928    759
   929    759
   930    759
   931    759
   932    759
   933    759
   934    759
   935    759
   927    760
   928    760
   929    760
   930    760
   931    760
   932    760
   933    760
   934    760
   927    761
   928    761
   929    761
   930    761
   931    761
   932    761
   933    761
   934    761
   935    761
   927    762
   928    762
   929    762
   930    762
   931    762
   932    762
   933    762
   934    762
   935    762
   927    763
   928    763
   929    763
   930    763
   931    763
   932    763
   933    763
   934    763
   935    763
   936    763
   927    764
   928    764
   929    764
   930    764
   931    764
   932    764
   933    764
   934    764
   935    764
   927    765
   928    765
   929    765
   930    765
   931    765
   932    765
   933    765
   934    765
   935    765
   936    765
   927    766
   928    766
   929    766
   930    766
   931    766
   932    766
   933    766
   934    766
   935    766
   928    767
   929    767
   930    767
   931    767
   932    767
   933    767
   934    767
   935    767
   936    767
   927    768
   928    768
   929    768
   930    768
   931    768
   932    768
   933    768
   934    768
   935    768
   936    768
   927    769
   928    769
   929    769
   930    769
   931    769
   932    769
   933    769
   934    769
   935    769
   936    769
   928    770
   929    770
   930    770
   931    770
   932    770
   933    770
   934    770
   935    770
   936    770
   927    771
   928    771
   929    771
   930    771
   931    771
   932    771
   933    771
   934    771
   935    771
   936    771
   928    772
   929    772
   930    772
   931    772
   932    772
   933    772
   934    772
   935    772
   936    772
   937    772
   928    773
   929    773
   930    773
   931    773
   932    773
   933    773
   934    773
   935    773
   936    773
   928    774
   929    774
   930    774
   931    774
   932    774
   933    774
   934    774
   935    774
   936    774
   937    774
   928    775
   929    775
   930    775
   931    775
   932    775
   933    775
   934    775
   935    775
   936    775
   937    775
   928    776
   929    776
   930    776
   931    776
   932    776
   933    776
   934    776
   935    776
   936    776
   937    776
   928    777
   929    777
   930    777
   931    777
   932    777
   933    777
   934    777
   935    777
   936    777
   937    777
   929    778
   930    778
   931    778
   932    778
   933    778
   934    778
   935    778
   936    778
   937    778
   928    779
   929    779
   930    779
   931    779
   932    779
   933    779
   934    779
   935    779
   936    779
   937    779
   929    780
   930    780
   931    780
   932    780
   933    780
   934    780
   935    780
   936    780
   937    780
   929    781
   930    781
   931    781
   932    781
   933    781
   934    781
   935    781
   936    781
   937    781
   928    782
   929    782
   930    782
   931    782
   932    782
   933    782
   934    782
   935    782
   936    782
   937    782
   929    783
   930    783
   931    783
   932    783
   933    783
   934    783
   935    783
   936    783
   937    783
   929    784
   930    784
   931    784
   932    784
   933    784
   934    784
   935    784
   936    784
