  1071    704
  1072    704
  1073    704
  1074    704
  1075    704
  1110    704
  1111    704
  1112    704
  1114    704
  1115    704
  1128    704
  1130    704
  1131    704
  1132    704
  1045    705
  1047    705
  1051    705
  1052    705
  1093    705
  1094    705
  1095    705
  1096    705
  1097    705
  1098    705
  1099    705
  1100    705
  1101    705
  1102    705
  1103    705
  1109    705
  1110    705
  1111    705
  1112    705
  1113    705
  1114    705
  1019    706
  1020    706
  1021    706
  1024    706
  1025    706
  1052    706
  1053    706
  1054    706
  1055    706
  1066    706
  1067    706
  1069    706
  1070    706
  1071    706
  1072    706
  1073    706
  1074    706
  1075    706
  1076    706
  1077    706
  1078    706
  1079    706
  1081    706
  1082    706
  1083    706
  1084    706
  1085    706
  1086    706
  1087    706
  1088    706
  1090    706
  1091    706
  1092    706
  1093    706
  1094    706
  1095    706
  1096    706
  1113    706
  1114    706
  1117    706
  1118    706
  1119    706
   976    707
   977    707
   978    707
   979    707
   980    707
   993    707
   994    707
   997    707
   998    707
   999    707
  1000    707
  1002    707
  1041    707
  1042    707
  1043    707
  1044    707
  1045    707
  1046    707
  1047    707
  1048    707
  1049    707
  1050    707
  1051    707
  1052    707
  1053    707
  1054    707
  1055    707
  1056    707
  1073    707
  1074    707
  1075    707
  1081    707
  1082    707
  1083    707
  1103    707
  1104    707
  1105    707
  1106    707
  1107    707
  1108    707
  1109    707
  1111    707
  1112    707
  1113    707
   998    708
   999    708
  1000    708
  1001    708
  1002    708
  1003    708
  1004    708
  1005    708
  1006    708
  1007    708
  1008    708
  1013    708
  1024    708
  1025    708
  1026    708
  1027    708
  1036    708
  1037    708
  1038    708
  1039    708
  1040    708
  1041    708
  1042    708
  1043    708
  1044    708
  1045    708
  1046    708
  1047    708
  1048    708
  1049    708
  1050    708
  1051    708
  1052    708
  1053    708
  1054    708
  1055    708
  1056    708
  1057    708
  1058    708
  1059    708
  1060    708
  1061    708
  1062    708
  1063    708
  1064    708
  1065    708
  1066    708
  1067    708
  1068    708
  1069    708
  1072    708
  1073    708
  1074    708
  1075    708
  1076    708
  1077    708
  1082    708
  1083    708
  1084    708
  1085    708
  1086    708
  1091    708
  1092    708
  1093    708
  1094    708
  1096    708
  1118    708
  1119    708
  1120    708
   974    709
   975    709
   976    709
   995    709
   996    709
   997    709
   998    709
   999    709
  1000    709
  1001    709
  1002    709
  1003    709
  1004    709
  1005    709
  1006    709
  1007    709
  1024    709
  1025    709
  1026    709
  1032    709
  1033    709
  1034    709
  1036    709
  1037    709
  1039    709
  1040    709
  1041    709
  1042    709
  1043    709
  1044    709
  1045    709
  1046    709
  1047    709
  1048    709
  1049    709
  1050    709
  1051    709
  1052    709
  1053    709
  1054    709
  1055    709
  1056    709
  1057    709
  1060    709
  1061    709
  1062    709
  1063    709
  1064    709
  1065    709
  1066    709
  1072    709
  1073    709
  1074    709
  1075    709
  1076    709
  1077    709
  1082    709
  1083    709
  1084    709
  1110    709
  1111    709
  1112    709
  1113    709
   999    710
  1000    710
  1001    710
  1002    710
  1003    710
  1004    710
  1005    710
  1006    710
  1007    710
  1008    710
  1009    710
  1010    710
  1011    710
  1012    710
  1013    710
  1014    710
  1015    710
  1033    710
  1034    710
  1035    710
  1036    710
  1037    710
  1038    710
  1039    710
  1040    710
  1041    710
  1045    710
  1046    710
  1047    710
  1048    710
  1075    710
  1076    710
  1096    710
  1097    710
  1116    710
  1024    711
  1025    711
  1026    711
  1032    711
  1033    711
  1054    711
  1055    711
  1056    711
  1057    711
  1058    711
  1059    711
  1060    711
  1061    711
  1062    711
  1076    711
  1077    711
  1078    711
  1106    711
  1107    711
  1108    711
  1109    711
  1110    711
  1111    711
  1112    711
  1113    711
  1116    711
  1117    711
  1118    711
   998    712
   999    712
  1000    712
  1001    712
  1002    712
  1003    712
  1005    712
  1006    712
  1016    712
  1017    712
  1018    712
  1019    712
  1020    712
  1023    712
  1024    712
  1042    712
  1002    713
  1003    713
  1004    713
  1035    713
  1036    713
  1037    713
  1057    713
  1058    713
  1059    713
  1060    713
  1061    713
  1062    713
  1063    713
  1064    713
  1065    713
   982    714
   983    714
  1018    714
  1019    714
  1021    714
  1022    714
  1023    714
  1025    714
  1026    714
  1027    714
  1030    714
  1031    714
  1032    714
   981    715
   982    715
   983    715
   997    715
   998    715
   999    715
  1011    715
  1012    715
  1013    715
  1014    715
  1018    715
  1019    715
   976    716
   977    716
   978    716
   984    716
   985    716
   994    716
   995    716
   996    716
   997    716
   998    716
  1000    716
  1001    716
  1002    716
  1003    716
  1004    716
  1005    716
  1006    716
  1007    716
  1017    716
  1018    716
  1031    716
   981    717
   982    717
   983    717
   984    717
   985    717
  1000    717
  1001    717
  1002    717
  1003    717
  1004    717
  1005    717
  1006    717
  1007    717
  1012    717
  1013    717
  1014    717
  1015    717
  1016    717
  1017    717
  1018    717
  1021    717
  1022    717
  1023    717
  1024    717
  1000    718
  1001    718
  1002    718
  1003    718
  1004    718
  1005    718
  1006    718
  1007    718
  1008    718
  1016    718
  1017    718
   979    719
   980    719
   981    719
   982    719
   983    719
   984    719
   985    719
   987    719
   988    719
   989    719
   990    719
   991    719
   992    719
  1004    719
  1005    719
  1006    719
  1007    719
  1008    719
  1009    719
  1010    719
   966    720
   967    720
   968    720
   971    720
   972    720
   973    720
   974    720
   975    720
   976    720
   979    720
   980    720
   981    720
   982    720
   983    720
   984    720
   985    720
   986    720
   987    720
   988    720
   989    720
   990    720
   991    720
   992    720
   999    720
  1000    720
  1001    720
  1002    720
  1003    720
   963    721
   964    721
   965    721
   967    721
   968    721
   969    721
   970    721
   971    721
   972    721
   973    721
   974    721
   975    721
   976    721
   977    721
   978    721
   979    721
   980    721
   982    721
   983    721
   984    721
   985    721
   986    721
   987    721
   988    721
   992    721
   993    721
   994    721
   995    721
   968    722
   969    722
   970    722
   971    722
   972    722
   973    722
   974    722
   975    722
   976    722
   977    722
   978    722
   979    722
   985    722
   986    722
   987    722
   988    722
   989    722
   990    722
   953    723
   954    723
   955    723
   956    723
   965    723
   966    723
   967    723
   968    723
   969    723
   970    723
   971    723
   972    723
   973    723
   974    723
   975    723
   976    723
   977    723
   978    723
   979    723
   948    724
   949    724
   950    724
   951    724
   952    724
   968    724
   969    724
   970    724
   975    724
   976    724
   977    724
   980    724
   981    724
   982    724
   983    724
   984    724
   944    725
   945    725
   946    725
   947    725
   950    725
   951    725
   952    725
   956    725
   965    725
   966    725
   946    726
   947    726
   948    726
   951    726
   952    726
   953    726
   954    726
   942    727
   943    727
   944    727
   948    727
   949    727
   950    727
   951    727
   952    727
   953    727
   954    727
   934    728
   935    728
   944    728
   945    728
   946    728
   947    728
   948    728
   949    728
   950    728
   923    729
   924    729
   930    729
   931    729
   945    729
   946    729
   947    729
   951    729
   952    729
   953    729
   927    730
   928    730
   929    730
   933    730
   934    730
   935    730
   944    730
   945    730
   948    730
   949    730
   950    730
   955    730
   930    731
   931    731
   932    731
   933    731
   946    731
   947    731
   952    731
   953    731
   927    732
   928    732
   929    732
   930    732
   945    732
   946    732
   932    733
   933    733
   934    733
   930    734
   931    734
   932    734
   928    735
   929    735
   930    735
   931    735
   928    736
   929    736
   930    736
   927    737
   928    737
   929    737
   930    737
   926    738
   927    738
   928    738
   929    738
   930    738
   931    738
   926    739
   927    739
   928    739
   929    739
   930    739
   931    739
   926    740
   927    740
   928    740
   929    740
   930    740
   931    740
   926    741
   927    741
   928    741
   929    741
   930    741
   925    742
   926    742
   927    742
   928    742
   929    742
   930    742
   931    742
   926    743
   927    743
   928    743
   929    743
   930    743
   931    743
   932    743
   925    744
   926    744
   927    744
   928    744
   929    744
   930    744
   931    744
   932    744
   926    745
   927    745
   928    745
   929    745
   930    745
   931    745
   932    745
   933    745
   926    746
   927    746
   928    746
   929    746
   930    746
   931    746
   932    746
   933    746
   926    747
   927    747
   928    747
   929    747
   930    747
   931    747
   932    747
   933    747
   926    748
   927    748
   928    748
   929    748
   930    748
   931    748
   932    748
   926    749
   927    749
   928    749
   929    749
   930    749
   931    749
   932    749
   933    749
   926    750
   927    750
   928    750
   929    750
   930    750
   931    750
   932    750
   933    750
   926    751
   927    751
   928    751
   929    751
   930    751
   931    751
   932    751
   933    751
   926    752
   927    752
   928    752
   929    752
   930    752
   931    752
   932    752
   933    752
   926    753
   927    753
   928    753
   929    753
   930    753
   931    753
   932    753
   933    753
   934    753
   927    754
   928    754
   929    754
   930    754
   931    754
   932    754
   933    754
   934    754
   926    755
   927    755
   928    755
   929    755
   930    755
   931    755
   932    755
   933    755
   934    755
   926    756
   927    756
   928    756
   929    756
   930    756
   931    756
   932    756
   933    756
   934    756
   926    757
   927    757
   928    757
   929    757
   930    757
   931    757
   932    757
   933    757
   934    757
   935    757
   927    758
   928    758
   929    758
   930    758
   931    758
   932    758
   933    758
   934    758
   926    759
   927    759
   928    759
   929    759
   930    759
   931    759
   932    759
   933    759
   934    759
   935    759
   927    760
   928    760
   929    760
   930    760
   931    760
   932    760
   933    760
   934    760
   935    760
   927    761
   928    761
   929    761
   930    761
   931    761
   932    761
   933    761
   934    761
   935    761
   927    762
   928    762
   929    762
   930    762
   931    762
   932    762
   933    762
   934    762
   935    762
   927    763
   928    763
   929    763
   930    763
   931    763
   932    763
   933    763
   934    763
   935    763
   927    764
   928    764
   929    764
   930    764
   931    764
   932    764
   933    764
   934    764
   935    764
   927    765
   928    765
   929    765
   930    765
   931    765
   932    765
   933    765
   934    765
   935    765
   927    766
   928    766
   929    766
   930    766
   931    766
   932    766
   933    766
   934    766
   935    766
   927    767
   928    767
   929    767
   930    767
   931    767
   932    767
   933    767
   934    767
   935    767
   936    767
   927    768
   928    768
   929    768
   930    768
   931    768
   932    768
   933    768
   934    768
   935    768
   936    768
   927    769
   928    769
   929    769
   930    769
   931    769
   932    769
   933    769
   934    769
   935    769
   936    769
   937    769
   928    770
   929    770
   930    770
   931    770
   932    770
   933    770
   934    770
   935    770
   936    770
   927    771
   928    771
   929    771
   930    771
   931    771
   932    771
   933    771
   934    771
   935    771
   936    771
   928    772
   929    772
   930    772
   931    772
   932    772
   933    772
   934    772
   935    772
   936    772
   937    772
   928    773
   929    773
   930    773
   931    773
   932    773
   933    773
   934    773
   935    773
   936    773
   937    773
   928    774
   929    774
   930    774
   931    774
   932    774
   933    774
   934    774
   935    774
   936    774
   937    774
   928    775
   929    775
   930    775
   931    775
   932    775
   933    775
   934    775
   935    775
   936    775
   937    775
   928    776
   929    776
   930    776
   931    776
   932    776
   933    776
   934    776
   935    776
   936    776
   937    776
   938    776
   928    777
   929    777
   930    777
   931    777
   932    777
   933    777
   934    777
   935    777
   936    777
   937    777
   938    777
   928    778
   929    778
   930    778
   931    778
   932    778
   933    778
   934    778
   935    778
   936    778
   937    778
   928    779
   929    779
   930    779
   931    779
   932    779
   933    779
   934    779
   935    779
   936    779
   937    779
   938    779
   929    780
   930    780
   931    780
   932    780
   933    780
   934    780
   935    780
   936    780
   937    780
   938    780
   929    781
   930    781
   931    781
   932    781
   933    781
   934    781
   935    781
   936    781
   937    781
   938    781
   928    782
   929    782
   930    782
   931    782
   932    782
   933    782
   934    782
   935    782
   936    782
   937    782
   938    782
   929    783
   930    783
   931    783
   932    783
   933    783
   934    783
   935    783
   936    783
   937    783
   938    783
   929    784
   930    784
   931    784
   932    784
   933    784
   934    784
   935    784
   936    784
   937    784
   938    784
   929    785
   930    785
   931    785
   932    785
   933    785
   934    785
   935    785
   936    785
   937    785
   929    786
   930    786
   931    786
   932    786
   933    786
   934    786
   935    786
   936    786
   937    786
   933    787
   934    787
   935    787
   936    787
   937    787
