  1120    703
  1077    704
  1078    704
  1102    704
  1103    704
  1118    704
  1119    704
  1120    704
  1121    704
  1122    704
  1123    704
  1056    705
  1057    705
  1058    705
  1099    705
  1100    705
  1101    705
  1102    705
  1103    705
  1104    705
  1065    706
  1066    706
  1067    706
  1068    706
  1109    707
  1111    707
  1112    707
  1113    707
  1114    707
  1115    707
  1116    707
  1117    707
  1118    707
  1078    708
  1079    708
  1090    708
  1091    708
  1092    708
  1093    708
  1094    708
  1095    708
  1097    708
  1098    708
  1099    708
  1100    708
  1102    708
  1103    708
  1104    708
  1105    708
  1051    709
  1052    709
  1053    709
  1054    709
  1055    709
  1056    709
  1057    709
  1058    709
  1076    709
  1077    709
  1078    709
  1079    709
  1116    709
  1117    709
  1118    709
  1119    709
  1048    710
  1049    710
  1050    710
  1051    710
  1052    710
  1053    710
  1059    711
  1060    711
  1061    711
  1062    711
  1063    711
  1064    711
  1065    711
  1066    711
  1067    711
  1068    711
  1069    711
  1070    711
  1071    711
  1064    712
  1076    712
  1077    712
  1038    713
  1039    713
  1040    713
  1041    713
  1060    713
  1061    713
  1062    713
  1063    713
  1064    713
  1065    713
  1066    713
  1067    713
  1035    714
  1036    714
  1037    714
  1044    714
  1045    714
  1015    715
  1016    715
  1017    715
  1018    715
  1019    715
  1020    715
  1027    715
  1028    715
  1029    715
  1030    715
  1031    715
  1032    715
  1033    715
  1042    715
  1043    715
   998    716
   999    716
  1009    716
  1010    716
  1036    716
  1037    716
  1002    717
  1003    717
  1004    717
  1005    717
  1006    717
  1007    717
  1016    717
  1017    717
  1018    717
  1026    717
  1027    717
  1028    717
  1029    717
  1030    717
  1003    718
  1004    718
  1005    718
  1006    718
  1007    718
  1008    718
  1009    718
  1010    718
  1011    718
  1012    718
   987    719
   988    719
   989    719
   990    719
   991    719
   992    719
   993    719
   994    719
   996    719
   997    719
   998    719
   999    719
  1000    719
  1001    719
  1002    719
  1003    719
  1004    719
  1005    719
  1006    719
  1007    719
  1008    719
  1009    719
  1010    719
   974    720
   975    720
   976    720
   977    720
   978    720
   979    720
   980    720
   981    720
   982    720
   987    720
   988    720
   989    720
   990    720
   991    720
   992    720
  1005    720
  1006    720
  1007    720
   971    721
   972    721
   973    721
   974    721
   975    721
   976    721
   977    721
   978    721
   979    721
   980    721
   981    721
   982    721
   988    721
   989    721
   990    721
   991    721
   997    721
   998    721
   999    721
  1000    721
   969    722
   970    722
   971    722
   972    722
   973    722
   974    722
   975    722
   976    722
   977    722
   978    722
   982    722
   983    722
   984    722
   986    722
   987    722
   991    722
   992    722
   993    722
   969    723
   970    723
   971    723
   972    723
   973    723
   974    723
   975    723
   976    723
   977    723
   978    723
   969    724
   970    724
   971    724
   972    724
   973    724
   974    724
   975    724
   976    724
   978    724
   979    724
   948    725
   949    725
   950    725
   951    725
   955    725
   968    725
   969    725
   945    726
   946    726
   947    726
   948    726
   949    726
   950    726
   951    726
   952    726
   945    727
   946    727
   947    727
   948    727
   952    727
   953    727
   954    727
   948    728
   949    728
   950    728
   951    728
   952    728
   953    728
   933    729
   934    729
   935    729
   944    729
   945    729
   946    729
   948    729
   949    729
   930    730
   931    730
   932    730
   945    730
   946    730
   947    730
   952    730
   953    730
   954    730
   927    731
   928    731
   929    731
   930    731
   932    731
   933    731
   934    731
   949    731
   950    731
   951    731
   930    732
   931    732
   932    732
   947    732
   948    732
   949    732
   952    732
   953    732
   954    732
   927    733
   928    733
   929    733
   930    733
   950    733
   951    733
   952    733
   933    734
   934    734
   931    735
   932    735
   933    735
   929    736
   930    736
   931    736
   928    737
   929    737
   930    737
   931    737
   928    738
   929    738
   930    738
   931    738
   927    739
   928    739
   929    739
   930    739
   931    739
   926    740
   927    740
   928    740
   929    740
   930    740
   931    740
   926    741
   927    741
   928    741
   929    741
   930    741
   931    741
   932    741
   926    742
   927    742
   928    742
   929    742
   930    742
   931    742
   926    743
   927    743
   928    743
   929    743
   930    743
   931    743
   932    743
   926    744
   927    744
   928    744
   929    744
   930    744
   931    744
   926    745
   927    745
   928    745
   929    745
   930    745
   931    745
   932    745
   926    746
   927    746
   928    746
   931    746
   932    746
   926    747
   927    747
   928    747
   929    747
   930    747
   931    747
   932    747
   933    747
   926    748
   927    748
   928    748
   929    748
   930    748
   931    748
   932    748
   933    748
   926    749
   927    749
   928    749
   929    749
   930    749
   931    749
   932    749
   933    749
   934    749
   927    750
   928    750
   929    750
   930    750
   931    750
   932    750
   933    750
   926    751
   927    751
   928    751
   929    751
   930    751
   931    751
   932    751
   933    751
   927    752
   928    752
   929    752
   930    752
   931    752
   932    752
   933    752
   926    753
   927    753
   928    753
   929    753
   930    753
   931    753
   932    753
   933    753
   927    754
   928    754
   929    754
   930    754
   931    754
   932    754
   933    754
   926    755
   927    755
   928    755
   929    755
   930    755
   931    755
   932    755
   933    755
   934    755
   927    756
   928    756
   929    756
   930    756
   931    756
   932    756
   933    756
   934    756
   927    757
   928    757
   929    757
   930    757
   931    757
   932    757
   933    757
   934    757
   927    758
   928    758
   929    758
   930    758
   931    758
   932    758
   933    758
   934    758
   927    759
   928    759
   929    759
   930    759
   931    759
   932    759
   933    759
   934    759
   927    760
   928    760
   929    760
   930    760
   931    760
   932    760
   933    760
   934    760
   927    761
   928    761
   929    761
   930    761
   931    761
   932    761
   933    761
   934    761
   935    761
   927    762
   928    762
   929    762
   930    762
   931    762
   932    762
   933    762
   934    762
   935    762
   927    763
   928    763
   929    763
   930    763
   931    763
   932    763
   933    763
   934    763
   935    763
   927    764
   928    764
   929    764
   930    764
   931    764
   932    764
   933    764
   934    764
   935    764
   927    765
   928    765
   929    765
   930    765
   931    765
   932    765
   933    765
   934    765
   935    765
   927    766
   928    766
   929    766
   930    766
   931    766
   932    766
   933    766
   934    766
   935    766
   928    767
   929    767
   930    767
   931    767
   932    767
   933    767
   934    767
   935    767
   927    768
   928    768
   929    768
   930    768
   931    768
   932    768
   933    768
   934    768
   935    768
   927    769
   928    769
   929    769
   930    769
   931    769
   932    769
   933    769
   934    769
   935    769
   936    769
   928    770
   929    770
   930    770
   931    770
   932    770
   933    770
   934    770
   935    770
   936    770
   927    771
   928    771
   929    771
   930    771
   931    771
   932    771
   933    771
   934    771
   935    771
   936    771
   928    772
   929    772
   930    772
   931    772
   932    772
   933    772
   934    772
   935    772
   936    772
   928    773
   929    773
   930    773
   931    773
   932    773
   933    773
   934    773
   935    773
   936    773
   928    774
   929    774
   930    774
   931    774
   932    774
   933    774
   934    774
   935    774
   936    774
   928    775
   929    775
   930    775
   931    775
   932    775
   933    775
   934    775
   935    775
   936    775
   928    776
   929    776
   930    776
   931    776
   932    776
   933    776
   934    776
   935    776
   936    776
   937    776
   928    777
   929    777
   930    777
   931    777
   932    777
   933    777
   934    777
   935    777
   936    777
   937    777
   928    778
   929    778
   930    778
   931    778
   932    778
   933    778
   934    778
   935    778
   936    778
   937    778
   938    778
   928    779
   929    779
   930    779
   931    779
   932    779
   933    779
   934    779
   935    779
   936    779
   937    779
   938    779
   928    780
   929    780
   930    780
   931    780
   932    780
   933    780
   934    780
   935    780
   936    780
   937    780
   938    780
   928    781
   929    781
   930    781
   931    781
   932    781
   933    781
   934    781
   935    781
   936    781
   937    781
   938    781
   939    781
   928    782
   929    782
   930    782
   931    782
   932    782
   933    782
   934    782
   935    782
   936    782
   937    782
   938    782
   939    782
   928    783
   929    783
   930    783
   931    783
   932    783
   933    783
   934    783
   935    783
   936    783
   937    783
   938    783
   928    784
   929    784
   930    784
   931    784
   932    784
   933    784
   934    784
   935    784
   936    784
   937    784
   938    784
   929    785
   930    785
   931    785
   932    785
   933    785
   934    785
   935    785
   936    785
   937    785
   938    785
   929    786
   930    786
   931    786
   932    786
   933    786
   934    786
   935    786
   936    786
   937    786
   938    786
   930    787
   931    787
   932    787
   933    787
   934    787
   935    787
   936    787
   937    787
   938    787
   931    788
   932    788
   933    788
   934    788
   935    788
   936    788
   937    788
