  1079    704
  1080    704
  1081    704
  1082    704
  1083    704
  1084    704
  1085    704
  1086    704
  1116    704
  1117    704
  1118    704
  1119    704
  1120    704
  1080    705
  1081    705
  1082    705
  1083    705
  1084    705
  1089    705
  1091    705
  1092    705
  1093    705
  1094    705
  1095    705
  1096    705
  1097    705
  1098    705
  1099    705
  1100    705
  1101    705
  1102    705
  1103    705
  1104    705
  1105    705
  1106    705
  1107    705
  1108    705
  1109    705
  1110    705
  1111    705
  1112    705
  1113    705
  1114    705
  1115    705
  1116    705
  1065    706
  1068    706
  1071    706
  1072    706
  1073    706
  1074    706
  1075    706
  1076    706
  1077    706
  1078    706
  1079    706
  1080    706
  1081    706
  1082    706
  1083    706
  1084    706
  1085    706
  1086    706
  1087    706
  1088    706
  1089    706
  1092    706
  1093    706
  1094    706
  1108    707
  1109    707
  1110    707
  1111    707
  1112    707
  1113    707
  1114    707
  1115    707
  1116    707
  1089    708
  1090    708
  1091    708
  1092    708
  1093    708
  1094    708
  1105    708
  1106    708
  1107    708
  1108    708
  1109    708
  1110    708
  1111    708
  1112    708
  1113    708
  1114    708
  1115    708
  1116    708
  1117    708
  1118    708
  1052    709
  1053    709
  1054    709
  1055    709
  1056    709
  1057    709
  1058    709
  1059    709
  1092    709
  1093    709
  1094    709
  1095    709
  1096    709
  1097    709
  1026    710
  1027    710
  1028    710
  1029    710
  1030    710
  1031    710
  1032    710
  1049    710
  1050    710
  1051    710
  1052    710
  1053    710
  1054    710
  1055    710
  1056    710
  1057    710
  1058    710
  1059    710
  1060    710
  1061    710
  1062    710
  1063    710
  1080    710
  1108    710
  1109    710
  1076    711
  1077    711
  1078    711
  1082    711
  1051    712
  1052    712
  1053    712
  1054    712
  1055    712
  1056    712
  1057    712
  1058    712
  1059    712
  1060    712
  1042    713
  1043    713
  1044    713
  1045    713
  1068    713
  1069    713
  1070    713
  1071    713
  1072    713
  1039    714
  1040    714
  1049    714
  1050    714
  1052    714
  1053    714
  1054    714
  1058    714
  1059    714
  1060    714
  1019    715
  1020    715
  1021    715
  1022    715
  1023    715
  1024    715
  1025    715
  1026    715
  1027    715
  1028    715
  1029    715
  1030    715
  1031    715
  1032    715
  1033    715
  1043    715
  1044    715
  1045    715
  1014    716
  1015    716
  1016    716
  1042    716
  1043    716
  1044    716
  1004    717
  1005    717
  1006    717
  1031    717
  1032    717
  1033    717
  1003    718
  1004    718
  1005    718
  1006    718
  1007    718
  1015    718
  1016    718
  1017    718
  1018    718
  1019    718
  1020    718
  1024    718
  1025    718
  1026    718
  1002    719
  1003    719
  1004    719
  1005    719
  1006    719
  1007    719
  1008    719
   982    720
   983    720
   984    720
   985    720
   986    720
   987    720
   988    720
   989    720
   990    720
   991    720
   976    721
   977    721
   978    721
   982    721
   983    721
   984    721
   985    721
   986    721
   987    721
   988    721
   989    721
   990    721
   991    721
   992    721
   993    721
   994    721
  1003    721
  1004    721
  1005    721
   978    722
   979    722
   980    722
   981    722
   988    722
   989    722
   999    722
   973    723
   974    723
   975    723
   976    723
   977    723
   981    723
   982    723
   983    723
   987    723
   988    723
   989    723
   992    723
   993    723
   948    724
   949    724
   972    724
   973    724
   974    724
   975    724
   976    724
   977    724
   978    724
   979    724
   952    725
   953    725
   954    725
   969    725
   970    725
   971    725
   972    725
   973    725
   974    725
   975    725
   948    726
   949    726
   950    726
   954    726
   955    726
   945    727
   946    727
   947    727
   948    727
   949    727
   950    727
   951    727
   955    727
   956    727
   957    727
   944    728
   945    728
   946    728
   947    728
   951    728
   952    728
   953    728
   957    728
   947    729
   948    729
   949    729
   950    729
   951    729
   952    729
   953    729
   933    730
   934    730
   935    730
   936    730
   944    730
   945    730
   946    730
   947    730
   948    730
   949    730
   950    730
   929    731
   930    731
   931    731
   932    731
   933    731
   936    731
   941    731
   942    731
   945    731
   946    731
   947    731
   952    731
   953    731
   954    731
   927    732
   928    732
   929    732
   932    732
   933    732
   934    732
   935    732
   944    732
   945    732
   946    732
   950    732
   951    732
   924    733
   925    733
   926    733
   930    733
   931    733
   932    733
   933    733
   947    733
   948    733
   926    734
   927    734
   928    734
   929    734
   930    734
   935    734
   936    734
   933    735
   934    735
   931    736
   932    736
   929    737
   930    737
   931    737
   928    738
   929    738
   930    738
   927    739
   928    739
   929    739
   930    739
   927    740
   928    740
   929    740
   930    740
   931    740
   926    741
   927    741
   928    741
   929    741
   930    741
   931    741
   926    742
   927    742
   928    742
   929    742
   930    742
   931    742
   926    743
   927    743
   928    743
   929    743
   930    743
   931    743
   926    744
   927    744
   928    744
   929    744
   930    744
   931    744
   926    745
   927    745
   928    745
   929    745
   930    745
   931    745
   932    745
   926    746
   927    746
   928    746
   929    746
   930    746
   931    746
   926    747
   927    747
   928    747
   929    747
   930    747
   931    747
   932    747
   926    749
   927    749
   928    749
   929    749
   930    749
   931    749
   932    749
   926    750
   927    750
   928    750
   929    750
   930    750
   931    750
   926    751
   927    751
   928    751
   929    751
   930    751
   931    751
   932    751
   926    752
   927    752
   928    752
   929    752
   930    752
   931    752
   932    752
   933    752
   926    753
   927    753
   928    753
   929    753
   930    753
   931    753
   932    753
   933    753
   934    753
   926    754
   927    754
   928    754
   929    754
   930    754
   931    754
   932    754
   933    754
   934    754
   935    754
   926    755
   927    755
   928    755
   929    755
   930    755
   931    755
   932    755
   933    755
   934    755
   926    756
   927    756
   928    756
   929    756
   930    756
   931    756
   932    756
   933    756
   934    756
   935    756
   926    757
   927    757
   928    757
   929    757
   930    757
   931    757
   932    757
   933    757
   934    757
   927    758
   928    758
   929    758
   930    758
   931    758
   932    758
   933    758
   934    758
   926    759
   927    759
   928    759
   929    759
   930    759
   931    759
   932    759
   933    759
   934    759
   926    760
   927    760
   928    760
   929    760
   930    760
   931    760
   932    760
   933    760
   934    760
   926    761
   927    761
   928    761
   929    761
   930    761
   931    761
   932    761
   933    761
   934    761
   935    761
   927    762
   928    762
   929    762
   930    762
   931    762
   932    762
   933    762
   934    762
   927    763
   928    763
   929    763
   930    763
   931    763
   932    763
   933    763
   934    763
   927    764
   928    764
   929    764
   930    764
   931    764
   932    764
   933    764
   934    764
   927    765
   928    765
   929    765
   930    765
   931    765
   932    765
   933    765
   934    765
   927    766
   928    766
   929    766
   930    766
   931    766
   932    766
   933    766
   934    766
   935    766
   927    767
   928    767
   929    767
   930    767
   931    767
   932    767
   933    767
   934    767
   935    767
   927    768
   928    768
   929    768
   930    768
   931    768
   932    768
   933    768
   934    768
   935    768
   927    769
   928    769
   929    769
   930    769
   931    769
   932    769
   933    769
   934    769
   935    769
   936    769
   928    770
   929    770
   930    770
   931    770
   932    770
   933    770
   934    770
   935    770
   936    770
   927    771
   928    771
   929    771
   930    771
   931    771
   932    771
   933    771
   934    771
   935    771
   927    772
   928    772
   929    772
   930    772
   931    772
   932    772
   933    772
   934    772
   935    772
   936    772
   927    773
   928    773
   929    773
   930    773
   931    773
   932    773
   933    773
   934    773
   935    773
   936    773
   928    774
   929    774
   930    774
   931    774
   932    774
   933    774
   934    774
   935    774
   936    774
   927    775
   928    775
   929    775
   930    775
   931    775
   932    775
   933    775
   934    775
   935    775
   936    775
   928    776
   929    776
   930    776
   931    776
   932    776
   933    776
   934    776
   935    776
   936    776
   937    776
   928    777
   929    777
   930    777
   931    777
   932    777
   933    777
   934    777
   935    777
   936    777
   937    777
   928    778
   929    778
   930    778
   931    778
   932    778
   933    778
   934    778
   935    778
   936    778
   937    778
   928    779
   929    779
   930    779
   931    779
   932    779
   933    779
   934    779
   935    779
   936    779
   937    779
   928    780
   929    780
   930    780
   931    780
   932    780
   933    780
   934    780
   935    780
   936    780
   937    780
   938    780
   928    781
   929    781
   930    781
   931    781
   932    781
   933    781
   934    781
   935    781
   936    781
   937    781
   938    781
   928    782
   929    782
   930    782
   931    782
   932    782
   933    782
   934    782
   935    782
   936    782
   937    782
   938    782
   928    783
   929    783
   930    783
   931    783
   932    783
   933    783
   934    783
   935    783
   936    783
   937    783
   938    783
   928    784
   929    784
   930    784
   931    784
   932    784
   933    784
   934    784
   935    784
   936    784
   937    784
   938    784
   939    784
   929    785
   930    785
   931    785
   932    785
   933    785
   934    785
   935    785
   936    785
   937    785
   938    785
   939    785
   929    786
   930    786
   931    786
   932    786
   933    786
   934    786
   935    786
   936    786
   937    786
   938    786
   928    787
   929    787
   930    787
   931    787
   932    787
   933    787
   934    787
   935    787
   936    787
   937    787
   938    787
   939    787
   931    788
   932    788
   933    788
   934    788
   935    788
   936    788
   937    788
   938    788
   930    789
   931    789
   932    789
   933    789
   934    789
   935    789
   936    789
   937    789
   938    789
   931    790
   932    790
   933    790
   934    790
   935    790
   936    790
   937    790
   938    790
