   931    730
   932    730
   933    730
   928    731
   929    731
   930    731
   931    731
   926    732
   927    732
   928    732
   932    732
   933    732
   929    733
   930    733
   931    733
   925    734
   926    734
   934    734
   935    734
   932    735
   933    735
   934    735
   930    736
   931    736
   932    736
   929    737
   930    737
   931    737
   928    738
   929    738
   930    738
   931    738
   927    739
   928    739
   929    739
   930    739
   931    739
   927    740
   928    740
   929    740
   930    740
   931    740
   926    741
   927    741
   928    741
   929    741
   930    741
   931    741
   926    742
   927    742
   928    742
   929    742
   930    742
   931    742
   926    743
   927    743
   928    743
   929    743
   930    743
   931    743
   925    744
   926    744
   927    744
   928    744
   929    744
   930    744
   931    744
   927    745
   928    745
   929    745
   930    745
   927    746
   928    746
   929    746
