  1112    703
  1116    703
  1117    703
  1118    703
  1119    703
  1078    704
  1079    704
  1080    704
  1081    704
  1082    704
  1083    704
  1104    704
  1105    704
  1106    704
  1107    704
  1112    704
  1113    704
  1114    704
  1115    704
  1116    704
  1117    704
  1118    704
  1119    704
  1120    704
  1082    705
  1083    705
  1084    705
  1085    705
  1086    705
  1087    705
  1088    705
  1089    705
  1090    705
  1091    705
  1092    705
  1093    705
  1094    705
  1095    705
  1096    705
  1097    705
  1098    705
  1099    705
  1103    705
  1104    705
  1105    705
  1106    705
  1107    705
  1108    705
  1109    705
  1110    705
  1111    705
  1112    705
  1113    705
  1114    705
  1115    705
  1117    705
  1118    705
  1119    705
  1068    706
  1069    706
  1070    706
  1071    706
  1072    706
  1074    706
  1075    706
  1076    706
  1077    706
  1078    706
  1079    706
  1080    706
  1081    706
  1082    706
  1083    706
  1139    706
  1140    706
  1141    706
  1046    707
  1047    707
  1048    707
  1049    707
  1050    707
  1058    707
  1115    707
  1116    707
  1117    707
  1118    707
  1119    707
  1120    707
  1041    708
  1042    708
  1043    708
  1088    708
  1089    708
  1090    708
  1091    708
  1092    708
  1093    708
  1106    708
  1107    708
  1108    708
  1109    708
  1110    708
  1111    708
  1112    708
  1113    708
  1114    708
  1115    708
  1116    708
  1117    708
  1118    708
  1119    708
  1120    708
  1132    708
  1135    708
  1136    708
  1055    709
  1056    709
  1057    709
  1058    709
  1059    709
  1060    709
  1061    709
  1083    709
  1084    709
  1085    709
  1086    709
  1096    709
  1097    709
  1051    710
  1052    710
  1053    710
  1054    710
  1055    710
  1056    710
  1057    710
  1058    710
  1059    710
  1060    710
  1061    710
  1062    710
  1063    710
  1064    710
  1065    710
  1066    710
  1081    710
  1082    710
  1083    710
  1111    710
  1112    710
  1113    710
  1039    711
  1040    711
  1041    711
  1042    711
  1079    711
  1080    711
  1081    711
  1095    711
  1053    712
  1055    712
  1056    712
  1057    712
  1058    712
  1059    712
  1060    712
  1061    712
  1062    712
  1063    712
  1038    713
  1045    713
  1046    713
  1047    713
  1048    713
  1049    713
  1050    713
  1072    713
  1074    713
  1075    713
  1076    713
  1077    713
  1078    713
  1079    713
  1040    714
  1041    714
  1042    714
  1052    714
  1053    714
  1054    714
  1062    714
  1063    714
  1064    714
  1024    715
  1025    715
  1026    715
  1027    715
  1028    715
  1029    715
  1030    715
  1031    715
  1034    715
  1035    715
  1036    715
  1037    715
  1038    715
  1039    715
  1045    715
  1046    715
  1016    716
  1017    716
  1018    716
  1019    716
  1020    716
  1021    716
  1022    716
  1023    716
  1024    716
  1025    716
  1026    716
  1027    716
  1028    716
  1032    716
  1008    717
  1009    717
  1010    717
  1021    717
  1022    717
  1023    717
  1024    717
  1025    717
  1026    717
  1036    717
  1037    717
  1004    718
  1005    718
  1006    718
  1007    718
  1008    718
  1009    718
  1010    718
  1011    718
  1012    718
  1018    718
  1019    718
  1020    718
  1021    718
  1022    718
  1023    718
  1028    718
  1029    718
  1030    718
  1004    719
  1005    719
  1006    719
  1007    719
  1008    719
  1009    719
  1010    719
  1011    719
  1012    719
  1013    719
  1021    719
  1022    719
  1023    719
  1024    719
   986    720
   987    720
   988    720
   989    720
   990    720
   991    720
   992    720
   993    720
   994    720
   995    720
   996    720
   997    720
   998    720
   999    720
  1000    720
  1001    720
   980    721
   981    721
   982    721
   988    721
   989    721
   990    721
   991    721
   992    721
   993    721
   994    721
   995    721
   996    721
   997    721
   998    721
   999    721
  1000    721
  1001    721
  1002    721
  1007    721
   974    722
   975    722
   976    722
   982    722
   983    722
   989    722
   990    722
   991    722
   992    722
   993    722
   994    722
  1002    722
  1003    722
   971    723
   972    723
   973    723
   974    723
   975    723
   976    723
   977    723
   978    723
   979    723
   980    723
   981    723
   985    723
   986    723
   987    723
   988    723
   989    723
   971    724
   972    724
   973    724
   974    724
   975    724
   976    724
   977    724
   978    724
   979    724
   980    724
   981    724
   956    725
   957    725
   968    725
   969    725
   970    725
   971    725
   972    725
   974    725
   976    725
   977    725
   980    725
   981    725
   952    726
   953    726
   973    726
   974    726
   975    726
   979    726
   980    726
   981    726
   946    727
   947    727
   948    727
   949    727
   950    727
   951    727
   952    727
   953    727
   954    727
   969    727
   970    727
   974    727
   975    727
   976    727
   943    728
   944    728
   945    728
   946    728
   947    728
   948    728
   949    728
   950    728
   954    728
   955    728
   956    728
   943    729
   944    729
   945    729
   946    729
   950    729
   951    729
   952    729
   947    730
   948    730
   949    730
   950    730
   951    730
   952    730
   953    730
   943    731
   944    731
   945    731
   946    731
   948    731
   949    731
   929    732
   930    732
   942    732
   946    732
   947    732
   952    732
   953    732
   927    733
   928    733
   932    733
   933    733
   934    733
   944    733
   945    733
   949    733
   950    733
   951    733
   930    734
   931    734
   932    734
   937    734
   938    734
   954    734
   927    735
   928    735
   929    735
   935    735
   936    735
   937    735
   952    735
   933    736
   934    736
   935    736
   931    737
   932    737
   933    737
   930    738
   931    738
   932    738
   928    739
   929    739
   930    739
   931    739
   928    740
   929    740
   930    740
   931    740
   932    740
   927    741
   928    741
   929    741
   930    741
   931    741
   932    741
   927    742
   928    742
   929    742
   930    742
   931    742
   932    742
   926    743
   927    743
   928    743
   929    743
   930    743
   931    743
   932    743
   933    743
   926    744
   927    744
   928    744
   929    744
   930    744
   931    744
   932    744
   926    745
   927    745
   928    745
   929    745
   930    745
   931    745
   932    745
   926    746
   927    746
   928    746
   929    746
   930    746
   931    746
   932    746
   926    747
   927    747
   928    747
   929    747
   930    747
   931    747
   932    747
   926    748
   927    748
   928    748
   929    748
   930    748
   931    748
   932    748
   931    749
   926    750
   927    750
   928    750
   929    750
   930    750
   931    750
   932    750
   926    751
   927    751
   928    751
   929    751
   930    751
   931    751
   932    751
   926    752
   927    752
   928    752
   929    752
   930    752
   931    752
   932    752
   933    752
   926    753
   927    753
   928    753
   929    753
   930    753
   931    753
   932    753
   933    753
   934    753
   927    754
   928    754
   929    754
   930    754
   931    754
   932    754
   933    754
   934    754
   935    754
   926    755
   927    755
   928    755
   929    755
   930    755
   931    755
   932    755
   933    755
   934    755
   926    756
   927    756
   928    756
   929    756
   930    756
   931    756
   932    756
   933    756
   934    756
   926    757
   927    757
   928    757
   929    757
   930    757
   931    757
   932    757
   933    757
   934    757
   927    758
   928    758
   929    758
   930    758
   931    758
   932    758
   933    758
   934    758
   926    759
   927    759
   928    759
   929    759
   930    759
   931    759
   932    759
   933    759
   934    759
   927    760
   928    760
   929    760
   930    760
   931    760
   932    760
   933    760
   934    760
   926    761
   927    761
   928    761
   929    761
   930    761
   931    761
   932    761
   933    761
   934    761
   927    762
   928    762
   929    762
   930    762
   931    762
   932    762
   933    762
   934    762
   926    763
   927    763
   928    763
   929    763
   930    763
   931    763
   932    763
   933    763
   934    763
   927    764
   928    764
   929    764
   930    764
   931    764
   932    764
   933    764
   934    764
   927    765
   928    765
   929    765
   930    765
   931    765
   932    765
   933    765
   934    765
   927    766
   928    766
   929    766
   930    766
   931    766
   932    766
   933    766
   934    766
   927    767
   928    767
   929    767
   930    767
   931    767
   932    767
   933    767
   934    767
   935    767
   927    768
   928    768
   929    768
   930    768
   931    768
   932    768
   933    768
   934    768
   935    768
   927    769
   928    769
   929    769
   930    769
   931    769
   932    769
   933    769
   934    769
   935    769
   936    769
   927    770
   928    770
   929    770
   930    770
   931    770
   932    770
   933    770
   934    770
   935    770
   936    770
   927    771
   928    771
   929    771
   930    771
   931    771
   932    771
   933    771
   934    771
   935    771
   927    772
   928    772
   929    772
   930    772
   931    772
   932    772
   933    772
   934    772
   935    772
   936    772
   927    773
   928    773
   929    773
   930    773
   931    773
   932    773
   933    773
   934    773
   935    773
   936    773
   928    774
   929    774
   930    774
   931    774
   932    774
   933    774
   934    774
   935    774
   936    774
   927    775
   928    775
   929    775
   930    775
   931    775
   932    775
   933    775
   934    775
   935    775
   936    775
   928    776
   929    776
   930    776
   931    776
   932    776
   933    776
   934    776
   935    776
   936    776
   928    777
   929    777
   930    777
   931    777
   932    777
   933    777
   934    777
   935    777
   936    777
   937    777
   928    778
   929    778
   930    778
   931    778
   932    778
   933    778
   934    778
   935    778
   936    778
   937    778
   928    779
   929    779
   930    779
   931    779
   932    779
   933    779
   934    779
   935    779
   936    779
   937    779
   928    780
   929    780
   930    780
   931    780
   932    780
   933    780
   934    780
   935    780
   936    780
   937    780
   928    781
   929    781
   930    781
   931    781
   932    781
   933    781
   934    781
   935    781
   936    781
   937    781
   938    781
   928    782
   929    782
   930    782
   931    782
   932    782
   933    782
   934    782
   935    782
   936    782
   937    782
   938    782
   928    783
   929    783
   930    783
   931    783
   932    783
   933    783
   934    783
   935    783
   936    783
   937    783
   938    783
   928    784
   929    784
   930    784
   931    784
   932    784
   933    784
   934    784
   935    784
   936    784
   937    784
   938    784
   928    785
   929    785
   930    785
   931    785
   932    785
   933    785
   934    785
   935    785
   936    785
   937    785
   938    785
   928    786
   929    786
   930    786
   931    786
   932    786
   933    786
   934    786
   935    786
   936    786
   937    786
   938    786
   928    787
   929    787
   930    787
   931    787
   932    787
   933    787
   934    787
   935    787
   936    787
   937    787
   938    787
   929    788
   930    788
   931    788
   932    788
   933    788
   934    788
   935    788
   936    788
   937    788
   938    788
   932    789
   933    789
   934    789
   935    789
   936    789
   937    789
   938    789
   930    790
   931    790
   932    790
   933    790
   934    790
   935    790
   936    790
   937    790
   938    790
   931    791
   932    791
   933    791
