  1055    705
  1072    706
  1073    706
  1074    706
  1053    707
  1054    707
  1054    709
  1055    709
  1056    709
  1059    709
  1060    709
  1061    709
  1062    709
  1063    709
  1064    709
  1065    709
  1066    709
  1067    709
  1068    709
  1069    709
  1054    710
  1055    710
  1056    710
  1057    710
  1058    710
  1059    710
  1060    710
  1061    710
  1062    710
  1063    710
  1064    710
  1065    710
  1066    710
  1067    710
  1068    710
  1069    710
  1070    710
  1071    710
  1072    710
  1073    710
  1074    710
  1075    710
  1076    710
  1077    710
  1024    712
  1025    712
  1059    712
  1060    712
  1061    712
  1062    712
  1063    712
  1064    712
  1065    712
  1066    712
  1045    713
  1046    713
  1047    713
  1048    713
  1049    713
  1076    713
  1077    713
  1041    714
  1042    714
  1043    714
  1044    714
  1045    714
  1046    714
  1065    714
  1066    714
  1037    715
  1038    715
  1039    715
  1040    715
  1041    715
  1042    715
  1046    715
  1047    715
  1048    715
  1016    716
  1017    716
  1018    716
  1019    716
  1020    716
  1023    716
  1024    716
  1025    716
  1026    716
  1027    716
  1028    716
  1029    716
  1030    716
  1031    716
  1032    716
  1033    716
  1034    716
  1009    717
  1010    717
  1011    717
  1012    717
  1021    717
  1022    717
  1023    717
  1024    717
  1025    717
  1026    717
  1027    717
  1028    717
  1029    717
  1030    717
  1036    717
  1037    717
  1038    717
  1004    718
  1005    718
  1006    718
  1019    718
  1020    718
  1021    718
  1022    718
  1023    718
  1024    718
  1028    718
  1029    718
  1030    718
  1005    719
  1006    719
  1007    719
  1008    719
  1009    719
  1010    719
  1011    719
  1014    719
  1015    719
  1016    719
  1021    719
  1022    719
  1023    719
  1024    719
  1025    719
  1032    719
   987    720
   988    720
   989    720
   990    720
   991    720
   992    720
   993    720
   994    720
   995    720
   996    720
   999    720
  1000    720
  1001    720
  1002    720
  1003    720
  1004    720
  1005    720
  1006    720
  1007    720
  1008    720
  1009    720
  1011    720
  1012    720
  1013    720
   981    721
   982    721
   988    721
   989    721
   990    721
   991    721
   992    721
   993    721
   994    721
   995    721
   996    721
   997    721
   998    721
   999    721
  1000    721
  1001    721
  1002    721
   975    722
   976    722
   977    722
   979    722
   980    722
   981    722
   987    722
   988    722
   989    722
   990    722
   991    722
   992    722
   993    722
   994    722
   995    722
   996    722
   997    722
  1003    722
  1004    722
   970    723
   971    723
   977    723
   978    723
   979    723
   980    723
   981    723
   982    723
   988    723
   989    723
   990    723
   991    723
   992    723
   998    723
   973    724
   974    724
   975    724
   976    724
   977    724
   978    724
   979    724
   980    724
   990    724
   991    724
   992    724
   993    724
   957    725
   958    725
   959    725
   968    725
   969    725
   970    725
   973    725
   974    725
   977    725
   978    725
   979    725
   980    725
   952    726
   953    726
   954    726
   974    726
   975    726
   947    727
   948    727
   949    727
   950    727
   951    727
   952    727
   953    727
   954    727
   955    727
   970    727
   971    727
   975    727
   976    727
   977    727
   943    728
   944    728
   945    728
   946    728
   947    728
   948    728
   949    728
   950    728
   951    728
   955    728
   956    728
   957    728
   945    729
   946    729
   947    729
   951    729
   952    729
   953    729
   954    729
   947    730
   948    730
   949    730
   950    730
   951    730
   952    730
   953    730
   954    730
   945    731
   946    731
   947    731
   948    731
   949    731
   950    731
   951    731
   930    732
   931    732
   932    732
   946    732
   947    732
   948    732
   952    732
   953    732
   954    732
   927    733
   928    733
   929    733
   930    733
   934    733
   935    733
   945    733
   946    733
   950    733
   951    733
   952    733
   926    734
   930    734
   931    734
   932    734
   933    734
   948    734
   949    734
   954    734
   955    734
   928    735
   929    735
   930    735
   931    735
   935    735
   936    735
   937    735
   952    735
   953    735
   934    736
   935    736
   932    737
   933    737
   930    738
   931    738
   932    738
   928    739
   929    739
   930    739
   928    740
   929    740
   930    740
   931    740
   927    741
   928    741
   929    741
   930    741
   931    741
   932    741
   927    742
   928    742
   929    742
   930    742
   931    742
   932    742
   926    743
   927    743
   928    743
   929    743
   930    743
   931    743
   932    743
   926    744
   927    744
   928    744
   929    744
   930    744
   931    744
   932    744
   926    745
   927    745
   928    745
   929    745
   930    745
   931    745
   932    745
   926    746
   927    746
   928    746
   929    746
   930    746
   931    746
   932    746
   926    747
   927    747
   928    747
   929    747
   930    747
   931    747
   932    747
   926    748
   927    748
   928    748
   929    748
   930    748
   931    748
   932    748
   926    749
   927    749
   928    749
   929    749
   930    749
   931    749
   932    749
   926    750
   927    750
   925    751
   926    751
   927    751
   928    751
   929    751
   930    751
   931    751
   932    751
   926    752
   927    752
   928    752
   929    752
   930    752
   931    752
   932    752
   933    752
   926    753
   927    753
   928    753
   929    753
   930    753
   931    753
   932    753
   933    753
   934    753
   926    754
   927    754
   928    754
   929    754
   930    754
   931    754
   932    754
   933    754
   934    754
   926    755
   927    755
   928    755
   929    755
   930    755
   931    755
   932    755
   933    755
   934    755
   926    756
   927    756
   928    756
   929    756
   930    756
   931    756
   932    756
   933    756
   934    756
   926    757
   927    757
   928    757
   929    757
   930    757
   931    757
   932    757
   933    757
   934    757
   927    758
   928    758
   929    758
   930    758
   931    758
   932    758
   933    758
   934    758
   926    759
   927    759
   928    759
   929    759
   930    759
   931    759
   932    759
   933    759
   934    759
   927    760
   928    760
   929    760
   930    760
   931    760
   932    760
   933    760
   934    760
   926    761
   927    761
   928    761
   929    761
   930    761
   931    761
   932    761
   933    761
   934    761
   927    762
   928    762
   929    762
   930    762
   931    762
   932    762
   933    762
   934    762
   926    763
   927    763
   928    763
   929    763
   930    763
   931    763
   932    763
   933    763
   934    763
   927    764
   928    764
   929    764
   930    764
   931    764
   932    764
   933    764
   934    764
   927    765
   928    765
   929    765
   930    765
   931    765
   932    765
   933    765
   934    765
   927    766
   928    766
   929    766
   930    766
   931    766
   932    766
   933    766
   934    766
   927    767
   928    767
   929    767
   930    767
   931    767
   932    767
   933    767
   934    767
   935    767
   927    768
   928    768
   929    768
   930    768
   931    768
   932    768
   933    768
   934    768
   935    768
   927    769
   928    769
   929    769
   930    769
   931    769
   932    769
   933    769
   934    769
   935    769
   936    769
   927    770
   928    770
   929    770
   930    770
   931    770
   932    770
   933    770
   934    770
   935    770
   936    770
   927    771
   928    771
   929    771
   930    771
   931    771
   932    771
   933    771
   934    771
   935    771
   927    772
   928    772
   929    772
   930    772
   931    772
   932    772
   933    772
   934    772
   935    772
   936    772
   927    773
   928    773
   929    773
   930    773
   931    773
   932    773
   933    773
   934    773
   935    773
   936    773
   928    774
   929    774
   930    774
   931    774
   932    774
   933    774
   934    774
   935    774
   936    774
   927    775
   928    775
   929    775
   930    775
   931    775
   932    775
   933    775
   934    775
   935    775
   936    775
   928    776
   929    776
   930    776
   931    776
   932    776
   933    776
   934    776
   935    776
   936    776
   928    777
   929    777
   930    777
   931    777
   932    777
   933    777
   934    777
   935    777
   936    777
   937    777
   928    778
   929    778
   930    778
   931    778
   932    778
   933    778
   934    778
   935    778
   936    778
   937    778
   928    779
   929    779
   930    779
   931    779
   932    779
   933    779
   934    779
   935    779
   936    779
   937    779
   927    780
   928    780
   929    780
   930    780
   931    780
   932    780
   933    780
   934    780
   935    780
   936    780
   937    780
   928    781
   929    781
   930    781
   931    781
   932    781
   933    781
   934    781
   935    781
   936    781
   937    781
   938    781
   928    782
   929    782
   930    782
   931    782
   932    782
   933    782
   934    782
   935    782
   936    782
   937    782
   928    783
   929    783
   930    783
   931    783
   932    783
   933    783
   934    783
   935    783
   936    783
   937    783
   928    784
   929    784
   930    784
   931    784
   932    784
   933    784
   934    784
   935    784
   936    784
   937    784
   938    784
   928    785
   929    785
   930    785
   931    785
   932    785
   933    785
   934    785
   935    785
   936    785
   937    785
   938    785
   928    786
   929    786
   930    786
   931    786
   932    786
   933    786
   934    786
   935    786
   936    786
   937    786
   938    786
   928    787
   929    787
   930    787
   931    787
   932    787
   933    787
   934    787
   935    787
   936    787
   937    787
   938    787
   939    787
   929    788
   930    788
   931    788
   932    788
   933    788
   934    788
   935    788
   936    788
   937    788
   938    788
   930    789
   931    789
   932    789
   933    789
   934    789
   935    789
   936    789
   937    789
   938    789
   933    790
   934    790
   935    790
   936    790
   937    790
   935    791
   936    791
