  1164    701
  1165    701
  1166    701
  1167    701
  1192    701
  1193    701
  1194    701
  1198    701
  1199    701
  1200    701
  1201    701
  1202    701
  1203    701
  1204    701
  1205    701
  1206    701
  1207    701
  1181    702
  1182    702
  1183    702
  1184    702
  1185    702
  1186    702
  1187    702
  1188    702
  1216    702
  1115    703
  1116    703
  1117    703
  1120    703
  1121    703
  1122    703
  1161    703
  1162    703
  1167    703
  1201    703
  1202    703
  1203    703
  1204    703
  1084    704
  1085    704
  1086    704
  1125    704
  1126    704
  1127    704
  1128    704
  1129    704
  1130    704
  1131    704
  1132    704
  1133    704
  1134    704
  1135    704
  1136    704
  1137    704
  1138    704
  1139    704
  1140    704
  1141    704
  1142    704
  1148    704
  1149    704
  1150    704
  1151    704
  1152    704
  1058    705
  1059    705
  1060    705
  1061    705
  1062    705
  1063    705
  1069    705
  1070    705
  1101    705
  1102    705
  1103    705
  1104    705
  1105    705
  1106    705
  1107    705
  1108    705
  1111    705
  1112    705
  1113    705
  1124    705
  1125    705
  1126    705
  1127    705
  1128    705
  1129    705
  1130    705
  1131    705
  1132    705
  1133    705
  1066    706
  1067    706
  1068    706
  1069    706
  1070    706
  1071    706
  1072    706
  1077    706
  1078    706
  1081    706
  1082    706
  1083    706
  1084    706
  1085    706
  1086    706
  1087    706
  1088    706
  1089    706
  1090    706
  1091    706
  1092    706
  1093    706
  1094    706
  1095    706
  1096    706
  1097    706
  1098    706
  1099    706
  1100    706
  1101    706
  1102    706
  1103    706
  1104    706
  1148    706
  1149    706
  1150    706
  1151    706
  1152    706
  1153    706
  1066    707
  1067    707
  1069    707
  1070    707
  1071    707
  1072    707
  1087    707
  1088    707
  1089    707
  1090    707
  1091    707
  1104    707
  1105    707
  1106    707
  1107    707
  1119    707
  1120    707
  1121    707
  1122    707
  1123    707
  1124    707
  1125    707
  1126    707
  1127    707
  1128    707
  1129    707
  1130    707
  1131    707
  1166    707
  1122    708
  1123    708
  1124    708
  1125    708
  1126    708
  1127    708
  1128    708
  1149    708
  1150    708
  1151    708
  1066    709
  1067    709
  1068    709
  1069    709
  1070    709
  1071    709
  1072    709
  1073    709
  1074    709
  1075    709
  1076    709
  1077    709
  1078    709
  1082    709
  1083    709
  1084    709
  1085    709
  1086    709
  1087    709
  1088    709
  1089    709
  1090    709
  1091    709
  1092    709
  1093    709
  1094    709
  1099    709
  1100    709
  1103    709
  1104    709
  1105    709
  1106    709
  1107    709
  1108    709
  1109    709
  1110    709
  1111    709
  1120    709
  1121    709
  1122    709
  1123    709
  1129    709
  1130    709
  1131    709
  1056    710
  1057    710
  1058    710
  1059    710
  1060    710
  1061    710
  1064    710
  1065    710
  1066    710
  1067    710
  1068    710
  1069    710
  1070    710
  1071    710
  1072    710
  1073    710
  1074    710
  1075    710
  1076    710
  1077    710
  1078    710
  1079    710
  1080    710
  1081    710
  1082    710
  1083    710
  1084    710
  1085    710
  1086    710
  1087    710
  1088    710
  1089    710
  1090    710
  1123    710
  1124    710
  1040    711
  1041    711
  1042    711
  1043    711
  1044    711
  1085    711
  1086    711
  1087    711
  1095    711
  1096    711
  1097    711
  1103    711
  1104    711
  1105    711
  1106    711
  1107    711
  1108    711
  1109    711
  1065    712
  1066    712
  1067    712
  1068    712
  1069    712
  1070    712
  1071    712
  1072    712
  1073    712
  1074    712
  1075    712
  1076    712
  1077    712
  1078    712
  1079    712
  1080    712
  1087    712
  1088    712
  1052    713
  1053    713
  1054    713
  1056    713
  1057    713
  1059    713
  1060    713
  1061    713
  1062    713
  1063    713
  1064    713
  1065    713
  1066    713
  1067    713
  1068    713
  1084    713
  1085    713
  1086    713
  1043    714
  1044    714
  1045    714
  1046    714
  1047    714
  1048    714
  1069    714
  1070    714
  1071    714
  1072    714
  1073    714
  1074    714
  1075    714
  1041    715
  1042    715
  1043    715
  1044    715
  1045    715
  1046    715
  1050    715
  1051    715
  1052    715
  1053    715
  1058    715
  1059    715
  1060    715
  1061    715
  1062    715
  1063    715
  1064    715
  1065    715
  1023    716
  1024    716
  1025    716
  1026    716
  1027    716
  1028    716
  1029    716
  1030    716
  1031    716
  1032    716
  1033    716
  1034    716
  1035    716
  1036    716
  1037    716
  1039    716
  1040    716
  1041    716
  1048    716
  1049    716
  1016    717
  1017    717
  1018    717
  1019    717
  1024    717
  1025    717
  1026    717
  1027    717
  1028    717
  1029    717
  1030    717
  1031    717
  1032    717
  1033    717
  1041    717
  1042    717
  1043    717
  1044    717
  1045    717
  1046    717
  1047    717
  1048    717
  1006    718
  1007    718
  1008    718
  1009    718
  1010    718
  1011    718
  1012    718
  1022    718
  1023    718
  1024    718
  1025    718
  1026    718
  1027    718
  1028    718
  1029    718
  1030    718
  1031    718
  1034    718
  1036    718
  1037    718
  1038    718
  1006    719
  1007    719
  1008    719
  1009    719
  1010    719
  1013    719
  1014    719
  1023    719
  1024    719
  1025    719
  1026    719
  1027    719
  1028    719
  1029    719
  1030    719
  1031    719
  1032    719
  1004    720
  1005    720
  1006    720
  1007    720
  1008    720
  1009    720
  1010    720
  1011    720
  1012    720
  1013    720
  1014    720
  1015    720
  1016    720
   989    721
   990    721
   991    721
   993    721
   994    721
   995    721
   996    721
   997    721
   998    721
   999    721
  1000    721
  1001    721
  1003    721
  1004    721
  1005    721
  1006    721
  1007    721
  1008    721
  1009    721
  1014    721
  1015    721
   980    722
   981    722
   982    722
   983    722
   984    722
   986    722
   987    722
   990    722
   991    722
   992    722
   993    722
   994    722
   995    722
   996    722
   997    722
   998    722
  1009    722
  1010    722
  1011    722
   973    723
   974    723
   975    723
   976    723
   981    723
   982    723
   983    723
   984    723
   985    723
   986    723
   987    723
   988    723
   989    723
   990    723
   991    723
   992    723
   993    723
   994    723
   995    723
   996    723
   997    723
   998    723
   999    723
  1003    723
  1004    723
  1005    723
   972    724
   973    724
   974    724
   976    724
   977    724
   978    724
   979    724
   980    724
   981    724
   988    724
   989    724
   990    724
   997    724
   998    724
   974    725
   977    725
   978    725
   979    725
   980    725
   981    725
   982    725
   983    725
   971    726
   972    726
   973    726
   974    726
   975    726
   976    726
   977    726
   978    726
   979    726
   982    726
   983    726
   995    726
   996    726
   997    726
   998    726
   952    727
   953    727
   954    727
   955    727
   969    727
   970    727
   971    727
   972    727
   974    727
   975    727
   976    727
   982    727
   983    727
   984    727
   948    728
   949    728
   950    728
   951    728
   952    728
   955    728
   956    728
   971    728
   972    728
   977    728
   978    728
   944    729
   945    729
   946    729
   947    729
   949    729
   950    729
   951    729
   952    729
   973    729
   974    729
   946    730
   947    730
   948    730
   949    730
   953    730
   954    730
   949    731
   950    731
   951    731
   952    731
   953    731
   954    731
   955    731
   945    732
   946    732
   947    732
   948    732
   949    732
   950    732
   951    732
   952    732
   930    733
   931    733
   932    733
   933    733
   943    733
   944    733
   945    733
   947    733
   948    733
   949    733
   954    733
   955    733
   956    733
   928    734
   929    734
   930    734
   934    734
   935    734
   936    734
   941    734
   942    734
   943    734
   945    734
   946    734
   947    734
   951    734
   952    734
   953    734
   926    735
   927    735
   931    735
   932    735
   933    735
   934    735
   944    735
   945    735
   949    735
   950    735
   951    735
   952    735
   930    736
   931    736
   932    736
   943    736
   947    736
   948    736
   935    737
   936    737
   933    738
   934    738
   935    738
   931    739
   932    739
   933    739
   934    739
   929    740
   930    740
   931    740
   932    740
   933    740
   929    741
   930    741
   931    741
   932    741
   928    742
   929    742
   930    742
   931    742
   932    742
   927    743
   928    743
   929    743
   930    743
   931    743
   932    743
   926    744
   927    744
   928    744
   929    744
   930    744
   931    744
   926    745
   927    745
   928    745
   929    745
   930    745
   931    745
   932    745
   926    746
   927    746
   928    746
   929    746
   930    746
   931    746
   932    746
   926    747
   927    747
   928    747
   929    747
   930    747
   931    747
   932    747
   926    748
   927    748
   928    748
   929    748
   930    748
   931    748
   925    749
   926    749
   927    749
   928    749
   929    749
   930    749
   931    749
   932    749
   926    750
   927    750
   928    750
   929    750
   930    750
   931    750
   932    750
   925    751
   926    751
   927    751
   928    751
   929    751
   930    751
   931    751
   932    751
   933    751
   926    752
   927    752
   925    753
   926    753
   927    753
   928    753
   929    753
   930    753
   931    753
   932    753
   933    753
   926    754
   927    754
   928    754
   929    754
   930    754
   931    754
   932    754
   933    754
   926    755
   927    755
   928    755
   929    755
   930    755
   931    755
   932    755
   933    755
   926    756
   927    756
   928    756
   929    756
   930    756
   931    756
   932    756
   933    756
   926    757
   927    757
   928    757
   929    757
   930    757
   931    757
   932    757
   933    757
   934    757
   926    758
   927    758
   928    758
   929    758
   930    758
   931    758
   932    758
   933    758
   934    758
   926    759
   927    759
   928    759
   929    759
   930    759
   931    759
   932    759
   933    759
   934    759
   927    760
   928    760
   929    760
   930    760
   931    760
   932    760
   933    760
   934    760
   926    761
   927    761
   928    761
   929    761
   930    761
   931    761
   932    761
   933    761
   934    761
   927    762
   928    762
   929    762
   930    762
   931    762
   932    762
   933    762
   934    762
   926    763
   927    763
   928    763
   929    763
   930    763
   931    763
   932    763
   933    763
   934    763
   935    763
   927    764
   928    764
   929    764
   930    764
   931    764
   932    764
   933    764
   934    764
   935    764
   926    765
   927    765
   928    765
   929    765
   930    765
   931    765
   932    765
   933    765
   934    765
   935    765
   927    766
   928    766
   929    766
   930    766
   931    766
   932    766
   933    766
   934    766
   935    766
   926    767
   927    767
   928    767
   929    767
   930    767
   931    767
   932    767
   933    767
   934    767
   935    767
   927    768
   928    768
   929    768
   930    768
   931    768
   932    768
   933    768
   934    768
   935    768
   936    768
   927    769
   928    769
   929    769
   930    769
   931    769
   932    769
   933    769
   934    769
   935    769
   936    769
   927    770
   928    770
   929    770
   930    770
   931    770
   932    770
   933    770
   934    770
   935    770
   936    770
   927    771
   928    771
   929    771
   930    771
   931    771
   932    771
   933    771
   934    771
   935    771
   936    771
   927    772
   928    772
   929    772
   930    772
   931    772
   932    772
   933    772
   934    772
   935    772
   936    772
   927    773
   928    773
   929    773
   930    773
   931    773
   932    773
   933    773
   934    773
   935    773
   936    773
   927    774
   928    774
   929    774
   930    774
   931    774
   932    774
   933    774
   934    774
   935    774
   936    774
   927    775
   928    775
   929    775
   930    775
   931    775
   932    775
   933    775
   934    775
   935    775
   936    775
   928    776
   929    776
   930    776
   931    776
   932    776
   933    776
   934    776
   935    776
   936    776
   927    777
   928    777
   929    777
   930    777
   931    777
   932    777
   933    777
   934    777
   935    777
   936    777
   937    777
   928    778
   929    778
   930    778
   931    778
   932    778
   933    778
   934    778
   935    778
   936    778
   927    779
   928    779
   929    779
   930    779
   931    779
   932    779
   933    779
   934    779
   935    779
   936    779
   937    779
   927    780
   928    780
   929    780
   930    780
   931    780
   932    780
   933    780
   934    780
   935    780
   936    780
   937    780
   928    781
   929    781
   930    781
   931    781
   932    781
   933    781
   934    781
   935    781
   936    781
   937    781
   928    782
   929    782
   930    782
   931    782
   932    782
   933    782
   934    782
   935    782
   936    782
   937    782
   928    783
   929    783
   930    783
   931    783
   932    783
   933    783
   934    783
   935    783
   936    783
   937    783
   928    784
   929    784
   930    784
   931    784
   932    784
   933    784
   934    784
   935    784
   936    784
   937    784
   938    784
   928    785
   929    785
   930    785
   931    785
   932    785
   933    785
   934    785
   935    785
   936    785
   937    785
   938    785
   939    785
   928    786
   929    786
   930    786
   931    786
   932    786
   933    786
   934    786
   935    786
   936    786
   937    786
   938    786
   939    786
   928    787
   929    787
   930    787
   931    787
   932    787
   933    787
   934    787
   935    787
   936    787
   937    787
   938    787
   928    788
   929    788
   930    788
   931    788
   932    788
   933    788
   934    788
   935    788
   936    788
   937    788
   938    788
   928    789
   929    789
   930    789
   931    789
   932    789
   933    789
   934    789
   935    789
   936    789
   937    789
   938    789
   929    790
   930    790
   931    790
   932    790
   933    790
   934    790
   935    790
   936    790
   937    790
   938    790
   930    791
   931    791
   932    791
   933    791
   934    791
   935    791
   936    791
   937    791
   928    792
   929    792
   930    792
   933    792
   934    792
   935    792
   936    792
   937    792
