  1066    705
  1067    705
  1068    705
  1069    705
  1070    705
  1071    705
  1072    705
  1073    705
  1103    705
  1104    705
  1105    705
  1106    705
  1107    705
  1108    705
  1110    705
  1111    705
  1112    705
  1051    706
  1052    706
  1053    706
  1054    706
  1066    706
  1067    706
  1068    706
  1071    706
  1072    706
  1073    706
  1074    706
  1075    706
  1099    706
  1100    706
  1101    706
  1060    707
  1061    707
  1062    707
  1064    707
  1065    707
  1066    707
  1071    707
  1072    707
  1073    707
  1115    708
  1116    708
  1117    708
  1118    708
  1078    709
  1079    709
  1080    709
  1087    709
  1088    709
  1089    709
  1090    709
  1091    709
  1092    709
  1093    709
  1094    709
  1095    709
  1096    709
  1097    709
  1098    709
  1099    709
  1100    709
  1101    709
  1102    709
  1103    709
  1104    709
  1105    709
  1106    709
  1107    709
  1108    709
  1109    709
  1110    709
  1111    709
  1112    709
  1113    709
  1114    709
  1115    709
  1116    709
  1117    709
  1118    709
  1057    710
  1058    710
  1059    710
  1062    710
  1063    710
  1067    710
  1068    710
  1069    710
  1070    710
  1071    710
  1072    710
  1073    710
  1074    710
  1075    710
  1076    710
  1077    710
  1087    710
  1088    710
  1089    710
  1090    710
  1091    710
  1092    710
  1093    710
  1094    710
  1095    710
  1096    710
  1097    710
  1098    710
  1099    710
  1100    710
  1101    710
  1102    710
  1103    710
  1104    710
  1105    710
  1106    710
  1057    711
  1058    711
  1059    711
  1061    711
  1062    711
  1063    711
  1064    711
  1106    711
  1107    711
  1108    711
  1109    711
  1110    711
  1111    711
  1112    711
  1113    711
  1114    711
  1037    712
  1038    712
  1039    712
  1071    712
  1072    712
  1073    712
  1074    712
  1075    712
  1082    712
  1083    712
  1084    712
  1088    712
  1089    712
  1059    713
  1060    713
  1061    713
  1062    713
  1063    713
  1064    713
  1065    713
  1066    713
  1067    713
  1068    713
  1069    713
  1070    713
  1071    713
  1072    713
  1047    714
  1048    714
  1049    714
  1050    714
  1051    714
  1070    714
  1071    714
  1073    714
  1074    714
  1075    714
  1076    714
  1077    714
  1078    714
  1079    714
  1080    714
  1043    715
  1044    715
  1045    715
  1046    715
  1047    715
  1048    715
  1057    715
  1058    715
  1059    715
  1063    715
  1064    715
  1065    715
  1066    715
  1067    715
  1068    715
  1069    715
  1030    716
  1031    716
  1032    716
  1033    716
  1034    716
  1040    716
  1041    716
  1042    716
  1043    716
  1044    716
  1049    716
  1050    716
  1019    717
  1020    717
  1021    717
  1022    717
  1023    717
  1024    717
  1025    717
  1026    717
  1027    717
  1028    717
  1029    717
  1030    717
  1031    717
  1032    717
  1033    717
  1034    717
  1035    717
  1036    717
  1048    717
  1049    717
  1011    718
  1012    718
  1013    718
  1014    718
  1015    718
  1016    718
  1017    718
  1018    718
  1023    718
  1024    718
  1025    718
  1026    718
  1027    718
  1028    718
  1029    718
  1030    718
  1031    718
  1032    718
  1033    718
  1034    718
  1040    718
  1041    718
  1042    718
  1006    719
  1007    719
  1008    719
  1009    719
  1010    719
  1011    719
  1012    719
  1013    719
  1014    719
  1015    719
  1022    719
  1023    719
  1024    719
  1025    719
  1026    719
  1027    719
  1028    719
  1029    719
  1030    719
  1031    719
  1032    719
  1033    719
  1034    719
  1006    720
  1007    720
  1008    720
  1009    720
  1010    720
  1011    720
  1012    720
  1013    720
  1014    720
  1015    720
  1016    720
  1017    720
  1024    720
  1025    720
  1026    720
  1027    720
   991    721
   992    721
   993    721
   994    721
   995    721
   996    721
   997    721
  1001    721
  1002    721
  1003    721
  1004    721
  1005    721
  1006    721
  1007    721
  1008    721
  1009    721
  1010    721
  1011    721
  1012    721
  1014    721
  1015    721
  1016    721
   985    722
   986    722
   987    722
   988    722
   989    722
   990    722
   991    722
   992    722
   993    722
   994    722
   995    722
   996    722
   997    722
   998    722
  1003    722
  1004    722
  1005    722
  1012    722
  1013    722
  1014    722
   979    723
   980    723
   981    723
   982    723
   986    723
   987    723
   988    723
   990    723
   991    723
   992    723
   993    723
   994    723
   995    723
   996    723
   997    723
   998    723
   999    723
  1000    723
  1001    723
  1006    723
  1007    723
  1008    723
   973    724
   974    724
   976    724
   977    724
   978    724
   979    724
   980    724
   981    724
   982    724
   983    724
   984    724
   985    724
   990    724
   991    724
   992    724
   993    724
   994    724
   995    724
  1001    724
  1002    724
  1003    724
   977    725
   978    725
   979    725
   980    725
   981    725
   982    725
   983    725
   984    725
   991    725
   992    725
   993    725
   994    725
   995    725
   996    725
   973    726
   974    726
   975    726
   976    726
   977    726
   978    726
   979    726
   968    727
   973    727
   974    727
   978    727
   979    727
   980    727
   951    728
   952    728
   953    728
   954    728
   968    728
   969    728
   970    728
   974    728
   975    728
   976    728
   980    728
   981    728
   947    729
   948    729
   949    729
   950    729
   951    729
   952    729
   953    729
   954    729
   975    729
   976    729
   943    730
   944    730
   945    730
   946    730
   947    730
   948    730
   949    730
   950    730
   955    730
   956    730
   957    730
   972    730
   943    731
   944    731
   945    731
   946    731
   947    731
   951    731
   952    731
   953    731
   954    731
   955    731
   956    731
   957    731
   948    732
   949    732
   950    732
   951    732
   952    732
   953    732
   954    732
   932    733
   933    733
   934    733
   935    733
   945    733
   946    733
   947    733
   948    733
   949    733
   950    733
   951    733
   930    734
   931    734
   932    734
   943    734
   944    734
   945    734
   946    734
   947    734
   948    734
   949    734
   953    734
   954    734
   955    734
   927    735
   928    735
   929    735
   930    735
   932    735
   933    735
   934    735
   935    735
   941    735
   942    735
   945    735
   946    735
   947    735
   951    735
   952    735
   953    735
   930    736
   931    736
   932    736
   933    736
   949    736
   950    736
   930    737
   931    737
   936    737
   937    737
   934    738
   935    738
   936    738
   948    738
   933    739
   934    739
   935    739
   931    740
   932    740
   933    740
   930    741
   931    741
   932    741
   933    741
   929    742
   930    742
   931    742
   932    742
   933    742
   934    742
   928    743
   929    743
   930    743
   931    743
   932    743
   933    743
   927    744
   928    744
   929    744
   930    744
   931    744
   932    744
   933    744
   934    744
   926    745
   927    745
   928    745
   929    745
   930    745
   931    745
   932    745
   933    745
   927    746
   928    746
   929    746
   930    746
   931    746
   932    746
   933    746
   926    747
   927    747
   928    747
   929    747
   930    747
   931    747
   932    747
   933    747
   926    748
   927    748
   928    748
   929    748
   930    748
   931    748
   932    748
   933    748
   926    749
   927    749
   928    749
   929    749
   930    749
   931    749
   932    749
   933    749
   926    750
   927    750
   928    750
   929    750
   930    750
   931    750
   932    750
   926    751
   927    751
   928    751
   929    751
   930    751
   931    751
   932    751
   933    751
   926    752
   927    752
   928    752
   929    752
   930    752
   931    752
   932    752
   926    753
   927    753
   926    754
   927    754
   929    754
   930    754
   931    754
   932    754
   926    755
   927    755
   928    755
   929    755
   930    755
   931    755
   932    755
   933    755
   926    756
   927    756
   928    756
   929    756
   930    756
   931    756
   932    756
   933    756
   926    757
   927    757
   928    757
   929    757
   930    757
   931    757
   932    757
   933    757
   934    757
   926    758
   927    758
   928    758
   929    758
   930    758
   931    758
   932    758
   933    758
   926    759
   927    759
   928    759
   929    759
   930    759
   931    759
   932    759
   933    759
   934    759
   926    760
   927    760
   928    760
   929    760
   930    760
   931    760
   932    760
   933    760
   934    760
   926    761
   927    761
   928    761
   929    761
   930    761
   931    761
   932    761
   933    761
   934    761
   927    762
   928    762
   929    762
   930    762
   931    762
   932    762
   933    762
   934    762
   927    763
   928    763
   929    763
   930    763
   931    763
   932    763
   933    763
   934    763
   927    764
   928    764
   929    764
   930    764
   931    764
   932    764
   933    764
   934    764
   927    765
   928    765
   929    765
   930    765
   931    765
   932    765
   933    765
   934    765
   927    766
   928    766
   929    766
   930    766
   931    766
   932    766
   933    766
   934    766
   927    767
   928    767
   929    767
   930    767
   931    767
   932    767
   933    767
   934    767
   935    767
   927    768
   928    768
   929    768
   930    768
   931    768
   932    768
   933    768
   934    768
   935    768
   927    769
   928    769
   929    769
   930    769
   931    769
   932    769
   933    769
   934    769
   935    769
   927    770
   928    770
   929    770
   930    770
   931    770
   932    770
   933    770
   934    770
   935    770
   927    771
   928    771
   929    771
   930    771
   931    771
   932    771
   933    771
   934    771
   935    771
   927    772
   928    772
   929    772
   930    772
   931    772
   932    772
   933    772
   934    772
   935    772
   927    773
   928    773
   929    773
   930    773
   931    773
   932    773
   933    773
   934    773
   935    773
   928    774
   929    774
   930    774
   931    774
   932    774
   933    774
   934    774
   935    774
   936    774
   927    775
   928    775
   929    775
   930    775
   931    775
   932    775
   933    775
   934    775
   935    775
   936    775
   928    776
   929    776
   930    776
   931    776
   932    776
   933    776
   934    776
   935    776
   936    776
   928    777
   929    777
   930    777
   931    777
   932    777
   933    777
   934    777
   935    777
   936    777
   937    777
   928    778
   929    778
   930    778
   931    778
   932    778
   933    778
   934    778
   935    778
   936    778
   937    778
   928    779
   929    779
   930    779
   931    779
   932    779
   933    779
   934    779
   935    779
   936    779
   937    779
   927    780
   928    780
   929    780
   930    780
   931    780
   932    780
   933    780
   934    780
   935    780
   936    780
   937    780
   928    781
   929    781
   930    781
   931    781
   932    781
   933    781
   934    781
   935    781
   936    781
   937    781
   938    781
   928    782
   929    782
   930    782
   931    782
   932    782
   933    782
   934    782
   935    782
   936    782
   937    782
   928    783
   929    783
   930    783
   931    783
   932    783
   933    783
   934    783
   935    783
   936    783
   937    783
   938    783
   928    784
   929    784
   930    784
   931    784
   932    784
   933    784
   934    784
   935    784
   936    784
   937    784
   938    784
   939    784
   928    785
   929    785
   930    785
   931    785
   932    785
   933    785
   934    785
   935    785
   936    785
   937    785
   938    785
   939    785
   928    786
   929    786
   930    786
   931    786
   932    786
   933    786
   934    786
   935    786
   936    786
   937    786
   938    786
   939    786
   928    787
   929    787
   930    787
   931    787
   932    787
   933    787
   934    787
   935    787
   936    787
   937    787
   938    787
   939    787
   928    788
   929    788
   930    788
   931    788
   932    788
   933    788
   934    788
   935    788
   936    788
   937    788
   938    788
   939    788
   928    789
   929    789
   930    789
   931    789
   932    789
   933    789
   934    789
   935    789
   936    789
   937    789
   938    789
   939    789
   929    790
   930    790
   931    790
   932    790
   933    790
   934    790
   935    790
   936    790
   937    790
   938    790
   939    790
   929    791
   930    791
   931    791
   932    791
   933    791
   934    791
   935    791
   936    791
   937    791
   938    791
   932    792
   933    792
   934    792
   935    792
   936    792
   937    792
