   956    728
   957    728
   951    729
   952    729
   953    729
   954    729
   947    730
   948    730
   949    730
   950    730
   951    730
   953    730
   954    730
   955    730
   943    731
   944    731
   945    731
   946    731
   948    731
   949    731
   950    731
   951    731
   955    731
   956    731
   944    732
   945    732
   946    732
   947    732
   952    732
   953    732
   954    732
   948    733
   949    733
   950    733
   951    733
   953    733
   954    733
   955    733
   933    734
   934    734
   935    734
   945    734
   946    734
   947    734
   950    734
   951    734
   930    735
   931    735
   932    735
   933    735
   943    735
   944    735
   948    735
   949    735
   928    736
   929    736
   933    736
   934    736
   935    736
   936    736
   947    736
   951    736
   952    736
   926    737
   927    737
   931    737
   932    737
   933    737
   934    737
   939    737
   940    737
   929    738
   930    738
   931    738
   932    738
   937    738
   938    738
   927    739
   935    739
   936    739
   937    739
   933    740
   934    740
   935    740
   936    740
   932    741
   933    741
   934    741
   935    741
   931    742
   932    742
   933    742
   934    742
   929    743
   930    743
   931    743
   932    743
   933    743
   934    743
   928    744
   929    744
   930    744
   931    744
   932    744
   933    744
   934    744
   927    745
   928    745
   929    745
   930    745
   931    745
   932    745
   933    745
   927    746
   928    746
   929    746
   930    746
   931    746
   932    746
   933    746
   926    747
   927    747
   928    747
   929    747
   930    747
   931    747
   932    747
   933    747
   926    748
   927    748
   928    748
   929    748
   930    748
   931    748
   932    748
   933    748
   934    748
   926    749
   927    749
   928    749
   929    749
   930    749
   931    749
   932    749
   933    749
   926    750
   927    750
   928    750
   929    750
   930    750
   931    750
   932    750
   933    750
   926    751
   927    751
   928    751
   929    751
   930    751
   931    751
   932    751
   933    751
   926    752
   927    752
   928    752
   929    752
   930    752
   931    752
   932    752
   926    753
   927    753
   928    753
   929    753
   930    753
   931    753
   932    753
   926    754
   927    754
   928    754
   929    754
   930    754
   931    754
   932    754
   926    755
   927    755
   928    755
   929    755
   926    756
   927    756
   928    756
   929    756
   930    756
   931    756
   932    756
   926    757
   927    757
   928    757
   929    757
   930    757
   931    757
   932    757
   926    758
   927    758
   928    758
   929    758
   930    758
   931    758
   932    758
   926    759
   927    759
   928    759
   929    759
   930    759
   931    759
   926    760
   927    760
   928    760
   929    760
   930    760
