  1203    701
  1204    701
  1205    701
  1206    701
  1192    702
  1193    702
  1199    702
  1200    702
  1120    703
  1121    703
  1122    703
  1175    703
  1176    703
  1177    703
  1178    703
  1136    704
  1137    704
  1138    704
  1140    704
  1141    704
  1142    704
  1143    704
  1144    704
  1145    704
  1146    704
  1147    704
  1148    704
  1149    704
  1150    704
  1151    704
  1152    704
  1153    704
  1154    704
  1155    704
  1157    704
  1158    704
  1159    704
  1160    704
  1189    704
  1190    704
  1191    704
  1192    704
  1193    704
  1194    704
  1066    705
  1067    705
  1072    705
  1073    705
  1074    705
  1075    705
  1076    705
  1077    705
  1078    705
  1079    705
  1113    705
  1114    705
  1115    705
  1116    705
  1117    705
  1123    705
  1124    705
  1125    705
  1126    705
  1127    705
  1128    705
  1136    705
  1137    705
  1139    705
  1140    705
  1141    705
  1142    705
  1143    705
  1144    705
  1145    705
  1146    705
  1071    706
  1072    706
  1073    706
  1074    706
  1075    706
  1076    706
  1077    706
  1078    706
  1079    706
  1080    706
  1100    706
  1101    706
  1102    706
  1111    706
  1112    706
  1113    706
  1114    706
  1155    706
  1156    706
  1071    707
  1072    707
  1073    707
  1074    707
  1075    707
  1140    707
  1141    707
  1115    708
  1116    708
  1117    708
  1118    708
  1119    708
  1120    708
  1121    708
  1122    708
  1123    708
  1124    708
  1125    708
  1126    708
  1127    708
  1128    708
  1088    709
  1089    709
  1090    709
  1091    709
  1092    709
  1095    709
  1096    709
  1097    709
  1098    709
  1099    709
  1100    709
  1101    709
  1102    709
  1103    709
  1104    709
  1105    709
  1106    709
  1107    709
  1108    709
  1109    709
  1110    709
  1111    709
  1112    709
  1113    709
  1114    709
  1115    709
  1116    709
  1117    709
  1118    709
  1119    709
  1120    709
  1121    709
  1122    709
  1123    709
  1124    709
  1071    710
  1072    710
  1073    710
  1074    710
  1075    710
  1076    710
  1077    710
  1087    710
  1088    710
  1089    710
  1090    710
  1091    710
  1092    710
  1093    710
  1094    710
  1095    710
  1096    710
  1097    710
  1103    710
  1104    710
  1105    710
  1106    710
  1061    711
  1068    711
  1070    711
  1071    711
  1072    711
  1073    711
  1074    711
  1089    711
  1090    711
  1091    711
  1092    711
  1114    711
  1115    711
  1116    711
  1117    711
  1118    711
  1040    712
  1041    712
  1083    712
  1084    712
  1085    712
  1086    712
  1087    712
  1088    712
  1089    712
  1090    712
  1091    712
  1092    712
  1093    712
  1094    712
  1095    712
  1105    712
  1026    713
  1062    713
  1063    713
  1064    713
  1065    713
  1066    713
  1072    713
  1073    713
  1074    713
  1075    713
  1076    713
  1089    713
  1090    713
  1052    714
  1053    714
  1054    714
  1081    714
  1082    714
  1083    714
  1045    715
  1046    715
  1047    715
  1060    715
  1061    715
  1062    715
  1069    715
  1070    715
  1071    715
  1072    715
  1073    715
  1074    715
  1075    715
  1076    715
  1032    716
  1033    716
  1034    716
  1042    716
  1043    716
  1044    716
  1045    716
  1046    716
  1047    716
  1048    716
  1049    716
  1050    716
  1051    716
  1052    716
  1053    716
  1061    716
  1062    716
  1063    716
  1064    716
  1024    717
  1025    717
  1026    717
  1027    717
  1029    717
  1030    717
  1031    717
  1032    717
  1033    717
  1034    717
  1035    717
  1036    717
  1050    717
  1051    717
  1013    718
  1014    718
  1015    718
  1016    718
  1017    718
  1018    718
  1019    718
  1020    718
  1021    718
  1025    718
  1026    718
  1027    718
  1028    718
  1029    718
  1030    718
  1031    718
  1032    718
  1033    718
  1034    718
  1035    718
  1036    718
  1037    718
  1038    718
  1039    718
  1042    718
  1043    718
  1044    718
  1045    718
  1046    718
  1007    719
  1009    719
  1010    719
  1012    719
  1013    719
  1014    719
  1015    719
  1016    719
  1017    719
  1018    719
  1019    719
  1024    719
  1025    719
  1026    719
  1027    719
  1033    719
  1034    719
  1035    719
  1036    719
  1037    719
  1038    719
  1039    719
  1040    719
  1007    720
  1008    720
  1009    720
  1010    720
  1011    720
  1012    720
  1013    720
  1014    720
  1015    720
  1018    720
  1019    720
  1029    720
  1030    720
  1031    720
   995    721
   996    721
   997    721
   998    721
  1006    721
  1007    721
  1008    721
  1009    721
  1010    721
  1011    721
  1012    721
  1013    721
   988    722
   989    722
   990    722
   991    722
   994    722
   995    722
   996    722
   997    722
   998    722
   999    722
  1000    722
  1001    722
  1006    722
  1015    722
   980    723
   981    723
   982    723
   983    723
   987    723
   988    723
   989    723
   990    723
   991    723
   992    723
   993    723
   994    723
   995    723
   997    723
   998    723
   999    723
  1000    723
  1001    723
  1008    723
  1009    723
  1010    723
  1011    723
   975    724
   976    724
   977    724
   978    724
   979    724
   981    724
   982    724
   983    724
   984    724
   986    724
   987    724
   988    724
   989    724
   990    724
   992    724
   993    724
   994    724
   995    724
  1004    724
   973    725
   974    725
   975    725
   976    725
   977    725
   978    725
   979    725
   980    725
   981    725
   982    725
   983    725
   984    725
   989    725
   990    725
   991    725
   992    725
   993    725
   999    725
   973    726
   974    726
   975    726
   976    726
   977    726
   978    726
   979    726
   980    726
   981    726
   958    727
   959    727
   960    727
   971    727
   972    727
   973    727
   974    727
   975    727
   976    727
   977    727
   978    727
   980    727
   981    727
   982    727
   954    728
   955    728
   956    728
   957    728
   961    728
   962    728
   971    728
   972    728
   976    728
   977    728
   978    728
   979    728
   983    728
   984    728
   950    729
   951    729
   952    729
   954    729
   955    729
   956    729
   957    729
   966    729
   967    729
   968    729
   972    729
   973    729
   974    729
   977    729
   978    729
   979    729
   946    730
   947    730
   948    730
   950    730
   951    730
   952    730
   953    730
   958    730
   959    730
   974    730
   975    730
   947    731
   948    731
   949    731
   954    731
   955    731
   956    731
   943    732
   950    732
   951    732
   952    732
   953    732
   954    732
   955    732
   956    732
   947    733
   948    733
   949    733
   950    733
   951    733
   952    733
   953    733
   931    734
   932    734
   933    734
   934    734
   944    734
   945    734
   946    734
   947    734
   948    734
   949    734
   950    734
   956    734
   957    734
   958    734
   929    735
   930    735
   931    735
   932    735
   933    735
   936    735
   937    735
   938    735
   942    735
   943    735
   946    735
   947    735
   948    735
   953    735
   954    735
   955    735
   932    736
   933    736
   934    736
   935    736
   945    736
   946    736
   951    736
   952    736
   957    736
   958    736
   931    737
   932    737
   933    737
   938    737
   949    737
   950    737
   956    737
   929    738
   930    738
   931    738
   936    738
   937    738
   947    738
   948    738
   953    738
   954    738
   955    738
   934    739
   935    739
   936    739
   932    740
   933    740
   934    740
   935    740
   931    741
   932    741
   933    741
   934    741
   929    742
   930    742
   931    742
   932    742
   933    742
   934    742
   929    743
   930    743
   931    743
   932    743
   933    743
   934    743
   927    744
   928    744
   929    744
   930    744
   931    744
   932    744
   933    744
   934    744
   927    745
   928    745
   929    745
   930    745
   931    745
   932    745
   933    745
   934    745
   927    746
   928    746
   929    746
   930    746
   931    746
   932    746
   926    747
   927    747
   928    747
   929    747
   930    747
   931    747
   932    747
   926    748
   927    748
   928    748
   929    748
   930    748
   931    748
   932    748
   926    749
   927    749
   928    749
   929    749
   930    749
   931    749
   932    749
   933    749
   926    750
   927    750
   928    750
   929    750
   930    750
   931    750
   932    750
   933    750
   926    751
   927    751
   928    751
   929    751
   930    751
   931    751
   932    751
   933    751
   926    752
   927    752
   928    752
   929    752
   930    752
   931    752
   932    752
   933    752
   926    753
   927    753
   928    753
   929    753
   930    753
   931    753
   932    753
   933    753
   926    754
   927    754
   926    755
   927    755
   928    755
   929    755
   926    756
   927    756
   928    756
   929    756
   930    756
   931    756
   932    756
   933    756
   926    757
   927    757
   928    757
   929    757
   930    757
   931    757
   932    757
   933    757
   934    757
   926    758
   927    758
   928    758
   929    758
   930    758
   931    758
   932    758
   933    758
   926    759
   927    759
   928    759
   929    759
   930    759
   931    759
   932    759
   933    759
   934    759
   926    760
   927    760
   928    760
   929    760
   930    760
   931    760
   932    760
   933    760
   926    761
   927    761
   928    761
   929    761
   930    761
   931    761
   932    761
   933    761
   934    761
   927    762
   928    762
   929    762
   930    762
   931    762
   932    762
   933    762
   934    762
   927    763
   928    763
   929    763
   930    763
   931    763
   932    763
   933    763
   934    763
   927    764
   928    764
   929    764
   930    764
   931    764
   932    764
   933    764
   934    764
   926    765
   927    765
   928    765
   929    765
   930    765
   931    765
   932    765
   933    765
   934    765
   935    765
   927    766
   928    766
   929    766
   930    766
   931    766
   932    766
   933    766
   934    766
   926    767
   927    767
   928    767
   929    767
   930    767
   931    767
   932    767
   933    767
   934    767
   935    767
   927    768
   928    768
   929    768
   930    768
   931    768
   932    768
   933    768
   934    768
   935    768
   927    769
   928    769
   929    769
   930    769
   931    769
   932    769
   933    769
   934    769
   935    769
   927    770
   928    770
   929    770
   930    770
   931    770
   932    770
   933    770
   934    770
   935    770
   927    771
   928    771
   929    771
   930    771
   931    771
   932    771
   933    771
   934    771
   935    771
   927    772
   928    772
   929    772
   930    772
   931    772
   932    772
   933    772
   934    772
   935    772
   936    772
   927    773
   928    773
   929    773
   930    773
   931    773
   932    773
   933    773
   934    773
   935    773
   936    773
   927    774
   928    774
   929    774
   930    774
   931    774
   932    774
   933    774
   934    774
   935    774
   936    774
   927    775
   928    775
   929    775
   930    775
   931    775
   932    775
   933    775
   934    775
   935    775
   936    775
   927    776
   928    776
   929    776
   930    776
   931    776
   932    776
   933    776
   934    776
   935    776
   936    776
   937    776
   927    777
   928    777
   929    777
   930    777
   931    777
   932    777
   933    777
   934    777
   935    777
   936    777
   937    777
   928    778
   929    778
   930    778
   931    778
   932    778
   933    778
   934    778
   935    778
   936    778
   927    779
   928    779
   929    779
   930    779
   931    779
   932    779
   933    779
   934    779
   935    779
   936    779
   937    779
   927    780
   928    780
   929    780
   930    780
   931    780
   932    780
   933    780
   934    780
   935    780
   936    780
   937    780
   928    781
   929    781
   930    781
   931    781
   932    781
   933    781
   934    781
   935    781
   936    781
   937    781
   938    781
   928    782
   929    782
   930    782
   931    782
   932    782
   933    782
   934    782
   935    782
   936    782
   937    782
   938    782
   928    783
   929    783
   930    783
   931    783
   932    783
   933    783
   934    783
   935    783
   936    783
   937    783
   928    784
   929    784
   930    784
   931    784
   932    784
   933    784
   934    784
   935    784
   936    784
   937    784
   938    784
   928    785
   929    785
   930    785
   931    785
   932    785
   933    785
   934    785
   935    785
   936    785
   937    785
   938    785
   928    786
   929    786
   930    786
   931    786
   932    786
   933    786
   934    786
   935    786
   936    786
   937    786
   938    786
   928    787
   929    787
   930    787
   931    787
   932    787
   933    787
   934    787
   935    787
   936    787
   937    787
   938    787
   928    788
   929    788
   930    788
   931    788
   932    788
   933    788
   934    788
   935    788
   936    788
   937    788
   938    788
   928    789
   929    789
   930    789
   931    789
   932    789
   933    789
   934    789
   935    789
   936    789
   937    789
   938    789
   929    790
   930    790
   931    790
   932    790
   933    790
   934    790
   935    790
   936    790
   937    790
   938    790
   929    791
   930    791
   931    791
   932    791
   933    791
   934    791
   935    791
   936    791
   937    791
   938    791
   931    792
   932    792
   933    792
   934    792
   935    792
   936    792
