  1094    704
  1095    704
  1096    704
  1097    704
  1141    704
  1142    704
  1143    704
  1146    704
  1147    704
  1148    704
  1149    704
  1065    705
  1067    705
  1068    705
  1069    705
  1070    705
  1071    705
  1072    705
  1073    705
  1092    705
  1093    705
  1094    705
  1095    705
  1096    705
  1097    705
  1115    705
  1116    705
  1117    705
  1118    705
  1119    705
  1126    705
  1127    705
  1128    705
  1129    705
  1130    705
  1131    705
  1132    705
  1133    705
  1134    705
  1135    705
  1136    705
  1137    705
  1138    705
  1139    705
  1144    705
  1145    705
  1146    705
  1050    706
  1055    706
  1056    706
  1057    706
  1058    706
  1087    706
  1088    706
  1089    706
  1090    706
  1091    706
  1092    706
  1093    706
  1094    706
  1095    706
  1096    706
  1097    706
  1098    706
  1099    706
  1100    706
  1101    706
  1102    706
  1103    706
  1104    706
  1107    706
  1108    706
  1109    706
  1111    706
  1112    706
  1113    706
  1114    706
  1115    706
  1116    706
  1117    706
  1057    707
  1058    707
  1059    707
  1060    707
  1061    707
  1062    707
  1063    707
  1064    707
  1065    707
  1066    707
  1067    707
  1068    707
  1069    707
  1070    707
  1071    707
  1072    707
  1074    707
  1075    707
  1087    707
  1088    707
  1089    707
  1090    707
  1091    707
  1096    707
  1097    707
  1098    707
  1099    707
  1100    707
  1101    707
  1102    707
  1103    707
  1104    707
  1106    707
  1107    707
  1137    707
  1138    707
  1139    707
  1140    707
  1141    707
  1142    707
  1143    707
  1144    707
  1145    707
  1146    707
  1147    707
  1148    707
  1149    707
  1150    707
  1055    708
  1056    708
  1057    708
  1060    708
  1061    708
  1062    708
  1063    708
  1064    708
  1088    708
  1092    709
  1093    709
  1094    709
  1095    709
  1096    709
  1098    709
  1099    709
  1100    709
  1101    709
  1102    709
  1103    709
  1111    709
  1112    709
  1113    709
  1114    709
  1116    709
  1117    709
  1118    709
  1119    709
  1139    709
  1140    709
  1141    709
  1142    709
  1143    709
  1144    709
  1145    709
  1146    709
  1147    709
  1148    709
  1149    709
  1150    709
  1151    709
  1152    709
  1059    710
  1060    710
  1061    710
  1062    710
  1063    710
  1064    710
  1065    710
  1066    710
  1067    710
  1068    710
  1069    710
  1070    710
  1071    710
  1072    710
  1073    710
  1074    710
  1075    710
  1076    710
  1077    710
  1078    710
  1079    710
  1102    710
  1103    710
  1104    710
  1105    710
  1106    710
  1107    710
  1108    710
  1109    710
  1110    710
  1111    710
  1059    711
  1060    711
  1061    711
  1062    711
  1063    711
  1064    711
  1065    711
  1066    711
  1067    711
  1068    711
  1069    711
  1070    711
  1071    711
  1072    711
  1073    711
  1074    711
  1075    711
  1076    711
  1077    711
  1078    711
  1079    711
  1080    711
  1081    711
  1082    711
  1083    711
  1089    711
  1090    711
  1091    711
  1045    712
  1046    712
  1047    712
  1089    712
  1090    712
  1096    712
  1097    712
  1098    712
  1107    712
  1108    712
  1109    712
  1110    712
  1067    713
  1068    713
  1069    713
  1070    713
  1071    713
  1072    713
  1073    713
  1074    713
  1075    713
  1076    713
  1078    713
  1079    713
  1080    713
  1081    713
  1082    713
  1042    714
  1043    714
  1044    714
  1045    714
  1055    714
  1056    714
  1057    714
  1058    714
  1066    714
  1067    714
  1068    714
  1069    714
  1070    714
  1071    714
  1072    714
  1073    714
  1074    714
  1075    714
  1076    714
  1077    714
  1078    714
  1087    714
  1088    714
  1047    715
  1048    715
  1049    715
  1050    715
  1051    715
  1052    715
  1053    715
  1054    715
  1067    715
  1068    715
  1069    715
  1072    715
  1073    715
  1074    715
  1075    715
  1076    715
  1077    715
  1078    715
  1079    715
  1046    716
  1047    716
  1048    716
  1049    716
  1050    716
  1051    716
  1055    716
  1056    716
  1061    716
  1062    716
  1063    716
  1064    716
  1065    716
  1066    716
  1067    716
  1068    716
  1028    717
  1029    717
  1030    717
  1031    717
  1032    717
  1033    717
  1034    717
  1035    717
  1036    717
  1037    717
  1038    717
  1039    717
  1040    717
  1041    717
  1042    717
  1044    717
  1045    717
  1046    717
  1047    717
  1048    717
  1049    717
  1050    717
  1051    717
  1052    717
  1053    717
  1021    718
  1022    718
  1023    718
  1024    718
  1025    718
  1026    718
  1027    718
  1028    718
  1029    718
  1030    718
  1031    718
  1032    718
  1033    718
  1034    718
  1035    718
  1036    718
  1037    718
  1038    718
  1047    718
  1048    718
  1049    718
  1050    718
  1051    718
  1052    718
  1011    719
  1012    719
  1013    719
  1014    719
  1023    719
  1024    719
  1025    719
  1026    719
  1027    719
  1028    719
  1029    719
  1030    719
  1031    719
  1032    719
  1033    719
  1034    719
  1039    719
  1040    719
  1041    719
  1042    719
  1043    719
  1007    720
  1008    720
  1009    720
  1010    720
  1011    720
  1012    720
  1013    720
  1014    720
  1015    720
  1016    720
  1023    720
  1024    720
  1025    720
  1026    720
  1027    720
  1028    720
  1034    720
  1035    720
  1036    720
  1007    721
  1008    721
  1009    721
  1010    721
  1011    721
  1012    721
  1013    721
  1014    721
  1015    721
  1016    721
  1017    721
  1018    721
  1026    721
  1027    721
  1028    721
   992    722
   993    722
   994    722
   995    722
   997    722
   998    722
   999    722
  1003    722
  1004    722
  1005    722
  1006    722
  1007    722
  1008    722
  1009    722
  1010    722
  1011    722
  1012    722
  1013    722
  1014    722
  1015    722
  1016    722
  1017    722
  1018    722
   985    723
   986    723
   987    723
   994    723
   995    723
   996    723
   997    723
   998    723
  1003    723
  1004    723
  1005    723
  1006    723
  1007    723
  1008    723
  1009    723
  1010    723
  1011    723
  1012    723
  1013    723
  1014    723
  1015    723
  1016    723
   979    724
   980    724
   981    724
   987    724
   988    724
   989    724
   990    724
   991    724
   992    724
   993    724
   994    724
   995    724
   996    724
   997    724
   998    724
  1007    724
  1008    724
  1009    724
  1010    724
   974    725
   975    725
   976    725
   977    725
   980    725
   981    725
   982    725
   983    725
   984    725
   987    725
   988    725
   993    725
   994    725
   995    725
   996    725
  1003    725
  1004    725
   974    726
   975    726
   976    726
   977    726
   982    726
   983    726
   984    726
   986    726
   987    726
   988    726
   997    726
   998    726
   999    726
   975    727
   976    727
   977    727
   978    727
   979    727
   980    727
   981    727
   982    727
   957    728
   958    728
   959    728
   964    728
   965    728
   966    728
   970    728
   971    728
   972    728
   975    728
   976    728
   977    728
   981    728
   982    728
   984    728
   985    728
   953    729
   954    729
   955    729
   966    729
   967    729
   968    729
   970    729
   971    729
   972    729
   976    729
   977    729
   978    729
   949    730
   950    730
   951    730
   952    730
   954    730
   955    730
   956    730
   957    730
   966    730
   967    730
   972    730
   973    730
   974    730
   978    730
   979    730
   945    731
   946    731
   947    731
   948    731
   950    731
   951    731
   952    731
   957    731
   958    731
   959    731
   969    731
   974    731
   975    731
   947    732
   948    732
   949    732
   953    732
   954    732
   955    732
   958    732
   959    732
   960    732
   950    733
   951    733
   952    733
   954    733
   955    733
   956    733
   947    734
   948    734
   951    734
   952    734
   953    734
   931    735
   932    735
   933    735
   944    735
   945    735
   949    735
   950    735
   956    735
   957    735
   958    735
   929    736
   930    736
   931    736
   934    736
   935    736
   936    736
   947    736
   948    736
   953    736
   954    736
   955    736
   927    737
   928    737
   929    737
   930    737
   932    737
   933    737
   934    737
   935    737
   951    737
   952    737
   953    737
   930    738
   931    738
   932    738
   933    738
   937    738
   938    738
   939    738
   949    738
   950    738
   951    738
   956    738
   957    738
   928    739
   929    739
   930    739
   931    739
   936    739
   937    739
   938    739
   954    739
   955    739
   934    740
   935    740
   936    740
   933    741
   934    741
   935    741
   931    742
   932    742
   933    742
   930    743
   931    743
   932    743
   933    743
   928    744
   929    744
   930    744
   931    744
   932    744
   933    744
   928    745
   929    745
   930    745
   931    745
   932    745
   933    745
   927    746
   928    746
   929    746
   930    746
   931    746
   932    746
   933    746
   927    747
   928    747
   929    747
   930    747
   931    747
   932    747
   933    747
   926    748
   927    748
   928    748
   929    748
   930    748
   931    748
   932    748
   933    748
   934    748
   926    749
   927    749
   928    749
   929    749
   930    749
   931    749
   932    749
   933    749
   926    750
   927    750
   928    750
   929    750
   930    750
   931    750
   932    750
   933    750
   926    751
   927    751
   928    751
   929    751
   930    751
   931    751
   932    751
   933    751
   926    752
   927    752
   928    752
   929    752
   930    752
   931    752
   932    752
   933    752
   926    753
   927    753
   928    753
   929    753
   930    753
   931    753
   932    753
   926    754
   927    754
   928    754
   929    754
   930    754
   931    754
   932    754
   926    755
   927    755
   928    755
   929    755
   930    755
   931    755
   932    755
   927    756
   928    756
   926    757
   927    757
   928    757
   929    757
   930    757
   931    757
   932    757
   926    758
   927    758
   928    758
   929    758
   930    758
   931    758
   932    758
   933    758
   926    759
   927    759
   928    759
   929    759
   930    759
   931    759
   932    759
   933    759
   934    759
   926    760
   927    760
   928    760
   929    760
   930    760
   931    760
   932    760
   933    760
   934    760
   926    761
   927    761
   928    761
   929    761
   930    761
   931    761
   932    761
   933    761
   934    761
   935    761
   926    762
   927    762
   928    762
   929    762
   930    762
   931    762
   932    762
   933    762
   934    762
   935    762
   926    763
   927    763
   928    763
   929    763
   930    763
   931    763
   932    763
   933    763
   934    763
   935    763
   926    764
   927    764
   928    764
   929    764
   930    764
   931    764
   932    764
   933    764
   934    764
   926    765
   927    765
   928    765
   929    765
   930    765
   931    765
   932    765
   933    765
   934    765
   935    765
   927    766
   928    766
   929    766
   930    766
   931    766
   932    766
   933    766
   934    766
   935    766
   926    767
   927    767
   928    767
   929    767
   930    767
   931    767
   932    767
   933    767
   934    767
   935    767
   927    768
   928    768
   929    768
   930    768
   931    768
   932    768
   933    768
   934    768
   935    768
   927    769
   928    769
   929    769
   930    769
   931    769
   932    769
   933    769
   934    769
   935    769
   927    770
   928    770
   929    770
   930    770
   931    770
   932    770
   933    770
   934    770
   935    770
   927    771
   928    771
   929    771
   930    771
   931    771
   932    771
   933    771
   934    771
   935    771
   927    772
   928    772
   929    772
   930    772
   931    772
   932    772
   933    772
   934    772
   935    772
   936    772
   927    773
   928    773
   929    773
   930    773
   931    773
   932    773
   933    773
   934    773
   935    773
   927    774
   928    774
   929    774
   930    774
   931    774
   932    774
   933    774
   934    774
   935    774
   936    774
   927    775
   928    775
   929    775
   930    775
   931    775
   932    775
   933    775
   934    775
   935    775
   936    775
   927    776
   928    776
   929    776
   930    776
   931    776
   932    776
   933    776
   934    776
   935    776
   936    776
   927    777
   928    777
   929    777
   930    777
   931    777
   932    777
   933    777
   934    777
   935    777
   936    777
   927    778
   928    778
   929    778
   930    778
   931    778
   932    778
   933    778
   934    778
   935    778
   936    778
   927    779
   928    779
   929    779
   930    779
   931    779
   932    779
   933    779
   934    779
   935    779
   936    779
   927    780
   928    780
   929    780
   930    780
   931    780
   932    780
   933    780
   934    780
   935    780
   936    780
   927    781
   928    781
   929    781
   930    781
   931    781
   932    781
   933    781
   934    781
   935    781
   936    781
   927    782
   928    782
   929    782
   930    782
   931    782
   932    782
   933    782
   934    782
   935    782
   936    782
   928    783
   929    783
   930    783
   931    783
   932    783
   933    783
   934    783
   935    783
   936    783
   937    783
   928    784
   929    784
   930    784
   931    784
   932    784
   933    784
   934    784
   935    784
   936    784
   937    784
   928    785
   929    785
   930    785
   931    785
   932    785
   933    785
   934    785
   935    785
   936    785
   937    785
   928    786
   929    786
   930    786
   931    786
   932    786
   933    786
   934    786
   935    786
   936    786
   937    786
   928    787
   929    787
   930    787
   931    787
   932    787
   933    787
   934    787
   935    787
   936    787
   937    787
   931    788
   932    788
   933    788
   934    788
   935    788
   932    789
   933    789
   934    789
   935    789
