  1121    708
  1122    708
  1123    708
  1124    708
  1125    708
  1126    708
  1127    708
  1128    708
  1130    708
  1131    708
  1134    708
  1135    708
  1136    708
  1121    709
  1129    709
  1132    709
  1143    709
  1144    709
  1145    709
  1146    709
  1147    709
  1148    709
  1149    709
  1150    709
  1151    709
  1076    710
  1077    710
  1078    710
  1079    710
  1080    710
  1088    710
  1089    710
  1090    710
  1091    710
  1092    710
  1093    710
  1094    710
  1095    710
  1096    710
  1105    710
  1106    710
  1107    710
  1108    710
  1109    710
  1110    710
  1111    710
  1112    710
  1113    710
  1114    710
  1076    711
  1077    711
  1078    711
  1079    711
  1080    711
  1081    711
  1082    711
  1087    711
  1088    711
  1089    711
  1092    711
  1093    711
  1094    711
  1095    711
  1091    712
  1092    712
  1093    712
  1108    712
  1109    712
  1110    712
  1111    712
  1112    712
  1113    712
  1073    713
  1074    713
  1075    713
  1076    713
  1077    713
  1078    713
  1079    713
  1080    713
  1084    713
  1085    713
  1086    713
  1092    713
  1093    713
  1094    713
  1063    714
  1064    714
  1065    714
  1066    714
  1067    714
  1068    714
  1069    714
  1070    714
  1071    714
  1051    715
  1052    715
  1053    715
  1054    715
  1066    715
  1067    715
  1068    715
  1069    715
  1047    716
  1048    716
  1049    716
  1050    716
  1071    716
  1034    717
  1035    717
  1036    717
  1043    717
  1044    717
  1045    717
  1046    717
  1047    717
  1048    717
  1049    717
  1050    717
  1051    717
  1052    717
  1053    717
  1054    717
  1023    718
  1024    718
  1025    718
  1026    718
  1027    718
  1028    718
  1029    718
  1030    718
  1031    718
  1032    718
  1033    718
  1034    718
  1035    718
  1036    718
  1037    718
  1038    718
  1039    718
  1040    718
  1041    718
  1051    718
  1052    718
  1053    718
  1017    719
  1018    719
  1019    719
  1020    719
  1025    719
  1026    719
  1027    719
  1028    719
  1029    719
  1030    719
  1031    719
  1032    719
  1033    719
  1034    719
  1035    719
  1036    719
  1037    719
  1038    719
  1044    719
  1045    719
  1010    720
  1011    720
  1012    720
  1013    720
  1025    720
  1026    720
  1027    720
  1028    720
  1029    720
  1030    720
  1031    720
  1032    720
  1036    720
  1037    720
  1038    720
  1011    721
  1012    721
  1013    721
  1014    721
  1015    721
  1016    721
  1017    721
  1018    721
  1019    721
  1027    721
  1028    721
  1030    721
  1031    721
  1032    721
  1033    721
  1034    721
  1007    722
  1008    722
  1009    722
  1010    722
  1011    722
  1012    722
  1015    722
  1016    722
  1017    722
  1018    722
   989    723
   990    723
   991    723
   992    723
   996    723
   997    723
   998    723
   999    723
  1000    723
  1001    723
  1002    723
  1006    723
  1007    723
  1008    723
  1010    723
  1011    723
   983    724
   984    724
   985    724
   986    724
   991    724
   992    724
   993    724
   994    724
   995    724
   996    724
   997    724
   998    724
   999    724
  1000    724
  1001    724
  1002    724
  1003    724
   977    725
   978    725
   979    725
   980    725
   981    725
   982    725
   983    725
   984    725
   985    725
   986    725
   988    725
   989    725
   990    725
   993    725
   994    725
   995    725
   997    725
   998    725
   999    725
  1000    725
  1001    725
  1002    725
  1005    725
  1006    725
  1007    725
  1008    725
   978    726
   979    726
   980    726
   984    726
   985    726
   986    726
   987    726
   988    726
   994    726
   995    726
  1000    726
  1001    726
   979    727
   980    727
   981    727
   982    727
   983    727
   984    727
   985    727
   975    728
   976    728
   977    728
   978    728
   979    728
   980    728
   957    729
   958    729
   969    729
   970    729
   973    729
   974    729
   980    729
   981    729
   982    729
   986    729
   987    729
   953    730
   954    730
   955    730
   958    730
   959    730
   960    730
   976    730
   981    730
   982    730
   948    731
   949    731
   950    731
   951    731
   953    731
   954    731
   955    731
   971    731
   972    731
   973    731
   944    732
   945    732
   946    732
   947    732
   949    732
   950    732
   951    732
   957    732
   958    732
   972    732
   973    732
   974    732
   945    733
   946    733
   947    733
   948    733
   952    733
   953    733
   954    733
   955    733
   957    733
   958    733
   949    734
   950    734
   951    734
   952    734
   953    734
   954    734
   955    734
   946    735
   947    735
   948    735
   949    735
   950    735
   951    735
   952    735
   932    736
   933    736
   937    736
   938    736
   939    736
   944    736
   945    736
   948    736
   949    736
   950    736
   955    736
   956    736
   957    736
   929    737
   930    737
   934    737
   935    737
   936    737
   937    737
   942    737
   947    737
   948    737
   953    737
   954    737
   955    737
   926    738
   927    738
   928    738
   932    738
   933    738
   934    738
   935    738
   940    738
   941    738
   951    738
   952    738
   953    738
   957    738
   958    738
   959    738
   931    739
   932    739
   933    739
   938    739
   939    739
   949    739
   950    739
   955    739
   956    739
   957    739
   928    740
   929    740
   930    740
   931    740
   936    740
   937    740
   954    740
   955    740
   935    741
   936    741
   933    742
   934    742
   931    743
   932    743
   933    743
   930    744
   931    744
   932    744
   933    744
   934    744
   929    745
   930    745
   931    745
   932    745
   933    745
   928    746
   929    746
   930    746
   931    746
   932    746
   933    746
   934    746
   927    747
   928    747
   929    747
   930    747
   931    747
   932    747
   933    747
   927    748
   928    748
   929    748
   930    748
   931    748
   932    748
   933    748
   934    748
   926    749
   927    749
   928    749
   929    749
   930    749
   931    749
   932    749
   933    749
   927    750
   928    750
   929    750
   930    750
   931    750
   932    750
   933    750
   926    751
   927    751
   928    751
   929    751
   930    751
   931    751
   932    751
   933    751
   926    752
   927    752
   928    752
   929    752
   930    752
   931    752
   932    752
   926    753
   927    753
   928    753
   929    753
   930    753
   931    753
   932    753
   926    754
   927    754
   928    754
   929    754
   930    754
   931    754
   932    754
   926    755
   927    755
   928    755
   929    755
   930    755
   931    755
   932    755
   927    756
   928    756
   929    756
   930    756
   931    756
   932    756
   926    759
   927    759
   929    759
   930    759
   931    759
   932    759
   933    759
   927    760
   928    760
   929    760
   930    760
   931    760
   932    760
   933    760
   926    761
   927    761
   928    761
   929    761
   930    761
   931    761
   932    761
   933    761
   934    761
   927    762
   928    762
   929    762
   930    762
   931    762
   932    762
   933    762
   934    762
   926    763
   927    763
   928    763
   929    763
   930    763
   931    763
   932    763
   933    763
   934    763
   927    764
   928    764
   929    764
   930    764
   931    764
   932    764
   933    764
   934    764
   926    765
   927    765
   928    765
   929    765
   930    765
   931    765
   932    765
   933    765
   934    765
   927    766
   928    766
   929    766
   930    766
   931    766
   932    766
   933    766
   934    766
   935    766
   927    767
   928    767
   929    767
   930    767
   931    767
   932    767
   933    767
   934    767
   935    767
   927    768
   928    768
   929    768
   930    768
   931    768
   932    768
   933    768
   934    768
   935    768
   927    769
   928    769
   929    769
   930    769
   931    769
   932    769
   933    769
   934    769
   935    769
   927    770
   928    770
   929    770
   930    770
   931    770
   932    770
   933    770
   934    770
   935    770
   927    771
   928    771
   929    771
   930    771
   931    771
   932    771
   933    771
   934    771
   935    771
   927    772
   928    772
   929    772
   930    772
   931    772
   932    772
   933    772
   934    772
   935    772
   927    773
   928    773
   929    773
   930    773
   931    773
   932    773
   933    773
   934    773
   935    773
   927    774
   928    774
   929    774
   930    774
   931    774
   932    774
   933    774
   934    774
   935    774
   927    775
   928    775
   929    775
   930    775
   931    775
   932    775
   933    775
   934    775
   935    775
   927    776
   928    776
   929    776
   930    776
   931    776
   932    776
   933    776
   934    776
   935    776
   927    777
   928    777
   929    777
   930    777
   931    777
   932    777
   933    777
   934    777
   935    777
   936    777
   928    778
   929    778
   930    778
   931    778
   932    778
   933    778
   934    778
   935    778
   936    778
   927    779
   928    779
   929    779
   930    779
   931    779
   932    779
   933    779
   934    779
   935    779
   936    779
   927    780
   928    780
   929    780
   930    780
   931    780
   932    780
   933    780
   934    780
   935    780
   936    780
   928    781
   929    781
   930    781
   931    781
   932    781
   933    781
   934    781
   935    781
   936    781
   927    782
   928    782
   929    782
   930    782
   931    782
   932    782
   933    782
   934    782
   935    782
   936    782
   928    783
   929    783
   930    783
   931    783
   932    783
   933    783
   934    783
   935    783
   936    783
   928    784
   929    784
   930    784
   931    784
   932    784
   933    784
   934    784
   935    784
   936    784
   928    785
   929    785
   930    785
   931    785
   932    785
   933    785
   934    785
   935    785
   936    785
   937    785
   928    786
   929    786
   930    786
   931    786
   932    786
   933    786
   934    786
   935    786
   936    786
   928    787
   929    787
   930    787
   931    787
   932    787
   933    787
   934    787
   935    787
   936    787
   933    788
   934    788
   935    788
   936    788
   934    789
   935    789
