   977    725
   978    725
   979    725
   980    725
   979    726
   980    726
   981    726
   983    726
   984    726
   981    727
   982    727
   976    728
   977    728
   978    728
   979    728
   980    728
   981    728
   982    728
   958    729
   959    729
   969    729
   970    729
   971    729
   972    729
   973    729
   974    729
   975    729
   976    729
   953    730
   954    730
   955    730
   956    730
   960    730
   961    730
   970    730
   971    730
   972    730
   977    730
   978    730
   949    731
   950    731
   951    731
   952    731
   953    731
   954    731
   955    731
   956    731
   962    731
   973    731
   974    731
   975    731
   945    732
   946    732
   947    732
   948    732
   949    732
   950    732
   951    732
   952    732
   953    732
   958    732
   959    732
   960    732
   973    732
   974    732
   975    732
   976    732
   947    733
   948    733
   949    733
   953    733
   954    733
   955    733
   956    733
   958    733
   959    733
   960    733
   950    734
   951    734
   952    734
   953    734
   954    734
   955    734
   956    734
   957    734
   947    735
   948    735
   949    735
   950    735
   951    735
   952    735
   953    735
   932    736
   933    736
   937    736
   938    736
   939    736
   945    736
   946    736
   949    736
   950    736
   951    736
   956    736
   957    736
   958    736
   959    736
   930    737
   931    737
   932    737
   935    737
   936    737
   937    737
   947    737
   948    737
   949    737
   954    737
   955    737
   956    737
   927    738
   928    738
   932    738
   933    738
   934    738
   935    738
   940    738
   941    738
   952    738
   953    738
   954    738
   955    738
   931    739
   932    739
   933    739
   939    739
   940    739
   950    739
   951    739
   952    739
   953    739
   957    739
   958    739
   930    740
   931    740
   932    740
   936    740
   937    740
   938    740
   955    740
   956    740
   935    741
   936    741
   937    741
   950    741
   951    741
   952    741
   953    741
   933    742
   934    742
   935    742
   936    742
   931    743
   932    743
   933    743
   934    743
   935    743
   931    744
   932    744
   933    744
   934    744
   935    744
   929    745
   930    745
   931    745
   932    745
   933    745
   934    745
   928    746
   929    746
   930    746
   931    746
   932    746
   933    746
   934    746
   927    747
   928    747
   929    747
   930    747
   931    747
   932    747
   933    747
   927    748
   928    748
   929    748
   930    748
   931    748
   932    748
   933    748
   934    748
   926    749
   927    749
   928    749
   929    749
   930    749
   931    749
   932    749
   933    749
   934    749
   926    750
   927    750
   928    750
   929    750
   930    750
   931    750
   932    750
   933    750
   926    751
   927    751
   928    751
   929    751
   930    751
   931    751
   932    751
   933    751
   926    752
   927    752
   928    752
   929    752
   930    752
   931    752
   932    752
   933    752
   926    753
   927    753
   928    753
   929    753
   930    753
   931    753
   932    753
   933    753
   926    754
   927    754
   928    754
   929    754
   930    754
   931    754
   932    754
   933    754
   926    755
   927    755
   928    755
   929    755
   930    755
   931    755
   932    755
   933    755
   926    756
   927    756
   928    756
   929    756
   930    756
   931    756
   932    756
   933    756
   925    757
   926    757
   927    757
   928    757
   929    757
   930    757
   931    757
   932    757
   933    757
   934    757
   926    758
   927    758
   932    758
   933    758
   926    759
   927    759
   928    759
   926    760
   927    760
   928    760
   929    760
   930    760
   931    760
   932    760
   933    760
   934    760
   926    761
   927    761
   928    761
   929    761
   930    761
   931    761
   932    761
   933    761
   934    761
   926    762
   927    762
   928    762
   929    762
   930    762
   931    762
   932    762
   933    762
   934    762
   926    763
   927    763
   928    763
   929    763
   930    763
   931    763
   932    763
   933    763
   934    763
   935    763
   927    764
   928    764
   929    764
   930    764
   931    764
   932    764
   933    764
   934    764
   926    765
   927    765
   928    765
   929    765
   930    765
   931    765
   932    765
   933    765
   934    765
   935    765
   927    766
   928    766
   929    766
   930    766
   931    766
   932    766
   933    766
   934    766
   935    766
   926    767
   927    767
   928    767
   929    767
   930    767
   931    767
   932    767
   933    767
   934    767
   935    767
   927    768
   928    768
   929    768
   930    768
   931    768
   932    768
   933    768
   934    768
   935    768
   927    769
   928    769
   929    769
   930    769
   931    769
   932    769
   933    769
   934    769
   935    769
   927    770
   928    770
   929    770
   930    770
   931    770
   932    770
   933    770
   934    770
   935    770
   927    771
   928    771
   929    771
   930    771
   931    771
   932    771
   933    771
   934    771
   935    771
   927    772
   928    772
   929    772
   930    772
   931    772
   932    772
   933    772
   934    772
   935    772
   927    773
   928    773
   929    773
   930    773
   931    773
   932    773
   933    773
   927    774
   928    774
   929    774
   930    774
   931    774
   932    774
   927    775
   928    775
   929    775
   930    775
   931    775
