  1132    708
  1133    708
  1134    708
  1135    708
  1136    708
  1137    708
  1138    708
  1139    708
  1140    708
  1141    708
  1142    708
  1121    709
  1122    709
  1123    709
  1130    709
  1131    709
  1132    709
  1146    709
  1147    709
  1148    709
  1083    710
  1084    710
  1085    710
  1086    710
  1087    710
  1088    710
  1103    710
  1104    710
  1105    710
  1106    710
  1107    710
  1108    710
  1109    710
  1110    710
  1111    710
  1112    710
  1113    710
  1114    710
  1115    710
  1116    710
  1117    710
  1118    710
  1119    710
  1120    710
  1121    710
  1122    710
  1065    711
  1066    711
  1067    711
  1068    711
  1069    711
  1072    711
  1103    711
  1104    711
  1105    711
  1106    711
  1107    711
  1108    711
  1109    711
  1110    711
  1111    711
  1112    711
  1117    712
  1118    712
  1119    712
  1120    712
  1121    712
  1079    713
  1080    713
  1081    713
  1082    713
  1088    713
  1108    713
  1066    714
  1067    714
  1068    714
  1069    714
  1070    714
  1071    714
  1072    714
  1073    714
  1074    714
  1075    714
  1076    714
  1077    714
  1078    714
  1079    714
  1080    714
  1081    714
  1082    714
  1055    715
  1056    715
  1057    715
  1058    715
  1067    715
  1068    715
  1069    715
  1070    715
  1071    715
  1072    715
  1073    715
  1074    715
  1075    715
  1076    715
  1077    715
  1078    715
  1079    715
  1081    715
  1082    715
  1083    715
  1084    715
  1085    715
  1086    715
  1087    715
  1049    716
  1050    716
  1051    716
  1069    716
  1070    716
  1071    716
  1072    716
  1073    716
  1074    716
  1075    716
  1076    716
  1077    716
  1046    717
  1047    717
  1048    717
  1049    717
  1050    717
  1051    717
  1052    717
  1053    717
  1054    717
  1055    717
  1056    717
  1057    717
  1028    718
  1029    718
  1030    718
  1031    718
  1032    718
  1033    718
  1034    718
  1035    718
  1036    718
  1037    718
  1038    718
  1039    718
  1040    718
  1041    718
  1042    718
  1043    718
  1044    718
  1045    718
  1046    718
  1047    718
  1048    718
  1049    718
  1054    718
  1055    718
  1056    718
  1022    719
  1023    719
  1024    719
  1025    719
  1026    719
  1030    719
  1031    719
  1032    719
  1033    719
  1034    719
  1035    719
  1036    719
  1037    719
  1038    719
  1039    719
  1040    719
  1041    719
  1053    719
  1010    720
  1011    720
  1012    720
  1013    720
  1014    720
  1015    720
  1016    720
  1020    720
  1026    720
  1027    720
  1028    720
  1029    720
  1030    720
  1031    720
  1032    720
  1033    720
  1034    720
  1035    720
  1036    720
  1037    720
  1038    720
  1042    720
  1043    720
  1044    720
  1009    721
  1010    721
  1011    721
  1012    721
  1013    721
  1014    721
  1015    721
  1016    721
  1017    721
  1018    721
  1019    721
  1024    721
  1025    721
  1028    721
  1029    721
  1030    721
  1034    721
  1035    721
  1036    721
  1037    721
  1013    722
  1014    722
  1015    722
  1016    722
  1017    722
  1018    722
  1019    722
  1020    722
   996    723
   997    723
   998    723
   999    723
  1000    723
  1001    723
  1002    723
  1012    723
  1013    723
  1014    723
  1015    723
  1016    723
  1017    723
  1018    723
  1019    723
  1020    723
   988    724
   989    724
   990    724
   991    724
   994    724
   995    724
   996    724
   997    724
   998    724
   999    724
  1000    724
   982    725
   983    725
   984    725
   988    725
   989    725
   990    725
   993    725
   994    725
   995    725
   996    725
   997    725
   998    725
   999    725
  1000    725
  1003    725
  1004    725
   976    726
   977    726
   978    726
   979    726
   980    726
   981    726
   982    726
   983    726
   984    726
   985    726
   989    726
   990    726
   991    726
   993    726
   994    726
   995    726
   996    726
   997    726
   998    726
   999    726
  1000    726
   975    727
   976    727
   977    727
   978    727
   979    727
   980    727
   984    727
   985    727
   989    727
   990    727
   991    727
   995    727
   996    727
  1000    727
  1001    727
   979    728
   980    728
   981    728
   982    728
   983    728
   984    728
   973    729
   974    729
   976    729
   977    729
   978    729
   979    729
   984    729
   985    729
   986    729
   956    730
   957    730
   958    730
   974    730
   975    730
   980    730
   981    730
   952    731
   953    731
   954    731
   957    731
   958    731
   959    731
   969    731
   970    731
   976    731
   977    731
   948    732
   949    732
   950    732
   953    732
   954    732
   955    732
   956    732
   972    732
   973    732
   943    733
   944    733
   945    733
   946    733
   947    733
   948    733
   949    733
   950    733
   951    733
   952    733
   957    733
   958    733
   973    733
   974    733
   944    734
   945    734
   946    734
   947    734
   948    734
   953    734
   954    734
   955    734
   958    734
   959    734
   960    734
   970    734
   971    734
   950    735
   951    735
   952    735
   953    735
   954    735
   955    735
   956    735
   947    736
   948    736
   949    736
   950    736
   951    736
   952    736
   953    736
   931    737
   932    737
   933    737
   945    737
   946    737
   947    737
   949    737
   950    737
   956    737
   957    737
   958    737
   959    737
   929    738
   930    738
   931    738
   935    738
   936    738
   943    738
   944    738
   947    738
   948    738
   949    738
   953    738
   954    738
   955    738
   927    739
   928    739
   929    739
   933    739
   934    739
   940    739
   941    739
   946    739
   947    739
   952    739
   953    739
   959    739
   932    740
   933    740
   939    740
   940    740
   951    740
   929    741
   930    741
   931    741
   937    741
   938    741
   939    741
   935    742
   936    742
   937    742
   934    743
   935    743
   936    743
   932    744
   933    744
   934    744
   935    744
   936    744
   931    745
   932    745
   933    745
   934    745
   935    745
   929    746
   930    746
   931    746
   932    746
   933    746
   934    746
   935    746
   929    747
   930    747
   931    747
   932    747
   933    747
   934    747
   935    747
   928    748
   929    748
   930    748
   931    748
   932    748
   933    748
   934    748
   927    749
   928    749
   929    749
   930    749
   931    749
   932    749
   933    749
   934    749
   927    750
   928    750
   929    750
   930    750
   931    750
   932    750
   933    750
   926    751
   927    751
   928    751
   929    751
   930    751
   931    751
   932    751
   933    751
   926    752
   927    752
   928    752
   929    752
   930    752
   931    752
   932    752
   933    752
   926    753
   927    753
   928    753
   929    753
   930    753
   931    753
   932    753
   933    753
   926    754
   927    754
   928    754
   929    754
   930    754
   931    754
   932    754
   933    754
   926    755
   927    755
   928    755
   929    755
   930    755
   931    755
   932    755
   933    755
   934    755
   926    756
   927    756
   928    756
   929    756
   930    756
   931    756
   932    756
   933    756
   926    757
   927    757
   928    757
   929    757
   930    757
   931    757
   932    757
   933    757
   934    757
   926    758
   927    758
   928    758
   929    758
   930    758
   931    758
   932    758
   933    758
   926    759
   927    759
   928    759
   929    759
   930    759
   932    759
   933    759
   934    759
   926    760
   926    761
   927    761
   928    761
   929    761
   930    761
   931    761
   932    761
   933    761
   934    761
   926    762
   927    762
   928    762
   929    762
   930    762
   931    762
   932    762
   933    762
   934    762
   927    763
   928    763
   929    763
   930    763
   931    763
   932    763
   933    763
   934    763
   927    764
   928    764
   929    764
   930    764
   931    764
   932    764
   933    764
   934    764
   927    765
   928    765
   929    765
   930    765
   931    765
   932    765
   933    765
   934    765
   935    765
   927    766
   928    766
   929    766
   930    766
   931    766
   932    766
   933    766
   934    766
   927    767
   928    767
   929    767
   930    767
   931    767
   932    767
   933    767
   934    767
   935    767
   927    768
   928    768
   929    768
   930    768
   931    768
   932    768
   933    768
   934    768
   935    768
   927    769
   928    769
   929    769
   930    769
   931    769
   932    769
   933    769
   934    769
   935    769
   927    770
   928    770
   929    770
   930    770
   931    770
   932    770
   933    770
   934    770
   935    770
   927    771
   928    771
   929    771
   930    771
   931    771
   932    771
   933    771
   934    771
   935    771
   927    772
   928    772
   929    772
   930    772
   931    772
   932    772
   933    772
   934    772
   935    772
   936    772
   927    773
   928    773
   929    773
   930    773
   931    773
   932    773
   933    773
   934    773
   935    773
   927    774
   928    774
   929    774
   930    774
   931    774
   932    774
   933    774
   934    774
   935    774
   936    774
   927    775
   928    775
   929    775
   930    775
   931    775
   932    775
   933    775
   934    775
   935    775
   936    775
   927    776
   928    776
   929    776
   930    776
   931    776
   932    776
   933    776
   934    776
   935    776
   936    776
   927    777
   928    777
   929    777
   930    777
   931    777
   932    777
   933    777
   934    777
   935    777
   936    777
   928    778
   929    778
   930    778
   931    778
   932    778
   933    778
   934    778
   935    778
   936    778
   927    779
   928    779
   929    779
   930    779
   931    779
   932    779
   933    779
   934    779
   935    779
   936    779
   927    780
   928    780
   929    780
   930    780
   931    780
   932    780
   933    780
   934    780
   935    780
   936    780
   928    781
   929    781
   930    781
   931    781
   932    781
   933    781
   934    781
   935    781
   936    781
   927    782
   928    782
   929    782
   930    782
   931    782
   932    782
   933    782
   934    782
   935    782
   936    782
   928    783
   929    783
   930    783
   931    783
   932    783
   933    783
   934    783
   935    783
   936    783
   937    783
   927    784
   928    784
   929    784
   930    784
   931    784
   932    784
   933    784
   934    784
   935    784
   936    784
   937    784
   938    784
   928    785
   929    785
   930    785
   931    785
   932    785
   933    785
   934    785
   935    785
   936    785
   937    785
   938    785
   927    786
   928    786
   929    786
   930    786
   931    786
   932    786
   933    786
   934    786
   935    786
   936    786
   937    786
   938    786
   927    787
   928    787
   929    787
   930    787
   931    787
   932    787
   933    787
   934    787
   935    787
   936    787
   937    787
   938    787
   928    788
   929    788
   930    788
   931    788
   932    788
   933    788
   934    788
   935    788
   936    788
   937    788
   938    788
   927    789
   928    789
   929    789
   930    789
   931    789
   932    789
   933    789
   934    789
   935    789
   936    789
   937    789
   928    790
   929    790
   930    790
   931    790
   932    790
   933    790
   934    790
   935    790
   936    790
   937    790
   930    791
   931    791
   932    791
   933    791
   934    791
   935    791
   936    791
   928    792
   929    792
   930    792
   933    792
   934    792
