  1151    702
  1152    702
  1153    702
  1154    702
  1155    702
  1156    702
  1157    702
  1158    702
  1136    703
  1137    703
  1138    703
  1139    703
  1140    703
  1146    704
  1147    704
  1148    704
  1149    704
  1150    704
  1151    704
  1152    704
  1153    704
  1156    704
  1157    704
  1158    704
  1159    704
  1160    704
  1161    704
  1139    705
  1140    705
  1141    705
  1142    705
  1143    705
  1144    705
  1145    705
  1146    705
  1147    705
  1148    705
  1149    705
  1152    705
  1153    705
  1154    705
  1158    705
  1159    705
  1160    705
  1161    705
  1162    705
  1052    706
  1053    706
  1054    706
  1055    706
  1115    706
  1116    706
  1117    706
  1118    706
  1119    706
  1120    706
  1121    706
  1122    706
  1123    706
  1135    706
  1136    706
  1137    706
  1138    706
  1139    706
  1158    707
  1159    707
  1040    708
  1041    708
  1042    708
  1043    708
  1066    708
  1067    708
  1068    708
  1069    708
  1070    708
  1089    708
  1090    708
  1091    708
  1092    708
  1135    708
  1136    708
  1137    708
  1138    708
  1139    708
  1140    708
  1141    708
  1142    708
  1143    708
  1144    708
  1145    708
  1146    708
  1147    708
  1040    709
  1041    709
  1042    709
  1043    709
  1044    709
  1045    709
  1122    709
  1123    709
  1124    709
  1136    709
  1137    709
  1138    709
  1040    710
  1041    710
  1042    710
  1066    710
  1067    710
  1068    710
  1069    710
  1070    710
  1071    710
  1078    710
  1080    710
  1087    710
  1088    710
  1089    710
  1090    710
  1091    710
  1092    710
  1093    710
  1094    710
  1103    710
  1104    710
  1105    710
  1106    710
  1107    710
  1108    710
  1109    710
  1110    710
  1111    710
  1112    710
  1113    710
  1114    710
  1115    710
  1116    710
  1117    710
  1118    710
  1119    710
  1120    710
  1121    710
  1122    710
  1123    710
  1124    710
  1125    710
  1141    710
  1142    710
  1143    710
  1062    711
  1063    711
  1064    711
  1065    711
  1066    711
  1067    711
  1068    711
  1069    711
  1070    711
  1071    711
  1072    711
  1098    711
  1099    711
  1100    711
  1101    711
  1102    711
  1103    711
  1104    711
  1105    711
  1106    711
  1107    711
  1108    711
  1109    711
  1110    711
  1111    711
  1112    711
  1113    711
  1139    711
  1140    711
  1141    711
  1033    712
  1034    712
  1035    712
  1036    712
  1047    712
  1048    712
  1049    712
  1053    712
  1054    712
  1066    712
  1067    712
  1068    712
  1069    712
  1070    712
  1071    712
  1072    712
  1073    712
  1074    712
  1075    712
  1076    712
  1077    712
  1078    712
  1094    712
  1095    712
  1096    712
  1122    712
  1123    712
  1124    712
  1125    712
  1050    713
  1051    713
  1052    713
  1053    713
  1054    713
  1091    713
  1092    713
  1093    713
  1094    713
  1097    713
  1098    713
  1099    713
  1100    713
  1108    713
  1109    713
  1110    713
  1111    713
  1027    714
  1028    714
  1029    714
  1030    714
  1031    714
  1032    714
  1034    714
  1035    714
  1036    714
  1037    714
  1070    714
  1071    714
  1072    714
  1073    714
  1074    714
  1075    714
  1076    714
  1077    714
  1078    714
  1079    714
  1083    714
  1084    714
  1085    714
  1096    714
  1008    715
  1058    715
  1059    715
  1060    715
  1061    715
  1062    715
  1066    715
  1067    715
  1068    715
  1069    715
  1070    715
  1071    715
  1072    715
  1073    715
  1074    715
  1075    715
  1076    715
  1077    715
  1078    715
  1079    715
  1080    715
  1081    715
  1082    715
  1087    715
  1088    715
  1089    715
  1090    715
  1091    715
  1051    716
  1052    716
  1053    716
  1054    716
  1055    716
  1056    716
  1057    716
  1058    716
  1066    716
  1067    716
  1068    716
  1069    716
  1070    716
  1071    716
  1072    716
  1073    716
  1074    716
  1075    716
  1076    716
  1077    716
  1078    716
  1079    716
  1080    716
  1081    716
  1049    717
  1050    717
  1051    717
  1052    717
  1053    717
  1054    717
  1055    717
  1056    717
  1058    717
  1059    717
  1060    717
  1065    717
  1066    717
  1067    717
  1068    717
  1069    717
  1070    717
  1071    717
  1072    717
  1073    717
  1032    718
  1033    718
  1034    718
  1035    718
  1036    718
  1037    718
  1038    718
  1039    718
  1040    718
  1041    718
  1042    718
  1043    718
  1044    718
  1045    718
  1046    718
  1047    718
  1048    718
  1049    718
  1050    718
  1051    718
  1052    718
  1053    718
  1054    718
  1055    718
  1056    718
  1057    718
  1058    718
  1024    719
  1025    719
  1026    719
  1027    719
  1028    719
  1029    719
  1030    719
  1031    719
  1032    719
  1033    719
  1034    719
  1035    719
  1036    719
  1037    719
  1038    719
  1039    719
  1040    719
  1041    719
  1042    719
  1043    719
  1044    719
  1052    719
  1053    719
  1054    719
  1055    719
  1056    719
  1016    720
  1017    720
  1018    720
  1031    720
  1032    720
  1033    720
  1034    720
  1035    720
  1036    720
  1037    720
  1038    720
  1044    720
  1045    720
  1046    720
  1047    720
  1011    721
  1012    721
  1013    721
  1016    721
  1017    721
  1018    721
  1019    721
  1020    721
  1021    721
  1026    721
  1027    721
  1028    721
  1029    721
  1030    721
  1031    721
  1032    721
  1038    721
  1039    721
  1040    721
  1012    722
  1013    722
  1014    722
  1015    722
  1016    722
  1017    722
  1018    722
  1019    722
  1020    722
  1021    722
  1022    722
  1023    722
  1024    722
  1030    722
  1031    722
  1034    722
  1035    722
   998    723
   999    723
  1000    723
  1001    723
  1002    723
  1008    723
  1009    723
  1010    723
  1011    723
  1012    723
  1013    723
  1014    723
  1015    723
  1016    723
  1017    723
  1018    723
  1019    723
  1020    723
  1038    723
  1039    723
   991    724
   992    724
   993    724
   994    724
   998    724
   999    724
  1000    724
  1001    724
  1002    724
  1003    724
  1004    724
  1005    724
  1006    724
  1007    724
  1008    724
  1009    724
  1010    724
  1011    724
  1012    724
  1013    724
  1014    724
  1015    724
  1016    724
  1020    724
  1021    724
  1022    724
   984    725
   985    725
   986    725
   993    725
   994    725
   995    725
   996    725
   997    725
   998    725
   999    725
  1000    725
  1001    725
  1002    725
  1003    725
  1004    725
  1005    725
  1006    725
  1007    725
  1008    725
  1009    725
  1010    725
  1011    725
  1012    725
  1013    725
  1014    725
  1015    725
  1016    725
   979    726
   980    726
   981    726
   982    726
   983    726
   984    726
   985    726
   986    726
   987    726
   988    726
   989    726
   992    726
   993    726
   994    726
   996    726
   997    726
   998    726
   999    726
  1000    726
  1001    726
  1002    726
  1003    726
  1004    726
  1009    726
  1010    726
  1011    726
   979    727
   980    727
   981    727
   982    727
   983    727
   984    727
   994    727
   995    727
   997    727
   998    727
   999    727
  1002    727
  1003    727
  1004    727
  1005    727
   981    728
   982    728
   983    728
   984    728
   985    728
   986    728
   987    728
   994    728
   995    728
   996    728
   998    728
   999    728
  1000    728
   975    729
   976    729
   977    729
   978    729
   979    729
   980    729
   981    729
   982    729
   958    730
   959    730
   960    730
   966    730
   967    730
   971    730
   972    730
   973    730
   974    730
   976    730
   977    730
   978    730
   982    730
   983    730
   984    730
   955    731
   956    731
   959    731
   960    731
   961    731
   962    731
   963    731
   967    731
   968    731
   969    731
   971    731
   972    731
   973    731
   978    731
   979    731
   980    731
   983    731
   984    731
   985    731
   950    732
   951    732
   952    732
   953    732
   955    732
   956    732
   957    732
   958    732
   964    732
   965    732
   968    732
   969    732
   975    732
   976    732
   979    732
   980    732
   981    732
   982    732
   946    733
   947    733
   948    733
   949    733
   950    733
   951    733
   952    733
   953    733
   954    733
   959    733
   960    733
   961    733
   970    733
   971    733
   972    733
   976    733
   977    733
   948    734
   949    734
   950    734
   951    734
   955    734
   956    734
   957    734
   958    734
   959    734
   960    734
   961    734
   962    734
   972    734
   973    734
   944    735
   945    735
   946    735
   947    735
   952    735
   953    735
   954    735
   955    735
   956    735
   957    735
   958    735
   959    735
   949    736
   950    736
   951    736
   952    736
   953    736
   954    736
   955    736
   932    737
   933    737
   934    737
   935    737
   936    737
   946    737
   947    737
   948    737
   950    737
   951    737
   952    737
   953    737
   930    738
   931    738
   932    738
   933    738
   944    738
   945    738
   946    738
   949    738
   950    738
   951    738
   956    738
   957    738
   958    738
   928    739
   929    739
   930    739
   931    739
   934    739
   935    739
   936    739
   937    739
   942    739
   943    739
   944    739
   947    739
   948    739
   949    739
   953    739
   954    739
   955    739
   956    739
   926    740
   927    740
   928    740
   932    740
   933    740
   934    740
   940    740
   941    740
   952    740
   953    740
   954    740
   959    740
   925    741
   931    741
   932    741
   933    741
   938    741
   939    741
   940    741
   951    741
   956    741
   957    741
   958    741
   929    742
   930    742
   931    742
   936    742
   937    742
   938    742
   939    742
   955    742
   956    742
   935    743
   936    743
   937    743
   938    743
   933    744
   934    744
   935    744
   936    744
   931    745
   932    745
   933    745
   934    745
   930    746
   931    746
   932    746
   933    746
   934    746
   929    747
   930    747
   931    747
   932    747
   933    747
   934    747
   928    748
   929    748
   930    748
   931    748
   932    748
   933    748
   934    748
   935    748
   928    749
   929    749
   930    749
   931    749
   932    749
   933    749
   934    749
   935    749
   927    750
   928    750
   929    750
   930    750
   931    750
   932    750
   933    750
   934    750
   926    751
   927    751
   928    751
   929    751
   930    751
   931    751
   932    751
   933    751
   934    751
   926    752
   927    752
   928    752
   929    752
   930    752
   931    752
   932    752
   933    752
   926    753
   927    753
   928    753
   929    753
   930    753
   931    753
   932    753
   933    753
   934    753
   926    754
   927    754
   928    754
   929    754
   930    754
   931    754
   932    754
   933    754
   926    755
   927    755
   928    755
   929    755
   930    755
   931    755
   932    755
   933    755
   934    755
   926    756
   927    756
   928    756
   929    756
   930    756
   931    756
   932    756
   933    756
   925    757
   926    757
   927    757
   928    757
   929    757
   930    757
   931    757
   932    757
   933    757
   926    758
   927    758
   928    758
   929    758
   930    758
   931    758
   932    758
   933    758
   925    759
   926    759
   927    759
   928    759
   929    759
   930    759
   931    759
   932    759
   933    759
   925    760
   926    760
   927    760
   928    760
   929    760
   930    760
   931    760
   932    760
   933    760
   926    762
   927    762
   928    762
   929    762
   930    762
   931    762
   932    762
   925    763
   926    763
   927    763
   928    763
   929    763
   930    763
   931    763
   932    763
   933    763
   934    763
   926    764
   927    764
   928    764
   929    764
   930    764
   931    764
   932    764
   933    764
   934    764
   926    765
   927    765
   928    765
   929    765
   930    765
   931    765
   932    765
   933    765
   934    765
   935    765
   926    766
   927    766
   928    766
   929    766
   930    766
   931    766
   932    766
   933    766
   934    766
   935    766
   926    767
   927    767
   928    767
   929    767
   930    767
   931    767
   932    767
   933    767
   934    767
   935    767
   936    767
   926    768
   927    768
   928    768
   929    768
   930    768
   931    768
   932    768
   933    768
   934    768
   935    768
   936    768
   926    769
   927    769
   928    769
   929    769
   930    769
   931    769
   932    769
   933    769
   934    769
   935    769
   936    769
   927    770
   928    770
   929    770
   930    770
   931    770
   932    770
   933    770
   934    770
   935    770
   936    770
   926    771
   927    771
   928    771
   929    771
   930    771
   931    771
   932    771
   933    771
   934    771
   935    771
   927    772
   928    772
   929    772
   930    772
   931    772
   932    772
   933    772
   934    772
   935    772
   936    772
   927    773
   928    773
   929    773
   930    773
   931    773
   932    773
   933    773
   934    773
   935    773
   927    774
   928    774
   929    774
   930    774
   931    774
   932    774
   933    774
   934    774
   935    774
   936    774
   927    775
   928    775
   929    775
   930    775
   931    775
   932    775
   933    775
   934    775
   935    775
   936    775
   927    776
   928    776
   929    776
   930    776
   931    776
   932    776
   933    776
   934    776
   935    776
   936    776
   927    777
   928    777
   929    777
   930    777
   931    777
   932    777
   933    777
   934    777
   935    777
   936    777
   926    778
   927    778
   928    778
   929    778
   930    778
   931    778
   932    778
   933    778
   934    778
   935    778
   936    778
   927    779
   928    779
   929    779
   930    779
   931    779
   932    779
   933    779
   934    779
   935    779
   936    779
   927    780
   928    780
   929    780
   930    780
   931    780
   932    780
   933    780
   934    780
   935    780
   936    780
   927    781
   928    781
   929    781
   930    781
   931    781
   932    781
   933    781
   934    781
   935    781
   936    781
   927    782
   928    782
   929    782
   930    782
   931    782
   932    782
   933    782
   934    782
   935    782
   936    782
   927    783
   928    783
   929    783
   930    783
   931    783
   932    783
   933    783
   934    783
   935    783
   936    783
   927    784
   928    784
   929    784
   930    784
   931    784
   932    784
   933    784
   934    784
   935    784
   936    784
   937    784
   928    785
   929    785
   930    785
   931    785
   932    785
   933    785
   934    785
   935    785
   936    785
   937    785
   927    786
   928    786
   929    786
   930    786
   931    786
   932    786
   933    786
   934    786
   935    786
   936    786
   937    786
   927    787
   928    787
   929    787
   930    787
   931    787
   932    787
   933    787
   934    787
   935    787
   936    787
   937    787
   928    788
   929    788
   930    788
   931    788
   932    788
   933    788
   934    788
   935    788
   936    788
   937    788
   927    789
   928    789
   929    789
   930    789
   931    789
   932    789
   933    789
   934    789
   935    789
   936    789
   937    789
   928    790
   929    790
   930    790
   931    790
   932    790
   933    790
   934    790
   935    790
   936    790
   937    790
   928    791
   929    791
   930    791
   931    791
   932    791
   933    791
   934    791
   935    791
   936    791
   937    791
   927    792
   928    792
   929    792
   930    792
   931    792
   932    792
   933    792
   934    792
   935    792
   936    792
   937    792
