  1033    718
  1034    718
  1035    718
  1036    718
  1037    718
  1038    718
  1039    718
  1040    718
  1024    719
  1025    719
  1026    719
  1035    719
  1036    719
  1037    719
  1038    719
  1017    720
  1018    720
  1019    720
  1020    720
  1021    720
  1022    720
  1023    720
  1032    720
  1033    720
  1034    720
  1035    720
  1036    720
  1037    720
  1038    720
  1009    721
  1010    721
  1011    721
  1012    721
  1017    721
  1018    721
  1019    721
  1020    721
  1021    721
  1022    721
  1028    721
  1029    721
  1030    721
  1031    721
  1038    721
  1039    721
  1040    721
  1013    722
  1014    722
  1015    722
  1016    722
  1017    722
  1018    722
  1019    722
  1020    722
  1021    722
  1022    722
  1023    722
  1024    722
  1034    722
  1035    722
   998    723
   999    723
  1000    723
  1001    723
  1002    723
  1008    723
  1009    723
  1010    723
  1011    723
  1012    723
  1013    723
  1014    723
  1015    723
  1016    723
  1017    723
  1018    723
  1019    723
  1020    723
  1021    723
   992    724
   993    724
   994    724
   995    724
   996    724
   997    724
   998    724
   999    724
  1000    724
  1001    724
  1002    724
  1003    724
  1004    724
  1007    724
  1008    724
  1009    724
  1010    724
  1011    724
  1012    724
  1013    724
  1014    724
  1015    724
  1016    724
  1017    724
  1018    724
  1019    724
  1020    724
  1021    724
  1022    724
  1023    724
   986    725
   987    725
   988    725
   993    725
   994    725
   995    725
   996    725
   997    725
   998    725
   999    725
  1000    725
  1001    725
  1002    725
  1003    725
  1004    725
  1005    725
  1007    725
  1008    725
  1009    725
  1010    725
  1012    725
  1013    725
  1014    725
  1015    725
  1016    725
   980    726
   981    726
   982    726
   983    726
   984    726
   985    726
   986    726
   987    726
   988    726
   989    726
   990    726
   991    726
   993    726
   994    726
   995    726
   996    726
   997    726
   998    726
   999    726
  1000    726
  1001    726
  1002    726
  1003    726
  1004    726
  1005    726
  1009    726
  1010    726
  1011    726
   979    727
   980    727
   981    727
   982    727
   985    727
   986    727
   987    727
   988    727
   989    727
   994    727
   995    727
   996    727
   997    727
   998    727
   999    727
  1000    727
  1004    727
  1005    727
   981    728
   982    728
   983    728
   984    728
   985    728
   986    728
   987    728
   988    728
   994    728
   995    728
   996    728
   997    728
   998    728
   999    728
   977    729
   978    729
   979    729
   980    729
   981    729
   982    729
   983    729
   958    730
   959    730
   960    730
   961    730
   962    730
   965    730
   966    730
   967    730
   972    730
   973    730
   976    730
   977    730
   978    730
   979    730
   983    730
   984    730
   985    730
   954    731
   955    731
   956    731
   957    731
   958    731
   960    731
   961    731
   962    731
   967    731
   968    731
   969    731
   970    731
   971    731
   972    731
   973    731
   978    731
   979    731
   980    731
   981    731
   982    731
   983    731
   984    731
   985    731
   986    731
   951    732
   952    732
   953    732
   954    732
   955    732
   956    732
   957    732
   958    732
   963    732
   964    732
   968    732
   969    732
   970    732
   974    732
   975    732
   976    732
   980    732
   981    732
   982    732
   948    733
   949    733
   950    733
   951    733
   952    733
   953    733
   954    733
   959    733
   960    733
   961    733
   965    733
   971    733
   977    733
   948    734
   949    734
   950    734
   951    734
   956    734
   957    734
   958    734
   959    734
   944    735
   945    735
   946    735
   952    735
   953    735
   954    735
   955    735
   956    735
   957    735
   958    735
   959    735
   928    736
   929    736
   949    736
   950    736
   951    736
   952    736
   953    736
   954    736
   955    736
   956    736
   947    737
   948    737
   950    737
   951    737
   952    737
   953    737
   930    738
   931    738
   932    738
   933    738
   944    738
   945    738
   946    738
   949    738
   950    738
   951    738
   956    738
   957    738
   958    738
   928    739
   929    739
   930    739
   935    739
   936    739
   937    739
   943    739
   948    739
   949    739
   953    739
   954    739
   955    739
   956    739
   927    740
   928    740
   933    740
   934    740
   935    740
   940    740
   941    740
   947    740
   952    740
   953    740
   959    740
   960    740
   925    741
   926    741
   931    741
   932    741
   933    741
   938    741
   939    741
   940    741
   950    741
   951    741
   957    741
   958    741
   929    742
   930    742
   931    742
   936    742
   937    742
   938    742
   939    742
   956    742
   957    742
   935    743
   936    743
   937    743
   933    744
   934    744
   935    744
   936    744
   931    745
   932    745
   933    745
   934    745
   935    745
   930    746
   931    746
   932    746
   933    746
   934    746
   935    746
   929    747
   930    747
   931    747
   932    747
   933    747
   934    747
   928    748
   929    748
   930    748
   931    748
   932    748
   933    748
   934    748
   928    749
   929    749
   930    749
   931    749
   932    749
   933    749
   934    749
   927    750
   928    750
   929    750
   930    750
   931    750
   932    750
   933    750
   934    750
   926    751
   927    751
   928    751
   929    751
   930    751
   931    751
   932    751
   933    751
   934    751
   926    752
   927    752
   928    752
   929    752
   930    752
   931    752
   932    752
   933    752
   926    753
   927    753
   928    753
   929    753
   930    753
   931    753
   932    753
   933    753
   926    754
   927    754
   928    754
   929    754
   930    754
   931    754
   932    754
   933    754
   926    755
   927    755
   928    755
   929    755
   930    755
   931    755
   932    755
   933    755
   926    756
   927    756
   928    756
   929    756
   930    756
   931    756
   932    756
   933    756
   925    757
   926    757
   927    757
   928    757
   929    757
   930    757
   931    757
   932    757
   933    757
   926    758
   927    758
   928    758
   929    758
   930    758
   931    758
   932    758
   933    758
   925    759
   926    759
   927    759
   928    759
   929    759
   930    759
   931    759
   932    759
   933    759
   926    760
   927    760
   928    760
   929    760
   930    760
   931    760
   932    760
   933    760
   926    761
   927    761
   928    761
   926    762
   927    762
   928    762
   930    762
   931    762
   932    762
   933    762
   925    763
   926    763
   927    763
   928    763
   929    763
   930    763
   931    763
   932    763
   933    763
   934    763
   926    764
   927    764
   928    764
   929    764
   930    764
   931    764
   932    764
   933    764
   934    764
   926    765
   927    765
   928    765
   929    765
   930    765
   931    765
   932    765
   933    765
   934    765
   926    766
   927    766
   928    766
   929    766
   930    766
   931    766
   932    766
   933    766
   934    766
   926    767
   927    767
   928    767
   929    767
   930    767
   931    767
   932    767
   933    767
   934    767
   935    767
   926    768
   927    768
   928    768
   929    768
   930    768
   931    768
   932    768
   933    768
   934    768
   935    768
   936    768
   926    769
   927    769
   928    769
   929    769
   930    769
   931    769
   932    769
   933    769
   934    769
   935    769
   936    769
   927    770
   928    770
   929    770
   930    770
   931    770
   932    770
   933    770
   934    770
   935    770
   936    770
   926    771
   927    771
   928    771
   929    771
   930    771
   931    771
   932    771
   933    771
   934    771
   935    771
   927    772
   928    772
   929    772
   930    772
   931    772
   932    772
   933    772
   934    772
   935    772
   936    772
   926    773
   927    773
   928    773
   929    773
   930    773
   931    773
   932    773
   933    773
   934    773
   935    773
   936    773
   927    774
   928    774
   929    774
   930    774
   931    774
   932    774
   933    774
   934    774
   935    774
   936    774
   927    775
   928    775
   929    775
   930    775
   931    775
   932    775
   933    775
   934    775
   935    775
   936    775
   927    776
   928    776
   929    776
   930    776
   931    776
   932    776
   933    776
   934    776
   935    776
   936    776
   927    777
   928    777
   929    777
   930    777
   931    777
   932    777
   933    777
   934    777
   935    777
   936    777
   926    778
   927    778
   928    778
   929    778
   930    778
   931    778
   932    778
   933    778
   934    778
   935    778
   936    778
   927    779
   928    779
   929    779
   930    779
   931    779
   932    779
   933    779
   934    779
   935    779
   936    779
   927    780
   928    780
   929    780
   930    780
   931    780
   932    780
   933    780
   934    780
   935    780
   936    780
   927    781
   928    781
   929    781
   930    781
   931    781
   932    781
   933    781
   934    781
   935    781
   936    781
   927    782
   928    782
   929    782
   930    782
   931    782
   932    782
   933    782
   934    782
   935    782
   936    782
   937    782
   927    783
   928    783
   929    783
   930    783
   931    783
   932    783
   933    783
   934    783
   935    783
   936    783
   927    784
   928    784
   929    784
   930    784
   931    784
   932    784
   933    784
   934    784
   935    784
   936    784
   937    784
   928    785
   929    785
   930    785
   931    785
   932    785
   933    785
   934    785
   935    785
   936    785
   937    785
   927    786
   928    786
   929    786
   930    786
   931    786
   932    786
   933    786
   934    786
   935    786
   936    786
   937    786
   927    787
   928    787
   929    787
   930    787
   931    787
   932    787
   933    787
   934    787
   935    787
   936    787
   937    787
   928    788
   929    788
   930    788
   931    788
   932    788
   933    788
   934    788
   935    788
   936    788
   937    788
   927    789
   928    789
   929    789
   930    789
   931    789
   932    789
   933    789
   934    789
   935    789
   936    789
   937    789
   928    790
   929    790
   930    790
   931    790
   932    790
   933    790
   934    790
   935    790
   936    790
   937    790
   938    790
   928    791
   929    791
   930    791
   931    791
   932    791
   933    791
   934    791
   935    791
   936    791
   937    791
   928    792
   929    792
   930    792
   931    792
   932    792
   933    792
   934    792
   935    792
   936    792
   937    792
