  1138    704
  1139    704
  1140    704
  1141    704
  1142    704
  1146    704
  1147    704
  1148    704
  1149    704
  1150    704
  1151    704
  1152    704
  1153    704
  1154    704
  1155    704
  1156    704
  1163    704
  1126    705
  1127    705
  1128    705
  1136    705
  1137    705
  1138    705
  1139    705
  1140    705
  1142    705
  1143    705
  1144    705
  1145    705
  1146    705
  1147    705
  1148    705
  1149    705
  1150    705
  1151    705
  1152    705
  1153    705
  1154    705
  1155    705
  1156    705
  1157    705
  1158    705
  1159    705
  1160    705
  1161    705
  1054    706
  1055    706
  1056    706
  1057    706
  1058    706
  1059    706
  1060    706
  1061    706
  1062    706
  1063    706
  1105    706
  1106    706
  1107    706
  1110    706
  1111    706
  1120    706
  1121    706
  1122    706
  1123    706
  1127    706
  1128    706
  1131    706
  1132    706
  1133    706
  1134    706
  1135    706
  1136    706
  1137    706
  1138    706
  1139    706
  1140    706
  1141    706
  1142    706
  1056    707
  1057    707
  1058    707
  1059    707
  1060    707
  1061    707
  1062    707
  1063    707
  1064    707
  1065    707
  1066    707
  1067    707
  1068    707
  1069    707
  1070    707
  1071    707
  1103    707
  1104    707
  1105    707
  1106    707
  1107    707
  1108    707
  1114    707
  1115    707
  1116    707
  1117    707
  1118    707
  1119    707
  1120    707
  1121    707
  1123    707
  1124    707
  1125    707
  1126    707
  1129    707
  1130    707
  1131    707
  1157    707
  1158    707
  1159    707
  1160    707
  1055    708
  1056    708
  1057    708
  1058    708
  1059    708
  1060    708
  1061    708
  1062    708
  1063    708
  1064    708
  1065    708
  1066    708
  1067    708
  1068    708
  1069    708
  1070    708
  1071    708
  1072    708
  1073    708
  1122    708
  1123    708
  1124    708
  1125    708
  1130    708
  1131    708
  1132    708
  1133    708
  1134    708
  1135    708
  1136    708
  1137    708
  1138    708
  1139    708
  1140    708
  1141    708
  1142    708
  1143    708
  1144    708
  1145    708
  1054    709
  1055    709
  1059    709
  1060    709
  1061    709
  1065    709
  1066    709
  1067    709
  1068    709
  1069    709
  1070    709
  1124    709
  1125    709
  1126    709
  1127    709
  1128    709
  1129    709
  1132    709
  1133    709
  1134    709
  1135    709
  1136    709
  1137    709
  1053    710
  1054    710
  1055    710
  1084    710
  1085    710
  1086    710
  1087    710
  1088    710
  1089    710
  1090    710
  1091    710
  1092    710
  1093    710
  1094    710
  1095    710
  1104    710
  1105    710
  1106    710
  1107    710
  1108    710
  1109    710
  1110    710
  1111    710
  1112    710
  1113    710
  1114    710
  1115    710
  1116    710
  1117    710
  1118    710
  1119    710
  1120    710
  1121    710
  1122    710
  1123    710
  1124    710
  1125    710
  1126    710
  1127    710
  1128    710
  1129    710
  1130    710
  1131    710
  1132    710
  1133    710
  1134    710
  1143    710
  1144    710
  1053    711
  1054    711
  1055    711
  1056    711
  1093    711
  1094    711
  1095    711
  1096    711
  1097    711
  1098    711
  1099    711
  1100    711
  1101    711
  1102    711
  1103    711
  1104    711
  1105    711
  1106    711
  1107    711
  1108    711
  1109    711
  1110    711
  1111    711
  1112    711
  1113    711
  1114    711
  1115    711
  1137    711
  1138    711
  1139    711
  1140    711
  1141    711
  1052    712
  1053    712
  1054    712
  1055    712
  1056    712
  1062    712
  1063    712
  1064    712
  1065    712
  1066    712
  1067    712
  1068    712
  1071    712
  1072    712
  1073    712
  1074    712
  1075    712
  1076    712
  1095    712
  1096    712
  1097    712
  1098    712
  1123    712
  1052    713
  1053    713
  1054    713
  1055    713
  1056    713
  1092    713
  1093    713
  1094    713
  1095    713
  1096    713
  1097    713
  1098    713
  1099    713
  1100    713
  1101    713
  1102    713
  1103    713
  1104    713
  1109    713
  1110    713
  1111    713
  1112    713
  1113    713
  1027    714
  1028    714
  1029    714
  1030    714
  1031    714
  1033    714
  1034    714
  1035    714
  1036    714
  1037    714
  1038    714
  1039    714
  1040    714
  1071    714
  1072    714
  1073    714
  1074    714
  1075    714
  1084    714
  1085    714
  1086    714
  1096    714
  1097    714
  1098    714
  1099    714
  1059    715
  1060    715
  1061    715
  1062    715
  1063    715
  1064    715
  1065    715
  1066    715
  1067    715
  1068    715
  1069    715
  1070    715
  1071    715
  1072    715
  1073    715
  1074    715
  1090    715
  1091    715
  1092    715
  1093    715
  1094    715
  1100    715
  1101    715
  1102    715
  1032    716
  1033    716
  1034    716
  1051    716
  1052    716
  1053    716
  1054    716
  1055    716
  1056    716
  1057    716
  1058    716
  1059    716
  1060    716
  1066    716
  1067    716
  1068    716
  1069    716
  1080    716
  1081    716
  1082    716
  1083    716
  1050    717
  1051    717
  1052    717
  1053    717
  1054    717
  1055    717
  1056    717
  1057    717
  1059    717
  1060    717
  1061    717
  1062    717
  1066    717
  1067    717
  1068    717
  1069    717
  1071    717
  1072    717
  1073    717
  1074    717
  1033    718
  1034    718
  1035    718
  1036    718
  1037    718
  1038    718
  1039    718
  1040    718
  1041    718
  1042    718
  1043    718
  1044    718
  1045    718
  1046    718
  1047    718
  1048    718
  1049    718
  1050    718
  1051    718
  1052    718
  1053    718
  1054    718
  1055    718
  1056    718
  1057    718
  1058    718
  1059    718
  1084    718
  1085    718
  1026    719
  1027    719
  1033    719
  1034    719
  1035    719
  1036    719
  1037    719
  1038    719
  1039    719
  1040    719
  1041    719
  1042    719
  1043    719
  1044    719
  1045    719
  1052    719
  1053    719
  1054    719
  1055    719
  1056    719
  1057    719
  1058    719
  1011    720
  1012    720
  1017    720
  1018    720
  1019    720
  1020    720
  1021    720
  1022    720
  1023    720
  1029    720
  1030    720
  1031    720
  1032    720
  1033    720
  1034    720
  1035    720
  1036    720
  1037    720
  1038    720
  1039    720
  1040    720
  1041    720
  1048    720
  1049    720
  1050    720
  1006    721
  1007    721
  1008    721
  1009    721
  1010    721
  1011    721
  1012    721
  1013    721
  1014    721
  1015    721
  1016    721
  1017    721
  1018    721
  1019    721
  1020    721
  1021    721
  1022    721
  1023    721
  1024    721
  1028    721
  1029    721
  1030    721
  1031    721
  1032    721
  1033    721
  1034    721
  1035    721
  1036    721
  1037    721
  1038    721
  1039    721
  1040    721
  1041    721
  1042    721
   990    722
   991    722
   992    722
  1012    722
  1013    722
  1014    722
  1015    722
  1016    722
  1017    722
  1018    722
  1019    722
  1020    722
  1021    722
  1022    722
  1023    722
  1024    722
  1025    722
  1026    722
  1030    722
  1031    722
  1032    722
  1033    722
  1034    722
  1035    722
  1036    722
  1037    722
   980    723
   981    723
   982    723
  1002    723
  1009    723
  1010    723
  1011    723
  1012    723
  1013    723
  1014    723
  1015    723
  1016    723
  1017    723
  1018    723
  1019    723
  1020    723
  1021    723
  1022    723
  1023    723
   993    724
   994    724
   995    724
   996    724
   997    724
   998    724
   999    724
  1000    724
  1001    724
  1002    724
  1003    724
  1004    724
  1005    724
  1006    724
  1007    724
  1009    724
  1010    724
  1011    724
  1012    724
  1013    724
  1014    724
  1015    724
  1016    724
  1017    724
  1021    724
  1022    724
  1023    724
   986    725
   987    725
   988    725
   989    725
   993    725
   994    725
   995    725
   996    725
   997    725
   998    725
   999    725
  1000    725
  1001    725
  1002    725
  1003    725
  1004    725
  1005    725
  1006    725
  1007    725
  1008    725
  1009    725
  1010    725
  1011    725
  1017    725
  1018    725
   980    726
   981    726
   982    726
   983    726
   984    726
   985    726
   988    726
   989    726
   990    726
   994    726
   995    726
   996    726
   997    726
   998    726
   999    726
  1000    726
  1001    726
  1003    726
  1004    726
  1005    726
  1006    726
  1011    726
  1012    726
   974    727
   975    727
   976    727
   977    727
   978    727
   979    727
   980    727
   981    727
   982    727
   983    727
   984    727
   985    727
   986    727
   989    727
   990    727
   991    727
   995    727
   996    727
   997    727
   999    727
  1000    727
  1001    727
  1005    727
  1006    727
  1007    727
   975    728
   976    728
   977    728
   978    728
   979    728
   980    728
   983    728
   984    728
   985    728
   986    728
   989    728
   990    728
   991    728
   992    728
   995    728
   996    728
   997    728
  1000    728
  1001    728
  1002    728
   978    729
   979    729
   980    729
   981    729
   982    729
   983    729
   984    729
   961    730
   962    730
   967    730
   968    730
   973    730
   974    730
   975    730
   976    730
   977    730
   978    730
   979    730
   980    730
   984    730
   985    730
   956    731
   957    731
   958    731
   963    731
   964    731
   965    731
   973    731
   974    731
   975    731
   976    731
   980    731
   981    731
   982    731
   951    732
   952    732
   953    732
   954    732
   957    732
   958    732
   959    732
   960    732
   965    732
   966    732
   967    732
   969    732
   970    732
   971    732
   976    732
   977    732
   978    732
   980    732
   981    732
   982    732
   983    732
   984    732
   949    733
   950    733
   951    733
   953    733
   954    733
   955    733
   956    733
   960    733
   961    733
   962    733
   972    733
   973    733
   974    733
   978    733
   979    733
   943    734
   944    734
   945    734
   946    734
   947    734
   948    734
   949    734
   950    734
   951    734
   952    734
   953    734
   956    734
   957    734
   958    734
   959    734
   960    734
   962    734
   969    734
   970    734
   971    734
   973    734
   974    734
   975    734
   976    734
   944    735
   945    735
   946    735
   947    735
   948    735
   949    735
   954    735
   955    735
   956    735
   957    735
   958    735
   959    735
   960    735
   971    735
   972    735
   950    736
   951    736
   952    736
   955    736
   956    736
   957    736
   947    737
   948    737
   949    737
   950    737
   953    737
   954    737
   931    738
   932    738
   933    738
   934    738
   939    738
   940    738
   945    738
   946    738
   947    738
   950    738
   951    738
   952    738
   957    738
   958    738
   959    738
   929    739
   930    739
   931    739
   932    739
   933    739
   934    739
   937    739
   938    739
   943    739
   944    739
   948    739
   949    739
   950    739
   955    739
   956    739
   957    739
   927    740
   928    740
   929    740
   930    740
   931    740
   932    740
   933    740
   934    740
   935    740
   936    740
   941    740
   942    740
   947    740
   948    740
   953    740
   954    740
   925    741
   926    741
   929    741
   930    741
   931    741
   932    741
   933    741
   934    741
   939    741
   940    741
   941    741
   951    741
   952    741
   953    741
   958    741
   959    741
   929    742
   930    742
   931    742
   932    742
   937    742
   938    742
   957    742
   958    742
   935    743
   936    743
   937    743
   942    743
   955    743
   956    743
   934    744
   935    744
   933    745
   934    745
   931    746
   932    746
   933    746
   934    746
   930    747
   931    747
   932    747
   933    747
   934    747
   929    748
   930    748
   931    748
   932    748
   933    748
   934    748
   928    749
   929    749
   930    749
   931    749
   932    749
   933    749
   934    749
   927    750
   928    750
   929    750
   930    750
   931    750
   932    750
   933    750
   934    750
   927    751
   928    751
   929    751
   930    751
   931    751
   932    751
   933    751
   934    751
   926    752
   927    752
   928    752
   929    752
   930    752
   931    752
   932    752
   926    753
   927    753
   928    753
   929    753
   930    753
   931    753
   932    753
   926    754
   927    754
   928    754
   929    754
   930    754
   931    754
   932    754
   926    755
   927    755
   928    755
   929    755
   930    755
   931    755
   932    755
   933    755
   926    756
   927    756
   928    756
   929    756
   930    756
   931    756
   932    756
   925    757
   926    757
   927    757
   928    757
   929    757
   930    757
   931    757
   932    757
   933    757
   926    758
   927    758
   928    758
   929    758
   930    758
   931    758
   932    758
   933    758
   925    759
   926    759
   927    759
   928    759
   929    759
   930    759
   931    759
   932    759
   933    759
   925    760
   926    760
   927    760
   928    760
   929    760
   930    760
   931    760
   932    760
   933    760
   934    760
   925    761
   926    761
   927    761
   928    761
   929    761
   930    761
   931    761
   932    761
   933    761
   926    762
   927    762
   928    762
   925    763
   926    763
   927    763
   928    763
   929    763
   930    763
   931    763
   932    763
   933    763
   934    763
   925    764
   926    764
   927    764
   928    764
   929    764
   930    764
   931    764
   932    764
   933    764
   934    764
   925    765
   926    765
   927    765
   928    765
   929    765
   930    765
   931    765
   932    765
   933    765
   934    765
   926    766
   927    766
   928    766
   929    766
   930    766
   931    766
   932    766
   933    766
   934    766
   926    767
   927    767
   928    767
   929    767
   930    767
   931    767
   932    767
   933    767
   934    767
   935    767
   926    768
   927    768
   928    768
   929    768
   930    768
   931    768
   932    768
   933    768
   934    768
   935    768
   926    769
   927    769
   928    769
   929    769
   930    769
   931    769
   932    769
   933    769
   934    769
   935    769
   927    770
   928    770
   929    770
   930    770
   931    770
   932    770
   933    770
   934    770
   935    770
   927    771
   928    771
   929    771
   930    771
   931    771
   932    771
   933    771
   934    771
   935    771
   927    772
   928    772
   929    772
   930    772
   931    772
   932    772
   933    772
   934    772
   935    772
   927    773
   928    773
   929    773
   930    773
   931    773
   932    773
   933    773
   934    773
   935    773
   927    774
   928    774
   929    774
   930    774
   931    774
   932    774
   933    774
   934    774
   935    774
   936    774
   927    775
   928    775
   929    775
   930    775
   931    775
   932    775
   933    775
   934    775
   935    775
   927    776
   928    776
   929    776
   930    776
   931    776
   932    776
   933    776
   934    776
   935    776
   927    777
   928    777
   929    777
   930    777
   931    777
   932    777
   933    777
   934    777
   935    777
   936    777
   926    778
   927    778
   928    778
   929    778
   930    778
   931    778
   932    778
   933    778
   934    778
   935    778
   936    778
   927    779
   928    779
   929    779
   930    779
   931    779
   932    779
   933    779
   934    779
   935    779
   936    779
   927    780
   928    780
   929    780
   930    780
   931    780
   932    780
   933    780
   934    780
   935    780
   936    780
   927    781
   928    781
   929    781
   930    781
   931    781
   932    781
   933    781
   934    781
   935    781
   936    781
   927    782
   928    782
   929    782
   930    782
   931    782
   932    782
   933    782
   934    782
   935    782
   936    782
   927    783
   928    783
   929    783
   930    783
   931    783
   932    783
   933    783
   934    783
   935    783
   936    783
   937    783
   927    784
   928    784
   929    784
   930    784
   931    784
   932    784
   933    784
   934    784
   935    784
   936    784
   937    784
   927    785
   928    785
   929    785
   930    785
   931    785
   932    785
   933    785
   934    785
   935    785
   936    785
   937    785
   927    786
   928    786
   929    786
   930    786
   931    786
   932    786
   933    786
   934    786
   935    786
   936    786
   937    786
   927    787
   928    787
   929    787
   930    787
   931    787
   932    787
   933    787
   934    787
   935    787
   936    787
   937    787
   927    788
   928    788
   929    788
   930    788
   931    788
   932    788
   933    788
   934    788
   935    788
   936    788
   937    788
   927    789
   928    789
   929    789
   930    789
   931    789
   932    789
   933    789
   934    789
   935    789
   936    789
   937    789
   928    790
   929    790
   930    790
   931    790
   932    790
   933    790
   934    790
   935    790
   936    790
   937    790
   938    790
   927    791
   928    791
   929    791
   930    791
   931    791
   932    791
   933    791
   934    791
   935    791
   936    791
   937    791
   927    792
   928    792
   929    792
   930    792
   931    792
   932    792
   933    792
   934    792
   935    792
   936    792
   937    792
