  1171    703
  1172    703
  1173    703
  1174    703
  1175    703
  1176    703
  1177    703
  1178    703
  1179    703
  1180    703
  1181    703
  1151    704
  1152    704
  1153    704
  1154    704
  1155    704
  1160    704
  1161    704
  1162    704
  1163    704
  1164    704
  1167    704
  1168    704
  1169    704
  1142    705
  1143    705
  1144    705
  1145    705
  1148    705
  1149    705
  1150    705
  1151    705
  1152    705
  1153    705
  1154    705
  1063    706
  1064    706
  1065    706
  1066    706
  1067    706
  1068    706
  1069    706
  1070    706
  1071    706
  1072    706
  1073    706
  1069    707
  1070    707
  1071    707
  1072    707
  1073    707
  1074    707
  1075    707
  1076    707
  1062    708
  1063    708
  1064    708
  1065    708
  1066    708
  1067    708
  1068    708
  1069    708
  1070    708
  1071    708
  1072    708
  1073    708
  1143    708
  1147    708
  1148    708
  1149    708
  1150    708
  1151    708
  1152    708
  1153    708
  1154    708
  1155    708
  1161    708
  1162    708
  1163    708
  1164    708
  1126    709
  1127    709
  1128    709
  1129    709
  1130    709
  1131    709
  1132    709
  1098    710
  1099    710
  1101    710
  1102    710
  1103    710
  1104    710
  1106    710
  1107    710
  1108    710
  1109    710
  1110    710
  1111    710
  1112    710
  1113    710
  1116    710
  1117    710
  1118    710
  1119    710
  1120    710
  1121    710
  1122    710
  1123    710
  1124    710
  1125    710
  1126    710
  1127    710
  1128    710
  1129    710
  1130    710
  1131    710
  1132    710
  1139    710
  1071    711
  1072    711
  1073    711
  1074    711
  1075    711
  1076    711
  1077    711
  1078    711
  1079    711
  1080    711
  1108    711
  1109    711
  1110    711
  1111    711
  1112    711
  1113    711
  1114    711
  1115    711
  1116    711
  1117    711
  1118    711
  1119    711
  1120    711
  1121    711
  1122    711
  1123    711
  1124    711
  1125    711
  1126    711
  1127    711
  1071    712
  1072    712
  1073    712
  1074    712
  1077    712
  1078    712
  1080    712
  1081    712
  1082    712
  1083    712
  1084    712
  1085    712
  1086    712
  1087    712
  1088    712
  1089    712
  1090    712
  1091    712
  1092    712
  1093    712
  1094    712
  1098    712
  1099    712
  1100    712
  1101    712
  1102    712
  1103    712
  1104    712
  1110    712
  1111    712
  1112    712
  1113    712
  1098    713
  1099    713
  1100    713
  1108    713
  1109    713
  1110    713
  1111    713
  1112    713
  1113    713
  1115    713
  1116    713
  1117    713
  1118    713
  1119    713
  1120    713
  1080    714
  1081    714
  1082    714
  1083    714
  1084    714
  1085    714
  1086    714
  1087    714
  1088    714
  1090    714
  1091    714
  1092    714
  1093    714
  1100    714
  1101    714
  1102    714
  1070    715
  1071    715
  1072    715
  1073    715
  1074    715
  1075    715
  1076    715
  1077    715
  1078    715
  1079    715
  1080    715
  1081    715
  1082    715
  1058    716
  1059    716
  1060    716
  1061    716
  1062    716
  1071    716
  1072    716
  1073    716
  1074    716
  1075    716
  1076    716
  1077    716
  1078    716
  1079    716
  1089    716
  1052    717
  1053    717
  1054    717
  1055    717
  1056    717
  1057    717
  1058    717
  1059    717
  1060    717
  1061    717
  1072    717
  1073    717
  1074    717
  1075    717
  1076    717
  1077    717
  1078    717
  1079    717
  1080    717
  1081    717
  1082    717
  1083    717
  1052    718
  1053    718
  1054    718
  1055    718
  1056    718
  1057    718
  1058    718
  1059    718
  1060    718
  1061    718
  1071    718
  1072    718
  1073    718
  1032    719
  1033    719
  1034    719
  1035    719
  1036    719
  1037    719
  1038    719
  1039    719
  1040    719
  1041    719
  1042    719
  1043    719
  1044    719
  1045    719
  1046    719
  1047    719
  1048    719
  1049    719
  1050    719
  1051    719
  1052    719
  1058    719
  1059    719
  1060    719
  1061    719
  1025    720
  1026    720
  1027    720
  1028    720
  1031    720
  1032    720
  1033    720
  1034    720
  1035    720
  1036    720
  1037    720
  1038    720
  1039    720
  1040    720
  1041    720
  1042    720
  1043    720
  1044    720
  1045    720
  1019    721
  1020    721
  1021    721
  1022    721
  1028    721
  1029    721
  1030    721
  1031    721
  1032    721
  1033    721
  1034    721
  1035    721
  1036    721
  1037    721
  1038    721
  1039    721
  1040    721
  1041    721
  1049    721
  1050    721
  1051    721
  1012    722
  1013    722
  1014    722
  1019    722
  1020    722
  1021    722
  1022    722
  1023    722
  1024    722
  1025    722
  1030    722
  1031    722
  1032    722
  1033    722
  1034    722
  1035    722
  1036    722
  1040    722
  1041    722
  1042    722
  1043    722
   992    723
   993    723
   994    723
  1015    723
  1016    723
  1017    723
  1018    723
  1019    723
  1021    723
  1022    723
  1023    723
  1024    723
  1025    723
  1026    723
  1033    723
  1034    723
  1036    723
  1037    723
  1038    723
  1000    724
  1001    724
  1002    724
  1003    724
  1004    724
  1011    724
  1012    724
  1013    724
  1014    724
  1015    724
  1019    724
  1020    724
  1021    724
  1022    724
  1023    724
  1024    724
   994    725
   995    725
   996    725
  1000    725
  1001    725
  1002    725
  1003    725
  1004    725
  1005    725
  1006    725
  1007    725
  1008    725
  1012    725
  1013    725
  1016    725
  1017    725
  1018    725
  1021    725
  1022    725
  1023    725
  1024    725
   987    726
   988    726
   989    726
   990    726
   993    726
   994    726
   995    726
   996    726
   997    726
   998    726
  1002    726
  1003    726
  1004    726
  1005    726
  1006    726
  1007    726
  1008    726
  1009    726
  1011    726
  1012    726
  1013    726
  1018    726
  1019    726
   982    727
   983    727
   984    727
   985    727
   988    727
   989    727
   990    727
   995    727
   996    727
   997    727
   998    727
   999    727
  1000    727
  1001    727
  1002    727
  1003    727
  1004    727
  1005    727
  1006    727
  1007    727
  1008    727
  1011    727
  1012    727
  1013    727
   976    728
   977    728
   978    728
   979    728
   980    728
   981    728
   983    728
   984    728
   985    728
   986    728
   990    728
   991    728
   996    728
   997    728
  1000    728
  1001    728
  1005    728
  1006    728
  1007    728
   976    729
   977    729
   978    729
   979    729
   980    729
   981    729
   986    729
   987    729
   996    729
   997    729
   998    729
  1002    729
  1003    729
   981    730
   982    730
   983    730
   984    730
   985    730
   986    730
   987    730
   988    730
   963    731
   964    731
   968    731
   969    731
   976    731
   977    731
   978    731
   979    731
   980    731
   981    731
   982    731
   986    731
   987    731
   988    731
   989    731
   958    732
   959    732
   960    732
   965    732
   966    732
   967    732
   971    732
   972    732
   973    732
   976    732
   977    732
   978    732
   982    732
   983    732
   984    732
   953    733
   954    733
   955    733
   956    733
   961    733
   962    733
   967    733
   968    733
   969    733
   971    733
   972    733
   973    733
   979    733
   980    733
   981    733
   984    733
   985    733
   950    734
   951    734
   952    734
   953    734
   955    734
   956    734
   957    734
   958    734
   963    734
   964    734
   965    734
   967    734
   968    734
   969    734
   975    734
   976    734
   977    734
   978    734
   979    734
   980    734
   981    734
   982    734
   946    735
   947    735
   948    735
   949    735
   952    735
   953    735
   954    735
   959    735
   960    735
   961    735
   971    735
   972    735
   976    735
   977    735
   978    735
   949    736
   950    736
   951    736
   956    736
   957    736
   958    736
   959    736
   944    737
   945    737
   946    737
   947    737
   948    737
   953    737
   954    737
   955    737
   957    737
   958    737
   959    737
   960    737
   949    738
   950    738
   951    738
   952    738
   953    738
   954    738
   955    738
   956    738
   934    739
   935    739
   936    739
   947    739
   948    739
   949    739
   951    739
   952    739
   953    739
   954    739
   931    740
   932    740
   933    740
   945    740
   946    740
   947    740
   949    740
   950    740
   951    740
   952    740
   957    740
   958    740
   959    740
   960    740
   929    741
   930    741
   931    741
   935    741
   936    741
   937    741
   943    741
   944    741
   948    741
   949    741
   950    741
   955    741
   956    741
   957    741
   958    741
   927    742
   928    742
   932    742
   933    742
   934    742
   935    742
   941    742
   942    742
   947    742
   948    742
   953    742
   954    742
   955    742
   960    742
   961    742
   932    743
   933    743
   934    743
   939    743
   940    743
   952    743
   953    743
   959    743
   960    743
   931    744
   932    744
   937    744
   938    744
   939    744
   950    744
   951    744
   957    744
   958    744
   936    745
   937    745
   938    745
   956    745
   935    746
   936    746
   933    747
   934    747
   935    747
   931    748
   932    748
   933    748
   934    748
   930    749
   931    749
   932    749
   933    749
   934    749
   929    750
   930    750
   931    750
   932    750
   933    750
   934    750
   935    750
   936    750
   929    751
   930    751
   931    751
   932    751
   933    751
   934    751
   935    751
   928    752
   929    752
   930    752
   931    752
   932    752
   933    752
   927    753
   928    753
   929    753
   930    753
   931    753
   932    753
   933    753
   927    754
   928    754
   929    754
   930    754
   931    754
   932    754
   933    754
   926    755
   927    755
   928    755
   929    755
   930    755
   931    755
   932    755
   933    755
   934    755
   926    756
   927    756
   928    756
   929    756
   930    756
   931    756
   932    756
   933    756
   934    756
   926    757
   927    757
   928    757
   929    757
   930    757
   931    757
   932    757
   933    757
   934    757
   926    758
   927    758
   928    758
   929    758
   930    758
   931    758
   932    758
   933    758
   934    758
   926    759
   927    759
   928    759
   929    759
   930    759
   931    759
   932    759
   933    759
   934    759
   926    760
   927    760
   928    760
   929    760
   930    760
   931    760
   932    760
   933    760
   934    760
   925    761
   926    761
   927    761
   928    761
   929    761
   930    761
   931    761
   932    761
   933    761
   934    761
   926    762
   927    762
   928    762
   929    762
   930    762
   931    762
   932    762
   933    762
   934    762
   925    763
   926    763
   927    763
   928    763
   929    763
   930    763
   931    763
   932    763
   933    763
   934    763
   926    764
   927    764
   928    764
   929    764
   930    764
   931    764
   932    764
   933    764
   934    764
   925    765
   926    765
   927    765
   926    766
   927    766
   925    767
   926    767
   927    767
   928    767
   929    767
   930    767
   931    767
   932    767
   933    767
   934    767
   926    768
   927    768
   928    768
   929    768
   930    768
   931    768
   932    768
   933    768
   934    768
   935    768
   926    769
   927    769
   928    769
   929    769
   930    769
   931    769
   932    769
   933    769
   934    769
   935    769
   926    770
   927    770
   928    770
   929    770
   930    770
   931    770
   932    770
   933    770
   934    770
   935    770
   926    771
   927    771
   928    771
   929    771
   930    771
   931    771
   932    771
   933    771
   934    771
   935    771
   926    772
   927    772
   928    772
   929    772
   930    772
   931    772
   932    772
   933    772
   934    772
   935    772
   926    773
   927    773
   928    773
   929    773
   930    773
   931    773
   932    773
   933    773
   934    773
   935    773
   927    774
   928    774
   929    774
   930    774
   931    774
   932    774
   933    774
   934    774
   935    774
   926    775
   927    775
   928    775
   929    775
   930    775
   931    775
   932    775
   933    775
   934    775
   935    775
   927    776
   928    776
   929    776
   930    776
   931    776
   932    776
   933    776
   934    776
   935    776
   927    777
   928    777
   929    777
   930    777
   931    777
   932    777
   933    777
   934    777
   935    777
   936    777
   927    778
   928    778
   929    778
   930    778
   931    778
   932    778
   933    778
   934    778
   935    778
   936    778
   927    779
   928    779
   929    779
   930    779
   931    779
   932    779
   933    779
   934    779
   935    779
   936    779
   927    780
   928    780
   929    780
   930    780
   931    780
   932    780
   933    780
   934    780
   935    780
   936    780
   927    781
   928    781
   929    781
   930    781
   931    781
   932    781
   933    781
   934    781
   935    781
   936    781
   927    782
   928    782
   929    782
   930    782
   931    782
   932    782
   933    782
   934    782
   935    782
   936    782
   927    783
   928    783
   929    783
   930    783
   931    783
   932    783
   933    783
   934    783
   935    783
   936    783
   927    784
   928    784
   929    784
   930    784
   931    784
   932    784
   933    784
   934    784
   935    784
   936    784
   937    784
   927    785
   928    785
   929    785
   930    785
   931    785
   932    785
   933    785
   934    785
   935    785
   936    785
   927    786
   928    786
   929    786
   930    786
   931    786
   932    786
   933    786
   934    786
   935    786
   936    786
   927    787
   928    787
   929    787
   930    787
   931    787
   932    787
   933    787
   934    787
   935    787
   936    787
   937    787
   927    788
   928    788
   929    788
   930    788
   931    788
   932    788
   933    788
   934    788
   935    788
   936    788
   927    789
   928    789
   929    789
   930    789
   931    789
   932    789
   933    789
   934    789
   935    789
   936    789
   927    790
   928    790
   929    790
   930    790
   931    790
   932    790
   933    790
   934    790
   935    790
   936    790
   929    791
   930    791
   931    791
   932    791
   933    791
   934    791
   935    791
   928    792
   929    792
   930    792
   932    792
   933    792
