  1125    709
  1126    709
  1127    709
  1128    709
  1129    709
  1130    709
  1131    709
  1132    709
  1133    709
  1134    709
  1135    709
  1136    709
  1137    709
  1138    709
  1139    709
  1140    709
  1096    710
  1097    710
  1098    710
  1099    710
  1100    710
  1101    710
  1102    710
  1103    710
  1104    710
  1109    710
  1110    710
  1111    710
  1112    710
  1113    710
  1114    710
  1115    710
  1116    710
  1117    710
  1118    710
  1119    710
  1120    710
  1125    710
  1126    710
  1127    710
  1128    710
  1129    710
  1130    710
  1131    710
  1133    710
  1134    710
  1135    710
  1068    711
  1069    711
  1070    711
  1072    711
  1073    711
  1074    711
  1075    711
  1082    711
  1083    711
  1084    711
  1085    711
  1086    711
  1094    711
  1095    711
  1096    711
  1097    711
  1101    711
  1102    711
  1103    711
  1104    711
  1108    711
  1109    711
  1110    711
  1111    711
  1112    711
  1113    711
  1114    711
  1115    711
  1116    711
  1069    712
  1070    712
  1071    712
  1072    712
  1073    712
  1074    712
  1075    712
  1076    712
  1077    712
  1078    712
  1085    712
  1086    712
  1087    712
  1088    712
  1097    712
  1098    712
  1099    712
  1122    712
  1128    712
  1094    713
  1095    713
  1096    713
  1097    713
  1098    713
  1099    713
  1100    713
  1101    713
  1102    713
  1103    713
  1109    713
  1110    713
  1111    713
  1112    713
  1113    713
  1073    714
  1074    714
  1075    714
  1076    714
  1077    714
  1078    714
  1079    714
  1080    714
  1081    714
  1082    714
  1083    714
  1084    714
  1085    714
  1086    714
  1087    714
  1088    714
  1063    715
  1064    715
  1065    715
  1066    715
  1067    715
  1068    715
  1069    715
  1070    715
  1071    715
  1072    715
  1073    715
  1074    715
  1075    715
  1076    715
  1077    715
  1078    715
  1079    715
  1092    715
  1093    715
  1094    715
  1095    715
  1052    716
  1053    716
  1054    716
  1055    716
  1056    716
  1057    716
  1068    716
  1069    716
  1070    716
  1080    716
  1081    716
  1082    716
  1083    716
  1084    716
  1052    717
  1053    717
  1054    717
  1055    717
  1056    717
  1061    717
  1062    717
  1063    717
  1064    717
  1065    717
  1066    717
  1067    717
  1068    717
  1069    717
  1070    717
  1071    717
  1072    717
  1073    717
  1074    717
  1075    717
  1036    718
  1037    718
  1038    718
  1039    718
  1040    718
  1041    718
  1042    718
  1048    718
  1049    718
  1050    718
  1051    718
  1052    718
  1053    718
  1054    718
  1055    718
  1027    719
  1028    719
  1029    719
  1030    719
  1031    719
  1032    719
  1033    719
  1034    719
  1035    719
  1036    719
  1037    719
  1038    719
  1039    719
  1040    719
  1041    719
  1042    719
  1043    719
  1044    719
  1045    719
  1046    719
  1019    720
  1020    720
  1021    720
  1022    720
  1023    720
  1024    720
  1027    720
  1028    720
  1029    720
  1030    720
  1031    720
  1032    720
  1033    720
  1034    720
  1035    720
  1036    720
  1037    720
  1038    720
  1039    720
  1040    720
  1041    720
  1042    720
  1048    720
  1049    720
  1050    720
  1014    721
  1015    721
  1016    721
  1017    721
  1018    721
  1019    721
  1020    721
  1021    721
  1022    721
  1023    721
  1024    721
  1026    721
  1027    721
  1029    721
  1030    721
  1031    721
  1032    721
  1033    721
  1034    721
  1035    721
  1036    721
  1037    721
  1038    721
  1039    721
  1043    721
  1044    721
  1013    722
  1014    722
  1015    722
  1016    722
  1017    722
  1018    722
  1019    722
  1020    722
  1021    722
  1022    722
  1023    722
  1024    722
  1025    722
  1026    722
  1027    722
  1031    722
  1032    722
  1033    722
  1034    722
  1035    722
  1036    722
  1037    722
  1038    722
  1012    723
  1013    723
  1014    723
  1015    723
  1016    723
  1017    723
  1018    723
  1019    723
   995    724
   996    724
   997    724
   998    724
   999    724
  1000    724
  1002    724
  1003    724
  1004    724
  1006    724
  1007    724
  1012    724
  1013    724
  1014    724
  1016    724
  1017    724
  1018    724
  1019    724
  1021    724
  1022    724
  1023    724
   987    725
   988    725
   989    725
   990    725
   991    725
   992    725
   993    725
   994    725
   995    725
   996    725
   997    725
   998    725
   999    725
  1000    725
  1002    725
  1003    725
  1004    725
  1007    725
  1008    725
  1009    725
  1012    725
  1013    725
  1017    725
  1018    725
  1019    725
   983    726
   984    726
   985    726
   986    726
   987    726
   988    726
   989    726
   990    726
   991    726
   995    726
   996    726
   997    726
   998    726
   999    726
  1000    726
  1001    726
  1002    726
  1003    726
  1004    726
  1005    726
  1006    726
  1007    726
  1011    726
  1012    726
  1013    726
  1014    726
   977    727
   978    727
   983    727
   984    727
   985    727
   989    727
   990    727
   991    727
   992    727
   993    727
   995    727
   996    727
   997    727
   999    727
  1000    727
  1001    727
  1002    727
  1003    727
  1006    727
  1007    727
   975    728
   976    728
   977    728
   978    728
   979    728
   980    728
   981    728
   985    728
   986    728
   987    728
   991    728
   992    728
   995    728
   996    728
   997    728
  1001    728
  1002    728
  1003    728
   980    729
   981    729
   982    729
   983    729
   984    729
   985    729
   986    729
   987    729
   962    730
   963    730
   964    730
   975    730
   976    730
   977    730
   979    730
   980    730
   981    730
   957    731
   958    731
   959    731
   975    731
   976    731
   977    731
   981    731
   982    731
   983    731
   984    731
   953    732
   954    732
   955    732
   960    732
   961    732
   971    732
   972    732
   978    732
   979    732
   983    732
   984    732
   949    733
   950    733
   951    733
   952    733
   954    733
   955    733
   956    733
   957    733
   963    733
   964    733
   974    733
   975    733
   979    733
   980    733
   945    734
   946    734
   947    734
   948    734
   950    734
   951    734
   952    734
   953    734
   958    734
   959    734
   960    734
   963    734
   964    734
   965    734
   970    734
   971    734
   972    734
   975    734
   976    734
   948    735
   949    735
   950    735
   955    735
   956    735
   957    735
   958    735
   961    735
   952    736
   953    736
   954    736
   955    736
   956    736
   957    736
   958    736
   949    737
   950    737
   953    737
   954    737
   955    737
   933    738
   946    738
   947    738
   948    738
   951    738
   952    738
   953    738
   960    738
   930    739
   931    739
   932    739
   933    739
   944    739
   945    739
   949    739
   950    739
   956    739
   957    739
   958    739
   928    740
   929    740
   930    740
   931    740
   943    740
   944    740
   948    740
   949    740
   953    740
   954    740
   955    740
   926    741
   927    741
   928    741
   933    741
   934    741
   941    741
   942    741
   952    741
   953    741
   959    741
   960    741
   931    742
   932    742
   939    742
   940    742
   951    742
   957    742
   958    742
   959    742
   937    743
   938    743
   956    743
   957    743
   935    744
   936    744
   934    745
   935    745
   932    746
   933    746
   934    746
   935    746
   931    747
   932    747
   933    747
   934    747
   935    747
   929    748
   930    748
   931    748
   932    748
   933    748
   934    748
   935    748
   929    749
   930    749
   931    749
   932    749
   933    749
   934    749
   928    750
   929    750
   930    750
   931    750
   932    750
   933    750
   928    751
   929    751
   930    751
   931    751
   932    751
   933    751
   934    751
   927    752
   928    752
   929    752
   930    752
   931    752
   932    752
   933    752
   926    753
   927    753
   928    753
   929    753
   930    753
   931    753
   932    753
   933    753
   926    754
   927    754
   928    754
   929    754
   930    754
   931    754
   932    754
   933    754
   926    755
   927    755
   928    755
   929    755
   930    755
   931    755
   932    755
   933    755
   934    755
   926    756
   927    756
   928    756
   929    756
   930    756
   931    756
   932    756
   933    756
   926    757
   927    757
   928    757
   929    757
   930    757
   931    757
   932    757
   933    757
   934    757
   926    758
   927    758
   928    758
   929    758
   930    758
   931    758
   932    758
   933    758
   925    759
   926    759
   927    759
   928    759
   929    759
   930    759
   931    759
   932    759
   933    759
   934    759
   926    760
   927    760
   928    760
   929    760
   930    760
   931    760
   932    760
   933    760
   934    760
   926    761
   927    761
   928    761
   929    761
   930    761
   931    761
   932    761
   933    761
   934    761
   928    762
   929    762
   930    762
   931    762
   932    762
   933    762
   934    762
   926    763
   927    763
   926    764
   927    764
   929    764
   930    764
   931    764
   932    764
   933    764
   934    764
   926    765
   927    765
   928    765
   929    765
   930    765
   931    765
   932    765
   933    765
   934    765
   926    766
   927    766
   928    766
   929    766
   930    766
   931    766
   932    766
   933    766
   934    766
   926    767
   927    767
   928    767
   929    767
   930    767
   931    767
   932    767
   933    767
   934    767
   935    767
   927    768
   928    768
   929    768
   930    768
   931    768
   932    768
   933    768
   934    768
   935    768
   926    769
   927    769
   928    769
   929    769
   930    769
   931    769
   932    769
   933    769
   934    769
   935    769
   936    769
   927    770
   928    770
   929    770
   930    770
   931    770
   932    770
   933    770
   934    770
   935    770
   936    770
   926    771
   927    771
   928    771
   929    771
   930    771
   931    771
   932    771
   933    771
   934    771
   935    771
   927    772
   928    772
   929    772
   930    772
   931    772
   932    772
   933    772
   934    772
   935    772
   936    772
   927    773
   928    773
   929    773
   930    773
   931    773
   932    773
   933    773
   934    773
   935    773
   927    774
   928    774
   929    774
   930    774
   931    774
   932    774
   933    774
   934    774
   935    774
   936    774
   927    775
   928    775
   929    775
   930    775
   931    775
   932    775
   933    775
   934    775
   935    775
   936    775
   927    776
   928    776
   929    776
   930    776
   931    776
   932    776
   933    776
   934    776
   935    776
   936    776
   927    777
   928    777
   929    777
   930    777
   931    777
   932    777
   933    777
   934    777
   935    777
   936    777
   927    778
   928    778
   929    778
   930    778
   931    778
   932    778
   933    778
   934    778
   935    778
   936    778
   927    779
   928    779
   929    779
   930    779
   931    779
   932    779
   933    779
   934    779
   935    779
   936    779
   927    780
   928    780
   929    780
   930    780
   931    780
   932    780
   933    780
   934    780
   935    780
   936    780
   927    781
   928    781
   929    781
   930    781
   931    781
   932    781
   933    781
   934    781
   935    781
   936    781
   927    782
   928    782
   929    782
   930    782
   931    782
   932    782
   933    782
   934    782
   935    782
   936    782
   927    783
   928    783
   929    783
   930    783
   931    783
   932    783
   933    783
   934    783
   935    783
   936    783
   927    784
   928    784
   929    784
   930    784
   931    784
   932    784
   933    784
   934    784
   935    784
   936    784
   937    784
   927    785
   928    785
   929    785
   930    785
   931    785
   932    785
   933    785
   934    785
   935    785
   936    785
   937    785
   927    786
   928    786
   929    786
   930    786
   931    786
   932    786
   933    786
   934    786
   935    786
   936    786
   937    786
   927    787
   928    787
   929    787
   930    787
   931    787
   932    787
   933    787
   934    787
   935    787
   936    787
   937    787
   928    788
   929    788
   930    788
   931    788
   932    788
   933    788
   934    788
   935    788
   936    788
   937    788
   927    789
   928    789
   929    789
   930    789
   931    789
   932    789
   933    789
   934    789
   935    789
   936    789
   937    789
   928    790
   929    790
   930    790
   931    790
   932    790
   933    790
   934    790
   935    790
   936    790
   937    790
   938    790
   928    791
   929    791
   930    791
   931    791
   932    791
   933    791
   934    791
   935    791
   936    791
   937    791
   927    792
   928    792
   929    792
   930    792
   931    792
   932    792
   933    792
   934    792
   935    792
   936    792
   937    792
