  1140    708
  1141    708
  1142    708
  1143    708
  1144    708
  1145    708
  1146    708
  1147    708
  1148    708
  1149    708
  1150    708
  1125    709
  1126    709
  1127    709
  1128    709
  1129    709
  1134    709
  1135    709
  1136    709
  1137    709
  1094    710
  1095    710
  1096    710
  1097    710
  1098    710
  1099    710
  1100    710
  1101    710
  1102    710
  1103    710
  1104    710
  1105    710
  1106    710
  1107    710
  1108    710
  1109    710
  1110    710
  1111    710
  1112    710
  1114    710
  1115    710
  1116    710
  1117    710
  1118    710
  1119    710
  1120    710
  1121    710
  1122    710
  1123    710
  1124    710
  1125    710
  1126    710
  1127    710
  1128    710
  1129    710
  1130    710
  1131    710
  1132    710
  1134    710
  1135    710
  1136    710
  1137    710
  1138    710
  1145    710
  1146    710
  1147    710
  1070    711
  1071    711
  1072    711
  1073    711
  1074    711
  1075    711
  1097    711
  1098    711
  1099    711
  1100    711
  1101    711
  1102    711
  1106    711
  1107    711
  1108    711
  1109    711
  1110    711
  1111    711
  1112    711
  1113    711
  1114    711
  1115    711
  1116    711
  1120    711
  1121    711
  1122    711
  1139    711
  1140    711
  1141    711
  1142    711
  1143    711
  1052    712
  1053    712
  1068    712
  1069    712
  1070    712
  1071    712
  1072    712
  1073    712
  1074    712
  1075    712
  1076    712
  1077    712
  1078    712
  1079    712
  1080    712
  1083    712
  1084    712
  1085    712
  1098    712
  1099    712
  1100    712
  1101    712
  1128    712
  1129    712
  1056    713
  1057    713
  1095    713
  1096    713
  1097    713
  1104    713
  1105    713
  1106    713
  1107    713
  1108    713
  1109    713
  1110    713
  1111    713
  1112    713
  1113    713
  1114    713
  1115    713
  1116    713
  1117    713
  1073    714
  1074    714
  1075    714
  1076    714
  1077    714
  1078    714
  1079    714
  1080    714
  1084    714
  1085    714
  1086    714
  1087    714
  1088    714
  1063    715
  1064    715
  1065    715
  1066    715
  1067    715
  1068    715
  1069    715
  1070    715
  1071    715
  1072    715
  1073    715
  1074    715
  1075    715
  1076    715
  1077    715
  1078    715
  1079    715
  1080    715
  1081    715
  1082    715
  1083    715
  1056    716
  1057    716
  1058    716
  1059    716
  1060    716
  1068    716
  1069    716
  1070    716
  1071    716
  1072    716
  1073    716
  1074    716
  1086    716
  1087    716
  1052    717
  1053    717
  1054    717
  1055    717
  1056    717
  1057    717
  1058    717
  1059    717
  1063    717
  1064    717
  1067    717
  1068    717
  1069    717
  1070    717
  1071    717
  1072    717
  1073    717
  1074    717
  1075    717
  1076    717
  1077    717
  1037    718
  1038    718
  1039    718
  1040    718
  1041    718
  1042    718
  1048    718
  1049    718
  1050    718
  1051    718
  1052    718
  1053    718
  1054    718
  1055    718
  1056    718
  1057    718
  1058    718
  1059    718
  1060    718
  1030    719
  1031    719
  1032    719
  1033    719
  1037    719
  1038    719
  1039    719
  1040    719
  1041    719
  1042    719
  1043    719
  1044    719
  1021    720
  1022    720
  1023    720
  1024    720
  1028    720
  1029    720
  1030    720
  1031    720
  1032    720
  1033    720
  1034    720
  1035    720
  1036    720
  1037    720
  1038    720
  1039    720
  1040    720
  1041    720
  1042    720
  1050    720
  1051    720
  1052    720
  1013    721
  1014    721
  1015    721
  1016    721
  1017    721
  1018    721
  1019    721
  1020    721
  1021    721
  1022    721
  1023    721
  1024    721
  1025    721
  1026    721
  1027    721
  1028    721
  1030    721
  1031    721
  1032    721
  1033    721
  1034    721
  1035    721
  1036    721
  1037    721
  1038    721
  1039    721
  1043    721
  1044    721
  1012    722
  1013    722
  1014    722
  1015    722
  1016    722
  1017    722
  1018    722
  1019    722
  1020    722
  1021    722
  1022    722
  1023    722
  1024    722
  1027    722
  1028    722
  1031    722
  1032    722
  1033    722
  1036    722
  1037    722
  1038    722
  1039    722
  1012    723
  1013    723
  1014    723
  1017    723
  1018    723
  1019    723
  1020    723
  1021    723
  1022    723
  1023    723
   997    724
   998    724
   999    724
  1000    724
  1001    724
  1002    724
  1003    724
  1007    724
  1008    724
  1009    724
  1010    724
  1011    724
  1012    724
  1013    724
  1014    724
  1015    724
  1016    724
  1017    724
  1018    724
  1019    724
  1020    724
  1021    724
  1022    724
  1023    724
   990    725
   991    725
   992    725
   993    725
   997    725
   998    725
   999    725
  1000    725
  1003    725
  1004    725
  1005    725
  1007    725
  1008    725
  1009    725
  1012    725
  1013    725
  1014    725
  1015    725
  1017    725
  1018    725
  1019    725
  1020    725
  1021    725
  1022    725
   984    726
   985    726
   986    726
   987    726
   988    726
   992    726
   993    726
   994    726
   995    726
   996    726
   997    726
   998    726
   999    726
  1000    726
  1001    726
  1002    726
  1003    726
  1004    726
  1005    726
  1007    726
  1008    726
  1009    726
  1013    726
  1014    726
  1015    726
   978    727
   979    727
   980    727
   981    727
   982    727
   983    727
   984    727
   985    727
   986    727
   987    727
   988    727
   992    727
   993    727
   994    727
   996    727
   997    727
   998    727
   999    727
  1000    727
  1001    727
  1002    727
  1003    727
  1004    727
  1007    727
  1008    727
  1009    727
  1010    727
  1011    727
   974    728
   975    728
   976    728
   977    728
   978    728
   979    728
   980    728
   981    728
   982    728
   985    728
   986    728
   987    728
   988    728
   993    728
   994    728
   996    728
   997    728
  1003    728
  1004    728
   982    729
   983    729
   984    729
   985    729
   986    729
   987    729
   988    729
   964    730
   965    730
   966    730
   967    730
   977    730
   978    730
   979    730
   980    730
   981    730
   982    730
   983    730
   984    730
   959    731
   960    731
   961    731
   966    731
   967    731
   968    731
   971    731
   972    731
   973    731
   976    731
   977    731
   978    731
   979    731
   984    731
   985    731
   955    732
   956    732
   957    732
   961    732
   962    732
   963    732
   972    732
   973    732
   974    732
   979    732
   980    732
   981    732
   984    732
   985    732
   986    732
   950    733
   951    733
   952    733
   953    733
   954    733
   955    733
   956    733
   957    733
   958    733
   959    733
   964    733
   965    733
   969    733
   970    733
   975    733
   976    733
   977    733
   981    733
   982    733
   947    734
   948    734
   949    734
   950    734
   951    734
   952    734
   953    734
   954    734
   955    734
   960    734
   961    734
   962    734
   972    734
   973    734
   977    734
   978    734
   949    735
   950    735
   951    735
   956    735
   957    735
   958    735
   959    735
   961    735
   962    735
   963    735
   973    735
   974    735
   975    735
   945    736
   946    736
   947    736
   948    736
   953    736
   954    736
   955    736
   959    736
   950    737
   951    737
   952    737
   954    737
   955    737
   956    737
   947    738
   948    738
   949    738
   950    738
   952    738
   953    738
   954    738
   931    739
   932    739
   933    739
   934    739
   945    739
   946    739
   950    739
   951    739
   952    739
   957    739
   958    739
   959    739
   960    739
   929    740
   930    740
   931    740
   932    740
   933    740
   943    740
   944    740
   948    740
   949    740
   955    740
   956    740
   957    740
   927    741
   928    741
   929    741
   930    741
   931    741
   932    741
   933    741
   934    741
   935    741
   941    741
   942    741
   953    741
   954    741
   955    741
   956    741
   957    741
   958    741
   959    741
   960    741
   961    741
   925    742
   926    742
   927    742
   931    742
   932    742
   933    742
   934    742
   939    742
   940    742
   941    742
   951    742
   952    742
   957    742
   958    742
   959    742
   930    743
   931    743
   932    743
   938    743
   939    743
   943    743
   944    743
   945    743
   956    743
   957    743
   958    743
   936    744
   937    744
   938    744
   954    744
   955    744
   956    744
   934    745
   935    745
   936    745
   937    745
   932    746
   933    746
   934    746
   935    746
   931    747
   932    747
   933    747
   934    747
   930    748
   931    748
   932    748
   933    748
   934    748
   929    749
   930    749
   931    749
   932    749
   933    749
   934    749
   928    750
   929    750
   930    750
   931    750
   932    750
   933    750
   928    751
   929    751
   930    751
   931    751
   932    751
   933    751
   927    752
   928    752
   929    752
   930    752
   931    752
   932    752
   933    752
   926    753
   927    753
   928    753
   929    753
   930    753
   931    753
   932    753
   933    753
   926    754
   927    754
   928    754
   929    754
   930    754
   931    754
   932    754
   933    754
   926    755
   927    755
   928    755
   929    755
   930    755
   931    755
   932    755
   933    755
   934    755
   926    756
   927    756
   928    756
   929    756
   930    756
   931    756
   932    756
   933    756
   926    757
   927    757
   928    757
   929    757
   930    757
   931    757
   932    757
   933    757
   934    757
   926    758
   927    758
   928    758
   929    758
   930    758
   931    758
   932    758
   933    758
   925    759
   926    759
   927    759
   928    759
   929    759
   930    759
   931    759
   932    759
   933    759
   934    759
   926    760
   927    760
   928    760
   929    760
   930    760
   931    760
   932    760
   933    760
   925    761
   926    761
   927    761
   928    761
   929    761
   930    761
   931    761
   932    761
   933    761
   934    761
   926    762
   927    762
   928    762
   929    762
   930    762
   931    762
   932    762
   933    762
   926    763
   927    763
   928    763
   926    764
   927    764
   928    764
   925    765
   926    765
   927    765
   928    765
   929    765
   930    765
   931    765
   932    765
   933    765
   934    765
   926    766
   927    766
   928    766
   929    766
   930    766
   931    766
   932    766
   933    766
   934    766
   926    767
   927    767
   928    767
   929    767
   930    767
   931    767
   932    767
   933    767
   934    767
   935    767
   926    768
   927    768
   928    768
   929    768
   930    768
   931    768
   932    768
   933    768
   934    768
   935    768
   926    769
   927    769
   928    769
   929    769
   930    769
   931    769
   932    769
   933    769
   934    769
   935    769
   936    769
   927    770
   928    770
   929    770
   930    770
   931    770
   932    770
   933    770
   934    770
   935    770
   936    770
   926    771
   927    771
   928    771
   929    771
   930    771
   931    771
   932    771
   933    771
   934    771
   935    771
   927    772
   928    772
   929    772
   930    772
   931    772
   932    772
   933    772
   934    772
   935    772
   936    772
   927    773
   928    773
   929    773
   930    773
   931    773
   932    773
   933    773
   934    773
   935    773
   936    773
   927    774
   928    774
   929    774
   930    774
   931    774
   932    774
   933    774
   934    774
   935    774
   936    774
   927    775
   928    775
   929    775
   930    775
   931    775
   932    775
   933    775
   934    775
   935    775
   936    775
   927    776
   928    776
   929    776
   930    776
   931    776
   932    776
   933    776
   934    776
   935    776
   936    776
   927    777
   928    777
   929    777
   930    777
   931    777
   932    777
   933    777
   934    777
   935    777
   936    777
   927    778
   928    778
   929    778
   930    778
   931    778
   932    778
   933    778
   934    778
   935    778
   936    778
   927    779
   928    779
   929    779
   930    779
   931    779
   932    779
   933    779
   934    779
   935    779
   936    779
   927    780
   928    780
   929    780
   930    780
   931    780
   932    780
   933    780
   934    780
   935    780
   936    780
   927    781
   928    781
   929    781
   930    781
   931    781
   932    781
   933    781
   934    781
   935    781
   936    781
   927    782
   928    782
   929    782
   930    782
   931    782
   932    782
   933    782
   934    782
   935    782
   936    782
   927    783
   928    783
   929    783
   930    783
   931    783
   932    783
   933    783
   934    783
   935    783
   936    783
   927    784
   928    784
   929    784
   930    784
   931    784
   932    784
   933    784
   934    784
   935    784
   936    784
   937    784
   927    785
   928    785
   929    785
   930    785
   931    785
   932    785
   933    785
   934    785
   935    785
   936    785
   937    785
   927    786
   928    786
   929    786
   930    786
   931    786
   932    786
   933    786
   934    786
   935    786
   936    786
   937    786
   927    787
   928    787
   929    787
   930    787
   931    787
   932    787
   933    787
   934    787
   935    787
   936    787
   937    787
   927    788
   928    788
   929    788
   930    788
   931    788
   932    788
   933    788
   934    788
   935    788
   936    788
   937    788
   927    789
   928    789
   929    789
   930    789
   931    789
   932    789
   933    789
   934    789
   935    789
   936    789
   937    789
   928    790
   929    790
   930    790
   931    790
   932    790
   933    790
   934    790
   935    790
   936    790
   937    790
   927    791
   928    791
   929    791
   930    791
   931    791
   932    791
   933    791
   934    791
   935    791
   936    791
   937    791
   927    792
   928    792
   929    792
   930    792
   931    792
   932    792
   933    792
   934    792
   935    792
   936    792
   937    792
