  1164    708
  1165    708
  1166    708
  1167    708
  1168    708
  1169    708
  1142    709
  1143    709
  1144    709
  1145    709
  1146    709
  1147    709
  1148    709
  1149    709
  1124    710
  1125    710
  1126    710
  1141    710
  1142    710
  1143    710
  1144    710
  1145    710
  1160    710
  1161    710
  1162    710
  1166    710
  1167    710
  1168    710
  1089    711
  1090    711
  1091    711
  1092    711
  1093    711
  1094    711
  1095    711
  1096    711
  1097    711
  1098    711
  1099    711
  1100    711
  1101    711
  1102    711
  1103    711
  1117    711
  1118    711
  1119    711
  1120    711
  1121    711
  1122    711
  1123    711
  1124    711
  1125    711
  1126    711
  1127    711
  1128    711
  1129    711
  1130    711
  1131    711
  1132    711
  1133    711
  1084    712
  1085    712
  1086    712
  1101    712
  1102    712
  1103    712
  1104    712
  1105    712
  1106    712
  1107    712
  1108    712
  1109    712
  1110    712
  1113    712
  1114    712
  1115    712
  1116    712
  1117    712
  1118    712
  1119    712
  1120    712
  1121    712
  1122    712
  1123    712
  1124    712
  1125    712
  1075    713
  1076    713
  1077    713
  1078    713
  1079    713
  1080    713
  1081    713
  1082    713
  1083    713
  1084    713
  1085    713
  1086    713
  1087    713
  1103    713
  1104    713
  1105    713
  1106    713
  1130    713
  1131    713
  1101    714
  1102    714
  1103    714
  1104    714
  1107    714
  1108    714
  1109    714
  1110    714
  1112    714
  1113    714
  1116    714
  1117    714
  1118    714
  1119    714
  1120    714
  1121    714
  1081    715
  1082    715
  1083    715
  1084    715
  1085    715
  1086    715
  1087    715
  1088    715
  1090    715
  1091    715
  1092    715
  1093    715
  1094    715
  1095    715
  1105    715
  1106    715
  1069    716
  1070    716
  1071    716
  1072    716
  1073    716
  1074    716
  1075    716
  1076    716
  1077    716
  1078    716
  1079    716
  1080    716
  1081    716
  1082    716
  1083    716
  1084    716
  1085    716
  1086    716
  1087    716
  1088    716
  1101    716
  1102    716
  1103    716
  1104    716
  1060    717
  1061    717
  1062    717
  1063    717
  1064    717
  1065    717
  1066    717
  1067    717
  1074    717
  1075    717
  1076    717
  1077    717
  1078    717
  1079    717
  1080    717
  1081    717
  1082    717
  1083    717
  1090    717
  1091    717
  1092    717
  1093    717
  1057    718
  1058    718
  1059    718
  1060    718
  1061    718
  1062    718
  1063    718
  1064    718
  1065    718
  1066    718
  1067    718
  1068    718
  1072    718
  1073    718
  1074    718
  1075    718
  1076    718
  1055    719
  1056    719
  1057    719
  1058    719
  1059    719
  1060    719
  1061    719
  1062    719
  1063    719
  1064    719
  1065    719
  1066    719
  1076    719
  1077    719
  1035    720
  1036    720
  1037    720
  1038    720
  1039    720
  1040    720
  1041    720
  1042    720
  1043    720
  1044    720
  1045    720
  1046    720
  1047    720
  1048    720
  1055    720
  1056    720
  1057    720
  1058    720
  1059    720
  1063    720
  1064    720
  1065    720
  1030    721
  1031    721
  1032    721
  1033    721
  1034    721
  1035    721
  1036    721
  1037    721
  1038    721
  1039    721
  1040    721
  1041    721
  1042    721
  1043    721
  1044    721
  1045    721
  1046    721
  1047    721
  1050    721
  1051    721
  1052    721
  1059    721
  1060    721
  1061    721
  1022    722
  1023    722
  1024    722
  1025    722
  1026    722
  1027    722
  1028    722
  1029    722
  1031    722
  1032    722
  1033    722
  1034    722
  1035    722
  1036    722
  1037    722
  1038    722
  1039    722
  1040    722
  1041    722
  1042    722
  1043    722
  1044    722
  1045    722
  1046    722
  1053    722
  1054    722
  1016    723
  1017    723
  1018    723
  1019    723
  1020    723
  1021    723
  1022    723
  1023    723
  1024    723
  1025    723
  1026    723
  1027    723
  1028    723
  1029    723
  1033    723
  1034    723
  1035    723
  1036    723
  1037    723
  1038    723
  1039    723
  1040    723
  1041    723
  1045    723
  1046    723
  1017    724
  1018    724
  1019    724
  1020    724
  1021    724
  1023    724
  1024    724
  1025    724
  1026    724
  1029    724
  1030    724
  1031    724
  1035    724
  1036    724
  1040    724
  1041    724
  1042    724
  1014    725
  1015    725
  1016    725
  1017    725
  1018    725
  1019    725
  1020    725
  1021    725
  1022    725
  1023    725
  1024    725
  1025    725
  1044    725
   999    726
  1000    726
  1001    726
  1002    726
  1003    726
  1004    726
  1005    726
  1006    726
  1009    726
  1010    726
  1011    726
  1012    726
  1016    726
  1017    726
  1020    726
  1021    726
  1022    726
  1023    726
  1025    726
  1026    726
   992    727
   993    727
   994    727
   995    727
   998    727
   999    727
  1000    727
  1001    727
  1002    727
  1005    727
  1006    727
  1007    727
  1008    727
  1010    727
  1011    727
  1012    727
  1013    727
  1015    727
  1016    727
  1017    727
  1021    727
  1022    727
  1023    727
   986    728
   987    728
   988    728
   989    728
   990    728
   991    728
   993    728
   994    728
   995    728
  1001    728
  1002    728
  1003    728
  1004    728
  1005    728
  1006    728
  1007    728
  1011    728
  1012    728
  1013    728
  1017    728
  1018    728
  1019    728
   982    729
   983    729
   984    729
   985    729
   986    729
   987    729
   988    729
   989    729
   990    729
   991    729
   995    729
   996    729
  1000    729
  1001    729
  1002    729
  1003    729
  1005    729
  1006    729
  1007    729
  1008    729
  1009    729
  1011    729
  1012    729
  1013    729
   977    730
   978    730
   979    730
   980    730
   981    730
   982    730
   983    730
   984    730
   985    730
   986    730
   991    730
   992    730
   996    730
   997    730
   998    730
  1001    730
  1002    730
  1003    730
  1004    730
  1005    730
  1006    730
  1007    730
  1008    730
  1009    730
   980    731
   981    731
   986    731
   987    731
   988    731
   989    731
   990    731
   991    731
   992    731
   993    731
  1002    731
  1003    731
  1004    731
   980    732
   981    732
   982    732
   983    732
   984    732
   985    732
   986    732
   987    732
   963    733
   964    733
   965    733
   966    733
   970    733
   976    733
   977    733
   978    733
   979    733
   980    733
   981    733
   982    733
   983    733
   987    733
   988    733
   989    733
   990    733
   958    734
   959    734
   960    734
   961    734
   962    734
   963    734
   964    734
   965    734
   966    734
   967    734
   977    734
   978    734
   979    734
   984    734
   985    734
   986    734
   990    734
   991    734
   955    735
   956    735
   957    735
   958    735
   960    735
   961    735
   962    735
   963    735
   968    735
   969    735
   970    735
   980    735
   981    735
   982    735
   984    735
   985    735
   986    735
   987    735
   951    736
   952    736
   953    736
   956    736
   957    736
   958    736
   964    736
   965    736
   977    736
   978    736
   982    736
   983    736
   948    737
   949    737
   950    737
   953    737
   954    737
   955    737
   961    737
   962    737
   973    737
   974    737
   975    737
   979    737
   980    737
   949    738
   950    738
   951    738
   952    738
   957    738
   958    738
   959    738
   960    738
   963    738
   964    738
   976    738
   977    738
   944    739
   945    739
   946    739
   947    739
   948    739
   954    739
   955    739
   956    739
   958    739
   959    739
   960    739
   961    739
   951    740
   952    740
   953    740
   954    740
   955    740
   956    740
   957    740
   958    740
   949    741
   950    741
   951    741
   953    741
   954    741
   955    741
   932    742
   933    742
   934    742
   946    742
   947    742
   948    742
   949    742
   952    742
   953    742
   960    742
   961    742
   962    742
   930    743
   931    743
   932    743
   933    743
   944    743
   945    743
   946    743
   950    743
   951    743
   957    743
   958    743
   959    743
   928    744
   929    744
   930    744
   931    744
   932    744
   933    744
   943    744
   944    744
   949    744
   950    744
   955    744
   956    744
   957    744
   958    744
   926    745
   927    745
   928    745
   929    745
   930    745
   931    745
   932    745
   934    745
   935    745
   941    745
   942    745
   943    745
   954    745
   955    745
   956    745
   924    746
   925    746
   926    746
   928    746
   929    746
   930    746
   931    746
   932    746
   933    746
   934    746
   940    746
   941    746
   942    746
   943    746
   953    746
   954    746
   929    747
   930    747
   931    747
   932    747
   938    747
   939    747
   940    747
   936    748
   937    748
   938    748
   939    748
   953    748
   954    748
   955    748
   956    748
   935    749
   936    749
   937    749
   938    749
   939    749
   933    750
   934    750
   935    750
   936    750
   937    750
   938    750
   939    750
   932    751
   933    751
   934    751
   935    751
   936    751
   937    751
   938    751
   931    752
   932    752
   933    752
   934    752
   935    752
   936    752
   930    753
   931    753
   932    753
   933    753
   934    753
   935    753
   929    754
   930    754
   931    754
   932    754
   933    754
   934    754
   935    754
   928    755
   929    755
   930    755
   931    755
   932    755
   933    755
   934    755
   935    755
   928    756
   929    756
   930    756
   931    756
   932    756
   933    756
   934    756
   935    756
   927    757
   928    757
   929    757
   930    757
   931    757
   932    757
   933    757
   934    757
   927    758
   928    758
   929    758
   930    758
   931    758
   932    758
   933    758
   934    758
   926    759
   927    759
   928    759
   929    759
   930    759
   931    759
   932    759
   933    759
   934    759
   926    760
   927    760
   928    760
   929    760
   930    760
   931    760
   932    760
   933    760
   934    760
   926    761
   927    761
   928    761
   929    761
   930    761
   931    761
   932    761
   933    761
   934    761
   926    762
   927    762
   928    762
   929    762
   930    762
   931    762
   932    762
   933    762
   934    762
   926    763
   927    763
   928    763
   929    763
   930    763
   931    763
   932    763
   933    763
   934    763
   926    764
   927    764
   928    764
   929    764
   930    764
   931    764
   932    764
   933    764
   925    765
   926    765
   927    765
   928    765
   929    765
   930    765
   931    765
   932    765
   933    765
   926    766
   927    766
   928    766
   929    766
   930    766
   931    766
   932    766
   933    766
   925    767
   926    767
   927    767
   928    767
   929    767
   930    767
   931    767
   932    767
   933    767
   926    768
   927    768
   928    768
   929    768
   930    768
   931    768
   932    768
   933    768
   926    769
   927    769
   928    769
   929    769
   930    769
   931    769
   932    769
   933    769
   934    769
   926    770
   927    770
   928    770
   926    771
   927    771
   928    771
   929    771
   926    772
   927    772
   928    772
   929    772
   930    772
   931    772
   932    772
   933    772
   934    772
   935    772
   926    773
   927    773
   928    773
   929    773
   930    773
   931    773
   932    773
   933    773
   934    773
   935    773
   926    774
   927    774
   928    774
   929    774
   930    774
   931    774
   932    774
   933    774
   934    774
   935    774
   926    775
   927    775
   928    775
   929    775
   930    775
   931    775
   932    775
   933    775
   934    775
   935    775
   927    776
   928    776
   929    776
   930    776
   931    776
   932    776
   933    776
   934    776
   935    776
   927    777
   928    777
   929    777
   930    777
   931    777
   932    777
   933    777
   934    777
   935    777
   936    777
   926    778
   927    778
   928    778
   929    778
   930    778
   931    778
   932    778
   933    778
   934    778
   935    778
   936    778
   927    779
   928    779
   929    779
   930    779
   931    779
   932    779
   933    779
   934    779
   935    779
   936    779
   926    780
   927    780
   928    780
   929    780
   930    780
   931    780
   932    780
   933    780
   934    780
   935    780
   936    780
   927    781
   928    781
   929    781
   930    781
   931    781
   932    781
   933    781
   934    781
   935    781
   936    781
   926    782
   927    782
   928    782
   929    782
   930    782
   931    782
   932    782
   933    782
   934    782
   935    782
   936    782
   927    783
   928    783
   929    783
   930    783
   931    783
   932    783
   933    783
   934    783
   935    783
   936    783
   927    784
   928    784
   929    784
   930    784
   931    784
   932    784
   933    784
   934    784
   935    784
   936    784
   937    784
   927    785
   928    785
   929    785
   930    785
   931    785
   932    785
   933    785
   934    785
   935    785
   936    785
   937    785
   927    786
   928    786
   929    786
   930    786
   931    786
   932    786
   933    786
   934    786
   935    786
   936    786
   937    786
   927    787
   928    787
   929    787
   930    787
   931    787
   932    787
   933    787
   934    787
   935    787
   936    787
   937    787
   927    788
   928    788
   929    788
   930    788
   931    788
   932    788
   933    788
   934    788
   935    788
   936    788
   928    789
   929    789
   930    789
   931    789
   932    789
   933    789
   934    789
   935    789
   936    789
   928    790
   929    790
   930    790
   931    790
   932    790
   933    790
   934    790
   935    790
   936    790
   931    791
   932    791
   933    791
