  1157    708
  1158    708
  1159    708
  1160    708
  1162    708
  1163    708
  1164    708
  1165    708
  1130    709
  1131    709
  1109    710
  1110    710
  1117    710
  1118    710
  1119    710
  1120    710
  1121    710
  1122    710
  1129    710
  1130    710
  1156    710
  1159    710
  1160    710
  1078    711
  1079    711
  1081    711
  1082    711
  1083    711
  1084    711
  1085    711
  1086    711
  1087    711
  1088    711
  1089    711
  1113    711
  1114    711
  1115    711
  1116    711
  1117    711
  1118    711
  1119    711
  1120    711
  1121    711
  1122    711
  1072    712
  1073    712
  1074    712
  1075    712
  1080    712
  1081    712
  1092    712
  1093    712
  1095    712
  1096    712
  1097    712
  1098    712
  1099    712
  1100    712
  1101    712
  1104    712
  1105    712
  1106    712
  1107    712
  1108    712
  1115    712
  1116    712
  1117    712
  1118    712
  1119    712
  1066    713
  1067    713
  1068    713
  1071    713
  1072    713
  1073    713
  1074    713
  1075    713
  1076    713
  1077    713
  1078    713
  1079    713
  1100    713
  1101    713
  1102    713
  1053    714
  1054    714
  1083    714
  1084    714
  1085    714
  1086    714
  1087    714
  1088    714
  1089    714
  1097    714
  1098    714
  1099    714
  1102    714
  1103    714
  1074    715
  1075    715
  1076    715
  1077    715
  1078    715
  1079    715
  1080    715
  1081    715
  1082    715
  1083    715
  1063    716
  1075    716
  1076    716
  1077    716
  1078    716
  1079    716
  1080    716
  1081    716
  1095    716
  1096    716
  1055    717
  1056    717
  1057    717
  1058    717
  1059    717
  1060    717
  1061    717
  1062    717
  1072    717
  1073    717
  1074    717
  1075    717
  1076    717
  1086    717
  1087    717
  1054    718
  1055    718
  1056    718
  1057    718
  1058    718
  1059    718
  1060    718
  1061    718
  1076    718
  1077    718
  1078    718
  1079    718
  1039    719
  1040    719
  1041    719
  1042    719
  1043    719
  1044    719
  1045    719
  1046    719
  1050    719
  1051    719
  1052    719
  1053    719
  1054    719
  1055    719
  1056    719
  1057    719
  1058    719
  1059    719
  1060    719
  1061    719
  1062    719
  1029    720
  1030    720
  1031    720
  1032    720
  1033    720
  1034    720
  1035    720
  1036    720
  1037    720
  1038    720
  1039    720
  1040    720
  1041    720
  1042    720
  1043    720
  1044    720
  1045    720
  1046    720
  1047    720
  1048    720
  1049    720
  1050    720
  1022    721
  1023    721
  1024    721
  1025    721
  1026    721
  1033    721
  1034    721
  1035    721
  1036    721
  1037    721
  1038    721
  1039    721
  1040    721
  1041    721
  1042    721
  1043    721
  1044    721
  1045    721
  1046    721
  1053    721
  1054    721
  1016    722
  1017    722
  1018    722
  1019    722
  1020    722
  1021    722
  1022    722
  1024    722
  1025    722
  1026    722
  1027    722
  1028    722
  1029    722
  1034    722
  1035    722
  1036    722
  1037    722
  1038    722
  1039    722
  1040    722
  1041    722
  1046    722
  1047    722
  1048    722
  1015    723
  1016    723
  1017    723
  1018    723
  1019    723
  1020    723
  1021    723
  1022    723
  1023    723
  1024    723
  1025    723
  1029    723
  1034    723
  1035    723
  1036    723
  1038    723
  1039    723
  1040    723
  1041    723
  1042    723
  1015    724
  1016    724
  1017    724
  1018    724
  1019    724
  1020    724
   998    725
   999    725
  1000    725
  1004    725
  1005    725
  1006    725
  1009    725
  1010    725
  1014    725
  1015    725
  1016    725
  1020    725
  1021    725
  1022    725
  1023    725
  1024    725
  1025    725
   992    726
   993    726
   994    726
   999    726
  1000    726
  1001    726
  1002    726
  1004    726
  1005    726
  1006    726
  1007    726
  1010    726
  1011    726
  1012    726
  1015    726
  1016    726
  1017    726
  1023    726
  1024    726
  1025    726
   986    727
   987    727
   988    727
   989    727
   990    727
   993    727
   994    727
   995    727
   996    727
  1000    727
  1001    727
  1002    727
  1003    727
  1004    727
  1005    727
  1006    727
  1007    727
  1011    727
  1012    727
  1015    727
  1016    727
  1017    727
  1018    727
   981    728
   982    728
   983    728
   984    728
   985    728
   986    728
   987    728
   988    728
   989    728
   994    728
   995    728
   996    728
   997    728
  1000    728
  1001    728
  1002    728
  1005    728
  1006    728
  1007    728
  1011    728
  1012    728
  1013    728
   979    729
   980    729
   981    729
   982    729
   983    729
   984    729
   985    729
   989    729
   990    729
   991    729
   996    729
   999    729
  1000    729
  1006    729
  1007    729
   985    730
   986    730
   987    730
   988    730
   989    730
   990    730
   991    730
   992    730
  1002    730
  1003    730
   980    731
   981    731
   982    731
   983    731
   984    731
   985    731
   986    731
   987    731
   961    732
   962    732
   963    732
   964    732
   969    732
   970    732
   974    732
   975    732
   976    732
   979    732
   980    732
   981    732
   986    732
   987    732
   988    732
   989    732
   957    733
   958    733
   959    733
   960    733
   964    733
   965    733
   966    733
   971    733
   975    733
   976    733
   977    733
   981    733
   982    733
   983    733
   984    733
   985    733
   988    733
   989    733
   953    734
   954    734
   955    734
   958    734
   959    734
   960    734
   961    734
   967    734
   968    734
   971    734
   972    734
   973    734
   978    734
   979    734
   980    734
   981    734
   982    734
   983    734
   984    734
   985    734
   950    735
   951    735
   952    735
   953    735
   954    735
   955    735
   956    735
   957    735
   963    735
   964    735
   974    735
   975    735
   976    735
   980    735
   981    735
   982    735
   945    736
   946    736
   947    736
   948    736
   952    736
   953    736
   954    736
   959    736
   960    736
   961    736
   949    737
   950    737
   955    737
   956    737
   957    737
   961    737
   962    737
   963    737
   952    738
   953    738
   954    738
   957    738
   958    738
   959    738
   950    739
   951    739
   952    739
   954    739
   955    739
   956    739
   934    740
   935    740
   936    740
   947    740
   948    740
   949    740
   952    740
   953    740
   954    740
   931    741
   932    741
   933    741
   934    741
   945    741
   946    741
   947    741
   950    741
   951    741
   952    741
   958    741
   959    741
   960    741
   961    741
   929    742
   930    742
   931    742
   932    742
   933    742
   936    742
   937    742
   944    742
   949    742
   950    742
   951    742
   956    742
   957    742
   958    742
   959    742
   927    743
   928    743
   929    743
   930    743
   931    743
   932    743
   933    743
   934    743
   935    743
   941    743
   942    743
   943    743
   947    743
   948    743
   949    743
   954    743
   955    743
   956    743
   957    743
   958    743
   959    743
   961    743
   962    743
   931    744
   932    744
   933    744
   934    744
   940    744
   941    744
   952    744
   953    744
   957    744
   958    744
   959    744
   960    744
   961    744
   930    745
   931    745
   932    745
   938    745
   939    745
   958    745
   959    745
   929    746
   936    746
   937    746
   938    746
   956    746
   957    746
   958    746
   935    747
   936    747
   937    747
   933    748
   934    748
   935    748
   936    748
   937    748
   932    749
   933    749
   934    749
   935    749
   936    749
   937    749
   931    750
   932    750
   933    750
   934    750
   935    750
   936    750
   937    750
   930    751
   931    751
   932    751
   933    751
   934    751
   935    751
   936    751
   937    751
   929    752
   930    752
   931    752
   932    752
   933    752
   934    752
   935    752
   928    753
   929    753
   930    753
   931    753
   932    753
   933    753
   934    753
   927    754
   928    754
   929    754
   930    754
   931    754
   932    754
   933    754
   934    754
   927    755
   928    755
   929    755
   930    755
   931    755
   932    755
   933    755
   934    755
   926    756
   927    756
   928    756
   929    756
   930    756
   931    756
   932    756
   933    756
   934    756
   926    757
   927    757
   928    757
   929    757
   930    757
   931    757
   932    757
   933    757
   934    757
   926    758
   927    758
   928    758
   929    758
   930    758
   931    758
   932    758
   933    758
   934    758
   926    759
   927    759
   928    759
   929    759
   930    759
   931    759
   932    759
   933    759
   934    759
   926    760
   927    760
   928    760
   929    760
   930    760
   931    760
   932    760
   933    760
   934    760
   926    761
   927    761
   928    761
   929    761
   930    761
   931    761
   932    761
   933    761
   934    761
   926    762
   927    762
   928    762
   929    762
   930    762
   931    762
   932    762
   933    762
   925    763
   926    763
   927    763
   928    763
   929    763
   930    763
   931    763
   932    763
   933    763
   934    763
   926    764
   927    764
   928    764
   929    764
   930    764
   931    764
   932    764
   933    764
   925    765
   926    765
   927    765
   928    765
   929    765
   930    765
   931    765
   932    765
   933    765
   926    766
   927    766
   928    766
   929    766
   930    766
   931    766
   932    766
   933    766
   934    766
   926    767
   927    767
   928    767
   926    768
   927    768
   928    768
   926    769
   927    769
   928    769
   929    769
   930    769
   931    769
   932    769
   933    769
   934    769
   926    770
   927    770
   928    770
   929    770
   930    770
   931    770
   932    770
   933    770
   934    770
   926    771
   927    771
   928    771
   929    771
   930    771
   931    771
   932    771
   933    771
   934    771
   927    772
   928    772
   929    772
   930    772
   931    772
   932    772
   933    772
   934    772
   935    772
   926    773
   927    773
   928    773
   929    773
   930    773
   931    773
   932    773
   933    773
   934    773
   935    773
   927    774
   928    774
   929    774
   930    774
   931    774
   932    774
   933    774
   934    774
   935    774
   927    775
   928    775
   929    775
   930    775
   931    775
   932    775
   933    775
   934    775
   935    775
   927    776
   928    776
   929    776
   930    776
   931    776
   932    776
   933    776
   934    776
   935    776
   927    777
   928    777
   929    777
   930    777
   931    777
   932    777
   933    777
   934    777
   935    777
   936    777
   926    778
   927    778
   928    778
   929    778
   930    778
   931    778
   932    778
   933    778
   934    778
   935    778
   936    778
   927    779
   928    779
   929    779
   930    779
   931    779
   932    779
   933    779
   934    779
   935    779
   936    779
   926    780
   927    780
   928    780
   929    780
   930    780
   931    780
   932    780
   933    780
   934    780
   935    780
   936    780
   927    781
   928    781
   929    781
   930    781
   931    781
   932    781
   933    781
   934    781
   935    781
   936    781
   927    782
   928    782
   929    782
   930    782
   931    782
   932    782
   933    782
   934    782
   935    782
   936    782
   937    782
   927    783
   928    783
   929    783
   930    783
   931    783
   932    783
   933    783
   934    783
   935    783
   936    783
   927    784
   928    784
   929    784
   930    784
   931    784
   932    784
   933    784
   934    784
   935    784
   936    784
   937    784
   927    785
   928    785
   929    785
   930    785
   931    785
   932    785
   933    785
   934    785
   935    785
   936    785
   927    786
   928    786
   929    786
   930    786
   931    786
   932    786
   933    786
   934    786
   935    786
   936    786
   926    787
   927    787
   928    787
   929    787
   930    787
   931    787
   932    787
   933    787
   934    787
   935    787
   936    787
   927    788
   928    788
   929    788
   930    788
   931    788
   932    788
   933    788
   934    788
   935    788
   936    788
   929    789
   930    789
   931    789
   932    789
   933    789
   934    789
   935    789
   936    789
   928    790
   929    790
   930    790
   932    790
   933    790
   934    790
   935    790
   936    790
   931    791
   932    791
   933    791
