  1227    699
  1228    699
  1229    699
  1230    699
  1231    699
  1225    700
  1182    701
  1227    701
  1228    701
  1229    701
  1230    701
  1231    701
  1198    702
  1199    702
  1220    702
  1221    702
  1176    703
  1177    703
  1178    703
  1179    703
  1180    703
  1181    703
  1182    703
  1195    703
  1196    703
  1197    703
  1198    703
  1199    703
  1200    703
  1201    703
  1156    704
  1157    704
  1161    704
  1162    704
  1163    704
  1164    704
  1165    704
  1166    704
  1167    704
  1168    704
  1169    704
  1170    704
  1171    704
  1176    704
  1177    704
  1178    704
  1179    704
  1180    704
  1181    704
  1184    704
  1185    704
  1186    704
  1187    704
  1226    704
  1227    704
  1228    704
  1089    705
  1090    705
  1092    705
  1093    705
  1094    705
  1139    705
  1140    705
  1141    705
  1142    705
  1143    705
  1144    705
  1145    705
  1146    705
  1147    705
  1148    705
  1149    705
  1150    705
  1151    705
  1152    705
  1155    705
  1156    705
  1157    705
  1158    705
  1159    705
  1160    705
  1161    705
  1162    705
  1163    705
  1164    705
  1165    705
  1166    705
  1167    705
  1168    705
  1169    705
  1170    705
  1171    705
  1172    705
  1183    705
  1184    705
  1185    705
  1186    705
  1187    705
  1064    706
  1065    706
  1066    706
  1067    706
  1068    706
  1069    706
  1070    706
  1105    706
  1111    706
  1112    706
  1113    706
  1114    706
  1115    706
  1116    706
  1117    706
  1118    706
  1119    706
  1141    706
  1142    706
  1143    706
  1144    706
  1145    706
  1146    706
  1147    706
  1148    706
  1149    706
  1150    706
  1151    706
  1152    706
  1162    706
  1163    706
  1164    706
  1165    706
  1166    706
  1167    706
  1182    706
  1183    706
  1188    706
  1189    706
  1190    706
  1083    707
  1084    707
  1085    707
  1086    707
  1087    707
  1103    707
  1104    707
  1105    707
  1106    707
  1107    707
  1108    707
  1109    707
  1110    707
  1111    707
  1112    707
  1113    707
  1114    707
  1115    707
  1116    707
  1117    707
  1118    707
  1119    707
  1171    707
  1177    707
  1178    707
  1179    707
  1184    707
  1185    707
  1186    707
  1210    707
  1081    708
  1082    708
  1083    708
  1084    708
  1085    708
  1086    708
  1087    708
  1088    708
  1107    708
  1108    708
  1109    708
  1110    708
  1111    708
  1112    708
  1113    708
  1114    708
  1115    708
  1116    708
  1118    708
  1119    708
  1120    708
  1127    708
  1128    708
  1129    708
  1153    708
  1154    708
  1155    708
  1156    708
  1157    708
  1158    708
  1159    708
  1160    708
  1161    708
  1162    708
  1163    708
  1164    708
  1165    708
  1166    708
  1167    708
  1168    708
  1169    708
  1086    709
  1087    709
  1088    709
  1100    709
  1101    709
  1102    709
  1127    709
  1128    709
  1129    709
  1179    709
  1184    709
  1105    710
  1106    710
  1107    710
  1108    710
  1109    710
  1110    710
  1111    710
  1112    710
  1113    710
  1114    710
  1115    710
  1116    710
  1117    710
  1124    710
  1125    710
  1126    710
  1127    710
  1128    710
  1129    710
  1130    710
  1156    710
  1157    710
  1158    710
  1159    710
  1160    710
  1161    710
  1162    710
  1163    710
  1164    710
  1165    710
  1166    710
  1167    710
  1073    711
  1074    711
  1076    711
  1077    711
  1078    711
  1079    711
  1080    711
  1081    711
  1082    711
  1083    711
  1084    711
  1085    711
  1086    711
  1087    711
  1088    711
  1089    711
  1090    711
  1098    711
  1099    711
  1111    711
  1112    711
  1113    711
  1114    711
  1115    711
  1116    711
  1117    711
  1118    711
  1119    711
  1120    711
  1121    711
  1122    711
  1123    711
  1124    711
  1125    711
  1126    711
  1127    711
  1062    712
  1063    712
  1065    712
  1066    712
  1067    712
  1076    712
  1077    712
  1083    712
  1084    712
  1085    712
  1097    712
  1098    712
  1099    712
  1100    712
  1101    712
  1102    712
  1103    712
  1104    712
  1105    712
  1106    712
  1107    712
  1108    712
  1109    712
  1110    712
  1111    712
  1112    712
  1113    712
  1114    712
  1115    712
  1116    712
  1042    713
  1043    713
  1044    713
  1045    713
  1046    713
  1047    713
  1056    713
  1057    713
  1058    713
  1059    713
  1060    713
  1062    713
  1063    713
  1064    713
  1065    713
  1066    713
  1067    713
  1068    713
  1069    713
  1070    713
  1071    713
  1072    713
  1076    713
  1077    713
  1078    713
  1079    713
  1080    713
  1101    713
  1102    713
  1103    713
  1126    713
  1127    713
  1128    713
  1055    714
  1056    714
  1057    714
  1058    714
  1059    714
  1060    714
  1061    714
  1062    714
  1063    714
  1064    714
  1065    714
  1084    714
  1085    714
  1086    714
  1087    714
  1088    714
  1089    714
  1097    714
  1098    714
  1099    714
  1100    714
  1101    714
  1103    714
  1104    714
  1105    714
  1106    714
  1107    714
  1108    714
  1115    714
  1116    714
  1117    714
  1026    715
  1027    715
  1028    715
  1029    715
  1030    715
  1031    715
  1032    715
  1033    715
  1034    715
  1035    715
  1041    715
  1042    715
  1057    715
  1059    715
  1075    715
  1076    715
  1077    715
  1078    715
  1079    715
  1080    715
  1081    715
  1082    715
  1083    715
  1084    715
  1085    715
  1037    716
  1038    716
  1039    716
  1063    716
  1064    716
  1065    716
  1066    716
  1067    716
  1068    716
  1082    716
  1083    716
  1084    716
  1030    717
  1031    717
  1032    717
  1039    717
  1040    717
  1041    717
  1055    717
  1056    717
  1057    717
  1058    717
  1059    717
  1060    717
  1061    717
  1062    717
  1063    717
  1064    717
  1065    717
  1086    717
  1087    717
  1088    717
  1089    717
  1090    717
  1055    718
  1056    718
  1057    718
  1058    718
  1059    718
  1060    718
  1065    718
  1066    718
  1067    718
  1068    718
  1069    718
  1070    718
  1071    718
  1072    718
  1078    718
  1079    718
  1080    718
  1039    719
  1040    719
  1041    719
  1042    719
  1044    719
  1045    719
  1046    719
  1050    719
  1051    719
  1052    719
  1053    719
  1054    719
  1055    719
  1056    719
  1057    719
  1058    719
  1059    719
  1060    719
  1061    719
  1062    719
  1063    719
  1014    720
  1015    720
  1016    720
  1017    720
  1018    720
  1032    720
  1033    720
  1034    720
  1038    720
  1039    720
  1040    720
  1041    720
  1042    720
  1043    720
  1044    720
  1045    720
  1046    720
  1047    720
  1048    720
  1049    720
  1050    720
  1014    721
  1023    721
  1024    721
  1025    721
  1026    721
  1027    721
  1028    721
  1031    721
  1032    721
  1033    721
  1034    721
  1035    721
  1036    721
  1037    721
  1038    721
  1039    721
  1040    721
  1041    721
  1042    721
  1043    721
  1044    721
  1045    721
  1046    721
  1055    721
  1056    721
  1010    722
  1011    722
  1012    722
  1014    722
  1015    722
  1016    722
  1017    722
  1018    722
  1019    722
  1020    722
  1021    722
  1022    722
  1023    722
  1033    722
  1034    722
  1035    722
  1036    722
  1037    722
  1038    722
  1039    722
  1040    722
  1041    722
  1042    722
  1046    722
  1047    722
  1048    722
  1049    722
   992    723
   993    723
   994    723
  1008    723
  1009    723
  1015    723
  1016    723
  1017    723
  1018    723
  1019    723
  1020    723
  1021    723
  1022    723
  1023    723
  1024    723
  1030    723
  1031    723
  1032    723
  1034    723
  1035    723
  1036    723
  1037    723
  1038    723
  1042    723
  1043    723
  1016    724
  1017    724
  1018    724
  1019    724
  1020    724
  1021    724
  1022    724
  1023    724
  1024    724
  1025    724
  1026    724
  1034    724
  1035    724
  1036    724
  1037    724
  1038    724
   999    725
  1000    725
  1001    725
  1002    725
  1003    725
  1004    725
  1005    725
  1006    725
  1010    725
  1011    725
  1012    725
  1013    725
  1014    725
  1015    725
  1016    725
  1017    725
  1018    725
  1019    725
  1020    725
  1021    725
  1022    725
   994    726
   995    726
   996    726
   997    726
  1000    726
  1001    726
  1002    726
  1005    726
  1006    726
  1007    726
  1008    726
  1009    726
  1010    726
  1011    726
  1012    726
  1013    726
  1014    726
  1015    726
  1016    726
  1017    726
  1018    726
   988    727
   989    727
   990    727
   994    727
   995    727
   996    727
   997    727
   998    727
  1001    727
  1002    727
  1003    727
  1004    727
  1005    727
  1006    727
  1007    727
  1008    727
  1010    727
  1011    727
  1012    727
  1013    727
  1018    727
  1019    727
   982    728
   983    728
   984    728
   985    728
   986    728
   988    728
   989    728
   990    728
   991    728
   992    728
   995    728
   996    728
   997    728
   998    728
  1000    728
  1001    728
  1002    728
  1003    728
  1004    728
  1007    728
  1008    728
  1009    728
  1012    728
  1013    728
  1014    728
   976    729
   977    729
   978    729
   979    729
   980    729
   981    729
   983    729
   984    729
   985    729
   986    729
   990    729
   991    729
   992    729
   993    729
   996    729
   997    729
   998    729
   999    729
  1002    729
  1003    729
  1004    729
  1007    729
  1008    729
  1009    729
   960    730
   961    730
   962    730
   976    730
   977    730
   978    730
   979    730
   980    730
   981    730
   982    730
   986    730
   987    730
   988    730
   989    730
   990    730
   992    730
   993    730
   994    730
   998    730
   999    730
  1003    730
  1004    730
   981    731
   982    731
   983    731
   984    731
   985    731
   986    731
   987    731
   988    731
  1011    731
   951    732
   952    732
   953    732
   963    732
   964    732
   965    732
   966    732
   976    732
   977    732
   978    732
   979    732
   980    732
   981    732
   982    732
   983    732
   959    733
   960    733
   961    733
   962    733
   966    733
   967    733
   976    733
   977    733
   978    733
   979    733
   983    733
   984    733
   985    733
   986    733
   955    734
   956    734
   957    734
   960    734
   961    734
   962    734
   963    734
   968    734
   969    734
   973    734
   974    734
   975    734
   980    734
   981    734
   982    734
   983    734
   984    734
   985    734
   986    734
   951    735
   952    735
   953    735
   956    735
   957    735
   958    735
   959    735
   964    735
   965    735
   966    735
   976    735
   977    735
   978    735
   981    735
   982    735
   983    735
   947    736
   948    736
   952    736
   953    736
   954    736
   955    736
   960    736
   961    736
   962    736
   973    736
   978    736
   979    736
   980    736
   950    737
   951    737
   952    737
   957    737
   958    737
   959    737
   975    737
   976    737
   944    738
   945    738
   946    738
   947    738
   948    738
   953    738
   954    738
   955    738
   956    738
   957    738
   958    738
   959    738
   960    738
   950    739
   951    739
   952    739
   953    739
   954    739
   955    739
   956    739
   957    739
   958    739
   948    740
   949    740
   950    740
   953    740
   954    740
   955    740
   932    741
   933    741
   934    741
   946    741
   947    741
   948    741
   951    741
   952    741
   953    741
   959    741
   960    741
   961    741
   929    742
   930    742
   931    742
   932    742
   937    742
   938    742
   944    742
   945    742
   946    742
   950    742
   951    742
   957    742
   958    742
   959    742
   927    743
   928    743
   929    743
   930    743
   934    743
   935    743
   936    743
   942    743
   943    743
   949    743
   955    743
   956    743
   925    744
   926    744
   927    744
   932    744
   933    744
   934    744
   935    744
   940    744
   941    744
   942    744
   953    744
   954    744
   925    745
   931    745
   932    745
   933    745
   939    745
   940    745
   941    745
   959    745
   960    745
   930    746
   931    746
   937    746
   938    746
   939    746
   957    746
   958    746
   935    747
   936    747
   937    747
   938    747
   942    747
   943    747
   934    748
   935    748
   936    748
   937    748
   933    749
   934    749
   935    749
   936    749
   931    750
   932    750
   933    750
   934    750
   935    750
   936    750
   930    751
   931    751
   932    751
   933    751
   934    751
   935    751
   929    752
   930    752
   931    752
   932    752
   933    752
   934    752
   935    752
   928    753
   929    753
   930    753
   931    753
   932    753
   933    753
   934    753
   927    754
   928    754
   929    754
   930    754
   931    754
   932    754
   933    754
   934    754
   927    755
   928    755
   929    755
   930    755
   931    755
   932    755
   933    755
   934    755
   927    756
   928    756
   929    756
   930    756
   931    756
   932    756
   933    756
   934    756
   935    756
   926    757
   927    757
   928    757
   929    757
   930    757
   931    757
   932    757
   933    757
   934    757
   926    758
   927    758
   928    758
   929    758
   930    758
   931    758
   932    758
   933    758
   934    758
   926    759
   927    759
   928    759
   929    759
   930    759
   931    759
   932    759
   933    759
   934    759
   926    760
   927    760
   928    760
   929    760
   930    760
   931    760
   932    760
   933    760
   934    760
   926    761
   927    761
   928    761
   929    761
   930    761
   931    761
   932    761
   933    761
   934    761
   926    762
   927    762
   928    762
   929    762
   930    762
   931    762
   932    762
   933    762
   934    762
   925    763
   926    763
   927    763
   928    763
   929    763
   930    763
   931    763
   932    763
   933    763
   934    763
   925    764
   926    764
   927    764
   928    764
   929    764
   930    764
   931    764
   932    764
   933    764
   925    765
   926    765
   927    765
   928    765
   929    765
   930    765
   931    765
   932    765
   933    765
   926    766
   927    766
   928    766
   929    766
   930    766
   931    766
   932    766
   933    766
   925    767
   926    767
   927    767
   928    767
   929    767
   930    767
   931    767
   932    767
   933    767
   934    767
   926    768
   927    768
   928    768
   933    768
   934    768
   925    769
   926    769
   927    769
   928    769
   929    769
   930    769
   931    769
   932    769
   933    769
   934    769
   926    770
   927    770
   928    770
   929    770
   930    770
   931    770
   932    770
   933    770
   934    770
   935    770
   925    771
   926    771
   927    771
   928    771
   929    771
   930    771
   931    771
   932    771
   933    771
   934    771
   935    771
   926    772
   927    772
   928    772
   929    772
   930    772
   931    772
   932    772
   933    772
   934    772
   935    772
   926    773
   927    773
   928    773
   929    773
   930    773
   931    773
   932    773
   933    773
   934    773
   935    773
   927    774
   928    774
   929    774
   930    774
   931    774
   932    774
   933    774
   934    774
   935    774
   926    775
   927    775
   928    775
   929    775
   930    775
   931    775
   932    775
   933    775
   934    775
   935    775
   927    776
   928    776
   929    776
   930    776
   931    776
   932    776
   933    776
   934    776
   935    776
   926    777
   927    777
   928    777
   929    777
   930    777
   931    777
   932    777
   933    777
   934    777
   935    777
   936    777
   926    778
   927    778
   928    778
   929    778
   930    778
   931    778
   932    778
   933    778
   934    778
   935    778
   936    778
   926    779
   927    779
   928    779
   929    779
   930    779
   931    779
   932    779
   933    779
   934    779
   935    779
   936    779
   926    780
   927    780
   928    780
   929    780
   930    780
   931    780
   932    780
   933    780
   934    780
   935    780
   936    780
   927    781
   928    781
   929    781
   930    781
   931    781
   932    781
   933    781
   934    781
   935    781
   936    781
   927    782
   928    782
   929    782
   930    782
   931    782
   932    782
   933    782
   934    782
   935    782
   936    782
   927    783
   928    783
   929    783
   930    783
   931    783
   932    783
   933    783
   934    783
   935    783
   936    783
   927    784
   928    784
   929    784
   930    784
   931    784
   932    784
   933    784
   934    784
   935    784
   936    784
   937    784
   927    785
   928    785
   929    785
   930    785
   931    785
   932    785
   933    785
   934    785
   935    785
   936    785
   927    786
   928    786
   929    786
   930    786
   931    786
   932    786
   933    786
   934    786
   935    786
   936    786
   927    787
   928    787
   929    787
   930    787
   931    787
   932    787
   933    787
   934    787
   935    787
   936    787
   927    788
   928    788
   929    788
   930    788
   931    788
   932    788
   933    788
   934    788
   935    788
   936    788
   927    789
   928    789
   929    789
   930    789
   931    789
   932    789
   933    789
   934    789
   930    790
   931    790
   932    790
   933    790
