  1212    700
  1213    700
  1215    700
  1216    700
  1217    700
  1218    700
  1219    700
  1220    700
  1221    700
  1222    700
  1223    700
  1223    701
  1224    701
  1225    701
  1226    701
  1227    701
  1216    702
  1218    702
  1219    702
  1220    702
  1221    702
  1222    702
  1223    702
  1224    702
  1225    702
  1226    702
  1227    702
  1228    702
  1195    704
  1196    704
  1197    704
  1198    704
  1199    704
  1204    704
  1205    704
  1206    704
  1207    704
  1208    704
  1209    704
  1234    704
  1235    704
  1183    705
  1184    705
  1185    705
  1186    705
  1219    705
  1220    705
  1221    705
  1222    705
  1223    705
  1224    705
  1154    706
  1155    706
  1156    706
  1157    706
  1158    706
  1159    706
  1160    706
  1161    706
  1162    706
  1170    706
  1171    706
  1172    706
  1173    706
  1179    706
  1180    706
  1184    706
  1185    706
  1205    706
  1206    706
  1208    706
  1209    706
  1152    707
  1153    707
  1154    707
  1155    707
  1184    707
  1193    707
  1194    707
  1195    707
  1196    707
  1174    708
  1175    708
  1176    708
  1177    708
  1178    708
  1179    708
  1180    708
  1183    708
  1184    708
  1185    708
  1144    709
  1145    709
  1146    709
  1147    709
  1149    709
  1150    709
  1151    709
  1152    709
  1155    709
  1156    709
  1157    709
  1158    709
  1159    709
  1160    709
  1161    709
  1106    710
  1107    710
  1108    710
  1132    710
  1133    710
  1134    710
  1135    710
  1136    710
  1137    710
  1138    710
  1139    710
  1140    710
  1141    710
  1142    710
  1143    710
  1144    710
  1145    710
  1146    710
  1147    710
  1148    710
  1105    711
  1106    711
  1110    711
  1111    711
  1112    711
  1113    711
  1114    711
  1115    711
  1116    711
  1117    711
  1118    711
  1119    711
  1120    711
  1121    711
  1122    711
  1123    711
  1124    711
  1125    711
  1126    711
  1127    711
  1128    711
  1129    711
  1130    711
  1131    711
  1132    711
  1136    711
  1137    711
  1138    711
  1139    711
  1147    711
  1148    711
  1149    711
  1156    711
  1157    711
  1158    711
  1159    711
  1167    711
  1168    711
  1169    711
  1170    711
  1076    712
  1077    712
  1078    712
  1079    712
  1080    712
  1081    712
  1082    712
  1083    712
  1084    712
  1085    712
  1086    712
  1087    712
  1102    712
  1103    712
  1104    712
  1105    712
  1106    712
  1107    712
  1108    712
  1109    712
  1110    712
  1111    712
  1112    712
  1113    712
  1114    712
  1115    712
  1116    712
  1117    712
  1118    712
  1119    712
  1120    712
  1121    712
  1122    712
  1123    712
  1124    712
  1125    712
  1126    712
  1127    712
  1128    712
  1129    712
  1130    712
  1090    713
  1091    713
  1092    713
  1093    713
  1094    713
  1095    713
  1096    713
  1097    713
  1100    713
  1101    713
  1102    713
  1103    713
  1104    713
  1105    713
  1106    713
  1107    713
  1108    713
  1109    713
  1110    713
  1111    713
  1112    713
  1113    713
  1114    713
  1115    713
  1116    713
  1117    713
  1118    713
  1119    713
  1122    713
  1123    713
  1124    713
  1142    713
  1143    713
  1144    713
  1145    713
  1146    713
  1081    714
  1082    714
  1106    714
  1107    714
  1108    714
  1131    714
  1132    714
  1089    715
  1090    715
  1091    715
  1092    715
  1093    715
  1094    715
  1095    715
  1101    715
  1102    715
  1103    715
  1104    715
  1105    715
  1107    715
  1108    715
  1109    715
  1062    716
  1063    716
  1064    716
  1079    716
  1080    716
  1081    716
  1082    716
  1083    716
  1084    716
  1085    716
  1086    716
  1087    716
  1090    716
  1091    716
  1092    716
  1093    716
  1094    716
  1095    716
  1107    716
  1108    716
  1109    716
  1069    717
  1070    717
  1071    717
  1072    717
  1079    717
  1080    717
  1081    717
  1082    717
  1083    717
  1084    717
  1085    717
  1086    717
  1087    717
  1090    717
  1091    717
  1092    717
  1093    717
  1094    717
  1102    717
  1103    717
  1060    718
  1061    718
  1062    718
  1063    718
  1064    718
  1065    718
  1066    718
  1067    718
  1068    718
  1069    718
  1070    718
  1071    718
  1072    718
  1077    718
  1078    718
  1079    718
  1080    718
  1081    718
  1082    718
  1083    718
  1084    718
  1090    718
  1091    718
  1092    718
  1093    718
  1094    718
  1060    719
  1061    719
  1062    719
  1063    719
  1064    719
  1065    719
  1066    719
  1072    719
  1073    719
  1074    719
  1075    719
  1076    719
  1085    719
  1086    719
  1087    719
  1044    720
  1045    720
  1046    720
  1047    720
  1048    720
  1049    720
  1055    720
  1056    720
  1057    720
  1058    720
  1059    720
  1060    720
  1061    720
  1062    720
  1063    720
  1064    720
  1065    720
  1066    720
  1067    720
  1068    720
  1022    721
  1023    721
  1024    721
  1025    721
  1037    721
  1038    721
  1039    721
  1040    721
  1041    721
  1042    721
  1043    721
  1044    721
  1045    721
  1046    721
  1047    721
  1048    721
  1049    721
  1050    721
  1051    721
  1052    721
  1053    721
  1054    721
  1055    721
  1056    721
  1057    721
  1058    721
  1059    721
  1031    722
  1032    722
  1033    722
  1038    722
  1039    722
  1040    722
  1041    722
  1042    722
  1043    722
  1044    722
  1045    722
  1046    722
  1047    722
  1048    722
  1049    722
  1050    722
  1051    722
  1052    722
  1062    722
  1063    722
  1064    722
  1023    723
  1024    723
  1025    723
  1026    723
  1027    723
  1028    723
  1030    723
  1031    723
  1032    723
  1033    723
  1034    723
  1035    723
  1038    723
  1039    723
  1040    723
  1041    723
  1042    723
  1043    723
  1044    723
  1045    723
  1046    723
  1047    723
  1048    723
  1049    723
  1055    723
  1056    723
  1017    724
  1018    724
  1019    724
  1020    724
  1021    724
  1022    724
  1023    724
  1024    724
  1025    724
  1026    724
  1027    724
  1028    724
  1029    724
  1030    724
  1031    724
  1032    724
  1036    724
  1037    724
  1038    724
  1039    724
  1040    724
  1041    724
  1042    724
  1043    724
  1044    724
  1046    724
  1047    724
  1048    724
  1049    724
  1019    725
  1020    725
  1021    725
  1022    725
  1023    725
  1024    725
  1025    725
  1026    725
  1027    725
  1028    725
  1029    725
  1030    725
  1031    725
  1032    725
  1038    725
  1039    725
  1041    725
  1042    725
  1043    725
  1044    725
  1019    726
  1020    726
  1021    726
  1022    726
  1023    726
  1024    726
  1025    726
  1026    726
  1027    726
  1000    727
  1001    727
  1002    727
  1003    727
  1004    727
  1005    727
  1006    727
  1007    727
  1008    727
  1009    727
  1011    727
  1012    727
  1013    727
  1014    727
  1018    727
  1019    727
  1020    727
  1021    727
  1022    727
  1023    727
  1024    727
  1025    727
  1026    727
  1027    727
  1028    727
  1029    727
  1030    727
  1031    727
  1039    727
  1040    727
  1041    727
   994    728
   995    728
   996    728
   997    728
   998    728
   999    728
  1001    728
  1002    728
  1003    728
  1004    728
  1007    728
  1008    728
  1009    728
  1010    728
  1013    728
  1014    728
  1018    728
  1019    728
  1020    728
  1024    728
  1025    728
  1026    728
  1027    728
   989    729
   990    729
   991    729
   992    729
   993    729
   994    729
   995    729
   996    729
   997    729
   998    729
   999    729
  1002    729
  1003    729
  1004    729
  1005    729
  1006    729
  1007    729
  1008    729
  1009    729
  1013    729
  1014    729
  1015    729
  1020    729
  1021    729
   984    730
   985    730
   986    730
   987    730
   988    730
   989    730
   990    730
   991    730
   992    730
   993    730
   994    730
   998    730
   999    730
  1000    730
  1002    730
  1003    730
  1004    730
  1005    730
  1009    730
  1010    730
  1011    730
  1015    730
  1016    730
   977    731
   978    731
   979    731
   980    731
   981    731
   982    731
   983    731
   984    731
   985    731
   986    731
   987    731
   988    731
   989    731
   992    731
   993    731
   994    731
   995    731
   996    731
   999    731
  1000    731
  1001    731
  1003    731
  1004    731
  1005    731
  1006    731
  1007    731
  1009    731
  1010    731
  1011    731
  1012    731
   978    732
   979    732
   980    732
   981    732
   982    732
   983    732
   988    732
   989    732
   990    732
   991    732
   992    732
   993    732
   994    732
   995    732
  1000    732
  1005    732
  1006    732
  1007    732
   984    733
   985    733
   986    733
   987    733
   988    733
   989    733
   990    733
   991    733
   965    734
   966    734
   967    734
   968    734
   969    734
   978    734
   979    734
   980    734
   981    734
   982    734
   983    734
   984    734
   985    734
   986    734
   987    734
   992    734
   993    734
   994    734
   961    735
   962    735
   963    735
   964    735
   965    735
   968    735
   969    735
   970    735
   975    735
   976    735
   977    735
   979    735
   980    735
   981    735
   982    735
   987    735
   988    735
   989    735
   947    736
   948    736
   958    736
   959    736
   960    736
   961    736
   962    736
   963    736
   964    736
   965    736
   971    736
   972    736
   976    736
   977    736
   983    736
   984    736
   985    736
   989    736
   990    736
   953    737
   954    737
   955    737
   956    737
   957    737
   958    737
   959    737
   960    737
   961    737
   962    737
   968    737
   972    737
   973    737
   979    737
   980    737
   981    737
   985    737
   986    737
   950    738
   951    738
   952    738
   953    738
   954    738
   955    738
   956    738
   957    738
   958    738
   963    738
   964    738
   965    738
   970    738
   971    738
   976    738
   977    738
   978    738
   982    738
   983    738
   946    739
   947    739
   948    739
   949    739
   950    739
   951    739
   952    739
   953    739
   954    739
   959    739
   960    739
   961    739
   979    739
   980    739
   948    740
   949    740
   950    740
   951    740
   952    740
   957    740
   958    740
   959    740
   977    740
   934    741
   935    741
   945    741
   946    741
   947    741
   948    741
   954    741
   955    741
   956    741
   960    741
   961    741
   952    742
   953    742
   957    742
   958    742
   959    742
   935    743
   936    743
   937    743
   938    743
   949    743
   950    743
   951    743
   954    743
   955    743
   956    743
   932    744
   933    744
   934    744
   935    744
   946    744
   947    744
   948    744
   949    744
   953    744
   954    744
   960    744
   961    744
   962    744
   930    745
   931    745
   932    745
   933    745
   934    745
   937    745
   938    745
   939    745
   945    745
   946    745
   947    745
   951    745
   952    745
   958    745
   959    745
   960    745
   928    746
   929    746
   930    746
   931    746
   932    746
   933    746
   934    746
   935    746
   936    746
   937    746
   944    746
   945    746
   946    746
   950    746
   951    746
   956    746
   957    746
   958    746
   959    746
   964    746
   965    746
   926    747
   927    747
   928    747
   929    747
   930    747
   931    747
   932    747
   933    747
   934    747
   935    747
   942    747
   943    747
   944    747
   945    747
   955    747
   956    747
   957    747
   958    747
   959    747
   960    747
   962    747
   963    747
   964    747
   924    748
   925    748
   926    748
   931    748
   932    748
   933    748
   934    748
   940    748
   941    748
   942    748
   954    748
   955    748
   956    748
   957    748
   958    748
   959    748
   961    748
   962    748
   963    748
   923    749
   924    749
   930    749
   931    749
   932    749
   938    749
   939    749
   940    749
   941    749
   942    749
   943    749
   945    749
   946    749
   923    750
   924    750
   925    750
   926    750
   927    750
   928    750
   937    750
   938    750
   939    750
   940    750
   941    750
   942    750
   943    750
   944    750
   945    750
   953    750
   954    750
   955    750
   956    750
   957    750
   958    750
   959    750
   935    751
   936    751
   937    751
   938    751
   939    751
   940    751
   941    751
   942    751
   943    751
   934    752
   935    752
   936    752
   937    752
   938    752
   939    752
   933    753
   934    753
   935    753
   936    753
   937    753
   938    753
   931    754
   932    754
   933    754
   934    754
   935    754
   936    754
   937    754
   938    754
   939    754
   940    754
   930    755
   931    755
   932    755
   933    755
   934    755
   935    755
   936    755
   937    755
   938    755
   929    756
   930    756
   931    756
   932    756
   933    756
   934    756
   935    756
   936    756
   937    756
   929    757
   930    757
   931    757
   932    757
   933    757
   934    757
   935    757
   936    757
   928    758
   929    758
   930    758
   931    758
   932    758
   933    758
   934    758
   935    758
   936    758
   928    759
   929    759
   930    759
   931    759
   932    759
   933    759
   934    759
   935    759
   927    760
   928    760
   929    760
   930    760
   931    760
   932    760
   933    760
   934    760
   935    760
   926    761
   927    761
   928    761
   929    761
   930    761
   931    761
   932    761
   933    761
   934    761
   935    761
   926    762
   927    762
   928    762
   929    762
   930    762
   931    762
   932    762
   933    762
   934    762
   935    762
   926    763
   927    763
   928    763
   929    763
   930    763
   931    763
   932    763
   933    763
   934    763
   935    763
   926    764
   927    764
   928    764
   929    764
   930    764
   931    764
   932    764
   933    764
   934    764
   935    764
   926    765
   927    765
   928    765
   929    765
   930    765
   931    765
   932    765
   933    765
   934    765
   926    766
   927    766
   928    766
   929    766
   930    766
   931    766
   932    766
   933    766
   934    766
   926    767
   927    767
   928    767
   929    767
   930    767
   931    767
   932    767
   933    767
   934    767
   926    768
   927    768
   928    768
   929    768
   930    768
   931    768
   932    768
   933    768
   934    768
   926    769
   927    769
   928    769
   929    769
   930    769
   931    769
   932    769
   933    769
   934    769
   926    770
   927    770
   928    770
   929    770
   930    770
   931    770
   932    770
   933    770
   934    770
   925    771
   926    771
   927    771
   928    771
   929    771
   930    771
   931    771
   932    771
   933    771
   934    771
   926    772
   927    772
   928    772
   929    772
   930    772
   931    772
   932    772
   933    772
   934    772
   926    773
   927    773
   928    773
   930    773
   931    773
   932    773
   933    773
   934    773
   935    773
   926    774
   927    774
   928    774
   929    774
   934    774
   935    774
   926    775
   927    775
   928    775
   929    775
   930    775
   931    775
   932    775
   934    775
   935    775
   926    776
   927    776
   928    776
   929    776
   930    776
   931    776
   932    776
   933    776
   934    776
   935    776
   926    777
   927    777
   928    777
   929    777
   930    777
   931    777
   932    777
   933    777
   934    777
   935    777
   926    778
   927    778
   928    778
   929    778
   930    778
   931    778
   932    778
   933    778
   934    778
   935    778
   926    779
   927    779
   928    779
   929    779
   930    779
   931    779
   932    779
   933    779
   934    779
   935    779
   936    779
   926    780
   927    780
   928    780
   929    780
   930    780
   931    780
   932    780
   933    780
   934    780
   935    780
   936    780
   927    781
   928    781
   929    781
   930    781
   931    781
   932    781
   933    781
   934    781
   935    781
   927    782
   928    782
   929    782
   930    782
   931    782
   932    782
   933    782
   934    782
   935    782
   936    782
   927    783
   928    783
   929    783
   930    783
   931    783
   932    783
   933    783
   934    783
   935    783
   936    783
   927    784
   928    784
   929    784
   930    784
   931    784
   932    784
   933    784
   934    784
   935    784
   936    784
   937    784
   927    785
   928    785
   929    785
   930    785
   931    785
   932    785
   933    785
   934    785
   935    785
   936    785
   937    785
   927    786
   928    786
   929    786
   930    786
   931    786
   932    786
   933    786
   934    786
   935    786
   936    786
   937    786
   927    787
   928    787
   929    787
   930    787
   931    787
   932    787
   933    787
   934    787
   935    787
   936    787
   937    787
   927    788
   928    788
   929    788
   930    788
   931    788
   932    788
   933    788
   934    788
   935    788
   936    788
   937    788
   927    789
   928    789
   929    789
   930    789
   931    789
   932    789
   933    789
   934    789
   935    789
   936    789
   937    789
   927    790
   928    790
   929    790
   930    790
   931    790
   932    790
   933    790
   934    790
   935    790
   936    790
   937    790
   928    791
   929    791
   930    791
   931    791
   932    791
   933    791
   934    791
   935    791
   936    791
   937    791
   932    792
   933    792
   934    792
   935    792
   936    792
