  1167    708
  1168    708
  1169    708
  1170    708
  1171    708
  1172    708
  1175    708
  1122    709
  1123    709
  1124    709
  1142    709
  1143    709
  1144    709
  1145    709
  1153    709
  1154    709
  1155    709
  1156    709
  1157    709
  1158    709
  1132    710
  1133    710
  1134    710
  1135    710
  1136    710
  1138    710
  1139    710
  1140    710
  1141    710
  1142    710
  1143    710
  1144    710
  1145    710
  1103    711
  1104    711
  1105    711
  1106    711
  1107    711
  1108    711
  1109    711
  1110    711
  1111    711
  1114    711
  1115    711
  1116    711
  1117    711
  1118    711
  1119    711
  1120    711
  1121    711
  1122    711
  1123    711
  1124    711
  1125    711
  1126    711
  1127    711
  1128    711
  1129    711
  1130    711
  1131    711
  1132    711
  1133    711
  1134    711
  1135    711
  1136    711
  1138    711
  1139    711
  1140    711
  1144    711
  1145    711
  1146    711
  1155    711
  1087    712
  1088    712
  1089    712
  1090    712
  1091    712
  1103    712
  1104    712
  1105    712
  1106    712
  1107    712
  1108    712
  1109    712
  1110    712
  1111    712
  1112    712
  1113    712
  1114    712
  1115    712
  1116    712
  1117    712
  1118    712
  1119    712
  1120    712
  1121    712
  1122    712
  1123    712
  1124    712
  1125    712
  1126    712
  1127    712
  1128    712
  1129    712
  1130    712
  1072    713
  1073    713
  1074    713
  1075    713
  1076    713
  1077    713
  1078    713
  1079    713
  1087    713
  1088    713
  1089    713
  1090    713
  1091    713
  1092    713
  1093    713
  1094    713
  1095    713
  1096    713
  1097    713
  1098    713
  1099    713
  1100    713
  1101    713
  1102    713
  1108    713
  1109    713
  1110    713
  1111    713
  1112    713
  1139    713
  1075    714
  1076    714
  1104    714
  1105    714
  1106    714
  1115    714
  1116    714
  1117    714
  1118    714
  1119    714
  1120    714
  1121    714
  1122    714
  1123    714
  1124    714
  1125    714
  1126    714
  1127    714
  1128    714
  1129    714
  1086    715
  1087    715
  1088    715
  1089    715
  1090    715
  1091    715
  1092    715
  1093    715
  1094    715
  1097    715
  1098    715
  1099    715
  1100    715
  1101    715
  1102    715
  1103    715
  1104    715
  1108    715
  1076    716
  1077    716
  1078    716
  1079    716
  1080    716
  1081    716
  1088    716
  1089    716
  1090    716
  1091    716
  1092    716
  1065    717
  1066    717
  1067    717
  1068    717
  1069    717
  1070    717
  1071    717
  1076    717
  1077    717
  1078    717
  1079    717
  1080    717
  1084    717
  1085    717
  1086    717
  1087    717
  1088    717
  1089    717
  1090    717
  1097    717
  1098    717
  1099    717
  1058    718
  1059    718
  1060    718
  1061    718
  1062    718
  1063    718
  1064    718
  1065    718
  1066    718
  1067    718
  1068    718
  1069    718
  1070    718
  1075    718
  1076    718
  1077    718
  1086    718
  1087    718
  1088    718
  1089    718
  1090    718
  1058    719
  1059    719
  1060    719
  1061    719
  1062    719
  1063    719
  1064    719
  1065    719
  1068    719
  1069    719
  1070    719
  1071    719
  1075    719
  1076    719
  1077    719
  1080    719
  1081    719
  1082    719
  1040    720
  1041    720
  1042    720
  1043    720
  1044    720
  1045    720
  1046    720
  1047    720
  1048    720
  1049    720
  1050    720
  1051    720
  1053    720
  1054    720
  1055    720
  1056    720
  1057    720
  1058    720
  1059    720
  1060    720
  1061    720
  1065    720
  1066    720
  1034    721
  1035    721
  1036    721
  1037    721
  1038    721
  1039    721
  1040    721
  1041    721
  1042    721
  1043    721
  1044    721
  1045    721
  1046    721
  1047    721
  1048    721
  1049    721
  1050    721
  1051    721
  1052    721
  1053    721
  1054    721
  1028    722
  1029    722
  1030    722
  1031    722
  1036    722
  1037    722
  1038    722
  1039    722
  1040    722
  1041    722
  1042    722
  1043    722
  1044    722
  1045    722
  1046    722
  1047    722
  1048    722
  1049    722
  1050    722
  1051    722
  1056    722
  1057    722
  1058    722
  1017    723
  1018    723
  1019    723
  1020    723
  1021    723
  1022    723
  1023    723
  1024    723
  1027    723
  1028    723
  1029    723
  1030    723
  1031    723
  1032    723
  1035    723
  1036    723
  1037    723
  1038    723
  1039    723
  1040    723
  1041    723
  1042    723
  1043    723
  1044    723
  1045    723
  1046    723
  1050    723
  1051    723
  1052    723
  1017    724
  1018    724
  1019    724
  1020    724
  1021    724
  1022    724
  1023    724
  1024    724
  1025    724
  1026    724
  1027    724
  1028    724
  1033    724
  1034    724
  1035    724
  1036    724
  1037    724
  1038    724
  1039    724
  1043    724
  1044    724
  1045    724
  1046    724
  1047    724
  1022    725
  1023    725
  1024    725
  1026    725
  1027    725
  1028    725
  1038    725
  1039    725
  1003    726
  1004    726
  1005    726
  1006    726
  1007    726
  1008    726
  1015    726
  1016    726
  1017    726
  1018    726
  1019    726
  1020    726
  1021    726
  1022    726
  1023    726
  1027    726
  1028    726
   997    727
   998    727
   999    727
  1000    727
  1001    727
  1002    727
  1003    727
  1004    727
  1005    727
  1008    727
  1009    727
  1010    727
  1014    727
  1015    727
  1016    727
  1017    727
  1018    727
  1019    727
  1020    727
  1021    727
  1022    727
  1023    727
  1027    727
  1028    727
  1029    727
   991    728
   992    728
   993    728
   994    728
   998    728
   999    728
  1000    728
  1004    728
  1005    728
  1006    728
  1007    728
  1010    728
  1011    728
  1014    728
  1015    728
  1016    728
  1017    728
  1020    728
  1021    728
  1022    728
  1023    728
   985    729
   986    729
   987    729
   988    729
   989    729
   991    729
   992    729
   993    729
   994    729
   995    729
  1000    729
  1001    729
  1002    729
  1003    729
  1004    729
  1005    729
  1006    729
  1007    729
  1010    729
  1011    729
  1012    729
  1016    729
  1017    729
   981    730
   982    730
   983    730
   984    730
   985    730
   986    730
   987    730
   988    730
   989    730
   990    730
   991    730
   996    730
  1000    730
  1001    730
  1002    730
  1006    730
  1007    730
  1008    730
  1012    730
  1013    730
  1014    730
   980    731
   981    731
   982    731
   983    731
   984    731
   985    731
   989    731
   990    731
   991    731
   992    731
   993    731
   995    731
   996    731
   997    731
  1001    731
  1002    731
  1003    731
  1006    731
  1007    731
  1008    731
  1009    731
   984    732
   985    732
   986    732
   987    732
   988    732
   989    732
   990    732
   991    732
   992    732
   981    733
   982    733
   983    733
   984    733
   985    733
   986    733
   987    733
   962    734
   963    734
   964    734
   965    734
   970    734
   971    734
   980    734
   981    734
   982    734
   983    734
   987    734
   988    734
   989    734
   990    734
   958    735
   959    735
   960    735
   961    735
   962    735
   963    735
   965    735
   966    735
   967    735
   972    735
   973    735
   974    735
   983    735
   984    735
   985    735
   986    735
   989    735
   990    735
   991    735
   992    735
   954    736
   955    736
   956    736
   957    736
   958    736
   959    736
   960    736
   961    736
   962    736
   969    736
   970    736
   973    736
   974    736
   980    736
   981    736
   982    736
   951    737
   952    737
   953    737
   954    737
   955    737
   956    737
   957    737
   958    737
   964    737
   965    737
   970    737
   971    737
   976    737
   977    737
   978    737
   983    737
   947    738
   948    738
   949    738
   950    738
   951    738
   952    738
   953    738
   954    738
   955    738
   961    738
   962    738
   963    738
   974    738
   975    738
   979    738
   980    738
   981    738
   950    739
   951    739
   952    739
   957    739
   958    739
   959    739
   960    739
   976    739
   977    739
   945    740
   946    740
   947    740
   948    740
   955    740
   956    740
   960    740
   961    740
   973    740
   974    740
   975    740
   952    741
   953    741
   958    741
   959    741
   949    742
   950    742
   951    742
   952    742
   955    742
   956    742
   933    743
   934    743
   935    743
   947    743
   948    743
   949    743
   950    743
   953    743
   954    743
   961    743
   962    743
   963    743
   964    743
   931    744
   932    744
   933    744
   934    744
   938    744
   939    744
   945    744
   946    744
   947    744
   948    744
   950    744
   951    744
   952    744
   958    744
   959    744
   960    744
   961    744
   962    744
   929    745
   930    745
   931    745
   932    745
   933    745
   934    745
   935    745
   936    745
   937    745
   943    745
   944    745
   945    745
   946    745
   949    745
   950    745
   951    745
   956    745
   957    745
   958    745
   959    745
   960    745
   961    745
   964    745
   965    745
   926    746
   927    746
   928    746
   929    746
   930    746
   931    746
   932    746
   933    746
   934    746
   935    746
   942    746
   943    746
   948    746
   949    746
   955    746
   956    746
   957    746
   958    746
   959    746
   960    746
   961    746
   962    746
   963    746
   925    747
   926    747
   927    747
   928    747
   929    747
   930    747
   931    747
   932    747
   933    747
   934    747
   940    747
   941    747
   942    747
   947    747
   953    747
   954    747
   955    747
   956    747
   957    747
   958    747
   959    747
   960    747
   961    747
   962    747
   923    748
   924    748
   925    748
   930    748
   931    748
   932    748
   938    748
   939    748
   940    748
   952    748
   953    748
   956    748
   957    748
   958    748
   959    748
   960    748
   926    749
   927    749
   928    749
   929    749
   930    749
   937    749
   938    749
   939    749
   940    749
   954    749
   955    749
   956    749
   957    749
   958    749
   959    749
   936    750
   937    750
   941    750
   942    750
   943    750
   934    751
   935    751
   936    751
   937    751
   940    751
   941    751
   942    751
   933    752
   934    752
   935    752
   936    752
   931    753
   932    753
   933    753
   934    753
   935    753
   936    753
   937    753
   930    754
   931    754
   932    754
   933    754
   934    754
   935    754
   936    754
   929    755
   930    755
   931    755
   932    755
   933    755
   934    755
   935    755
   928    756
   929    756
   930    756
   931    756
   932    756
   933    756
   934    756
   935    756
   928    757
   929    757
   930    757
   931    757
   932    757
   933    757
   934    757
   935    757
   927    758
   928    758
   929    758
   930    758
   931    758
   932    758
   933    758
   934    758
   927    759
   928    759
   929    759
   930    759
   931    759
   932    759
   933    759
   934    759
   927    760
   928    760
   929    760
   930    760
   931    760
   932    760
   933    760
   934    760
   926    761
   927    761
   928    761
   929    761
   930    761
   931    761
   932    761
   933    761
   934    761
   926    762
   927    762
   928    762
   929    762
   930    762
   931    762
   932    762
   933    762
   934    762
   926    763
   927    763
   928    763
   929    763
   930    763
   931    763
   932    763
   933    763
   934    763
   926    764
   927    764
   928    764
   929    764
   930    764
   931    764
   932    764
   933    764
   934    764
   926    765
   927    765
   928    765
   929    765
   930    765
   931    765
   932    765
   933    765
   934    765
   926    766
   927    766
   928    766
   929    766
   930    766
   931    766
   932    766
   933    766
   934    766
   926    767
   927    767
   928    767
   929    767
   930    767
   931    767
   932    767
   933    767
   934    767
   935    767
   926    768
   927    768
   928    768
   929    768
   930    768
   931    768
   932    768
   933    768
   934    768
   935    768
   925    769
   926    769
   927    769
   928    769
   929    769
   930    769
   931    769
   932    769
   933    769
   934    769
   926    770
   927    770
   928    770
   929    770
   930    770
   931    770
   932    770
   933    770
   934    770
   926    771
   927    771
   928    771
   929    771
   930    771
   931    771
   932    771
   933    771
   934    771
   926    772
   927    772
   928    772
   926    773
   927    773
   926    774
   927    774
   928    774
   930    774
   931    774
   925    775
   926    775
   927    775
   928    775
   929    775
   930    775
   931    775
   932    775
   933    775
   934    775
   926    776
   927    776
   928    776
   929    776
   930    776
   931    776
   932    776
   933    776
   934    776
   935    776
   926    777
   927    777
   928    777
   929    777
   930    777
   931    777
   932    777
   933    777
   934    777
   935    777
   926    778
   927    778
   928    778
   929    778
   930    778
   931    778
   932    778
   933    778
   934    778
   935    778
   927    779
   928    779
   929    779
   930    779
   931    779
   932    779
   933    779
   934    779
   935    779
   936    779
   927    780
   928    780
   929    780
   930    780
   931    780
   932    780
   933    780
   934    780
   935    780
   936    780
   927    781
   928    781
   929    781
   930    781
   931    781
   932    781
   933    781
   934    781
   935    781
   926    782
   927    782
   928    782
   929    782
   930    782
   931    782
   932    782
   933    782
   934    782
   935    782
   936    782
   927    783
   928    783
   929    783
   930    783
   931    783
   932    783
   933    783
   934    783
   935    783
   936    783
   927    784
   928    784
   929    784
   930    784
   931    784
   932    784
   933    784
   934    784
   935    784
   936    784
   937    784
   927    785
   928    785
   929    785
   930    785
   931    785
   932    785
   933    785
   934    785
   935    785
   936    785
   937    785
   927    786
   928    786
   929    786
   930    786
   931    786
   932    786
   933    786
   934    786
   935    786
   936    786
   937    786
   927    787
   928    787
   929    787
   930    787
   931    787
   932    787
   933    787
   934    787
   935    787
   936    787
   937    787
   927    788
   928    788
   929    788
   930    788
   931    788
   932    788
   933    788
   934    788
   935    788
   936    788
   937    788
   927    789
   928    789
   929    789
   930    789
   931    789
   932    789
   933    789
   934    789
   935    789
   936    789
   930    790
   931    790
   932    790
   933    790
   934    790
   935    790
   936    790
   928    791
   931    791
   932    791
   933    791
   934    791
   935    791
   936    791
   932    792
   933    792
