  1155    704
  1156    704
  1157    704
  1158    704
  1159    704
  1160    704
  1161    704
  1162    704
  1163    704
  1164    704
  1165    704
  1166    704
  1167    704
  1168    704
  1169    704
  1172    704
  1173    704
  1174    704
  1175    704
  1176    704
  1177    704
  1178    704
  1179    704
  1180    704
  1181    704
  1182    704
  1152    705
  1153    705
  1154    705
  1155    705
  1156    705
  1157    705
  1158    705
  1159    705
  1160    705
  1161    705
  1162    705
  1163    705
  1164    705
  1165    705
  1166    705
  1167    705
  1168    705
  1169    705
  1170    705
  1171    705
  1172    705
  1173    705
  1174    705
  1175    705
  1176    705
  1177    705
  1178    705
  1179    705
  1180    705
  1181    705
  1182    705
  1183    705
  1152    706
  1153    706
  1154    706
  1155    706
  1156    706
  1157    706
  1158    706
  1159    706
  1160    706
  1161    706
  1162    706
  1163    706
  1164    706
  1165    706
  1166    706
  1167    706
  1168    706
  1169    706
  1170    706
  1171    706
  1172    706
  1173    706
  1174    706
  1175    706
  1177    706
  1178    706
  1179    706
  1180    706
  1182    706
  1147    707
  1148    707
  1149    707
  1150    707
  1180    707
  1181    707
  1182    707
  1183    707
  1184    707
  1153    708
  1173    708
  1174    708
  1175    708
  1176    708
  1177    708
  1178    708
  1179    708
  1182    708
  1156    709
  1157    709
  1158    709
  1159    709
  1160    709
  1161    709
  1162    709
  1163    709
  1164    709
  1165    709
  1135    710
  1136    710
  1137    710
  1100    711
  1102    711
  1104    711
  1105    711
  1106    711
  1107    711
  1108    711
  1109    711
  1110    711
  1111    711
  1112    711
  1113    711
  1114    711
  1115    711
  1116    711
  1117    711
  1118    711
  1119    711
  1120    711
  1121    711
  1122    711
  1123    711
  1124    711
  1125    711
  1126    711
  1127    711
  1128    711
  1129    711
  1130    711
  1131    711
  1132    711
  1133    711
  1134    711
  1136    711
  1148    711
  1149    711
  1150    711
  1159    711
  1160    711
  1161    711
  1162    711
  1166    711
  1167    711
  1168    711
  1169    711
  1172    711
  1173    711
  1040    712
  1041    712
  1042    712
  1043    712
  1044    712
  1074    712
  1075    712
  1076    712
  1077    712
  1078    712
  1079    712
  1080    712
  1081    712
  1082    712
  1083    712
  1084    712
  1085    712
  1086    712
  1087    712
  1088    712
  1089    712
  1090    712
  1091    712
  1092    712
  1093    712
  1119    712
  1120    712
  1121    712
  1122    712
  1123    712
  1124    712
  1125    712
  1126    712
  1127    712
  1128    712
  1103    713
  1104    713
  1105    713
  1114    713
  1115    713
  1116    713
  1117    713
  1118    713
  1120    713
  1121    713
  1122    713
  1144    713
  1145    713
  1146    713
  1147    713
  1039    714
  1040    714
  1041    714
  1042    714
  1043    714
  1056    714
  1057    714
  1058    714
  1071    714
  1072    714
  1073    714
  1074    714
  1075    714
  1076    714
  1077    714
  1078    714
  1079    714
  1080    714
  1081    714
  1082    714
  1083    714
  1097    714
  1098    714
  1106    714
  1107    714
  1108    714
  1132    714
  1133    714
  1134    714
  1136    714
  1055    715
  1056    715
  1057    715
  1058    715
  1059    715
  1060    715
  1061    715
  1062    715
  1063    715
  1067    715
  1068    715
  1091    715
  1092    715
  1093    715
  1094    715
  1095    715
  1101    715
  1102    715
  1103    715
  1104    715
  1105    715
  1106    715
  1107    715
  1108    715
  1109    715
  1110    715
  1080    716
  1081    716
  1082    716
  1083    716
  1084    716
  1085    716
  1086    716
  1087    716
  1088    716
  1109    716
  1059    717
  1071    717
  1072    717
  1073    717
  1074    717
  1082    717
  1083    717
  1085    717
  1086    717
  1087    717
  1088    717
  1089    717
  1107    717
  1108    717
  1109    717
  1061    718
  1062    718
  1063    718
  1064    718
  1065    718
  1066    718
  1067    718
  1068    718
  1069    718
  1070    718
  1071    718
  1072    718
  1081    718
  1082    718
  1083    718
  1092    718
  1093    718
  1094    718
  1095    718
  1096    718
  1097    718
  1060    719
  1061    719
  1062    719
  1063    719
  1064    719
  1065    719
  1066    719
  1067    719
  1068    719
  1069    719
  1070    719
  1086    719
  1087    719
  1088    719
  1029    720
  1030    720
  1031    720
  1032    720
  1045    720
  1046    720
  1047    720
  1048    720
  1049    720
  1061    720
  1062    720
  1063    720
  1064    720
  1065    720
  1066    720
  1067    720
  1068    720
  1069    720
  1070    720
  1038    721
  1039    721
  1040    721
  1041    721
  1042    721
  1043    721
  1044    721
  1045    721
  1046    721
  1047    721
  1048    721
  1049    721
  1050    721
  1051    721
  1052    721
  1053    721
  1054    721
  1055    721
  1056    721
  1057    721
  1058    721
  1068    721
  1069    721
  1033    722
  1034    722
  1036    722
  1037    722
  1038    722
  1039    722
  1040    722
  1041    722
  1042    722
  1043    722
  1044    722
  1045    722
  1046    722
  1047    722
  1048    722
  1049    722
  1050    722
  1051    722
  1052    722
  1053    722
  1054    722
  1055    722
  1063    722
  1064    722
  1024    723
  1025    723
  1026    723
  1027    723
  1028    723
  1029    723
  1036    723
  1037    723
  1038    723
  1039    723
  1040    723
  1041    723
  1042    723
  1043    723
  1044    723
  1045    723
  1046    723
  1047    723
  1048    723
  1049    723
  1050    723
  1056    723
  1057    723
  1013    724
  1014    724
  1015    724
  1016    724
  1017    724
  1018    724
  1019    724
  1024    724
  1025    724
  1026    724
  1027    724
  1028    724
  1029    724
  1030    724
  1031    724
  1037    724
  1038    724
  1039    724
  1040    724
  1041    724
  1042    724
  1043    724
  1044    724
  1049    724
  1050    724
  1051    724
  1003    725
  1004    725
  1005    725
  1017    725
  1018    725
  1019    725
  1020    725
  1021    725
  1025    725
  1026    725
  1027    725
  1028    725
  1029    725
  1032    725
  1033    725
  1038    725
  1039    725
  1040    725
  1042    725
  1043    725
  1044    725
   993    726
   994    726
  1021    726
  1022    726
  1023    726
  1024    726
  1025    726
  1026    726
  1027    726
  1001    727
  1002    727
  1003    727
  1004    727
  1005    727
  1007    727
  1008    727
  1009    727
  1010    727
  1011    727
  1012    727
  1013    727
  1014    727
  1015    727
  1016    727
  1017    727
  1018    727
  1019    727
  1020    727
  1021    727
  1022    727
  1023    727
  1026    727
  1027    727
  1028    727
  1031    727
   996    728
   997    728
   998    728
   999    728
  1003    728
  1004    728
  1005    728
  1007    728
  1008    728
  1009    728
  1010    728
  1013    728
  1014    728
  1015    728
  1016    728
  1019    728
  1020    728
  1021    728
  1022    728
  1026    728
  1027    728
  1028    728
  1029    728
  1030    728
   991    729
   992    729
   993    729
   994    729
   998    729
   999    729
  1000    729
  1004    729
  1005    729
  1006    729
  1007    729
  1009    729
  1010    729
  1011    729
  1014    729
  1015    729
  1016    729
  1017    729
  1020    729
  1021    729
  1022    729
  1023    729
   986    730
   987    730
   988    730
   989    730
   990    730
   991    730
   992    730
   993    730
   994    730
   995    730
   999    730
  1000    730
  1001    730
  1002    730
  1003    730
  1004    730
  1005    730
  1006    730
  1010    730
  1011    730
  1012    730
  1016    730
  1017    730
  1018    730
   981    731
   982    731
   983    731
   985    731
   986    731
   987    731
   988    731
   989    731
   990    731
   991    731
   995    731
   996    731
   997    731
  1000    731
  1001    731
  1002    731
  1003    731
  1006    731
  1007    731
  1008    731
  1012    731
  1013    731
  1014    731
   959    732
   960    732
   961    732
   962    732
   963    732
   965    732
   966    732
   967    732
   979    732
   980    732
   981    732
   982    732
   983    732
   984    732
   985    732
   989    732
   990    732
   991    732
   992    732
   993    732
   996    732
   997    732
  1001    732
  1002    732
  1003    732
  1007    732
  1008    732
  1009    732
   985    733
   986    733
   987    733
   988    733
   989    733
   990    733
   991    733
   992    733
   967    734
   968    734
   969    734
   970    734
   971    734
   980    734
   981    734
   982    734
   983    734
   984    734
   985    734
   986    734
   987    734
   988    734
   961    735
   962    735
   963    735
   964    735
   965    735
   966    735
   970    735
   971    735
   976    735
   977    735
   980    735
   981    735
   982    735
   983    735
   988    735
   989    735
   990    735
   947    736
   948    736
   959    736
   960    736
   961    736
   962    736
   964    736
   965    736
   966    736
   967    736
   973    736
   977    736
   978    736
   979    736
   984    736
   985    736
   986    736
   987    736
   989    736
   990    736
   991    736
   992    736
   954    737
   955    737
   956    737
   957    737
   958    737
   959    737
   960    737
   961    737
   962    737
   963    737
   969    737
   973    737
   974    737
   975    737
   981    737
   982    737
   983    737
   987    737
   988    737
   951    738
   952    738
   953    738
   954    738
   956    738
   957    738
   958    738
   959    738
   964    738
   965    738
   966    738
   977    738
   978    738
   979    738
   983    738
   984    738
   985    738
   947    739
   948    739
   949    739
   950    739
   951    739
   952    739
   953    739
   954    739
   955    739
   956    739
   961    739
   962    739
   963    739
   974    739
   975    739
   976    739
   981    739
   982    739
   949    740
   950    740
   951    740
   952    740
   953    740
   958    740
   959    740
   960    740
   965    740
   977    740
   978    740
   979    740
   932    741
   933    741
   934    741
   946    741
   947    741
   948    741
   949    741
   950    741
   955    741
   956    741
   957    741
   962    741
   963    741
   952    742
   953    742
   954    742
   955    742
   958    742
   959    742
   960    742
   929    743
   930    743
   931    743
   950    743
   951    743
   952    743
   953    743
   955    743
   956    743
   957    743
   933    744
   934    744
   935    744
   948    744
   949    744
   950    744
   951    744
   953    744
   954    744
   955    744
   962    744
   963    744
   964    744
   965    744
   966    744
   931    745
   932    745
   933    745
   934    745
   946    745
   947    745
   948    745
   952    745
   953    745
   954    745
   959    745
   960    745
   961    745
   962    745
   922    746
   923    746
   928    746
   929    746
   930    746
   931    746
   932    746
   933    746
   934    746
   935    746
   936    746
   937    746
   944    746
   945    746
   946    746
   951    746
   952    746
   957    746
   958    746
   959    746
   960    746
   961    746
   962    746
   966    746
   927    747
   928    747
   929    747
   930    747
   931    747
   932    747
   933    747
   934    747
   935    747
   936    747
   942    747
   943    747
   944    747
   945    747
   946    747
   949    747
   950    747
   956    747
   957    747
   958    747
   959    747
   960    747
   961    747
   962    747
   963    747
   964    747
   965    747
   925    748
   926    748
   927    748
   930    748
   931    748
   932    748
   933    748
   934    748
   935    748
   941    748
   942    748
   954    748
   955    748
   956    748
   957    748
   958    748
   959    748
   960    748
   961    748
   962    748
   963    748
   924    749
   925    749
   930    749
   931    749
   932    749
   933    749
   939    749
   940    749
   941    749
   942    749
   943    749
   953    749
   954    749
   957    749
   958    749
   959    749
   960    749
   961    749
   962    749
   929    750
   930    750
   931    750
   938    750
   939    750
   940    750
   941    750
   942    750
   943    750
   944    750
   945    750
   959    750
   960    750
   936    751
   937    751
   938    751
   939    751
   940    751
   941    751
   942    751
   943    751
   944    751
   935    752
   936    752
   937    752
   938    752
   933    753
   934    753
   935    753
   936    753
   937    753
   938    753
   932    754
   933    754
   934    754
   935    754
   936    754
   937    754
   931    755
   932    755
   933    755
   934    755
   935    755
   936    755
   937    755
   930    756
   931    756
   932    756
   933    756
   934    756
   935    756
   936    756
   937    756
   938    756
   929    757
   930    757
   931    757
   932    757
   933    757
   934    757
   935    757
   936    757
   937    757
   928    758
   929    758
   930    758
   931    758
   932    758
   933    758
   934    758
   935    758
   936    758
   937    758
   928    759
   929    759
   930    759
   931    759
   932    759
   933    759
   934    759
   935    759
   936    759
   927    760
   928    760
   929    760
   930    760
   931    760
   932    760
   933    760
   934    760
   935    760
   936    760
   927    761
   928    761
   929    761
   930    761
   931    761
   932    761
   933    761
   934    761
   935    761
   927    762
   928    762
   929    762
   930    762
   931    762
   932    762
   933    762
   934    762
   935    762
   926    763
   927    763
   928    763
   929    763
   930    763
   931    763
   932    763
   933    763
   934    763
   935    763
   926    764
   927    764
   928    764
   929    764
   930    764
   931    764
   932    764
   933    764
   934    764
   926    765
   927    765
   928    765
   929    765
   930    765
   931    765
   932    765
   933    765
   934    765
   926    766
   927    766
   928    766
   929    766
   930    766
   931    766
   932    766
   933    766
   934    766
   926    767
   927    767
   928    767
   929    767
   930    767
   931    767
   932    767
   933    767
   934    767
   935    767
   926    768
   927    768
   928    768
   929    768
   930    768
   931    768
   932    768
   933    768
   934    768
   935    768
   926    769
   927    769
   928    769
   929    769
   930    769
   931    769
   932    769
   933    769
   934    769
   935    769
   926    770
   927    770
   928    770
   929    770
   930    770
   931    770
   932    770
   933    770
   934    770
   935    770
   925    771
   926    771
   927    771
   928    771
   929    771
   930    771
   931    771
   932    771
   933    771
   934    771
   935    771
   926    772
   927    772
   928    772
   929    772
   930    772
   931    772
   932    772
   933    772
   934    772
   935    772
   926    773
   927    773
   928    773
   929    773
   930    773
   931    773
   932    773
   933    773
   934    773
   935    773
   926    774
   927    774
   928    774
   929    774
   930    774
   933    774
   934    774
   935    774
   936    774
   926    775
   927    775
   928    775
   929    775
   934    775
   935    775
   926    776
   927    776
   928    776
   929    776
   930    776
   931    776
   932    776
   935    776
   926    777
   927    777
   928    777
   929    777
   930    777
   931    777
   932    777
   933    777
   934    777
   935    777
   936    777
   925    778
   926    778
   927    778
   928    778
   929    778
   930    778
   931    778
   932    778
   933    778
   934    778
   935    778
   926    779
   927    779
   928    779
   929    779
   930    779
   931    779
   932    779
   933    779
   934    779
   935    779
   936    779
   926    780
   927    780
   928    780
   929    780
   930    780
   931    780
   932    780
   933    780
   934    780
   935    780
   936    780
   926    781
   927    781
   928    781
   929    781
   930    781
   931    781
   932    781
   933    781
   934    781
   935    781
   926    782
   927    782
   928    782
   929    782
   930    782
   931    782
   932    782
   933    782
   934    782
   935    782
   936    782
   927    783
   928    783
   929    783
   930    783
   931    783
   932    783
   933    783
   934    783
   935    783
   936    783
   927    784
   928    784
   929    784
   930    784
   931    784
   932    784
   933    784
   934    784
   935    784
   936    784
   937    784
   927    785
   928    785
   929    785
   930    785
   931    785
   932    785
   933    785
   934    785
   935    785
   936    785
   937    785
   938    785
   927    786
   928    786
   929    786
   930    786
   931    786
   932    786
   933    786
   934    786
   935    786
   936    786
   937    786
   926    787
   927    787
   928    787
   929    787
   930    787
   931    787
   932    787
   933    787
   934    787
   935    787
   936    787
   937    787
   927    788
   928    788
   929    788
   930    788
   931    788
   932    788
   933    788
   934    788
   935    788
   936    788
   937    788
   927    789
   928    789
   929    789
   930    789
   931    789
   932    789
   933    789
   934    789
   935    789
   936    789
   937    789
   927    790
   928    790
   929    790
   930    790
   931    790
   932    790
   933    790
   934    790
   935    790
   936    790
   937    790
   929    791
   930    791
   931    791
   932    791
   933    791
   934    791
   935    791
   936    791
   930    792
   931    792
   932    792
   933    792
   934    792
   935    792
