  1171    709
  1172    709
  1173    709
  1174    709
  1175    709
  1176    709
  1177    709
  1178    709
  1179    709
  1180    709
  1181    709
  1182    709
  1146    710
  1147    710
  1148    710
  1149    710
  1154    710
  1155    710
  1156    710
  1157    710
  1158    710
  1159    710
  1160    710
  1161    710
  1162    710
  1163    710
  1164    710
  1165    710
  1145    711
  1146    711
  1154    711
  1155    711
  1169    711
  1170    711
  1171    711
  1172    711
  1173    711
  1106    712
  1107    712
  1109    712
  1110    712
  1111    712
  1123    712
  1124    712
  1125    712
  1132    712
  1133    712
  1134    712
  1135    712
  1142    712
  1143    712
  1144    712
  1145    712
  1153    712
  1154    712
  1155    712
  1156    712
  1157    712
  1158    712
  1159    712
  1160    712
  1161    712
  1093    713
  1094    713
  1095    713
  1096    713
  1097    713
  1098    713
  1116    713
  1117    713
  1127    713
  1128    713
  1129    713
  1130    713
  1131    713
  1155    713
  1156    713
  1157    713
  1158    713
  1093    714
  1094    714
  1095    714
  1096    714
  1097    714
  1098    714
  1099    714
  1100    714
  1101    714
  1102    714
  1103    714
  1104    714
  1116    714
  1117    714
  1118    714
  1144    714
  1145    714
  1146    714
  1147    714
  1110    715
  1111    715
  1133    715
  1134    715
  1135    715
  1136    715
  1094    716
  1095    716
  1096    716
  1097    716
  1098    716
  1106    716
  1107    716
  1108    716
  1086    717
  1087    717
  1088    717
  1089    717
  1090    717
  1091    717
  1092    717
  1093    717
  1094    717
  1095    717
  1096    717
  1097    717
  1098    717
  1099    717
  1100    717
  1077    718
  1084    718
  1085    718
  1086    718
  1087    718
  1088    718
  1089    718
  1090    718
  1091    718
  1092    718
  1093    718
  1094    718
  1095    718
  1096    718
  1097    718
  1098    718
  1099    718
  1100    718
  1104    718
  1105    718
  1106    718
  1107    718
  1068    719
  1069    719
  1070    719
  1089    719
  1090    719
  1092    719
  1093    719
  1094    719
  1095    719
  1096    719
  1097    719
  1098    719
  1099    719
  1063    720
  1064    720
  1065    720
  1061    721
  1062    721
  1063    721
  1064    721
  1065    721
  1066    721
  1067    721
  1068    721
  1069    721
  1070    721
  1043    722
  1044    722
  1045    722
  1046    722
  1048    722
  1049    722
  1050    722
  1051    722
  1052    722
  1053    722
  1054    722
  1055    722
  1061    722
  1062    722
  1063    722
  1064    722
  1065    722
  1069    722
  1070    722
  1036    723
  1037    723
  1038    723
  1045    723
  1046    723
  1047    723
  1048    723
  1049    723
  1050    723
  1051    723
  1052    723
  1053    723
  1054    723
  1055    723
  1056    723
  1059    723
  1060    723
  1061    723
  1029    724
  1030    724
  1031    724
  1032    724
  1033    724
  1038    724
  1039    724
  1040    724
  1041    724
  1042    724
  1043    724
  1044    724
  1045    724
  1046    724
  1049    724
  1050    724
  1051    724
  1052    724
  1053    724
  1054    724
  1055    724
  1060    724
  1061    724
  1022    725
  1023    725
  1024    725
  1025    725
  1026    725
  1027    725
  1028    725
  1029    725
  1030    725
  1031    725
  1032    725
  1033    725
  1034    725
  1040    725
  1041    725
  1042    725
  1045    725
  1046    725
  1047    725
  1048    725
  1052    725
  1053    725
  1054    725
  1021    726
  1022    726
  1023    726
  1024    726
  1025    726
  1026    726
  1027    726
  1029    726
  1030    726
  1031    726
  1032    726
  1048    726
  1049    726
  1026    727
  1027    727
  1028    727
  1029    727
  1030    727
  1031    727
  1032    727
  1007    728
  1008    728
  1019    728
  1020    728
  1021    728
  1022    728
  1023    728
  1024    728
  1025    728
  1026    728
  1002    729
  1003    729
  1004    729
  1008    729
  1013    729
  1014    729
  1015    729
  1019    729
  1020    729
  1024    729
  1025    729
  1026    729
  1027    729
  1028    729
  1029    729
   996    730
   997    730
   998    730
  1003    730
  1004    730
  1005    730
  1009    730
  1015    730
  1016    730
  1020    730
  1021    730
  1022    730
  1026    730
  1027    730
  1028    730
   991    731
   992    731
   993    731
   997    731
   998    731
   999    731
  1000    731
  1005    731
  1006    731
  1009    731
  1010    731
  1011    731
  1021    731
  1022    731
   986    732
   987    732
   988    732
   989    732
   991    732
   992    732
   993    732
   994    732
  1000    732
  1001    732
  1002    732
  1011    732
  1012    732
  1013    732
  1016    732
  1017    732
  1018    732
   984    733
   985    733
   986    733
   987    733
   988    733
   989    733
   994    733
   995    733
   996    733
  1000    733
  1001    733
  1002    733
  1012    733
  1013    733
   990    734
   991    734
   992    734
   993    734
   995    734
   996    734
   997    734
   986    735
   987    735
   988    735
   989    735
   990    735
   991    735
   992    735
   993    735
   967    736
   968    736
   969    736
   973    736
   974    736
   981    736
   982    736
   983    736
   984    736
   985    736
   986    736
   987    736
   988    736
   994    736
   995    736
   996    736
   997    736
   963    737
   964    737
   965    737
   970    737
   971    737
   972    737
   977    737
   978    737
   979    737
   982    737
   983    737
   984    737
   989    737
   990    737
   991    737
   992    737
   959    738
   960    738
   961    738
   962    738
   966    738
   967    738
   968    738
   974    738
   975    738
   979    738
   980    738
   986    738
   987    738
   988    738
   992    738
   993    738
   956    739
   957    739
   958    739
   961    739
   962    739
   963    739
   964    739
   970    739
   971    739
   972    739
   975    739
   976    739
   982    739
   983    739
   984    739
   987    739
   988    739
   989    739
   953    740
   954    740
   955    740
   958    740
   959    740
   960    740
   980    740
   987    740
   949    741
   950    741
   951    741
   955    741
   956    741
   957    741
   963    741
   964    741
   965    741
   976    741
   977    741
   978    741
   982    741
   983    741
   952    742
   953    742
   954    742
   960    742
   961    742
   979    742
   980    742
   981    742
   947    743
   948    743
   949    743
   950    743
   951    743
   957    743
   958    743
   959    743
   963    743
   964    743
   954    744
   955    744
   956    744
   959    744
   960    744
   961    744
   952    745
   953    745
   954    745
   958    745
   959    745
   935    746
   936    746
   950    746
   951    746
   952    746
   953    746
   955    746
   956    746
   957    746
   933    747
   934    747
   935    747
   948    747
   949    747
   953    747
   954    747
   955    747
   961    747
   962    747
   963    747
   964    747
   931    748
   932    748
   933    748
   934    748
   935    748
   936    748
   937    748
   938    748
   939    748
   946    748
   947    748
   952    748
   953    748
   959    748
   960    748
   961    748
   962    748
   928    749
   929    749
   930    749
   931    749
   932    749
   933    749
   934    749
   935    749
   936    749
   937    749
   944    749
   945    749
   946    749
   958    749
   959    749
   960    749
   961    749
   962    749
   963    749
   927    750
   928    750
   929    750
   930    750
   931    750
   932    750
   933    750
   934    750
   935    750
   936    750
   943    750
   944    750
   945    750
   946    750
   957    750
   958    750
   959    750
   960    750
   961    750
   962    750
   964    750
   965    750
   928    751
   929    751
   930    751
   931    751
   932    751
   933    751
   934    751
   941    751
   942    751
   943    751
   955    751
   956    751
   957    751
   958    751
   959    751
   960    751
   961    751
   928    752
   929    752
   930    752
   931    752
   932    752
   933    752
   939    752
   940    752
   941    752
   942    752
   943    752
   953    752
   954    752
   955    752
   928    753
   929    753
   930    753
   938    753
   939    753
   940    753
   941    753
   942    753
   943    753
   937    754
   938    754
   939    754
   940    754
   941    754
   935    755
   936    755
   937    755
   938    755
   939    755
   940    755
   934    756
   935    756
   936    756
   937    756
   938    756
   939    756
   933    757
   934    757
   935    757
   936    757
   937    757
   938    757
   932    758
   933    758
   934    758
   935    758
   936    758
   937    758
   938    758
   931    759
   932    759
   933    759
   934    759
   935    759
   936    759
   937    759
   938    759
   930    760
   931    760
   932    760
   933    760
   934    760
   935    760
   936    760
   937    760
   929    761
   930    761
   931    761
   932    761
   933    761
   934    761
   935    761
   936    761
   929    762
   930    762
   931    762
   932    762
   933    762
   934    762
   935    762
   936    762
   928    763
   929    763
   930    763
   931    763
   932    763
   933    763
   934    763
   935    763
   936    763
   928    764
   929    764
   930    764
   931    764
   932    764
   933    764
   934    764
   935    764
   928    765
   929    765
   930    765
   931    765
   932    765
   933    765
   934    765
   935    765
   936    765
   927    766
   928    766
   929    766
   930    766
   931    766
   932    766
   933    766
   934    766
   935    766
   927    767
   928    767
   929    767
   930    767
   931    767
   932    767
   933    767
   934    767
   935    767
   927    768
   928    768
   929    768
   930    768
   931    768
   932    768
   933    768
   934    768
   927    769
   928    769
   929    769
   930    769
   931    769
   932    769
   933    769
   934    769
   927    770
   928    770
   929    770
   930    770
   931    770
   932    770
   933    770
   934    770
   926    771
   927    771
   928    771
   929    771
   930    771
   931    771
   932    771
   933    771
   934    771
   927    772
   928    772
   929    772
   930    772
   931    772
   932    772
   933    772
   934    772
   935    772
   926    773
   927    773
   928    773
   929    773
   930    773
   931    773
   932    773
   933    773
   934    773
   935    773
   927    774
   928    774
   929    774
   930    774
   931    774
   932    774
   933    774
   934    774
   935    774
   926    775
   927    775
   928    775
   929    775
   930    775
   931    775
   932    775
   933    775
   934    775
   935    775
   926    776
   927    776
   928    776
   929    776
   930    776
   931    776
   932    776
   933    776
   934    776
   935    776
   927    777
   928    777
   929    777
   930    777
   931    777
   932    777
   933    777
   934    777
   935    777
   927    778
   928    778
   929    778
   930    778
   931    778
   932    778
   933    778
   934    778
   935    778
