  1165    709
  1166    709
  1167    709
  1168    709
  1169    709
  1170    709
  1171    709
  1172    709
  1173    709
  1174    709
  1175    709
  1176    709
  1177    709
  1178    709
  1179    709
  1180    709
  1139    710
  1140    710
  1141    710
  1142    710
  1143    710
  1144    710
  1145    710
  1147    710
  1148    710
  1149    710
  1150    710
  1151    710
  1152    710
  1153    710
  1154    710
  1155    710
  1156    710
  1157    710
  1158    710
  1159    710
  1160    710
  1133    711
  1134    711
  1135    711
  1136    711
  1137    711
  1138    711
  1139    711
  1140    711
  1141    711
  1142    711
  1143    711
  1144    711
  1145    711
  1146    711
  1147    711
  1150    711
  1151    711
  1152    711
  1153    711
  1154    711
  1155    711
  1156    711
  1157    711
  1164    711
  1165    711
  1166    711
  1167    711
  1168    711
  1172    711
  1173    711
  1174    711
  1175    711
  1176    711
  1177    711
  1178    711
  1179    711
  1089    712
  1090    712
  1091    712
  1092    712
  1093    712
  1094    712
  1095    712
  1096    712
  1097    712
  1098    712
  1099    712
  1100    712
  1101    712
  1102    712
  1103    712
  1104    712
  1105    712
  1106    712
  1107    712
  1122    712
  1123    712
  1124    712
  1125    712
  1126    712
  1127    712
  1128    712
  1129    712
  1130    712
  1131    712
  1132    712
  1133    712
  1134    712
  1135    712
  1136    712
  1137    712
  1138    712
  1143    712
  1144    712
  1145    712
  1147    712
  1148    712
  1149    712
  1150    712
  1151    712
  1152    712
  1153    712
  1154    712
  1155    712
  1156    712
  1157    712
  1158    712
  1159    712
  1090    713
  1091    713
  1092    713
  1108    713
  1109    713
  1110    713
  1111    713
  1120    713
  1121    713
  1122    713
  1125    713
  1126    713
  1127    713
  1128    713
  1129    713
  1130    713
  1151    713
  1152    713
  1153    713
  1154    713
  1155    713
  1156    713
  1087    714
  1088    714
  1089    714
  1090    714
  1091    714
  1092    714
  1093    714
  1094    714
  1101    714
  1102    714
  1111    714
  1112    714
  1113    714
  1108    715
  1109    715
  1110    715
  1111    715
  1112    715
  1117    715
  1118    715
  1119    715
  1128    715
  1129    715
  1130    715
  1131    715
  1090    716
  1091    716
  1092    716
  1093    716
  1094    716
  1095    716
  1096    716
  1097    716
  1098    716
  1101    716
  1102    716
  1103    716
  1104    716
  1105    716
  1077    717
  1078    717
  1079    717
  1080    717
  1081    717
  1082    717
  1083    717
  1084    717
  1085    717
  1086    717
  1087    717
  1088    717
  1089    717
  1090    717
  1091    717
  1092    717
  1093    717
  1094    717
  1095    717
  1096    717
  1097    717
  1109    717
  1110    717
  1111    717
  1070    718
  1071    718
  1072    718
  1073    718
  1074    718
  1075    718
  1076    718
  1077    718
  1078    718
  1079    718
  1080    718
  1081    718
  1082    718
  1083    718
  1084    718
  1085    718
  1086    718
  1087    718
  1088    718
  1089    718
  1090    718
  1091    718
  1092    718
  1093    718
  1094    718
  1101    718
  1063    719
  1064    719
  1065    719
  1071    719
  1072    719
  1073    719
  1074    719
  1075    719
  1076    719
  1077    719
  1078    719
  1079    719
  1080    719
  1081    719
  1082    719
  1083    719
  1084    719
  1085    719
  1086    719
  1090    719
  1091    719
  1092    719
  1093    719
  1061    720
  1062    720
  1063    720
  1064    720
  1065    720
  1066    720
  1067    720
  1068    720
  1069    720
  1070    720
  1071    720
  1072    720
  1073    720
  1074    720
  1075    720
  1078    720
  1079    720
  1080    720
  1083    720
  1084    720
  1085    720
  1045    721
  1046    721
  1047    721
  1048    721
  1049    721
  1050    721
  1051    721
  1056    721
  1057    721
  1058    721
  1059    721
  1060    721
  1061    721
  1062    721
  1063    721
  1064    721
  1065    721
  1066    721
  1067    721
  1068    721
  1069    721
  1037    722
  1038    722
  1039    722
  1040    722
  1041    722
  1042    722
  1043    722
  1044    722
  1045    722
  1046    722
  1047    722
  1048    722
  1049    722
  1050    722
  1051    722
  1052    722
  1056    722
  1057    722
  1058    722
  1059    722
  1060    722
  1061    722
  1062    722
  1069    722
  1070    722
  1030    723
  1031    723
  1032    723
  1033    723
  1034    723
  1042    723
  1043    723
  1044    723
  1045    723
  1046    723
  1047    723
  1048    723
  1049    723
  1050    723
  1051    723
  1052    723
  1054    723
  1055    723
  1062    723
  1063    723
  1064    723
  1024    724
  1025    724
  1026    724
  1027    724
  1028    724
  1029    724
  1032    724
  1033    724
  1034    724
  1035    724
  1036    724
  1041    724
  1042    724
  1043    724
  1046    724
  1047    724
  1048    724
  1049    724
  1054    724
  1055    724
  1056    724
  1057    724
  1020    725
  1021    725
  1024    725
  1025    725
  1026    725
  1027    725
  1028    725
  1029    725
  1030    725
  1031    725
  1032    725
  1033    725
  1037    725
  1038    725
  1039    725
  1042    725
  1043    725
  1048    725
  1049    725
  1050    725
  1026    726
  1027    726
  1028    726
  1029    726
  1030    726
  1031    726
  1032    726
  1033    726
  1034    726
  1039    726
  1040    726
  1021    727
  1022    727
  1023    727
  1024    727
  1025    727
  1026    727
  1027    727
  1002    728
  1003    728
  1004    728
  1005    728
  1006    728
  1008    728
  1009    728
  1010    728
  1013    728
  1014    728
  1015    728
  1016    728
  1017    728
  1020    728
  1021    728
  1024    728
  1025    728
  1026    728
  1027    728
  1028    728
  1029    728
   997    729
   998    729
   999    729
  1004    729
  1005    729
  1006    729
  1010    729
  1011    729
  1014    729
  1015    729
  1016    729
  1020    729
  1021    729
  1022    729
  1023    729
  1026    729
  1027    729
  1028    729
   991    730
   992    730
   993    730
   994    730
   999    730
  1000    730
  1001    730
  1005    730
  1006    730
  1007    730
  1008    730
  1010    730
  1011    730
  1012    730
  1016    730
  1017    730
  1022    730
  1023    730
   985    731
   986    731
   987    731
   988    731
   989    731
   990    731
   991    731
   992    731
   993    731
   994    731
   995    731
  1001    731
  1005    731
  1006    731
  1007    731
  1011    731
  1012    731
  1013    731
  1017    731
  1018    731
  1019    731
   982    732
   983    732
   984    732
   985    732
   986    732
   987    732
   988    732
   989    732
   990    732
   994    732
   995    732
   996    732
  1006    732
  1007    732
  1008    732
  1012    732
  1013    732
   980    733
   981    733
   982    733
   983    733
   984    733
   985    733
   990    733
   991    733
   992    733
   993    733
   994    733
   986    734
   987    734
   988    734
   989    734
   990    734
   991    734
   992    734
   993    734
   968    735
   969    735
   970    735
   971    735
   972    735
   982    735
   983    735
   984    735
   985    735
   986    735
   987    735
   988    735
   989    735
   963    736
   964    736
   965    736
   966    736
   967    736
   971    736
   972    736
   977    736
   978    736
   979    736
   981    736
   982    736
   983    736
   984    736
   985    736
   989    736
   990    736
   991    736
   992    736
   960    737
   961    737
   964    737
   965    737
   966    737
   967    737
   968    737
   973    737
   974    737
   975    737
   976    737
   979    737
   980    737
   986    737
   987    737
   988    737
   992    737
   993    737
   955    738
   956    738
   957    738
   958    738
   961    738
   962    738
   963    738
   970    738
   971    738
   974    738
   975    738
   976    738
   982    738
   983    738
   988    738
   989    738
   952    739
   953    739
   954    739
   955    739
   957    739
   958    739
   959    739
   960    739
   966    739
   967    739
   968    739
   979    739
   980    739
   984    739
   985    739
   986    739
   949    740
   950    740
   951    740
   952    740
   953    740
   954    740
   955    740
   956    740
   957    740
   963    740
   964    740
   981    740
   982    740
   983    740
   949    741
   950    741
   951    741
   952    741
   953    741
   954    741
   959    741
   960    741
   961    741
   966    741
   946    742
   947    742
   948    742
   949    742
   950    742
   951    742
   956    742
   957    742
   958    742
   959    742
   962    742
   963    742
   964    742
   954    743
   955    743
   956    743
   960    743
   961    743
   928    744
   929    744
   930    744
   931    744
   952    744
   953    744
   957    744
   958    744
   927    745
   928    745
   929    745
   930    745
   934    745
   935    745
   936    745
   949    745
   950    745
   951    745
   952    745
   955    745
   956    745
   932    746
   933    746
   934    746
   935    746
   947    746
   948    746
   949    746
   950    746
   953    746
   954    746
   960    746
   961    746
   962    746
   963    746
   930    747
   931    747
   932    747
   933    747
   934    747
   935    747
   937    747
   938    747
   945    747
   946    747
   947    747
   948    747
   952    747
   953    747
   958    747
   959    747
   960    747
   961    747
   928    748
   929    748
   930    748
   931    748
   932    748
   933    748
   934    748
   935    748
   936    748
   937    748
   943    748
   944    748
   945    748
   946    748
   951    748
   957    748
   958    748
   959    748
   960    748
   961    748
   926    749
   927    749
   928    749
   929    749
   930    749
   931    749
   932    749
   933    749
   934    749
   935    749
   936    749
   942    749
   943    749
   944    749
   956    749
   957    749
   958    749
   959    749
   960    749
   961    749
   963    749
   964    749
   965    749
   924    750
   925    750
   926    750
   928    750
   929    750
   930    750
   931    750
   932    750
   933    750
   934    750
   935    750
   940    750
   941    750
   942    750
   954    750
   955    750
   956    750
   957    750
   958    750
   959    750
   960    750
   961    750
   962    750
   963    750
   923    751
   924    751
   930    751
   931    751
   932    751
   933    751
   939    751
   940    751
   956    751
   957    751
   958    751
   959    751
   960    751
   961    751
   962    751
   925    752
   926    752
   938    752
   939    752
   940    752
   941    752
   942    752
   953    752
   954    752
   955    752
   956    752
   957    752
   958    752
   959    752
   960    752
   936    753
   937    753
   938    753
   939    753
   940    753
   941    753
   934    754
   935    754
   936    754
   937    754
   938    754
   939    754
   940    754
   933    755
   934    755
   935    755
   936    755
   937    755
   938    755
   939    755
   932    756
   933    756
   934    756
   935    756
   936    756
   937    756
   938    756
   939    756
   931    757
   932    757
   933    757
   934    757
   935    757
   936    757
   937    757
   938    757
   939    757
   930    758
   931    758
   932    758
   933    758
   934    758
   935    758
   936    758
   937    758
   938    758
   929    759
   930    759
   931    759
   932    759
   933    759
   934    759
   935    759
   936    759
   937    759
   928    760
   929    760
   930    760
   931    760
   932    760
   933    760
   934    760
   935    760
   936    760
   937    760
   928    761
   929    761
   930    761
   931    761
   932    761
   933    761
   934    761
   935    761
   936    761
   928    762
   929    762
   930    762
   931    762
   932    762
   933    762
   934    762
   935    762
   936    762
   927    763
   928    763
   929    763
   930    763
   931    763
   932    763
   933    763
   934    763
   935    763
   936    763
   927    764
   928    764
   929    764
   930    764
   931    764
   932    764
   933    764
   934    764
   935    764
   926    765
   927    765
   928    765
   929    765
   930    765
   931    765
   932    765
   933    765
   934    765
   935    765
   927    766
   928    766
   929    766
   930    766
   931    766
   932    766
   933    766
   934    766
   935    766
   926    767
   927    767
   928    767
   929    767
   930    767
   931    767
   932    767
   933    767
   934    767
   935    767
   926    768
   927    768
   928    768
   929    768
   930    768
   931    768
   932    768
   933    768
   934    768
   926    769
   927    769
   928    769
   929    769
   930    769
   931    769
   932    769
   933    769
   934    769
   926    770
   927    770
   928    770
   929    770
   930    770
   931    770
   932    770
   933    770
   934    770
   926    771
   927    771
   928    771
   929    771
   930    771
   931    771
   932    771
   933    771
   934    771
   926    772
   927    772
   928    772
   929    772
   930    772
   931    772
   932    772
   933    772
   934    772
   926    773
   927    773
   928    773
   929    773
   930    773
   931    773
   932    773
   933    773
   934    773
   926    774
   927    774
   928    774
   929    774
   930    774
   931    774
   932    774
   933    774
   934    774
   935    774
   926    775
   927    775
   928    775
   929    775
   930    775
   931    775
   932    775
   933    775
   934    775
   926    776
   927    776
   928    776
   929    776
   930    776
   931    776
   932    776
   933    776
   934    776
   926    777
   927    777
   928    777
   934    777
   935    777
   926    778
   927    778
   928    778
   929    778
   934    778
   935    778
   926    779
   927    779
   928    779
   930    779
   931    779
   932    779
   933    779
   935    779
   936    779
   926    780
   927    780
   928    780
   929    780
   930    780
   931    780
   932    780
   933    780
   934    780
   935    780
   936    780
   927    781
   928    781
   929    781
   930    781
   931    781
   932    781
   933    781
   934    781
   935    781
   936    781
   926    782
   927    782
   928    782
   929    782
   930    782
   931    782
   932    782
   933    782
   934    782
   935    782
   936    782
   927    783
   928    783
   929    783
   930    783
   931    783
   932    783
   933    783
   934    783
   935    783
   936    783
   937    783
   927    784
   928    784
   929    784
   930    784
   931    784
   932    784
   933    784
   934    784
   935    784
   936    784
   937    784
   938    784
   927    785
   928    785
   929    785
   930    785
   931    785
   932    785
   933    785
   934    785
   935    785
   936    785
   937    785
   938    785
   927    786
   928    786
   929    786
   930    786
   931    786
   932    786
   933    786
   934    786
   935    786
   936    786
   937    786
   927    787
   928    787
   929    787
   930    787
   931    787
   932    787
   933    787
   934    787
   935    787
   936    787
   937    787
   927    788
   928    788
   929    788
   930    788
   931    788
   932    788
   933    788
   934    788
   935    788
   936    788
   937    788
   927    789
   928    789
   929    789
   930    789
   931    789
   932    789
   933    789
   934    789
   935    789
   936    789
   937    789
   928    790
   929    790
   930    790
   931    790
   932    790
   933    790
   934    790
   935    790
   936    790
   937    790
   928    791
   929    791
   930    791
   931    791
   932    791
   933    791
   934    791
   935    791
   936    791
   937    791
   934    792
   935    792
   936    792
