  1173    709
  1174    709
  1175    709
  1176    709
  1177    709
  1178    709
  1179    709
  1180    709
  1183    709
  1184    709
  1185    709
  1186    709
  1187    709
  1188    709
  1191    709
  1149    710
  1150    710
  1151    710
  1152    710
  1157    710
  1158    710
  1159    710
  1160    710
  1161    710
  1162    710
  1163    710
  1164    710
  1165    710
  1144    711
  1145    711
  1147    711
  1148    711
  1149    711
  1150    711
  1151    711
  1152    711
  1153    711
  1154    711
  1156    711
  1157    711
  1158    711
  1114    712
  1115    712
  1116    712
  1117    712
  1118    712
  1119    712
  1120    712
  1121    712
  1122    712
  1123    712
  1124    712
  1125    712
  1126    712
  1127    712
  1128    712
  1129    712
  1130    712
  1131    712
  1132    712
  1133    712
  1134    712
  1135    712
  1136    712
  1137    712
  1138    712
  1153    712
  1154    712
  1155    712
  1156    712
  1157    712
  1161    712
  1162    712
  1090    713
  1091    713
  1093    713
  1094    713
  1095    713
  1096    713
  1097    713
  1116    713
  1117    713
  1118    713
  1119    713
  1120    713
  1121    713
  1125    713
  1126    713
  1127    713
  1128    713
  1129    713
  1130    713
  1131    713
  1132    713
  1133    713
  1134    713
  1158    713
  1159    713
  1160    713
  1094    714
  1095    714
  1096    714
  1097    714
  1098    714
  1099    714
  1100    714
  1103    714
  1115    714
  1116    714
  1117    714
  1118    714
  1119    714
  1120    714
  1144    714
  1145    714
  1146    714
  1147    714
  1110    715
  1111    715
  1112    715
  1138    715
  1095    716
  1096    716
  1097    716
  1107    716
  1108    716
  1109    716
  1113    716
  1114    716
  1085    717
  1086    717
  1087    717
  1088    717
  1089    717
  1090    717
  1091    717
  1092    717
  1093    717
  1094    717
  1095    717
  1096    717
  1097    717
  1098    717
  1099    717
  1076    718
  1077    718
  1078    718
  1079    718
  1084    718
  1085    718
  1086    718
  1087    718
  1088    718
  1089    718
  1090    718
  1091    718
  1092    718
  1093    718
  1094    718
  1095    718
  1096    718
  1097    718
  1098    718
  1105    718
  1106    718
  1107    718
  1068    719
  1069    719
  1070    719
  1071    719
  1072    719
  1073    719
  1083    719
  1084    719
  1085    719
  1086    719
  1087    719
  1088    719
  1089    719
  1090    719
  1095    719
  1096    719
  1097    719
  1098    719
  1099    719
  1063    720
  1064    720
  1065    720
  1066    720
  1067    720
  1068    720
  1069    720
  1070    720
  1071    720
  1062    721
  1063    721
  1064    721
  1065    721
  1066    721
  1067    721
  1068    721
  1069    721
  1070    721
  1071    721
  1044    722
  1045    722
  1046    722
  1047    722
  1048    722
  1049    722
  1050    722
  1051    722
  1052    722
  1053    722
  1054    722
  1055    722
  1056    722
  1057    722
  1062    722
  1063    722
  1064    722
  1065    722
  1066    722
  1067    722
  1068    722
  1036    723
  1037    723
  1038    723
  1039    723
  1040    723
  1041    723
  1042    723
  1043    723
  1044    723
  1045    723
  1046    723
  1047    723
  1048    723
  1049    723
  1050    723
  1051    723
  1052    723
  1053    723
  1054    723
  1055    723
  1056    723
  1057    723
  1058    723
  1059    723
  1060    723
  1061    723
  1062    723
  1069    723
  1070    723
  1030    724
  1031    724
  1032    724
  1033    724
  1034    724
  1035    724
  1036    724
  1037    724
  1038    724
  1039    724
  1040    724
  1041    724
  1042    724
  1043    724
  1044    724
  1045    724
  1046    724
  1047    724
  1048    724
  1051    724
  1052    724
  1053    724
  1054    724
  1055    724
  1056    724
  1061    724
  1062    724
  1063    724
  1064    724
  1025    725
  1026    725
  1027    725
  1028    725
  1029    725
  1030    725
  1031    725
  1032    725
  1033    725
  1034    725
  1036    725
  1037    725
  1038    725
  1039    725
  1040    725
  1041    725
  1042    725
  1043    725
  1046    725
  1047    725
  1048    725
  1049    725
  1050    725
  1051    725
  1052    725
  1053    725
  1054    725
  1022    726
  1023    726
  1024    726
  1025    726
  1026    726
  1027    726
  1028    726
  1031    726
  1032    726
  1033    726
  1034    726
  1036    726
  1037    726
  1038    726
  1039    726
  1042    726
  1043    726
  1044    726
  1048    726
  1049    726
  1050    726
  1027    727
  1028    727
  1029    727
  1030    727
  1031    727
  1032    727
  1033    727
  1034    727
  1043    727
  1044    727
  1045    727
  1008    728
  1009    728
  1010    728
  1019    728
  1020    728
  1021    728
  1022    728
  1023    728
  1024    728
  1025    728
  1026    728
  1002    729
  1003    729
  1004    729
  1005    729
  1014    729
  1015    729
  1016    729
  1017    729
  1019    729
  1020    729
  1021    729
  1022    729
  1026    729
  1027    729
  1028    729
   997    730
   998    730
   999    730
  1000    730
  1002    730
  1003    730
  1004    730
  1005    730
  1006    730
  1010    730
  1011    730
  1012    730
  1015    730
  1016    730
  1017    730
  1021    730
  1022    730
  1023    730
  1027    730
  1028    730
  1029    730
   991    731
   992    731
   993    731
   994    731
   995    731
   996    731
   997    731
   998    731
   999    731
  1000    731
  1005    731
  1006    731
  1007    731
  1009    731
  1010    731
  1011    731
  1012    731
  1016    731
  1017    731
  1018    731
  1019    731
  1020    731
  1021    731
  1022    731
  1023    731
  1024    731
   987    732
   988    732
   989    732
   990    732
   991    732
   992    732
   993    732
   994    732
   995    732
  1000    732
  1001    732
  1002    732
  1003    732
  1005    732
  1006    732
  1011    732
  1012    732
  1013    732
  1014    732
  1017    732
  1018    732
   981    733
   982    733
   983    733
   984    733
   985    733
   986    733
   987    733
   988    733
   989    733
   990    733
   991    733
   995    733
   996    733
   997    733
   998    733
  1002    733
  1003    733
  1013    733
  1014    733
   982    734
   983    734
   984    734
   985    734
   991    734
   992    734
   993    734
   995    734
   996    734
   997    734
   998    734
  1008    734
  1009    734
  1010    734
   986    735
   987    735
   988    735
   989    735
   990    735
   991    735
   992    735
   993    735
   969    736
   970    736
   982    736
   983    736
   984    736
   985    736
   986    736
   987    736
   988    736
   989    736
   964    737
   965    737
   966    737
   967    737
   971    737
   972    737
   973    737
   978    737
   979    737
   980    737
   981    737
   982    737
   983    737
   984    737
   985    737
   990    737
   991    737
   992    737
   960    738
   961    738
   962    738
   963    738
   966    738
   967    738
   968    738
   975    738
   976    738
   977    738
   978    738
   979    738
   980    738
   981    738
   987    738
   988    738
   989    738
   956    739
   957    739
   958    739
   959    739
   960    739
   962    739
   963    739
   964    739
   971    739
   972    739
   975    739
   976    739
   977    739
   983    739
   984    739
   985    739
   986    739
   987    739
   988    739
   989    739
   990    739
   953    740
   954    740
   955    740
   956    740
   958    740
   959    740
   960    740
   961    740
   967    740
   968    740
   969    740
   973    740
   980    740
   981    740
   985    740
   986    740
   987    740
   950    741
   951    741
   952    741
   953    741
   955    741
   956    741
   957    741
   958    741
   964    741
   965    741
   977    741
   978    741
   979    741
   982    741
   983    741
   984    741
   946    742
   947    742
   948    742
   949    742
   950    742
   952    742
   953    742
   954    742
   955    742
   980    742
   981    742
   947    743
   948    743
   949    743
   950    743
   951    743
   952    743
   958    743
   959    743
   964    743
   955    744
   956    744
   957    744
   960    744
   961    744
   962    744
   952    745
   953    745
   954    745
   955    745
   959    745
   960    745
   950    746
   951    746
   952    746
   953    746
   954    746
   956    746
   957    746
   948    747
   949    747
   950    747
   951    747
   954    747
   955    747
   962    747
   963    747
   964    747
   965    747
   966    747
   947    748
   948    748
   949    748
   952    748
   953    748
   954    748
   960    748
   961    748
   962    748
   963    748
   964    748
   945    749
   946    749
   947    749
   948    749
   958    749
   959    749
   960    749
   961    749
   962    749
   963    749
   964    749
   943    750
   944    750
   945    750
   946    750
   947    750
   948    750
   950    750
   951    750
   957    750
   958    750
   959    750
   960    750
   961    750
   962    750
   963    750
   964    750
   965    750
   966    750
   941    751
   942    751
   943    751
   944    751
   945    751
   955    751
   956    751
   957    751
   958    751
   959    751
   960    751
   961    751
   962    751
   963    751
   964    751
   940    752
   941    752
   942    752
   943    752
   954    752
   955    752
   956    752
   957    752
   939    753
   940    753
   941    753
   942    753
   943    753
   944    753
   954    753
   955    753
   956    753
   957    753
   938    754
   939    754
   940    754
   941    754
   942    754
   943    754
   937    755
   938    755
   939    755
   940    755
   941    755
   942    755
   943    755
   944    755
   936    756
   937    756
   938    756
   939    756
   936    757
   937    757
   938    757
   935    758
   936    758
   937    758
   935    759
   936    759
   935    760
   936    760
   934    761
   935    761
   936    761
   933    762
   934    762
   935    762
   933    763
   934    763
   935    763
   933    764
   934    764
   935    764
   932    765
   933    765
   934    765
   935    765
   932    766
   933    766
   934    766
   935    766
   931    767
   932    767
   933    767
   934    767
   935    767
   936    767
   930    768
   931    768
   932    768
   933    768
   934    768
   935    768
   936    768
   930    769
   931    769
   932    769
   933    769
   934    769
   935    769
   936    769
   930    770
   931    770
   932    770
   933    770
   934    770
   935    770
   936    770
   930    771
   931    771
   932    771
   933    771
   934    771
   935    771
   929    772
   930    772
   931    772
   932    772
   933    772
   934    772
   935    772
   936    772
   930    773
   931    773
   932    773
   933    773
   934    773
   935    773
   929    774
   930    774
   931    774
   932    774
   933    774
   934    774
   935    774
   936    774
   929    775
   930    775
   931    775
   932    775
   933    775
   934    775
   935    775
   936    775
   929    776
   930    776
   931    776
   932    776
   933    776
   934    776
   935    776
   928    777
   929    777
   930    777
   931    777
   932    777
   933    777
   934    777
   935    777
   936    777
   929    778
   930    778
   931    778
   932    778
   933    778
   934    778
   935    778
   929    779
   930    779
   931    779
   932    779
   933    779
   935    779
   936    779
