  1180    707
  1181    707
  1183    709
  1184    709
  1185    709
  1186    709
  1187    709
  1188    709
  1189    709
  1190    709
  1191    709
  1192    709
  1193    709
  1196    709
  1197    709
  1167    710
  1168    710
  1169    710
  1170    710
  1171    710
  1172    710
  1173    710
  1174    710
  1175    710
  1176    710
  1177    710
  1178    710
  1179    710
  1180    710
  1181    710
  1182    710
  1183    710
  1184    710
  1185    710
  1186    710
  1187    710
  1188    710
  1189    710
  1146    711
  1157    711
  1158    711
  1159    711
  1161    711
  1162    711
  1163    711
  1164    711
  1165    711
  1129    712
  1130    712
  1131    712
  1133    712
  1134    712
  1135    712
  1136    712
  1137    712
  1138    712
  1139    712
  1140    712
  1141    712
  1157    712
  1158    712
  1159    712
  1160    712
  1161    712
  1170    712
  1171    712
  1172    712
  1175    712
  1176    712
  1177    712
  1178    712
  1179    712
  1180    712
  1181    712
  1182    712
  1183    712
  1184    712
  1185    712
  1104    713
  1105    713
  1106    713
  1107    713
  1108    713
  1111    713
  1113    713
  1128    713
  1129    713
  1130    713
  1131    713
  1132    713
  1133    713
  1134    713
  1135    713
  1136    713
  1137    713
  1138    713
  1139    713
  1140    713
  1141    713
  1142    713
  1145    713
  1146    713
  1163    713
  1164    713
  1165    713
  1078    714
  1079    714
  1080    714
  1081    714
  1082    714
  1083    714
  1109    714
  1110    714
  1111    714
  1112    714
  1113    714
  1114    714
  1115    714
  1116    714
  1127    714
  1128    714
  1129    714
  1130    714
  1131    714
  1132    714
  1133    714
  1157    714
  1158    714
  1159    714
  1075    715
  1076    715
  1084    715
  1085    715
  1086    715
  1092    715
  1093    715
  1094    715
  1095    715
  1096    715
  1097    715
  1098    715
  1099    715
  1100    715
  1101    715
  1102    715
  1103    715
  1104    715
  1105    715
  1106    715
  1107    715
  1108    715
  1109    715
  1115    715
  1116    715
  1117    715
  1118    715
  1119    715
  1120    715
  1147    715
  1148    715
  1149    715
  1069    716
  1079    716
  1112    716
  1113    716
  1114    716
  1115    716
  1116    716
  1117    716
  1118    716
  1119    716
  1135    716
  1095    717
  1096    717
  1097    717
  1098    717
  1099    717
  1100    717
  1101    717
  1102    717
  1103    717
  1106    717
  1107    717
  1108    717
  1109    717
  1110    717
  1111    717
  1112    717
  1113    717
  1114    717
  1116    717
  1117    717
  1118    717
  1087    718
  1088    718
  1089    718
  1090    718
  1091    718
  1092    718
  1093    718
  1094    718
  1095    718
  1096    718
  1097    718
  1098    718
  1099    718
  1100    718
  1116    718
  1117    718
  1118    718
  1075    719
  1076    719
  1077    719
  1078    719
  1079    719
  1086    719
  1087    719
  1088    719
  1089    719
  1090    719
  1091    719
  1092    719
  1093    719
  1094    719
  1095    719
  1096    719
  1097    719
  1107    719
  1108    719
  1109    719
  1110    719
  1067    720
  1068    720
  1069    720
  1070    720
  1071    720
  1072    720
  1073    720
  1074    720
  1075    720
  1076    720
  1077    720
  1086    720
  1087    720
  1088    720
  1098    720
  1099    720
  1100    720
  1066    721
  1067    721
  1068    721
  1069    721
  1070    721
  1071    721
  1072    721
  1073    721
  1074    721
  1075    721
  1076    721
  1080    721
  1081    721
  1082    721
  1090    721
  1091    721
  1092    721
  1066    722
  1067    722
  1068    722
  1069    722
  1070    722
  1071    722
  1072    722
  1073    722
  1074    722
  1075    722
  1035    723
  1045    723
  1046    723
  1047    723
  1048    723
  1049    723
  1050    723
  1051    723
  1052    723
  1053    723
  1054    723
  1055    723
  1056    723
  1057    723
  1058    723
  1059    723
  1064    723
  1065    723
  1066    723
  1067    723
  1068    723
  1073    723
  1074    723
  1038    724
  1039    724
  1040    724
  1041    724
  1046    724
  1047    724
  1048    724
  1049    724
  1050    724
  1051    724
  1052    724
  1053    724
  1055    724
  1056    724
  1057    724
  1058    724
  1061    724
  1069    724
  1070    724
  1071    724
  1072    724
  1029    725
  1030    725
  1031    725
  1032    725
  1033    725
  1034    725
  1035    725
  1036    725
  1041    725
  1042    725
  1046    725
  1047    725
  1048    725
  1049    725
  1050    725
  1051    725
  1055    725
  1056    725
  1057    725
  1058    725
  1063    725
  1064    725
  1025    726
  1026    726
  1027    726
  1028    726
  1029    726
  1030    726
  1031    726
  1032    726
  1033    726
  1034    726
  1035    726
  1036    726
  1037    726
  1038    726
  1039    726
  1043    726
  1044    726
  1045    726
  1046    726
  1049    726
  1050    726
  1051    726
  1052    726
  1055    726
  1056    726
  1057    726
  1058    726
  1059    726
  1024    727
  1025    727
  1027    727
  1028    727
  1029    727
  1032    727
  1033    727
  1034    727
  1035    727
  1036    727
  1037    727
  1039    727
  1040    727
  1044    727
  1045    727
  1046    727
  1051    727
  1052    727
  1028    728
  1029    728
  1030    728
  1031    728
  1032    728
  1033    728
  1034    728
  1035    728
  1011    729
  1012    729
  1013    729
  1023    729
  1024    729
  1025    729
  1026    729
  1027    729
  1028    729
  1029    729
  1030    729
  1004    730
  1005    730
  1006    730
  1007    730
  1010    730
  1011    730
  1012    730
  1016    730
  1017    730
  1018    730
  1019    730
  1022    730
  1023    730
  1024    730
  1025    730
  1029    730
  1030    730
  1031    730
  1032    730
  1033    730
  1034    730
  1035    730
  1036    730
   999    731
  1000    731
  1001    731
  1002    731
  1006    731
  1007    731
  1012    731
  1013    731
  1014    731
  1015    731
  1016    731
  1017    731
  1018    731
  1019    731
  1023    731
  1024    731
  1025    731
  1026    731
  1027    731
  1029    731
  1030    731
  1031    731
   994    732
   995    732
   996    732
   997    732
  1000    732
  1001    732
  1002    732
  1003    732
  1008    732
  1009    732
  1010    732
  1011    732
  1012    732
  1013    732
  1014    732
  1015    732
  1018    732
  1019    732
  1020    732
  1025    732
  1026    732
  1027    732
   989    733
   990    733
   991    733
   992    733
   993    733
   994    733
   995    733
   996    733
   997    733
   998    733
  1003    733
  1004    733
  1005    733
  1008    733
  1009    733
  1010    733
  1015    733
  1016    733
  1020    733
  1021    733
  1022    733
   982    734
   983    734
   984    734
   985    734
   986    734
   987    734
   988    734
   989    734
   990    734
   991    734
   992    734
   993    734
   998    734
   999    734
  1000    734
  1001    734
  1003    734
  1004    734
  1005    734
  1006    734
  1010    734
  1011    734
  1012    734
  1016    734
  1017    734
  1018    734
   981    735
   982    735
   983    735
   984    735
   985    735
   986    735
   987    735
   988    735
   989    735
   993    735
   994    735
   995    735
   996    735
   997    735
  1000    735
  1001    735
  1006    735
  1007    735
  1008    735
  1012    735
  1013    735
  1014    735
   989    736
   990    736
   991    736
   992    736
   993    736
   994    736
   995    736
   996    736
   997    736
   985    737
   986    737
   987    737
   988    737
   989    737
   990    737
   991    737
   992    737
   966    738
   967    738
   968    738
   974    738
   975    738
   981    738
   982    738
   985    738
   986    738
   987    738
   988    738
   989    738
   993    738
   994    738
   995    738
   996    738
   963    739
   964    739
   965    739
   970    739
   971    739
   972    739
   982    739
   983    739
   984    739
   989    739
   990    739
   991    739
   992    739
   993    739
   995    739
   996    739
   997    739
   959    740
   960    740
   961    740
   964    740
   965    740
   966    740
   967    740
   968    740
   973    740
   974    740
   975    740
   980    740
   987    740
   988    740
   989    740
   992    740
   993    740
   994    740
   956    741
   957    741
   958    741
   959    741
   962    741
   963    741
   964    741
   970    741
   971    741
   975    741
   976    741
   977    741
   983    741
   984    741
   985    741
   989    741
   990    741
   991    741
   953    742
   954    742
   955    742
   956    742
   958    742
   959    742
   960    742
   961    742
   967    742
   968    742
   981    742
   987    742
   988    742
   949    743
   950    743
   951    743
   955    743
   956    743
   957    743
   958    743
   964    743
   965    743
   977    743
   978    743
   979    743
   984    743
   953    744
   954    744
   955    744
   961    744
   962    744
   966    744
   967    744
   982    744
   948    745
   949    745
   950    745
   951    745
   952    745
   958    745
   959    745
   960    745
   964    745
   965    745
   979    745
   955    746
   956    746
   957    746
   961    746
   962    746
   963    746
   953    747
   954    747
   959    747
   960    747
   936    748
   937    748
   938    748
   951    748
   952    748
   953    748
   957    748
   958    748
   933    749
   934    749
   935    749
   949    749
   950    749
   951    749
   952    749
   955    749
   956    749
   963    749
   964    749
   965    749
   966    749
   931    750
   932    750
   933    750
   934    750
   935    750
   936    750
   947    750
   948    750
   949    750
   950    750
   951    750
   952    750
   953    750
   954    750
   955    750
   961    750
   962    750
   963    750
   964    750
   929    751
   930    751
   931    751
   932    751
   933    751
   934    751
   935    751
   936    751
   937    751
   938    751
   946    751
   947    751
   948    751
   949    751
   950    751
   951    751
   952    751
   953    751
   959    751
   960    751
   961    751
   962    751
   963    751
   964    751
   965    751
   927    752
   928    752
   929    752
   930    752
   931    752
   932    752
   933    752
   934    752
   935    752
   936    752
   937    752
   944    752
   945    752
   946    752
   947    752
   951    752
   952    752
   958    752
   959    752
   960    752
   961    752
   962    752
   963    752
   964    752
   965    752
   925    753
   926    753
   927    753
   928    753
   929    753
   930    753
   931    753
   932    753
   933    753
   934    753
   935    753
   942    753
   943    753
   944    753
   945    753
   946    753
   947    753
   948    753
   956    753
   957    753
   958    753
   959    753
   960    753
   961    753
   962    753
   963    753
   964    753
   965    753
   966    753
   925    754
   926    754
   927    754
   928    754
   929    754
   930    754
   931    754
   932    754
   933    754
   934    754
   941    754
   942    754
   943    754
   944    754
   945    754
   955    754
   956    754
   957    754
   958    754
   959    754
   960    754
   961    754
   962    754
   963    754
   964    754
   928    755
   929    755
   930    755
   931    755
   932    755
   933    755
   939    755
   940    755
   941    755
   942    755
   943    755
   961    755
   962    755
   963    755
   938    756
   939    756
   940    756
   941    756
   942    756
   943    756
   937    757
   938    757
   939    757
   940    757
   941    757
   942    757
   943    757
   944    757
   935    758
   936    758
   937    758
   938    758
   939    758
   940    758
   941    758
   942    758
   943    758
   944    758
   934    759
   935    759
   936    759
   937    759
   938    759
   939    759
   940    759
   941    759
   942    759
   933    760
   934    760
   935    760
   936    760
   937    760
   938    760
   939    760
   932    761
   933    761
   934    761
   935    761
   936    761
   937    761
   938    761
   940    761
   941    761
   931    762
   932    762
   933    762
   934    762
   935    762
   936    762
   937    762
   938    762
   939    762
   930    763
   931    763
   932    763
   933    763
   934    763
   935    763
   936    763
   937    763
   938    763
   929    764
   930    764
   931    764
   932    764
   933    764
   934    764
   935    764
   936    764
   937    764
   938    764
   929    765
   930    765
   931    765
   932    765
   933    765
   934    765
   935    765
   936    765
   937    765
   929    766
   930    766
   931    766
   932    766
   933    766
   934    766
   935    766
   936    766
   928    767
   929    767
   930    767
   931    767
   932    767
   933    767
   934    767
   935    767
   936    767
   927    768
   928    768
   929    768
   930    768
   931    768
   932    768
   933    768
   934    768
   935    768
   927    769
   928    769
   929    769
   930    769
   931    769
   932    769
   933    769
   934    769
   935    769
   927    770
   928    770
   929    770
   930    770
   931    770
   932    770
   933    770
   934    770
   935    770
   927    771
   928    771
   929    771
   930    771
   931    771
   932    771
   933    771
   934    771
   935    771
   927    772
   928    772
   929    772
   930    772
   931    772
   932    772
   933    772
   934    772
   935    772
   927    773
   928    773
   929    773
   930    773
   931    773
   932    773
   933    773
   934    773
   935    773
   927    774
   928    774
   929    774
   930    774
   931    774
   932    774
   933    774
   934    774
   935    774
   936    774
   927    775
   928    775
   929    775
   930    775
   931    775
   932    775
   933    775
   934    775
   935    775
   927    776
   928    776
   929    776
   930    776
   931    776
   932    776
   933    776
   934    776
   935    776
   936    776
   927    777
   928    777
   929    777
   930    777
   931    777
   932    777
   933    777
   934    777
   935    777
   936    777
   926    778
   927    778
   928    778
   929    778
   930    778
   931    778
   932    778
   933    778
   934    778
   935    778
   936    778
   927    779
   928    779
   929    779
   930    779
   931    779
   932    779
   933    779
   934    779
   935    779
   936    779
   927    780
   928    780
   929    780
   930    780
   931    780
   932    780
   933    780
   934    780
   935    780
   936    780
   927    781
   928    781
   929    781
   930    781
   931    781
   932    781
   933    781
   934    781
   935    781
   927    782
   928    782
   929    782
   930    782
   931    782
   932    782
   933    782
   934    782
   935    782
   936    782
   928    783
   930    783
   931    783
   932    783
   933    783
   934    783
   935    783
   936    783
   929    784
   930    784
   927    785
   928    785
   932    785
   933    785
   934    785
   927    786
   928    786
   929    786
   931    786
   932    786
   933    786
   934    786
   935    786
   936    786
   927    787
   928    787
   929    787
   930    787
   931    787
   932    787
   933    787
   934    787
   935    787
   936    787
   937    787
   928    788
   929    788
   930    788
   931    788
   932    788
   933    788
   934    788
   935    788
   936    788
   928    789
   929    789
   930    789
   931    789
   932    789
   933    789
   934    789
   935    789
   936    789
   933    790
   934    790
   935    790
   929    791
   930    791
   931    791
   932    791
