  1199    703
  1200    703
  1201    703
  1197    704
  1198    704
  1199    704
  1200    704
  1201    704
  1202    704
  1203    704
  1204    704
  1194    705
  1195    705
  1196    705
  1197    705
  1198    705
  1199    705
  1200    705
  1201    705
  1202    705
  1203    705
  1204    705
  1205    705
  1206    705
  1194    706
  1195    706
  1196    706
  1197    706
  1198    706
  1199    706
  1200    706
  1201    706
  1146    707
  1161    707
  1162    707
  1192    707
  1193    707
  1194    707
  1142    708
  1143    708
  1144    708
  1146    708
  1147    708
  1148    708
  1149    708
  1150    708
  1153    708
  1154    708
  1155    708
  1156    708
  1157    708
  1158    708
  1160    708
  1202    708
  1203    708
  1204    708
  1179    709
  1180    709
  1181    709
  1182    709
  1183    709
  1184    709
  1185    709
  1186    709
  1189    709
  1190    709
  1191    709
  1192    709
  1193    709
  1099    710
  1100    710
  1101    710
  1102    710
  1103    710
  1137    710
  1138    710
  1139    710
  1140    710
  1141    710
  1142    710
  1143    710
  1146    710
  1147    710
  1148    710
  1149    710
  1150    710
  1151    710
  1152    710
  1153    710
  1154    710
  1155    710
  1156    710
  1157    710
  1158    710
  1159    710
  1160    710
  1161    710
  1162    710
  1163    710
  1164    710
  1165    710
  1166    710
  1167    710
  1168    710
  1169    710
  1170    710
  1171    710
  1179    710
  1180    710
  1181    710
  1182    710
  1183    710
  1099    711
  1100    711
  1101    711
  1103    711
  1131    711
  1132    711
  1133    711
  1134    711
  1135    711
  1136    711
  1137    711
  1138    711
  1140    711
  1141    711
  1142    711
  1143    711
  1144    711
  1145    711
  1146    711
  1147    711
  1148    711
  1149    711
  1150    711
  1151    711
  1189    711
  1190    711
  1191    711
  1111    712
  1119    712
  1120    712
  1121    712
  1122    712
  1123    712
  1124    712
  1125    712
  1126    712
  1127    712
  1131    712
  1132    712
  1133    712
  1134    712
  1135    712
  1136    712
  1137    712
  1138    712
  1139    712
  1140    712
  1141    712
  1142    712
  1143    712
  1156    712
  1157    712
  1158    712
  1159    712
  1160    712
  1165    712
  1166    712
  1167    712
  1168    712
  1175    712
  1176    712
  1177    712
  1178    712
  1179    712
  1089    713
  1090    713
  1091    713
  1092    713
  1093    713
  1094    713
  1095    713
  1096    713
  1097    713
  1098    713
  1099    713
  1100    713
  1101    713
  1102    713
  1128    713
  1129    713
  1131    713
  1133    713
  1134    713
  1135    713
  1136    713
  1138    713
  1139    713
  1144    713
  1145    713
  1146    713
  1147    713
  1148    713
  1149    713
  1162    713
  1163    713
  1164    713
  1103    714
  1111    714
  1112    714
  1113    714
  1114    714
  1124    714
  1125    714
  1126    714
  1154    714
  1155    714
  1156    714
  1064    715
  1065    715
  1066    715
  1067    715
  1068    715
  1083    715
  1084    715
  1085    715
  1086    715
  1087    715
  1088    715
  1089    715
  1090    715
  1091    715
  1092    715
  1093    715
  1094    715
  1113    715
  1114    715
  1115    715
  1116    715
  1143    715
  1144    715
  1145    715
  1065    716
  1066    716
  1067    716
  1068    716
  1069    716
  1112    716
  1113    716
  1114    716
  1115    716
  1116    716
  1117    716
  1118    716
  1119    716
  1120    716
  1133    716
  1134    716
  1135    716
  1091    717
  1092    717
  1093    717
  1094    717
  1095    717
  1096    717
  1097    717
  1099    717
  1100    717
  1101    717
  1102    717
  1103    717
  1104    717
  1116    717
  1117    717
  1081    718
  1082    718
  1083    718
  1084    718
  1085    718
  1086    718
  1087    718
  1088    718
  1089    718
  1090    718
  1091    718
  1092    718
  1093    718
  1094    718
  1095    718
  1096    718
  1097    718
  1098    718
  1111    718
  1112    718
  1113    718
  1114    718
  1074    719
  1075    719
  1076    719
  1082    719
  1083    719
  1084    719
  1085    719
  1086    719
  1087    719
  1088    719
  1089    719
  1091    719
  1092    719
  1105    719
  1106    719
  1107    719
  1108    719
  1109    719
  1054    720
  1065    720
  1066    720
  1067    720
  1068    720
  1069    720
  1070    720
  1071    720
  1072    720
  1098    720
  1036    721
  1037    721
  1066    721
  1067    721
  1068    721
  1069    721
  1070    721
  1071    721
  1074    721
  1075    721
  1076    721
  1083    721
  1084    721
  1085    721
  1051    722
  1052    722
  1053    722
  1054    722
  1055    722
  1061    722
  1062    722
  1063    722
  1064    722
  1065    722
  1066    722
  1067    722
  1068    722
  1069    722
  1070    722
  1071    722
  1072    722
  1073    722
  1074    722
  1031    723
  1032    723
  1041    723
  1042    723
  1043    723
  1044    723
  1045    723
  1046    723
  1047    723
  1048    723
  1049    723
  1050    723
  1051    723
  1052    723
  1053    723
  1054    723
  1055    723
  1068    723
  1069    723
  1070    723
  1071    723
  1072    723
  1073    723
  1074    723
  1036    724
  1037    724
  1038    724
  1039    724
  1043    724
  1044    724
  1045    724
  1046    724
  1047    724
  1048    724
  1049    724
  1050    724
  1051    724
  1052    724
  1053    724
  1054    724
  1057    724
  1066    724
  1067    724
  1068    724
  1069    724
  1070    724
  1025    725
  1028    725
  1029    725
  1030    725
  1031    725
  1032    725
  1033    725
  1034    725
  1035    725
  1036    725
  1037    725
  1038    725
  1039    725
  1041    725
  1042    725
  1043    725
  1044    725
  1045    725
  1046    725
  1047    725
  1048    725
  1049    725
  1052    725
  1053    725
  1054    725
  1059    725
  1060    725
  1061    725
  1022    726
  1023    726
  1024    726
  1025    726
  1026    726
  1027    726
  1028    726
  1029    726
  1030    726
  1031    726
  1032    726
  1033    726
  1034    726
  1035    726
  1036    726
  1037    726
  1038    726
  1039    726
  1042    726
  1043    726
  1044    726
  1045    726
  1046    726
  1047    726
  1048    726
  1054    726
  1055    726
  1056    726
  1022    727
  1023    727
  1024    727
  1025    727
  1026    727
  1029    727
  1030    727
  1031    727
  1032    727
  1033    727
  1034    727
  1035    727
  1036    727
  1037    727
  1038    727
  1044    727
  1045    727
  1048    727
  1049    727
  1050    727
  1051    727
  1059    727
  1060    727
  1061    727
  1025    728
  1026    728
  1027    728
  1028    728
  1029    728
  1030    728
  1031    728
  1032    728
  1007    729
  1008    729
  1009    729
  1010    729
  1011    729
  1012    729
  1013    729
  1019    729
  1020    729
  1021    729
  1022    729
  1023    729
  1024    729
  1025    729
  1026    729
  1027    729
  1032    729
  1033    729
  1034    729
  1035    729
  1036    729
  1002    730
  1003    730
  1004    730
  1008    730
  1009    730
  1010    730
  1013    730
  1014    730
  1015    730
  1016    730
  1017    730
  1018    730
  1019    730
  1020    730
  1021    730
  1022    730
  1026    730
  1027    730
  1028    730
  1029    730
  1030    730
  1031    730
  1032    730
  1033    730
  1034    730
  1035    730
  1036    730
   997    731
   998    731
   999    731
  1000    731
  1004    731
  1005    731
  1010    731
  1011    731
  1012    731
  1013    731
  1014    731
  1015    731
  1016    731
  1017    731
  1020    731
  1021    731
  1022    731
  1023    731
  1024    731
  1025    731
  1026    731
  1027    731
  1028    731
  1029    731
   991    732
   992    732
   993    732
   994    732
   995    732
   997    732
   998    732
   999    732
  1000    732
  1001    732
  1005    732
  1006    732
  1007    732
  1008    732
  1009    732
  1010    732
  1011    732
  1012    732
  1013    732
  1017    732
  1018    732
  1023    732
  1024    732
  1025    732
   986    733
   987    733
   988    733
   989    733
   993    733
   994    733
   995    733
  1000    733
  1001    733
  1002    733
  1003    733
  1005    733
  1006    733
  1007    733
  1008    733
  1009    733
  1012    733
  1013    733
  1014    733
  1018    733
  1019    733
  1020    733
   987    734
   988    734
   989    734
   990    734
   991    734
   995    734
   996    734
   997    734
   998    734
   999    734
  1001    734
  1002    734
  1003    734
  1006    734
  1007    734
  1008    734
  1009    734
  1010    734
  1011    734
  1013    734
  1014    734
  1015    734
  1016    734
   982    735
   983    735
   984    735
   985    735
   986    735
   991    735
   992    735
   993    735
   994    735
   996    735
   997    735
   998    735
   999    735
  1005    735
  1006    735
  1009    735
  1010    735
  1011    735
   987    736
   988    736
   989    736
   990    736
   991    736
   992    736
   993    736
   994    736
   995    736
   969    737
   970    737
   971    737
   983    737
   984    737
   985    737
   986    737
   987    737
   988    737
   989    737
   990    737
   964    738
   965    738
   966    738
   967    738
   972    738
   973    738
   974    738
   979    738
   980    738
   984    738
   985    738
   986    738
   991    738
   992    738
   993    738
   961    739
   962    739
   963    739
   964    739
   965    739
   966    739
   967    739
   968    739
   969    739
   974    739
   975    739
   976    739
   980    739
   981    739
   982    739
   987    739
   988    739
   989    739
   990    739
   993    739
   994    739
   995    739
   996    739
   949    740
   950    740
   951    740
   952    740
   957    740
   958    740
   959    740
   960    740
   963    740
   964    740
   965    740
   972    740
   973    740
   977    740
   978    740
   984    740
   985    740
   986    740
   987    740
   991    740
   992    740
   954    741
   955    741
   956    741
   957    741
   958    741
   959    741
   960    741
   961    741
   962    741
   968    741
   969    741
   970    741
   974    741
   975    741
   981    741
   982    741
   983    741
   988    741
   989    741
   950    742
   951    742
   952    742
   953    742
   954    742
   955    742
   956    742
   957    742
   958    742
   959    742
   965    742
   966    742
   967    742
   985    742
   986    742
   947    743
   948    743
   949    743
   952    743
   953    743
   954    743
   955    743
   956    743
   962    743
   963    743
   944    744
   945    744
   951    744
   952    744
   953    744
   959    744
   960    744
   965    744
   966    744
   956    745
   957    745
   958    745
   959    745
   962    745
   963    745
   964    745
   931    746
   932    746
   933    746
   953    746
   954    746
   955    746
   956    746
   959    746
   960    746
   961    746
   951    747
   952    747
   953    747
   954    747
   957    747
   958    747
   959    747
   933    748
   934    748
   935    748
   936    748
   949    748
   950    748
   951    748
   952    748
   953    748
   955    748
   956    748
   964    748
   965    748
   966    748
   967    748
   931    749
   932    749
   933    749
   934    749
   935    749
   936    749
   937    749
   948    749
   949    749
   954    749
   955    749
   961    749
   962    749
   963    749
   964    749
   965    749
   929    750
   930    750
   931    750
   932    750
   933    750
   934    750
   935    750
   936    750
   937    750
   938    750
   939    750
   946    750
   947    750
   948    750
   960    750
   961    750
   962    750
   963    750
   964    750
   928    751
   929    751
   930    751
   931    751
   932    751
   933    751
   934    751
   935    751
   936    751
   937    751
   944    751
   945    751
   946    751
   947    751
   948    751
   958    751
   959    751
   960    751
   961    751
   962    751
   963    751
   964    751
   966    751
   967    751
   926    752
   927    752
   928    752
   929    752
   930    752
   931    752
   932    752
   933    752
   934    752
   935    752
   936    752
   943    752
   944    752
   945    752
   946    752
   947    752
   957    752
   958    752
   959    752
   960    752
   961    752
   962    752
   963    752
   966    752
   925    753
   926    753
   927    753
   928    753
   929    753
   930    753
   931    753
   932    753
   933    753
   934    753
   941    753
   942    753
   943    753
   944    753
   945    753
   946    753
   955    753
   956    753
   957    753
   958    753
   959    753
   960    753
   961    753
   962    753
   923    754
   924    754
   925    754
   929    754
   930    754
   931    754
   932    754
   933    754
   939    754
   940    754
   941    754
   942    754
   943    754
   944    754
   962    754
   963    754
   925    755
   928    755
   929    755
   938    755
   939    755
   940    755
   941    755
   942    755
   943    755
   958    755
   959    755
   960    755
   961    755
   962    755
   937    756
   938    756
   939    756
   940    756
   941    756
   942    756
   936    757
   937    757
   938    757
   939    757
   940    757
   941    757
   934    758
   935    758
   936    758
   937    758
   938    758
   939    758
   940    758
   933    759
   934    759
   935    759
   936    759
   937    759
   938    759
   939    759
   932    760
   933    760
   934    760
   935    760
   936    760
   937    760
   938    760
   931    761
   932    761
   933    761
   934    761
   935    761
   936    761
   937    761
   930    762
   931    762
   932    762
   933    762
   934    762
   935    762
   936    762
   937    762
   930    763
   931    763
   932    763
   933    763
   934    763
   935    763
   936    763
   937    763
   929    764
   930    764
   931    764
   932    764
   933    764
   934    764
   935    764
   936    764
   929    765
   930    765
   931    765
   932    765
   933    765
   934    765
   935    765
   936    765
   928    766
   929    766
   930    766
   931    766
   932    766
   933    766
   934    766
   935    766
   928    767
   929    767
   930    767
   931    767
   932    767
   933    767
   934    767
   935    767
   927    768
   928    768
   929    768
   930    768
   931    768
   932    768
   933    768
   934    768
   935    768
   927    769
   928    769
   929    769
   930    769
   931    769
   932    769
   933    769
   934    769
   935    769
   927    770
   928    770
   929    770
   930    770
   931    770
   932    770
   933    770
   934    770
   935    770
   927    771
   928    771
   929    771
   930    771
   931    771
   932    771
   933    771
   934    771
   935    771
   927    772
   928    772
   929    772
   930    772
   931    772
   932    772
   933    772
   934    772
   935    772
   927    773
   928    773
   929    773
   930    773
   931    773
   932    773
   933    773
   934    773
   935    773
   927    774
   928    774
   929    774
   930    774
   931    774
   932    774
   933    774
   934    774
   935    774
   926    775
   927    775
   928    775
   929    775
   930    775
   931    775
   932    775
   933    775
   934    775
   935    775
   926    776
   927    776
   928    776
   929    776
   930    776
   931    776
   932    776
   933    776
   934    776
   935    776
   926    777
   927    777
   928    777
   929    777
   930    777
   931    777
   932    777
   933    777
   934    777
   935    777
   936    777
   926    778
   927    778
   928    778
   929    778
   930    778
   931    778
   932    778
   933    778
   934    778
   935    778
   927    779
   928    779
   929    779
   930    779
   931    779
   932    779
   933    779
   934    779
   935    779
   936    779
   927    780
   928    780
   929    780
   930    780
   931    780
   932    780
   933    780
   934    780
   935    780
   936    780
   927    781
   928    781
   929    781
   930    781
   931    781
   932    781
   933    781
   934    781
   935    781
   936    781
   927    782
   928    782
   929    782
   930    782
   931    782
   932    782
   933    782
   934    782
   935    782
   936    782
   927    783
   928    783
   929    783
   930    783
   927    784
   928    784
   929    784
   931    784
   932    784
   933    784
   927    785
   928    785
   929    785
   930    785
   931    785
   932    785
   933    785
   934    785
   935    785
   936    785
   937    785
   927    786
   928    786
   929    786
   930    786
   931    786
   932    786
   933    786
   934    786
   935    786
   936    786
   927    787
   928    787
   929    787
   930    787
   931    787
   932    787
   933    787
   934    787
   935    787
   936    787
   930    788
   931    788
   932    788
   933    788
   934    788
   935    788
   927    789
   928    789
   929    789
