  1100    706
  1101    706
  1102    706
  1103    706
  1104    706
  1105    706
  1171    706
  1172    706
  1173    706
  1174    706
  1115    707
  1116    707
  1117    707
  1118    707
  1104    708
  1105    708
  1119    708
  1120    708
  1121    708
  1131    708
  1132    708
  1175    708
  1176    708
  1196    708
  1197    708
  1198    708
  1201    708
  1202    708
  1203    708
  1022    709
  1023    709
  1102    709
  1103    709
  1104    709
  1130    709
  1131    709
  1132    709
  1133    709
  1134    709
  1179    709
  1180    709
  1181    709
  1182    709
  1183    709
  1184    709
  1189    709
  1190    709
  1191    709
  1192    709
  1121    710
  1122    710
  1123    710
  1131    710
  1132    710
  1133    710
  1134    710
  1135    710
  1136    710
  1137    710
  1138    710
  1140    710
  1141    710
  1142    710
  1147    710
  1148    710
  1150    710
  1151    710
  1154    710
  1157    710
  1158    710
  1159    710
  1160    710
  1161    710
  1162    710
  1163    710
  1164    710
  1165    710
  1166    710
  1167    710
  1168    710
  1169    710
  1170    710
  1171    710
  1172    710
  1131    711
  1132    711
  1133    711
  1134    711
  1135    711
  1136    711
  1137    711
  1138    711
  1139    711
  1140    711
  1157    711
  1158    711
  1159    711
  1187    711
  1188    711
  1189    711
  1190    711
  1191    711
  1192    711
  1027    712
  1028    712
  1030    712
  1031    712
  1032    712
  1033    712
  1115    712
  1116    712
  1117    712
  1118    712
  1119    712
  1120    712
  1121    712
  1122    712
  1123    712
  1124    712
  1125    712
  1126    712
  1127    712
  1128    712
  1129    712
  1130    712
  1131    712
  1132    712
  1133    712
  1134    712
  1135    712
  1136    712
  1137    712
  1138    712
  1139    712
  1140    712
  1141    712
  1142    712
  1143    712
  1144    712
  1155    712
  1156    712
  1157    712
  1158    712
  1159    712
  1163    712
  1164    712
  1165    712
  1166    712
  1024    713
  1025    713
  1026    713
  1027    713
  1029    713
  1030    713
  1088    713
  1089    713
  1090    713
  1091    713
  1093    713
  1094    713
  1095    713
  1096    713
  1097    713
  1098    713
  1099    713
  1100    713
  1120    713
  1121    713
  1122    713
  1125    713
  1126    713
  1127    713
  1128    713
  1129    713
  1130    713
  1131    713
  1132    713
  1133    713
  1134    713
  1135    713
  1160    713
  1161    713
  1162    713
  1027    714
  1028    714
  1029    714
  1073    714
  1074    714
  1091    714
  1092    714
  1105    714
  1107    714
  1108    714
  1109    714
  1110    714
  1111    714
  1112    714
  1119    714
  1120    714
  1121    714
  1122    714
  1123    714
  1127    714
  1128    714
  1129    714
  1130    714
  1131    714
  1132    714
  1151    714
  1152    714
  1153    714
  1154    714
  1155    714
  1156    714
  1026    715
  1027    715
  1049    715
  1050    715
  1069    715
  1070    715
  1073    715
  1074    715
  1075    715
  1076    715
  1077    715
  1081    715
  1082    715
  1084    715
  1085    715
  1086    715
  1087    715
  1088    715
  1089    715
  1090    715
  1091    715
  1092    715
  1093    715
  1112    715
  1113    715
  1114    715
  1140    715
  1141    715
  1142    715
  1143    715
  1144    715
  1029    716
  1030    716
  1031    716
  1032    716
  1033    716
  1064    716
  1065    716
  1070    716
  1071    716
  1072    716
  1073    716
  1110    716
  1111    716
  1112    716
  1127    716
  1128    716
  1129    716
  1130    716
  1071    717
  1072    717
  1073    717
  1089    717
  1090    717
  1091    717
  1092    717
  1093    717
  1094    717
  1095    717
  1096    717
  1097    717
  1098    717
  1099    717
  1100    717
  1101    717
  1102    717
  1103    717
  1104    717
  1115    717
  1023    718
  1024    718
  1025    718
  1026    718
  1027    718
  1028    718
  1029    718
  1030    718
  1078    718
  1079    718
  1080    718
  1081    718
  1082    718
  1083    718
  1088    718
  1089    718
  1090    718
  1091    718
  1092    718
  1093    718
  1094    718
  1095    718
  1096    718
  1097    718
  1098    718
  1099    718
  1100    718
  1110    718
  1111    718
  1112    718
  1071    719
  1072    719
  1073    719
  1074    719
  1085    719
  1086    719
  1087    719
  1088    719
  1089    719
  1090    719
  1091    719
  1092    719
  1093    719
  1094    719
  1095    719
  1096    719
  1097    719
  1044    720
  1045    720
  1046    720
  1047    720
  1065    720
  1066    720
  1067    720
  1068    720
  1069    720
  1070    720
  1071    720
  1093    720
  1094    720
  1095    720
  1064    721
  1065    721
  1066    721
  1067    721
  1068    721
  1069    721
  1070    721
  1071    721
  1072    721
  1082    721
  1083    721
  1035    722
  1036    722
  1037    722
  1046    722
  1047    722
  1048    722
  1049    722
  1050    722
  1051    722
  1052    722
  1053    722
  1054    722
  1058    722
  1059    722
  1060    722
  1061    722
  1065    722
  1066    722
  1067    722
  1069    722
  1070    722
  1071    722
  1072    722
  1073    722
  1028    723
  1029    723
  1037    723
  1038    723
  1039    723
  1041    723
  1042    723
  1043    723
  1044    723
  1045    723
  1046    723
  1047    723
  1048    723
  1049    723
  1050    723
  1051    723
  1052    723
  1053    723
  1054    723
  1055    723
  1061    723
  1062    723
  1063    723
  1064    723
  1065    723
  1071    723
  1072    723
  1073    723
  1032    724
  1033    724
  1034    724
  1035    724
  1036    724
  1037    724
  1040    724
  1041    724
  1042    724
  1043    724
  1044    724
  1045    724
  1046    724
  1047    724
  1048    724
  1049    724
  1050    724
  1051    724
  1052    724
  1053    724
  1054    724
  1055    724
  1056    724
  1057    724
  1058    724
  1065    724
  1066    724
  1067    724
  1027    725
  1028    725
  1029    725
  1030    725
  1031    725
  1032    725
  1033    725
  1034    725
  1035    725
  1036    725
  1037    725
  1038    725
  1039    725
  1041    725
  1042    725
  1043    725
  1044    725
  1045    725
  1046    725
  1047    725
  1049    725
  1050    725
  1051    725
  1052    725
  1053    725
  1054    725
  1055    725
  1057    725
  1058    725
  1059    725
  1060    725
  1020    726
  1021    726
  1022    726
  1023    726
  1026    726
  1027    726
  1028    726
  1029    726
  1030    726
  1031    726
  1032    726
  1033    726
  1034    726
  1035    726
  1040    726
  1041    726
  1045    726
  1046    726
  1047    726
  1051    726
  1052    726
  1053    726
  1022    727
  1023    727
  1024    727
  1029    727
  1030    727
  1031    727
  1032    727
  1033    727
  1034    727
  1035    727
  1036    727
  1037    727
  1042    727
  1043    727
  1044    727
  1046    727
  1047    727
  1048    727
  1021    728
  1022    728
  1023    728
  1024    728
  1025    728
  1026    728
  1027    728
  1028    728
  1029    728
  1005    729
  1006    729
  1007    729
  1008    729
  1009    729
  1010    729
  1011    729
  1012    729
  1013    729
  1017    729
  1018    729
  1022    729
  1023    729
  1024    729
  1025    729
  1027    729
  1028    729
  1029    729
  1030    729
  1031    729
  1032    729
  1033    729
  1000    730
  1001    730
  1002    730
  1003    730
  1004    730
  1005    730
  1006    730
  1007    730
  1008    730
  1009    730
  1013    730
  1014    730
  1015    730
  1018    730
  1019    730
  1024    730
  1025    730
  1026    730
  1027    730
  1028    730
  1029    730
  1030    730
  1031    730
  1032    730
   994    731
   995    731
   996    731
  1001    731
  1002    731
  1003    731
  1004    731
  1008    731
  1009    731
  1010    731
  1011    731
  1012    731
  1013    731
  1014    731
  1015    731
  1019    731
  1020    731
  1021    731
  1023    731
  1024    731
  1025    731
  1026    731
  1027    731
  1028    731
   989    732
   990    732
   991    732
   992    732
   993    732
   996    732
   997    732
  1003    732
  1004    732
  1005    732
  1008    732
  1009    732
  1010    732
  1014    732
  1015    732
  1016    732
  1017    732
  1021    732
  1022    732
   984    733
   985    733
   986    733
   987    733
   988    733
   989    733
   990    733
   991    733
   992    733
   993    733
   994    733
   997    733
   998    733
   999    733
  1004    733
  1005    733
  1010    733
  1011    733
  1012    733
  1013    733
  1015    733
  1016    733
  1017    733
   984    734
   985    734
   986    734
   987    734
   988    734
   989    734
   994    734
   995    734
   996    734
  1011    734
  1012    734
  1013    734
   965    735
   966    735
   967    735
   989    735
   990    735
   991    735
   992    735
   993    735
   994    735
   995    735
   996    735
   997    735
  1015    735
  1016    735
  1017    735
  1018    735
   961    736
   962    736
   984    736
   985    736
   986    736
   987    736
   988    736
   989    736
   990    736
   991    736
   992    736
   966    737
   967    737
   968    737
   969    737
   973    737
   974    737
   975    737
   980    737
   981    737
   982    737
   983    737
   985    737
   986    737
   987    737
   988    737
   993    737
   994    737
   962    738
   963    738
   964    738
   965    738
   966    738
   968    738
   969    738
   970    738
   971    738
   976    738
   977    738
   978    738
   980    738
   981    738
   982    738
   983    738
   984    738
   989    738
   990    738
   991    738
   959    739
   960    739
   961    739
   962    739
   963    739
   964    739
   965    739
   966    739
   967    739
   968    739
   973    739
   974    739
   975    739
   976    739
   978    739
   979    739
   980    739
   986    739
   987    739
   988    739
   990    739
   991    739
   992    739
   993    739
   955    740
   956    740
   957    740
   958    740
   959    740
   960    740
   961    740
   962    740
   963    740
   970    740
   971    740
   975    740
   976    740
   982    740
   983    740
   984    740
   985    740
   988    740
   989    740
   990    740
   952    741
   953    741
   954    741
   955    741
   956    741
   957    741
   958    741
   959    741
   960    741
   966    741
   967    741
   968    741
   979    741
   980    741
   981    741
   982    741
   985    741
   986    741
   987    741
   949    742
   950    742
   951    742
   954    742
   955    742
   956    742
   957    742
   963    742
   964    742
   965    742
   982    742
   983    742
   984    742
   951    743
   952    743
   953    743
   954    743
   960    743
   961    743
   980    743
   981    743
   935    744
   936    744
   947    744
   948    744
   949    744
   950    744
   957    744
   958    744
   959    744
   963    744
   964    744
   965    744
   955    745
   956    745
   957    745
   961    745
   962    745
   982    745
   983    745
   952    746
   953    746
   954    746
   958    746
   959    746
   935    747
   936    747
   937    747
   938    747
   950    747
   951    747
   952    747
   956    747
   957    747
   932    748
   933    748
   934    748
   935    748
   936    748
   937    748
   948    748
   949    748
   950    748
   954    748
   955    748
   961    748
   962    748
   963    748
   964    748
   965    748
   930    749
   931    749
   932    749
   933    749
   934    749
   935    749
   936    749
   937    749
   938    749
   939    749
   940    749
   947    749
   948    749
   959    749
   960    749
   961    749
   962    749
   963    749
   964    749
   965    749
   928    750
   929    750
   930    750
   931    750
   932    750
   933    750
   934    750
   935    750
   936    750
   937    750
   938    750
   945    750
   946    750
   947    750
   951    750
   952    750
   958    750
   959    750
   960    750
   961    750
   962    750
   963    750
   964    750
   965    750
   966    750
   967    750
   968    750
   927    751
   928    751
   929    751
   930    751
   931    751
   932    751
   933    751
   934    751
   935    751
   936    751
   943    751
   944    751
   945    751
   957    751
   958    751
   959    751
   960    751
   961    751
   962    751
   963    751
   964    751
   965    751
   966    751
   925    752
   926    752
   927    752
   928    752
   929    752
   930    752
   931    752
   932    752
   933    752
   934    752
   935    752
   941    752
   942    752
   943    752
   944    752
   956    752
   957    752
   958    752
   959    752
   960    752
   964    752
   924    753
   925    753
   929    753
   930    753
   931    753
   932    753
   933    753
   940    753
   941    753
   942    753
   943    753
   944    753
   957    753
   958    753
   959    753
   962    753
   963    753
   964    753
   924    754
   925    754
   926    754
   927    754
   929    754
   930    754
   931    754
   932    754
   938    754
   939    754
   940    754
   941    754
   942    754
   943    754
   937    755
   938    755
   939    755
   940    755
   941    755
   942    755
   943    755
   944    755
   936    756
   937    756
   938    756
   939    756
   940    756
   941    756
   942    756
   935    757
   936    757
   937    757
   938    757
   939    757
   940    757
   941    757
   942    757
   933    758
   934    758
   935    758
   936    758
   937    758
   938    758
   939    758
   940    758
   932    759
   933    759
   934    759
   935    759
   936    759
   937    759
   938    759
   939    759
   940    759
   941    759
   931    760
   932    760
   933    760
   934    760
   935    760
   936    760
   937    760
   938    760
   930    761
   931    761
   932    761
   933    761
   934    761
   935    761
   936    761
   937    761
   938    761
   929    762
   930    762
   931    762
   932    762
   933    762
   934    762
   935    762
   936    762
   937    762
   929    763
   930    763
   931    763
   932    763
   933    763
   934    763
   935    763
   936    763
   937    763
   928    764
   929    764
   930    764
   931    764
   932    764
   933    764
   934    764
   935    764
   936    764
   937    764
   928    765
   929    765
   930    765
   931    765
   932    765
   933    765
   934    765
   935    765
   936    765
   927    766
   928    766
   929    766
   930    766
   931    766
   932    766
   933    766
   934    766
   935    766
   927    767
   928    767
   929    767
   930    767
   931    767
   932    767
   933    767
   934    767
   935    767
   927    768
   928    768
   929    768
   930    768
   931    768
   932    768
   933    768
   934    768
   935    768
   927    769
   928    769
   929    769
   930    769
   931    769
   932    769
   933    769
   934    769
   935    769
   927    770
   928    770
   929    770
   930    770
   931    770
   932    770
   933    770
   934    770
   935    770
   927    771
   928    771
   929    771
   930    771
   931    771
   932    771
   933    771
   934    771
   935    771
   927    772
   928    772
   929    772
   930    772
   931    772
   932    772
   933    772
   934    772
   935    772
   926    773
   927    773
   928    773
   929    773
   930    773
   931    773
   932    773
   933    773
   934    773
   935    773
   927    774
   928    774
   929    774
   930    774
   931    774
   932    774
   933    774
   934    774
   935    774
   926    775
   927    775
   928    775
   929    775
   930    775
   931    775
   932    775
   933    775
   934    775
   935    775
   926    776
   927    776
   928    776
   929    776
   930    776
   931    776
   932    776
   933    776
   934    776
   935    776
   926    777
   927    777
   928    777
   929    777
   930    777
   931    777
   932    777
   933    777
   934    777
   935    777
   926    778
   927    778
   928    778
   929    778
   930    778
   931    778
   932    778
   933    778
   934    778
   935    778
   926    779
   927    779
   928    779
   929    779
   930    779
   931    779
   932    779
   933    779
   934    779
   935    779
   926    780
   927    780
   928    780
   929    780
   930    780
   931    780
   932    780
   933    780
   934    780
   935    780
   926    781
   927    781
   928    781
   929    781
   926    782
   927    782
   928    782
   935    782
   936    782
   926    783
   927    783
   928    783
   929    783
   930    783
   931    783
   932    783
   926    784
   927    784
   928    784
   929    784
   930    784
   931    784
   932    784
   933    784
   934    784
   935    784
   936    784
   927    785
   928    785
   929    785
   930    785
   931    785
   932    785
   933    785
   934    785
   935    785
   936    785
   927    786
   928    786
   929    786
   930    786
   931    786
   932    786
   933    786
   934    786
   935    786
   936    786
   928    787
   929    787
   930    787
   931    787
   932    787
   933    787
   934    787
   935    787
   936    787
   933    788
   934    788
