   969    737
   964    738
   965    738
   966    738
   967    738
   961    739
   962    739
   963    739
   966    739
   967    739
   968    739
   969    739
   956    740
   957    740
   958    740
   959    740
   960    740
   963    740
   964    740
   965    740
   954    741
   955    741
   956    741
   957    741
   958    741
   959    741
   960    741
   961    741
   950    742
   951    742
   952    742
   953    742
   954    742
   955    742
   956    742
   957    742
   958    742
   959    742
   946    743
   947    743
   948    743
   949    743
   950    743
   953    743
   954    743
   955    743
   948    744
   949    744
   950    744
   951    744
   952    744
   953    744
   958    744
   959    744
   960    744
   956    745
   957    745
   958    745
   953    746
   954    746
   955    746
   938    747
   951    747
   952    747
   953    747
   933    748
   934    748
   935    748
   936    748
   949    748
   950    748
   951    748
   931    749
   932    749
   933    749
   934    749
   935    749
   936    749
   937    749
   938    749
   939    749
   940    749
   947    749
   948    749
   949    749
   950    749
   929    750
   930    750
   931    750
   932    750
   933    750
   934    750
   935    750
   936    750
   937    750
   938    750
   939    750
   946    750
   947    750
   948    750
   949    750
   950    750
   928    751
   929    751
   930    751
   931    751
   932    751
   933    751
   934    751
   935    751
   936    751
   937    751
   944    751
   945    751
   946    751
   947    751
   948    751
   926    752
   927    752
   928    752
   929    752
   930    752
   931    752
   932    752
   933    752
   934    752
   935    752
   936    752
   942    752
   943    752
   944    752
   945    752
   946    752
   925    753
   926    753
   928    753
   929    753
   930    753
   931    753
   932    753
   933    753
   934    753
   941    753
   942    753
   943    753
   944    753
   945    753
   928    754
   929    754
   930    754
   931    754
   932    754
   933    754
   939    754
   940    754
   941    754
   942    754
   943    754
   944    754
   937    755
   938    755
   939    755
   940    755
   941    755
   942    755
   943    755
   937    756
   938    756
   939    756
   940    756
   941    756
   935    757
   936    757
   937    757
   938    757
   939    757
   940    757
   941    757
   934    758
   935    758
   936    758
   937    758
   938    758
   939    758
   940    758
   933    759
   934    759
   935    759
   936    759
   937    759
   938    759
   939    759
   940    759
   932    760
   933    760
   934    760
   935    760
   936    760
   937    760
   938    760
   931    761
   932    761
   933    761
   934    761
   935    761
   936    761
   937    761
   938    761
   930    762
   931    762
   932    762
   933    762
   934    762
   935    762
   936    762
   937    762
   938    762
   929    763
   930    763
   931    763
   932    763
   933    763
   934    763
   935    763
   936    763
   937    763
   929    764
   930    764
   931    764
   932    764
   933    764
   934    764
   935    764
   936    764
   929    765
   930    765
   931    765
   932    765
   933    765
   934    765
   935    765
   936    765
   928    766
   929    766
   930    766
   931    766
   932    766
   933    766
   934    766
   935    766
   936    766
   928    767
   929    767
   930    767
   931    767
   932    767
   933    767
   934    767
   935    767
   927    768
   928    768
   929    768
   930    768
   931    768
   932    768
   933    768
   934    768
   927    769
   928    769
   929    769
   930    769
   931    769
   932    769
   933    769
   934    769
   927    770
   928    770
   929    770
   930    770
   931    770
   932    770
   933    770
   934    770
   927    771
   928    771
   929    771
   930    771
   931    771
   932    771
   933    771
   934    771
   927    772
   928    772
   929    772
   930    772
   931    772
   932    772
   933    772
   934    772
   927    773
   928    773
   929    773
   930    773
   931    773
   932    773
   933    773
   927    774
   928    774
   929    774
   930    774
   931    774
   932    774
   926    775
   927    775
   928    775
   929    775
   930    775
   931    775
   932    775
