  1172    705
  1173    705
  1166    706
  1167    706
  1168    706
  1169    706
  1170    706
  1153    707
  1154    707
  1155    707
  1156    707
  1157    707
  1163    707
  1164    707
  1197    708
  1199    708
  1200    708
  1201    708
  1176    709
  1177    709
  1178    709
  1179    709
  1180    709
  1181    709
  1183    709
  1184    709
  1185    709
  1188    709
  1189    709
  1190    709
  1191    709
  1209    709
  1147    710
  1148    710
  1149    710
  1150    710
  1151    710
  1152    710
  1153    710
  1154    710
  1155    710
  1156    710
  1157    710
  1158    710
  1159    710
  1160    710
  1161    710
  1162    710
  1163    710
  1164    710
  1165    710
  1166    710
  1167    710
  1168    710
  1133    711
  1140    711
  1141    711
  1142    711
  1143    711
  1144    711
  1145    711
  1146    711
  1147    711
  1148    711
  1149    711
  1150    711
  1151    711
  1152    711
  1153    711
  1154    711
  1155    711
  1156    711
  1157    711
  1158    711
  1159    711
  1160    711
  1111    712
  1112    712
  1124    712
  1125    712
  1126    712
  1127    712
  1128    712
  1129    712
  1130    712
  1131    712
  1132    712
  1133    712
  1134    712
  1135    712
  1136    712
  1137    712
  1138    712
  1139    712
  1140    712
  1141    712
  1142    712
  1143    712
  1144    712
  1145    712
  1146    712
  1155    712
  1156    712
  1157    712
  1158    712
  1159    712
  1160    712
  1161    712
  1162    712
  1163    712
  1164    712
  1165    712
  1090    713
  1091    713
  1092    713
  1093    713
  1094    713
  1095    713
  1096    713
  1097    713
  1119    713
  1120    713
  1121    713
  1122    713
  1123    713
  1130    713
  1131    713
  1132    713
  1133    713
  1134    713
  1159    713
  1160    713
  1161    713
  1094    714
  1095    714
  1096    714
  1097    714
  1098    714
  1099    714
  1104    714
  1105    714
  1106    714
  1107    714
  1108    714
  1109    714
  1119    714
  1120    714
  1121    714
  1122    714
  1146    714
  1147    714
  1148    714
  1149    714
  1150    714
  1083    715
  1112    715
  1113    715
  1135    715
  1138    715
  1139    715
  1140    715
  1141    715
  1142    715
  1095    716
  1096    716
  1097    716
  1098    716
  1099    716
  1107    716
  1108    716
  1109    716
  1110    716
  1111    716
  1088    717
  1089    717
  1090    717
  1091    717
  1092    717
  1093    717
  1094    717
  1095    717
  1078    718
  1079    718
  1080    718
  1081    718
  1087    718
  1088    718
  1089    718
  1090    718
  1091    718
  1092    718
  1093    718
  1094    718
  1095    718
  1096    718
  1097    718
  1098    718
  1099    718
  1100    718
  1105    718
  1106    718
  1107    718
  1108    718
  1109    718
  1110    718
  1069    719
  1070    719
  1071    719
  1072    719
  1073    719
  1074    719
  1086    719
  1087    719
  1088    719
  1089    719
  1090    719
  1091    719
  1092    719
  1093    719
  1094    719
  1095    719
  1096    719
  1097    719
  1099    719
  1100    719
  1101    719
  1104    719
  1063    720
  1064    720
  1065    720
  1069    720
  1070    720
  1071    720
  1090    720
  1091    720
  1038    721
  1039    721
  1040    721
  1041    721
  1063    721
  1064    721
  1065    721
  1066    721
  1067    721
  1068    721
  1069    721
  1070    721
  1071    721
  1045    722
  1046    722
  1047    722
  1048    722
  1049    722
  1050    722
  1051    722
  1052    722
  1053    722
  1054    722
  1055    722
  1056    722
  1057    722
  1058    722
  1059    722
  1060    722
  1062    722
  1063    722
  1064    722
  1065    722
  1066    722
  1067    722
  1068    722
  1069    722
  1070    722
  1071    722
  1039    723
  1040    723
  1041    723
  1042    723
  1043    723
  1044    723
  1045    723
  1046    723
  1047    723
  1048    723
  1049    723
  1050    723
  1051    723
  1052    723
  1053    723
  1054    723
  1055    723
  1056    723
  1057    723
  1058    723
  1060    723
  1061    723
  1062    723
  1069    723
  1070    723
  1071    723
  1031    724
  1032    724
  1033    724
  1034    724
  1035    724
  1036    724
  1039    724
  1040    724
  1041    724
  1042    724
  1043    724
  1044    724
  1045    724
  1046    724
  1047    724
  1048    724
  1049    724
  1050    724
  1051    724
  1052    724
  1053    724
  1054    724
  1055    724
  1056    724
  1057    724
  1064    724
  1065    724
  1026    725
  1027    725
  1028    725
  1029    725
  1030    725
  1031    725
  1032    725
  1033    725
  1034    725
  1035    725
  1036    725
  1037    725
  1040    725
  1041    725
  1042    725
  1043    725
  1044    725
  1047    725
  1048    725
  1049    725
  1050    725
  1051    725
  1052    725
  1055    725
  1056    725
  1057    725
  1058    725
  1059    725
  1021    726
  1022    726
  1023    726
  1024    726
  1025    726
  1026    726
  1027    726
  1028    726
  1029    726
  1030    726
  1031    726
  1032    726
  1033    726
  1034    726
  1043    726
  1044    726
  1045    726
  1046    726
  1049    726
  1050    726
  1051    726
  1028    727
  1029    727
  1030    727
  1031    727
  1032    727
  1033    727
  1034    727
  1035    727
  1042    727
  1043    727
  1044    727
  1045    727
  1046    727
  1010    728
  1022    728
  1023    728
  1024    728
  1025    728
  1026    728
  1027    728
  1028    728
  1004    729
  1005    729
  1006    729
  1010    729
  1011    729
  1012    729
  1015    729
  1016    729
  1017    729
  1018    729
  1019    729
  1020    729
  1021    729
  1022    729
  1023    729
  1026    729
  1027    729
  1028    729
  1029    729
  1030    729
  1031    729
  1032    729
  1033    729
  1034    729
  1035    729
   998    730
   999    730
  1000    730
  1001    730
  1002    730
  1004    730
  1005    730
  1006    730
  1007    730
  1012    730
  1013    730
  1014    730
  1016    730
  1017    730
  1018    730
  1022    730
  1023    730
  1024    730
  1025    730
  1026    730
  1028    730
  1029    730
  1030    730
   992    731
   993    731
   994    731
   995    731
   996    731
   998    731
   999    731
  1000    731
  1001    731
  1002    731
  1003    731
  1007    731
  1008    731
  1009    731
  1011    731
  1012    731
  1013    731
  1014    731
  1018    731
  1019    731
  1020    731
  1023    731
  1024    731
  1025    731
  1026    731
   988    732
   989    732
   990    732
   991    732
   992    732
   993    732
   994    732
   995    732
   996    732
  1001    732
  1002    732
  1003    732
  1007    732
  1008    732
  1009    732
  1013    732
  1014    732
  1015    732
  1016    732
  1018    732
  1019    732
  1020    732
  1021    732
   982    733
   983    733
   984    733
   985    733
   986    733
   987    733
   988    733
   989    733
   990    733
   991    733
   992    733
   996    733
   997    733
   998    733
   999    733
  1008    733
  1009    733
  1010    733
  1014    733
  1015    733
  1016    733
   982    734
   983    734
   984    734
   985    734
   986    734
   987    734
   988    734
   992    734
   993    734
   994    734
   995    734
   996    734
   997    734
   998    734
   999    734
  1000    734
  1010    734
  1011    734
  1012    734
   988    735
   989    735
   990    735
   991    735
   992    735
   993    735
   994    735
   995    735
   996    735
   973    736
   984    736
   985    736
   986    736
   987    736
   988    736
   989    736
   990    736
   965    737
   966    737
   967    737
   968    737
   972    737
   973    737
   974    737
   979    737
   980    737
   981    737
   982    737
   983    737
   984    737
   985    737
   986    737
   987    737
   992    737
   993    737
   953    738
   954    738
   961    738
   962    738
   963    738
   964    738
   967    738
   968    738
   969    738
   970    738
   975    738
   976    738
   977    738
   980    738
   981    738
   982    738
   983    738
   988    738
   989    738
   990    738
   994    738
   995    738
   958    739
   959    739
   960    739
   964    739
   965    739
   966    739
   972    739
   973    739
   974    739
   977    739
   978    739
   979    739
   985    739
   986    739
   990    739
   991    739
   992    739
   955    740
   956    740
   957    740
   958    740
   961    740
   962    740
   963    740
   968    740
   969    740
   974    740
   975    740
   981    740
   982    740
   983    740
   987    740
   988    740
   989    740
   951    741
   952    741
   953    741
   954    741
   955    741
   956    741
   957    741
   958    741
   959    741
   965    741
   966    741
   978    741
   979    741
   984    741
   985    741
   986    741
   948    742
   949    742
   950    742
   953    742
   954    742
   955    742
   956    742
   962    742
   963    742
   982    742
   983    742
   945    743
   950    743
   951    743
   952    743
   953    743
   959    743
   960    743
   956    744
   957    744
   962    744
   963    744
   964    744
   953    745
   954    745
   955    745
   959    745
   960    745
   961    745
   951    746
   952    746
   953    746
   957    746
   958    746
   934    747
   935    747
   936    747
   949    747
   950    747
   951    747
   956    747
   964    747
   965    747
   966    747
   932    748
   933    748
   934    748
   935    748
   936    748
   947    748
   948    748
   949    748
   954    748
   955    748
   961    748
   962    748
   963    748
   964    748
   930    749
   931    749
   932    749
   933    749
   934    749
   935    749
   936    749
   937    749
   938    749
   939    749
   945    749
   946    749
   947    749
   959    749
   960    749
   961    749
   962    749
   963    749
   964    749
   965    749
   928    750
   929    750
   930    750
   931    750
   932    750
   933    750
   934    750
   935    750
   936    750
   937    750
   943    750
   944    750
   945    750
   946    750
   947    750
   957    750
   958    750
   959    750
   960    750
   961    750
   962    750
   963    750
   964    750
   965    750
   966    750
   967    750
   926    751
   927    751
   928    751
   929    751
   930    751
   931    751
   932    751
   933    751
   934    751
   935    751
   943    751
   944    751
   945    751
   946    751
   956    751
   957    751
   958    751
   959    751
   960    751
   961    751
   962    751
   963    751
   964    751
   965    751
   925    752
   926    752
   927    752
   928    752
   929    752
   930    752
   931    752
   932    752
   933    752
   934    752
   941    752
   942    752
   943    752
   955    752
   956    752
   957    752
   958    752
   959    752
   960    752
   961    752
   963    752
   964    752
   928    753
   929    753
   930    753
   931    753
   932    753
   933    753
   939    753
   940    753
   941    753
   942    753
   943    753
   938    754
   939    754
   940    754
   941    754
   942    754
   943    754
   955    754
   956    754
   957    754
   958    754
   959    754
   960    754
   937    755
   938    755
   939    755
   940    755
   941    755
   942    755
   943    755
   936    756
   937    756
   938    756
   939    756
   940    756
   941    756
   942    756
   934    757
   935    757
   936    757
   937    757
   938    757
   939    757
   940    757
   941    757
   942    757
   932    758
   933    758
   934    758
   935    758
   936    758
   937    758
   938    758
   939    758
   940    758
   941    758
   931    759
   932    759
   933    759
   934    759
   935    759
   936    759
   937    759
   938    759
   939    759
   940    759
   931    760
   932    760
   933    760
   934    760
   935    760
   936    760
   937    760
   938    760
   939    760
   930    761
   931    761
   932    761
   933    761
   934    761
   935    761
   936    761
   937    761
   929    762
   930    762
   931    762
   932    762
   933    762
   934    762
   935    762
   936    762
   929    763
   930    763
   931    763
   932    763
   933    763
   934    763
   935    763
   936    763
   928    764
   929    764
   930    764
   931    764
   932    764
   933    764
   934    764
   935    764
   928    765
   929    765
   930    765
   931    765
   932    765
   933    765
   934    765
   935    765
   927    766
   928    766
   929    766
   930    766
   931    766
   932    766
   933    766
   934    766
   935    766
   927    767
   928    767
   929    767
   930    767
   931    767
   932    767
   933    767
   934    767
   935    767
   927    768
   928    768
   929    768
   930    768
   931    768
   932    768
   933    768
   934    768
   935    768
   927    769
   928    769
   929    769
   930    769
   931    769
   932    769
   933    769
   934    769
   927    770
   928    770
   929    770
   930    770
   931    770
   932    770
   933    770
   934    770
   935    770
   926    771
   927    771
   928    771
   929    771
   930    771
   931    771
   932    771
   933    771
   934    771
   927    772
   928    772
   929    772
   930    772
   931    772
   932    772
   933    772
   934    772
   935    772
   926    773
   927    773
   928    773
   929    773
   930    773
   931    773
   932    773
   933    773
   934    773
   935    773
   927    774
   928    774
   929    774
   930    774
   931    774
   932    774
   933    774
   934    774
   935    774
   926    775
   927    775
   928    775
   929    775
   930    775
   931    775
   932    775
   933    775
   934    775
   935    775
   926    776
   927    776
   928    776
   929    776
   930    776
   931    776
   932    776
   933    776
   934    776
   935    776
   926    777
   927    777
   928    777
   929    777
   930    777
   931    777
   932    777
   933    777
   934    777
   935    777
   926    778
   927    778
   928    778
   929    778
   930    778
   931    778
   932    778
   933    778
   934    778
   935    778
   926    779
   927    779
   928    779
   929    779
   930    779
   931    779
   932    779
   933    779
   934    779
   935    779
   926    780
   927    780
   926    782
   927    782
   928    782
   929    782
   926    783
   927    783
   928    783
   930    783
   931    783
   932    783
   933    783
   934    783
   935    783
   936    783
   927    784
   928    784
   929    784
   930    784
   931    784
   932    784
   933    784
   934    784
   935    784
   936    784
   927    785
   928    785
   929    785
   930    785
   931    785
   932    785
   933    785
   934    785
   935    785
   936    785
   927    786
   928    786
   929    786
   930    786
   931    786
   932    786
   933    786
   934    786
   935    786
   936    786
   930    787
   931    787
   932    787
   933    787
   934    787
   935    787
   933    788
   934    788
