  1195    709
  1196    709
  1197    709
  1198    709
  1199    709
  1179    710
  1180    710
  1181    710
  1182    710
  1183    710
  1184    710
  1148    711
  1149    711
  1150    711
  1151    711
  1136    712
  1137    712
  1138    712
  1139    712
  1140    712
  1141    712
  1142    712
  1143    712
  1145    712
  1146    712
  1147    712
  1148    712
  1149    712
  1150    712
  1151    712
  1152    712
  1162    712
  1163    712
  1164    712
  1165    712
  1177    712
  1178    712
  1179    712
  1114    713
  1129    713
  1130    713
  1131    713
  1135    713
  1136    713
  1137    713
  1138    713
  1139    713
  1140    713
  1141    713
  1142    713
  1148    713
  1149    713
  1150    713
  1151    713
  1152    713
  1167    713
  1089    714
  1090    714
  1091    714
  1092    714
  1093    714
  1115    714
  1116    714
  1117    714
  1118    714
  1119    714
  1129    714
  1130    714
  1131    714
  1132    714
  1133    714
  1134    714
  1135    714
  1136    714
  1137    714
  1138    714
  1139    714
  1140    714
  1141    714
  1096    715
  1097    715
  1098    715
  1099    715
  1100    715
  1101    715
  1119    715
  1120    715
  1121    715
  1122    715
  1150    715
  1151    715
  1115    716
  1116    716
  1117    716
  1098    717
  1099    717
  1100    717
  1101    717
  1102    717
  1103    717
  1104    717
  1112    717
  1113    717
  1114    717
  1115    717
  1119    717
  1090    718
  1091    718
  1092    718
  1093    718
  1094    718
  1095    718
  1096    718
  1097    718
  1098    718
  1099    718
  1100    718
  1101    718
  1102    718
  1103    718
  1104    718
  1105    718
  1106    718
  1107    718
  1108    718
  1117    718
  1118    718
  1119    718
  1082    719
  1083    719
  1084    719
  1088    719
  1089    719
  1090    719
  1091    719
  1092    719
  1093    719
  1094    719
  1095    719
  1096    719
  1097    719
  1098    719
  1099    719
  1100    719
  1101    719
  1102    719
  1103    719
  1111    719
  1112    719
  1113    719
  1073    720
  1074    720
  1075    720
  1076    720
  1086    720
  1087    720
  1088    720
  1089    720
  1090    720
  1091    720
  1092    720
  1093    720
  1094    720
  1095    720
  1096    720
  1097    720
  1098    720
  1102    720
  1103    720
  1104    720
  1068    721
  1069    721
  1070    721
  1071    721
  1072    721
  1073    721
  1074    721
  1075    721
  1093    721
  1094    721
  1095    721
  1096    721
  1097    721
  1069    722
  1070    722
  1071    722
  1072    722
  1073    722
  1075    722
  1076    722
  1077    722
  1050    723
  1051    723
  1052    723
  1053    723
  1054    723
  1055    723
  1056    723
  1057    723
  1058    723
  1061    723
  1062    723
  1063    723
  1068    723
  1069    723
  1070    723
  1071    723
  1072    723
  1073    723
  1042    724
  1043    724
  1044    724
  1045    724
  1046    724
  1047    724
  1048    724
  1049    724
  1050    724
  1051    724
  1052    724
  1053    724
  1054    724
  1055    724
  1056    724
  1057    724
  1058    724
  1059    724
  1060    724
  1061    724
  1062    724
  1063    724
  1064    724
  1065    724
  1066    724
  1036    725
  1037    725
  1038    725
  1039    725
  1042    725
  1043    725
  1044    725
  1045    725
  1047    725
  1048    725
  1049    725
  1050    725
  1051    725
  1052    725
  1053    725
  1054    725
  1055    725
  1058    725
  1059    725
  1060    725
  1067    725
  1068    725
  1031    726
  1032    726
  1033    726
  1034    726
  1035    726
  1036    726
  1037    726
  1038    726
  1039    726
  1040    726
  1041    726
  1042    726
  1043    726
  1044    726
  1045    726
  1046    726
  1047    726
  1048    726
  1049    726
  1050    726
  1053    726
  1054    726
  1055    726
  1056    726
  1061    726
  1062    726
  1024    727
  1025    727
  1029    727
  1030    727
  1031    727
  1032    727
  1033    727
  1034    727
  1035    727
  1036    727
  1037    727
  1038    727
  1039    727
  1043    727
  1044    727
  1048    727
  1049    727
  1050    727
  1051    727
  1052    727
  1053    727
  1054    727
  1055    727
  1056    727
  1057    727
  1031    728
  1032    728
  1033    728
  1034    728
  1035    728
  1036    728
  1037    728
  1038    728
  1039    728
  1040    728
  1047    728
  1050    728
  1051    728
  1026    729
  1027    729
  1028    729
  1029    729
  1030    729
  1031    729
  1032    729
  1033    729
  1008    730
  1009    730
  1010    730
  1011    730
  1012    730
  1013    730
  1014    730
  1015    730
  1016    730
  1020    730
  1021    730
  1022    730
  1023    730
  1024    730
  1025    730
  1026    730
  1027    730
  1028    730
  1029    730
  1032    730
  1033    730
  1034    730
  1035    730
  1036    730
  1037    730
  1003    731
  1004    731
  1005    731
  1006    731
  1007    731
  1008    731
  1009    731
  1010    731
  1011    731
  1012    731
  1016    731
  1017    731
  1018    731
  1019    731
  1020    731
  1021    731
  1022    731
  1023    731
  1024    731
  1027    731
  1028    731
  1029    731
  1033    731
  1034    731
   998    732
   999    732
  1000    732
  1001    732
  1002    732
  1003    732
  1004    732
  1005    732
  1006    732
  1011    732
  1012    732
  1013    732
  1014    732
  1015    732
  1016    732
  1017    732
  1018    732
  1023    732
  1024    732
  1025    732
  1028    732
  1029    732
  1030    732
  1031    732
   993    733
   994    733
   995    733
   996    733
   997    733
   998    733
   999    733
  1000    733
  1001    733
  1002    733
  1006    733
  1007    733
  1008    733
  1009    733
  1010    733
  1011    733
  1012    733
  1013    733
  1018    733
  1019    733
  1020    733
  1021    733
  1024    733
  1025    733
  1026    733
   988    734
   989    734
   990    734
   991    734
   992    734
   993    734
   994    734
   995    734
   996    734
   997    734
  1002    734
  1003    734
  1004    734
  1007    734
  1008    734
  1009    734
  1014    734
  1015    734
  1016    734
  1019    734
  1020    734
  1021    734
  1022    734
   987    735
   988    735
   989    735
   990    735
   991    735
   992    735
   993    735
   998    735
   999    735
  1000    735
  1003    735
  1004    735
  1005    735
  1010    735
  1011    735
  1015    735
  1016    735
  1017    735
   993    736
   994    736
   995    736
   996    736
   997    736
   999    736
  1000    736
   989    737
   990    737
   991    737
   992    737
   993    737
   994    737
   995    737
   996    737
   984    738
   985    738
   986    738
   987    738
   988    738
   989    738
   990    738
   991    738
   992    738
   966    739
   967    739
   968    739
   969    739
   973    739
   974    739
   975    739
   986    739
   987    739
   988    739
   994    739
   995    739
   996    739
   963    740
   964    740
   965    740
   966    740
   969    740
   970    740
   971    740
   983    740
   984    740
   991    740
   992    740
   993    740
   995    740
   996    740
   997    740
   998    740
   959    741
   960    741
   961    741
   962    741
   963    741
   964    741
   965    741
   966    741
   967    741
   974    741
   975    741
   987    741
   988    741
   989    741
   990    741
   992    741
   993    741
   994    741
   956    742
   957    742
   958    742
   959    742
   961    742
   962    742
   963    742
   964    742
   970    742
   971    742
   972    742
   983    742
   984    742
   985    742
   986    742
   990    742
   991    742
   992    742
   952    743
   953    743
   954    743
   955    743
   956    743
   957    743
   958    743
   959    743
   960    743
   961    743
   967    743
   968    743
   974    743
   981    743
   982    743
   983    743
   987    743
   988    743
   949    744
   950    744
   951    744
   952    744
   953    744
   955    744
   956    744
   957    744
   958    744
   964    744
   965    744
   966    744
   984    744
   985    744
   986    744
   952    745
   953    745
   954    745
   955    745
   961    745
   962    745
   963    745
   949    746
   950    746
   951    746
   952    746
   959    746
   960    746
   964    746
   965    746
   966    746
   956    747
   957    747
   958    747
   962    747
   963    747
   954    748
   955    748
   956    748
   960    748
   961    748
   936    749
   937    749
   938    749
   939    749
   952    749
   953    749
   954    749
   955    749
   958    749
   959    749
   933    750
   934    750
   935    750
   936    750
   937    750
   938    750
   950    750
   951    750
   952    750
   953    750
   954    750
   955    750
   956    750
   957    750
   964    750
   965    750
   966    750
   967    750
   932    751
   933    751
   934    751
   935    751
   936    751
   937    751
   938    751
   939    751
   948    751
   949    751
   950    751
   951    751
   952    751
   953    751
   954    751
   955    751
   962    751
   963    751
   964    751
   965    751
   929    752
   930    752
   931    752
   932    752
   933    752
   934    752
   935    752
   936    752
   937    752
   938    752
   939    752
   947    752
   948    752
   949    752
   953    752
   954    752
   961    752
   962    752
   963    752
   964    752
   965    752
   966    752
   928    753
   929    753
   930    753
   931    753
   932    753
   933    753
   934    753
   935    753
   936    753
   937    753
   938    753
   945    753
   946    753
   947    753
   948    753
   959    753
   960    753
   961    753
   962    753
   963    753
   964    753
   965    753
   966    753
   967    753
   968    753
   927    754
   928    754
   929    754
   930    754
   931    754
   932    754
   933    754
   934    754
   935    754
   936    754
   943    754
   944    754
   945    754
   946    754
   947    754
   958    754
   959    754
   960    754
   961    754
   962    754
   963    754
   964    754
   965    754
   966    754
   967    754
   925    755
   926    755
   927    755
   928    755
   929    755
   930    755
   931    755
   932    755
   933    755
   934    755
   935    755
   942    755
   943    755
   944    755
   945    755
   946    755
   947    755
   956    755
   957    755
   958    755
   959    755
   960    755
   961    755
   962    755
   963    755
   964    755
   965    755
   966    755
   928    756
   929    756
   932    756
   933    756
   940    756
   941    756
   942    756
   943    756
   944    756
   945    756
   946    756
   958    756
   959    756
   960    756
   961    756
   962    756
   963    756
   964    756
   965    756
   939    757
   940    757
   941    757
   942    757
   943    757
   944    757
   945    757
   957    757
   958    757
   959    757
   960    757
   961    757
   962    757
   963    757
   938    758
   939    758
   940    758
   941    758
   942    758
   943    758
   944    758
   937    759
   938    759
   939    759
   940    759
   941    759
   942    759
   935    760
   936    760
   937    760
   938    760
   939    760
   940    760
   941    760
   942    760
   934    761
   935    761
   936    761
   937    761
   938    761
   939    761
   940    761
   941    761
   933    762
   934    762
   935    762
   936    762
   937    762
   938    762
   939    762
   940    762
   932    763
   933    763
   934    763
   935    763
   936    763
   937    763
   938    763
   939    763
   931    764
   932    764
   933    764
   934    764
   935    764
   936    764
   937    764
   938    764
   939    764
   931    765
   932    765
   933    765
   934    765
   935    765
   936    765
   937    765
   938    765
   930    766
   931    766
   932    766
   933    766
   934    766
   935    766
   936    766
   937    766
   929    767
   930    767
   931    767
   932    767
   933    767
   934    767
   935    767
   936    767
   937    767
   929    768
   930    768
   931    768
   932    768
   933    768
   934    768
   935    768
   936    768
   928    769
   929    769
   930    769
   931    769
   932    769
   933    769
   934    769
   935    769
   936    769
   928    770
   929    770
   930    770
   931    770
   932    770
   933    770
   934    770
   935    770
   936    770
   927    771
   928    771
   929    771
   930    771
   931    771
   932    771
   933    771
   934    771
   935    771
   936    771
   928    772
   929    772
   930    772
   931    772
   932    772
   933    772
   934    772
   935    772
   936    772
   927    773
   928    773
   929    773
   930    773
   931    773
   932    773
   933    773
   934    773
   935    773
   936    773
   928    774
   929    774
   930    774
   931    774
   932    774
   933    774
   934    774
   935    774
   936    774
   937    774
   927    775
   928    775
   929    775
   930    775
   931    775
   932    775
   933    775
   934    775
   935    775
   936    775
   927    776
   928    776
   929    776
   930    776
   931    776
   932    776
   933    776
   934    776
   935    776
   936    776
   927    777
   928    777
   929    777
   930    777
   931    777
   932    777
   933    777
   934    777
   935    777
   936    777
   927    778
   928    778
   929    778
   930    778
   931    778
   932    778
   933    778
   934    778
   935    778
   936    778
   927    779
   928    779
   929    779
   930    779
   931    779
   932    779
   933    779
   934    779
   935    779
   936    779
   927    780
   928    780
   929    780
   930    780
   931    780
   932    780
   933    780
   934    780
   935    780
   936    780
   927    781
   928    781
   929    781
   930    781
   931    781
   932    781
   933    781
   934    781
   935    781
   936    781
   927    782
   928    782
   929    782
   930    782
   931    782
   932    782
   933    782
   934    782
   935    782
   936    782
   927    783
   928    783
   929    783
   930    783
   931    783
   932    783
   933    783
   934    783
   935    783
   936    783
   927    784
   928    784
   929    784
   930    784
   931    784
   932    784
   933    784
   934    784
   935    784
   936    784
   930    785
   931    785
   932    785
   933    785
   934    785
   935    785
   936    785
   937    785
