  1049    723
  1050    723
  1051    723
  1052    723
  1053    723
  1054    723
  1055    723
  1057    723
  1058    723
  1041    724
  1042    724
  1043    724
  1046    724
  1047    724
  1048    724
  1049    724
  1050    724
  1051    724
  1052    724
  1053    724
  1054    724
  1055    724
  1056    724
  1036    725
  1037    725
  1038    725
  1043    725
  1044    725
  1045    725
  1047    725
  1048    725
  1049    725
  1050    725
  1051    725
  1052    725
  1053    725
  1054    725
  1055    725
  1056    725
  1030    726
  1031    726
  1032    726
  1033    726
  1034    726
  1035    726
  1036    726
  1037    726
  1038    726
  1039    726
  1040    726
  1041    726
  1042    726
  1043    726
  1044    726
  1045    726
  1046    726
  1047    726
  1048    726
  1049    726
  1050    726
  1053    726
  1054    726
  1055    726
  1025    727
  1026    727
  1028    727
  1029    727
  1030    727
  1031    727
  1032    727
  1033    727
  1034    727
  1035    727
  1036    727
  1037    727
  1038    727
  1039    727
  1042    727
  1043    727
  1044    727
  1048    727
  1049    727
  1050    727
  1051    727
  1054    727
  1055    727
  1028    728
  1029    728
  1030    728
  1031    728
  1032    728
  1033    728
  1034    728
  1035    728
  1036    728
  1037    728
  1038    728
  1039    728
  1046    728
  1047    728
  1048    728
  1049    728
  1050    728
  1026    729
  1027    729
  1028    729
  1029    729
  1030    729
  1031    729
  1032    729
  1008    730
  1009    730
  1010    730
  1011    730
  1012    730
  1013    730
  1014    730
  1015    730
  1016    730
  1020    730
  1021    730
  1022    730
  1023    730
  1024    730
  1025    730
  1026    730
  1027    730
  1028    730
  1032    730
  1033    730
  1034    730
  1035    730
  1036    730
  1037    730
  1002    731
  1003    731
  1004    731
  1005    731
  1006    731
  1007    731
  1008    731
  1009    731
  1010    731
  1011    731
  1015    731
  1016    731
  1017    731
  1018    731
  1019    731
  1020    731
  1021    731
  1022    731
  1023    731
  1027    731
  1028    731
  1029    731
  1030    731
  1031    731
  1032    731
  1033    731
  1034    731
  1035    731
  1036    731
   997    732
   998    732
   999    732
  1000    732
  1003    732
  1004    732
  1005    732
  1010    732
  1011    732
  1012    732
  1013    732
  1014    732
  1015    732
  1016    732
  1017    732
  1021    732
  1022    732
  1023    732
  1024    732
  1027    732
  1028    732
  1029    732
   992    733
   993    733
   994    733
   995    733
   996    733
   997    733
   998    733
   999    733
  1000    733
  1001    733
  1006    733
  1007    733
  1008    733
  1009    733
  1010    733
  1011    733
  1012    733
  1013    733
  1017    733
  1018    733
  1019    733
  1020    733
  1021    733
  1022    733
  1023    733
  1024    733
  1025    733
   987    734
   988    734
   989    734
   990    734
   991    734
   992    734
   993    734
   994    734
   995    734
   996    734
   997    734
  1002    734
  1003    734
  1007    734
  1008    734
  1009    734
  1013    734
  1014    734
  1015    734
  1016    734
  1017    734
  1018    734
  1019    734
  1020    734
  1021    734
  1022    734
   986    735
   987    735
   988    735
   989    735
   990    735
   991    735
   992    735
   997    735
   998    735
   999    735
  1000    735
  1009    735
  1010    735
  1015    735
  1016    735
   992    736
   993    736
   994    736
   995    736
   996    736
   997    736
   999    736
  1000    736
  1011    736
  1012    736
   988    737
   989    737
   990    737
   991    737
   992    737
   993    737
   994    737
   995    737
   996    737
   970    738
   983    738
   984    738
   985    738
   986    738
   987    738
   988    738
   989    738
   990    738
   991    738
   997    738
   998    738
   999    738
   966    739
   967    739
   968    739
   973    739
   974    739
   975    739
   979    739
   980    739
   981    739
   985    739
   986    739
   987    739
   988    739
   993    739
   994    739
   995    739
   996    739
   961    740
   962    740
   963    740
   964    740
   967    740
   968    740
   969    740
   970    740
   971    740
   977    740
   982    740
   983    740
   984    740
   989    740
   990    740
   991    740
   992    740
   993    740
   994    740
   995    740
   996    740
   997    740
   958    741
   959    741
   960    741
   964    741
   965    741
   966    741
   973    741
   974    741
   975    741
   979    741
   980    741
   986    741
   987    741
   988    741
   989    741
   991    741
   992    741
   993    741
   955    742
   956    742
   957    742
   958    742
   959    742
   961    742
   962    742
   963    742
   970    742
   971    742
   975    742
   976    742
   977    742
   983    742
   984    742
   985    742
   989    742
   990    742
   952    743
   953    743
   954    743
   955    743
   956    743
   957    743
   958    743
   959    743
   960    743
   967    743
   968    743
   980    743
   981    743
   986    743
   987    743
   988    743
   949    744
   950    744
   954    744
   955    744
   956    744
   957    744
   963    744
   964    744
   965    744
   984    744
   952    745
   953    745
   954    745
   955    745
   960    745
   961    745
   962    745
   958    746
   959    746
   963    746
   964    746
   965    746
   956    747
   957    747
   961    747
   962    747
   953    748
   954    748
   955    748
   959    748
   960    748
   935    749
   936    749
   937    749
   938    749
   951    749
   952    749
   953    749
   954    749
   957    749
   958    749
   933    750
   934    750
   935    750
   936    750
   937    750
   938    750
   949    750
   950    750
   951    750
   952    750
   953    750
   954    750
   955    750
   956    750
   964    750
   965    750
   966    750
   931    751
   932    751
   933    751
   934    751
   935    751
   936    751
   937    751
   938    751
   939    751
   940    751
   948    751
   949    751
   950    751
   951    751
   952    751
   953    751
   954    751
   955    751
   961    751
   962    751
   963    751
   964    751
   965    751
   966    751
   967    751
   929    752
   930    752
   931    752
   932    752
   933    752
   934    752
   935    752
   936    752
   937    752
   938    752
   946    752
   947    752
   948    752
   949    752
   950    752
   959    752
   960    752
   961    752
   962    752
   963    752
   964    752
   965    752
   966    752
   928    753
   929    753
   930    753
   931    753
   932    753
   933    753
   934    753
   935    753
   936    753
   937    753
   944    753
   945    753
   946    753
   947    753
   948    753
   959    753
   960    753
   961    753
   962    753
   963    753
   964    753
   965    753
   966    753
   967    753
   968    753
   926    754
   927    754
   928    754
   929    754
   930    754
   931    754
   932    754
   933    754
   934    754
   935    754
   936    754
   943    754
   944    754
   945    754
   946    754
   947    754
   957    754
   958    754
   959    754
   960    754
   961    754
   962    754
   963    754
   964    754
   965    754
   966    754
   967    754
   925    755
   926    755
   927    755
   928    755
   929    755
   930    755
   931    755
   933    755
   934    755
   941    755
   942    755
   943    755
   944    755
   945    755
   946    755
   956    755
   957    755
   958    755
   959    755
   960    755
   961    755
   962    755
   963    755
   964    755
   965    755
   939    756
   940    756
   941    756
   942    756
   943    756
   944    756
   945    756
   946    756
   963    756
   964    756
   939    757
   940    757
   941    757
   942    757
   943    757
   944    757
   945    757
   946    757
   956    757
   957    757
   938    758
   939    758
   940    758
   941    758
   942    758
   943    758
   944    758
   936    759
   937    759
   938    759
   939    759
   940    759
   941    759
   942    759
   934    760
   935    760
   936    760
   937    760
   938    760
   939    760
   940    760
   941    760
   934    761
   935    761
   936    761
   937    761
   938    761
   939    761
   940    761
   933    762
   934    762
   935    762
   936    762
   937    762
   938    762
   939    762
   940    762
   932    763
   933    763
   934    763
   935    763
   936    763
   937    763
   938    763
   939    763
   940    763
   931    764
   932    764
   933    764
   934    764
   935    764
   936    764
   937    764
   938    764
   939    764
   930    765
   931    765
   932    765
   933    765
   934    765
   935    765
   936    765
   937    765
   938    765
   929    766
   930    766
   931    766
   932    766
   933    766
   934    766
   935    766
   936    766
   937    766
   929    767
   930    767
   931    767
   932    767
   933    767
   934    767
   935    767
   936    767
   937    767
   928    768
   929    768
   930    768
   931    768
   932    768
   933    768
   934    768
   935    768
   936    768
   928    769
   929    769
   930    769
   931    769
   932    769
   933    769
   934    769
   935    769
   936    769
   928    770
   929    770
   930    770
   931    770
   932    770
   933    770
   934    770
   935    770
   936    770
   927    771
   928    771
   929    771
   930    771
   931    771
   932    771
   933    771
   934    771
   935    771
   927    772
   928    772
   929    772
   930    772
   931    772
   932    772
   933    772
   934    772
   935    772
   936    772
   927    773
   928    773
   929    773
   930    773
   931    773
   932    773
   933    773
   934    773
   935    773
   936    773
   928    774
   929    774
   930    774
   931    774
   932    774
   933    774
   934    774
   935    774
   936    774
   927    775
   928    775
   929    775
   930    775
   931    775
   932    775
   933    775
   934    775
   935    775
   936    775
   927    776
   928    776
   929    776
   930    776
   931    776
   932    776
   933    776
   934    776
   935    776
   936    776
   927    777
   928    777
   929    777
   930    777
   931    777
   932    777
   933    777
   934    777
   935    777
   936    777
   927    778
   928    778
   929    778
   930    778
   931    778
   932    778
   933    778
   934    778
   935    778
   936    778
   927    779
   928    779
   929    779
   930    779
   931    779
   932    779
   933    779
   934    779
   935    779
   936    779
   927    780
   928    780
   929    780
   930    780
   931    780
   932    780
   933    780
   934    780
   935    780
   936    780
   927    781
   928    781
   929    781
   930    781
   931    781
   932    781
   933    781
   934    781
   935    781
   936    781
   927    782
   928    782
   929    782
   930    782
   931    782
   932    782
   933    782
   934    782
   935    782
   936    782
   927    783
   928    783
   929    783
   930    783
   931    783
   932    783
   933    783
   934    783
   935    783
   936    783
   927    784
   928    784
   929    784
   930    784
   931    784
   932    784
   933    784
   934    784
   935    784
   936    784
