  1178    710
  1179    710
  1180    710
  1181    710
  1182    710
  1183    710
  1184    710
  1189    710
  1190    710
  1191    710
  1192    710
  1193    710
  1151    711
  1152    711
  1153    711
  1154    711
  1155    711
  1156    711
  1157    711
  1164    711
  1165    711
  1166    711
  1167    711
  1168    711
  1169    711
  1147    712
  1148    712
  1149    712
  1150    712
  1151    712
  1152    712
  1153    712
  1154    712
  1155    712
  1156    712
  1157    712
  1159    712
  1160    712
  1161    712
  1162    712
  1164    712
  1165    712
  1166    712
  1167    712
  1168    712
  1178    712
  1179    712
  1128    713
  1129    713
  1130    713
  1131    713
  1132    713
  1133    713
  1134    713
  1135    713
  1136    713
  1137    713
  1138    713
  1139    713
  1140    713
  1141    713
  1142    713
  1143    713
  1149    713
  1150    713
  1151    713
  1152    713
  1153    713
  1159    713
  1160    713
  1161    713
  1162    713
  1163    713
  1164    713
  1169    713
  1170    713
  1093    714
  1094    714
  1095    714
  1096    714
  1097    714
  1098    714
  1121    714
  1125    714
  1132    714
  1133    714
  1134    714
  1135    714
  1136    714
  1137    714
  1138    714
  1139    714
  1140    714
  1141    714
  1142    714
  1143    714
  1144    714
  1145    714
  1146    714
  1147    714
  1148    714
  1149    714
  1150    714
  1151    714
  1165    714
  1166    714
  1167    714
  1168    714
  1097    715
  1098    715
  1099    715
  1100    715
  1101    715
  1102    715
  1103    715
  1104    715
  1105    715
  1106    715
  1107    715
  1110    715
  1111    715
  1112    715
  1113    715
  1114    715
  1115    715
  1116    715
  1123    715
  1124    715
  1125    715
  1127    715
  1128    715
  1129    715
  1130    715
  1131    715
  1132    715
  1133    715
  1150    715
  1151    715
  1152    715
  1153    715
  1154    715
  1155    715
  1156    715
  1157    715
  1158    715
  1159    715
  1080    716
  1081    716
  1082    716
  1085    716
  1086    716
  1087    716
  1119    716
  1130    716
  1131    716
  1132    716
  1142    716
  1143    716
  1144    716
  1102    717
  1103    717
  1104    717
  1105    717
  1115    717
  1116    717
  1117    717
  1118    717
  1119    717
  1120    717
  1121    717
  1122    717
  1095    718
  1096    718
  1097    718
  1098    718
  1099    718
  1100    718
  1101    718
  1102    718
  1103    718
  1104    718
  1105    718
  1106    718
  1107    718
  1108    718
  1109    718
  1110    718
  1119    718
  1120    718
  1121    718
  1083    719
  1084    719
  1085    719
  1086    719
  1087    719
  1088    719
  1089    719
  1090    719
  1091    719
  1092    719
  1093    719
  1094    719
  1095    719
  1096    719
  1097    719
  1098    719
  1099    719
  1100    719
  1101    719
  1102    719
  1103    719
  1104    719
  1105    719
  1106    719
  1115    719
  1116    719
  1117    719
  1118    719
  1075    720
  1076    720
  1077    720
  1078    720
  1079    720
  1080    720
  1086    720
  1087    720
  1088    720
  1089    720
  1090    720
  1091    720
  1092    720
  1093    720
  1094    720
  1095    720
  1096    720
  1097    720
  1098    720
  1099    720
  1100    720
  1106    720
  1107    720
  1108    720
  1109    720
  1069    721
  1070    721
  1071    721
  1072    721
  1073    721
  1074    721
  1075    721
  1076    721
  1092    721
  1093    721
  1094    721
  1095    721
  1096    721
  1097    721
  1098    721
  1099    721
  1100    721
  1101    721
  1069    722
  1070    722
  1071    722
  1072    722
  1073    722
  1074    722
  1075    722
  1076    722
  1077    722
  1078    722
  1079    722
  1080    722
  1081    722
  1082    722
  1091    722
  1092    722
  1093    722
  1053    723
  1054    723
  1055    723
  1056    723
  1057    723
  1058    723
  1059    723
  1065    723
  1066    723
  1067    723
  1068    723
  1069    723
  1070    723
  1071    723
  1072    723
  1073    723
  1077    723
  1047    724
  1048    724
  1049    724
  1050    724
  1051    724
  1052    724
  1053    724
  1054    724
  1055    724
  1056    724
  1057    724
  1058    724
  1059    724
  1060    724
  1061    724
  1066    724
  1067    724
  1068    724
  1069    724
  1070    724
  1071    724
  1072    724
  1077    724
  1078    724
  1079    724
  1039    725
  1040    725
  1041    725
  1042    725
  1043    725
  1044    725
  1045    725
  1046    725
  1047    725
  1048    725
  1049    725
  1050    725
  1051    725
  1052    725
  1053    725
  1054    725
  1055    725
  1056    725
  1057    725
  1058    725
  1059    725
  1060    725
  1061    725
  1062    725
  1063    725
  1064    725
  1065    725
  1066    725
  1069    725
  1070    725
  1071    725
  1072    725
  1073    725
  1033    726
  1034    726
  1035    726
  1036    726
  1037    726
  1038    726
  1041    726
  1042    726
  1043    726
  1045    726
  1046    726
  1047    726
  1048    726
  1049    726
  1050    726
  1051    726
  1052    726
  1056    726
  1057    726
  1058    726
  1059    726
  1060    726
  1064    726
  1065    726
  1066    726
  1027    727
  1028    727
  1029    727
  1030    727
  1031    727
  1032    727
  1033    727
  1034    727
  1035    727
  1036    727
  1037    727
  1038    727
  1041    727
  1042    727
  1046    727
  1047    727
  1051    727
  1052    727
  1053    727
  1054    727
  1055    727
  1058    727
  1059    727
  1060    727
  1025    728
  1026    728
  1027    728
  1028    728
  1029    728
  1030    728
  1031    728
  1032    728
  1033    728
  1035    728
  1036    728
  1037    728
  1038    728
  1043    728
  1047    728
  1048    728
  1049    728
  1052    728
  1053    728
  1054    728
  1055    728
  1056    728
  1031    729
  1032    729
  1033    729
  1034    729
  1035    729
  1036    729
  1037    729
  1050    729
  1013    730
  1014    730
  1015    730
  1016    730
  1017    730
  1024    730
  1025    730
  1026    730
  1027    730
  1028    730
  1029    730
  1030    730
  1031    730
  1032    730
  1007    731
  1008    731
  1009    731
  1010    731
  1011    731
  1012    731
  1013    731
  1014    731
  1015    731
  1016    731
  1019    731
  1020    731
  1021    731
  1023    731
  1024    731
  1025    731
  1026    731
  1027    731
  1031    731
  1032    731
  1033    731
  1001    732
  1002    732
  1003    732
  1004    732
  1007    732
  1008    732
  1009    732
  1010    732
  1011    732
  1015    732
  1016    732
  1017    732
  1018    732
  1019    732
  1020    732
  1021    732
  1022    732
  1026    732
  1027    732
  1028    732
  1029    732
  1032    732
  1033    732
  1034    732
  1035    732
   996    733
   997    733
   998    733
   999    733
  1000    733
  1001    733
  1002    733
  1003    733
  1004    733
  1005    733
  1010    733
  1011    733
  1012    733
  1013    733
  1014    733
  1015    733
  1016    733
  1017    733
  1021    733
  1022    733
  1023    733
  1024    733
  1027    733
  1028    733
  1029    733
  1030    733
   992    734
   993    734
   994    734
   995    734
   996    734
   997    734
   998    734
   999    734
  1000    734
  1001    734
  1005    734
  1006    734
  1007    734
  1008    734
  1009    734
  1010    734
  1011    734
  1012    734
  1013    734
  1017    734
  1018    734
  1019    734
  1020    734
  1023    734
  1024    734
   987    735
   988    735
   989    735
   990    735
   991    735
   992    735
   993    735
   994    735
   995    735
   996    735
  1001    735
  1002    735
  1003    735
  1004    735
  1006    735
  1007    735
  1008    735
  1009    735
  1013    735
  1014    735
  1015    735
  1016    735
  1019    735
  1020    735
  1021    735
   988    736
   989    736
   990    736
   991    736
   992    736
   997    736
   998    736
   999    736
  1000    736
  1009    736
  1010    736
   992    737
   993    737
   994    737
   995    737
   996    737
   997    737
   998    737
   999    737
  1000    737
   988    738
   989    738
   990    738
   991    738
   992    738
   993    738
   994    738
   995    738
   996    738
   971    739
   972    739
   984    739
   985    739
   986    739
   987    739
   988    739
   989    739
   990    739
   991    739
   992    739
   997    739
   998    739
   999    739
  1000    739
   966    740
   967    740
   968    740
   969    740
   973    740
   974    740
   975    740
   981    740
   982    740
   985    740
   986    740
   987    740
   988    740
   994    740
   995    740
   996    740
   962    741
   963    741
   964    741
   965    741
   966    741
   968    741
   969    741
   970    741
   971    741
   982    741
   983    741
   984    741
   990    741
   991    741
   992    741
   996    741
   997    741
   998    741
   958    742
   959    742
   960    742
   961    742
   962    742
   963    742
   964    742
   965    742
   966    742
   967    742
   979    742
   980    742
   987    742
   988    742
   989    742
   990    742
   994    742
   955    743
   956    743
   957    743
   958    743
   961    743
   962    743
   963    743
   964    743
   970    743
   971    743
   984    743
   985    743
   990    743
   991    743
   992    743
   952    744
   953    744
   954    744
   955    744
   956    744
   958    744
   959    744
   960    744
   961    744
   967    744
   968    744
   969    744
   981    744
   982    744
   983    744
   949    745
   950    745
   951    745
   952    745
   956    745
   957    745
   958    745
   964    745
   965    745
   966    745
   967    745
   986    745
   952    746
   953    746
   954    746
   955    746
   961    746
   962    746
   963    746
   964    746
   965    746
   967    746
   968    746
   983    746
   949    747
   950    747
   951    747
   958    747
   959    747
   960    747
   961    747
   963    747
   964    747
   965    747
   966    747
   956    748
   957    748
   958    748
   959    748
   961    748
   962    748
   963    748
   964    748
   954    749
   955    749
   956    749
   957    749
   960    749
   961    749
   962    749
   936    750
   937    750
   938    750
   952    750
   953    750
   954    750
   955    750
   956    750
   957    750
   958    750
   959    750
   934    751
   935    751
   936    751
   937    751
   950    751
   951    751
   952    751
   953    751
   954    751
   956    751
   957    751
   958    751
   964    751
   965    751
   966    751
   967    751
   932    752
   933    752
   934    752
   935    752
   936    752
   937    752
   938    752
   940    752
   948    752
   949    752
   950    752
   951    752
   952    752
   956    752
   962    752
   963    752
   964    752
   965    752
   966    752
   967    752
   930    753
   931    753
   932    753
   933    753
   934    753
   935    753
   936    753
   937    753
   938    753
   939    753
   947    753
   948    753
   949    753
   950    753
   951    753
   961    753
   962    753
   963    753
   964    753
   965    753
   966    753
   967    753
   968    753
   928    754
   929    754
   930    754
   931    754
   932    754
   933    754
   934    754
   935    754
   936    754
   937    754
   938    754
   945    754
   946    754
   947    754
   948    754
   949    754
   950    754
   951    754
   959    754
   960    754
   961    754
   962    754
   963    754
   964    754
   965    754
   966    754
   967    754
   968    754
   969    754
   927    755
   928    755
   929    755
   930    755
   931    755
   932    755
   933    755
   934    755
   935    755
   936    755
   944    755
   945    755
   946    755
   947    755
   948    755
   949    755
   958    755
   959    755
   960    755
   961    755
   962    755
   963    755
   964    755
   965    755
   966    755
   967    755
   968    755
   926    756
   927    756
   928    756
   929    756
   930    756
   931    756
   932    756
   933    756
   934    756
   935    756
   942    756
   943    756
   944    756
   945    756
   946    756
   947    756
   948    756
   949    756
   950    756
   957    756
   958    756
   959    756
   960    756
   961    756
   962    756
   963    756
   964    756
   965    756
   966    756
   931    757
   932    757
   933    757
   934    757
   941    757
   942    757
   943    757
   944    757
   945    757
   946    757
   948    757
   949    757
   956    757
   957    757
   958    757
   963    757
   964    757
   965    757
   929    758
   930    758
   939    758
   940    758
   941    758
   942    758
   943    758
   944    758
   945    758
   956    758
   957    758
   958    758
   959    758
   960    758
   961    758
   962    758
   963    758
   964    758
   965    758
   938    759
   939    759
   940    759
   941    759
   942    759
   943    759
   944    759
   937    760
   938    760
   939    760
   940    760
   941    760
   942    760
   943    760
   936    761
   937    761
   938    761
   939    761
   940    761
   941    761
   942    761
   934    762
   935    762
   936    762
   937    762
   938    762
   939    762
   940    762
   941    762
   933    763
   934    763
   935    763
   936    763
   937    763
   938    763
   939    763
   940    763
   941    763
   933    764
   934    764
   935    764
   936    764
   937    764
   938    764
   939    764
   940    764
   932    765
   933    765
   934    765
   935    765
   936    765
   937    765
   938    765
   939    765
   931    766
   932    766
   933    766
   934    766
   935    766
   936    766
   937    766
   938    766
   939    766
   940    766
   931    767
   932    767
   933    767
   934    767
   935    767
   936    767
   937    767
   938    767
   939    767
   930    768
   931    768
   932    768
   933    768
   934    768
   935    768
   936    768
   937    768
   929    769
   930    769
   931    769
   932    769
   933    769
   934    769
   935    769
   936    769
   937    769
   929    770
   930    770
   931    770
   932    770
   933    770
   934    770
   935    770
   936    770
   937    770
   938    770
   929    771
   930    771
   931    771
   932    771
   933    771
   934    771
   935    771
   936    771
   937    771
   938    771
   928    772
   929    772
   930    772
   931    772
   932    772
   933    772
   934    772
   935    772
   936    772
   937    772
   927    773
   928    773
   929    773
   930    773
   931    773
   932    773
   933    773
   934    773
   935    773
   936    773
   937    773
   928    774
   929    774
   930    774
   931    774
   932    774
   933    774
   934    774
   935    774
   936    774
   937    774
   927    775
   928    775
   929    775
   930    775
   931    775
   932    775
   933    775
   934    775
   935    775
   936    775
   937    775
   928    776
   929    776
   930    776
   931    776
   932    776
   933    776
   934    776
   935    776
   936    776
   937    776
   927    777
   928    777
   929    777
   930    777
   931    777
   932    777
   933    777
   934    777
   935    777
   936    777
   928    778
   929    778
   930    778
   931    778
   932    778
   933    778
   934    778
   935    778
   936    778
   927    779
   928    779
   929    779
   930    779
   931    779
   932    779
   933    779
   934    779
   935    779
   936    779
   927    780
   928    780
   929    780
   930    780
   931    780
   932    780
   933    780
   934    780
   935    780
   936    780
   927    781
   928    781
   929    781
   930    781
   931    781
   932    781
   933    781
   934    781
   935    781
   936    781
   927    782
   928    782
   929    782
   930    782
   931    782
   932    782
   933    782
   934    782
   935    782
   936    782
   937    782
   927    783
   928    783
   929    783
   930    783
   931    783
   932    783
   933    783
   934    783
   935    783
   936    783
   927    784
   928    784
   929    784
   930    784
   931    784
   932    784
   933    784
   934    784
   935    784
   936    784
   937    784
   927    785
   928    785
   929    785
   930    785
   931    785
   932    785
   933    785
   934    785
   935    785
   936    785
   937    785
   927    786
   928    786
   929    786
   930    786
   931    786
   932    786
   933    786
   934    786
   935    786
   936    786
   927    787
   928    787
   929    787
   930    787
   931    787
   932    787
   933    787
   934    787
   935    787
   936    787
   937    787
   927    789
   928    789
   929    789
   936    789
   937    789
   928    790
   929    790
   936    790
   937    790
   927    791
   928    791
   929    791
   930    791
   932    791
   933    791
   934    791
   935    791
   927    792
   928    792
   929    792
   932    792
   933    792
   934    792
   935    792
   936    792
   937    792
