  1195    710
  1177    711
  1178    711
  1179    711
  1180    711
  1181    711
  1182    711
  1183    711
  1184    711
  1185    711
  1186    711
  1187    711
  1188    711
  1189    711
  1190    711
  1191    711
  1192    711
  1149    712
  1150    712
  1151    712
  1152    712
  1153    712
  1154    712
  1155    712
  1156    712
  1157    712
  1158    712
  1140    713
  1141    713
  1142    713
  1143    713
  1146    713
  1147    713
  1148    713
  1149    713
  1169    713
  1177    713
  1178    713
  1179    713
  1180    713
  1184    713
  1185    713
  1186    713
  1187    713
  1188    713
  1189    713
  1190    713
  1191    713
  1109    714
  1111    714
  1112    714
  1113    714
  1114    714
  1115    714
  1116    714
  1138    714
  1139    714
  1140    714
  1141    714
  1142    714
  1143    714
  1144    714
  1145    714
  1149    714
  1150    714
  1151    714
  1152    714
  1153    714
  1154    714
  1155    714
  1156    714
  1157    714
  1158    714
  1159    714
  1160    714
  1161    714
  1162    714
  1163    714
  1164    714
  1100    715
  1101    715
  1102    715
  1103    715
  1104    715
  1105    715
  1106    715
  1107    715
  1108    715
  1109    715
  1120    715
  1121    715
  1122    715
  1123    715
  1124    715
  1125    715
  1138    715
  1139    715
  1140    715
  1141    715
  1142    715
  1143    715
  1144    715
  1145    715
  1146    715
  1147    715
  1148    715
  1149    715
  1150    715
  1151    715
  1152    715
  1167    715
  1168    715
  1098    716
  1099    716
  1100    716
  1101    716
  1102    716
  1103    716
  1104    716
  1105    716
  1106    716
  1107    716
  1108    716
  1109    716
  1110    716
  1111    716
  1112    716
  1125    716
  1126    716
  1156    716
  1157    716
  1121    717
  1122    717
  1123    717
  1142    717
  1143    717
  1144    717
  1145    717
  1146    717
  1147    717
  1148    717
  1104    718
  1105    718
  1106    718
  1107    718
  1108    718
  1109    718
  1117    718
  1118    718
  1119    718
  1120    718
  1121    718
  1122    718
  1124    718
  1125    718
  1096    719
  1097    719
  1098    719
  1099    719
  1100    719
  1101    719
  1102    719
  1103    719
  1104    719
  1105    719
  1106    719
  1107    719
  1108    719
  1109    719
  1110    719
  1111    719
  1112    719
  1113    719
  1114    719
  1115    719
  1087    720
  1088    720
  1089    720
  1090    720
  1091    720
  1092    720
  1093    720
  1094    720
  1095    720
  1096    720
  1097    720
  1098    720
  1099    720
  1100    720
  1101    720
  1102    720
  1103    720
  1104    720
  1105    720
  1106    720
  1107    720
  1108    720
  1109    720
  1110    720
  1117    720
  1118    720
  1119    720
  1079    721
  1080    721
  1081    721
  1082    721
  1083    721
  1084    721
  1087    721
  1088    721
  1089    721
  1090    721
  1091    721
  1092    721
  1093    721
  1094    721
  1095    721
  1096    721
  1097    721
  1098    721
  1099    721
  1100    721
  1101    721
  1102    721
  1103    721
  1104    721
  1105    721
  1106    721
  1107    721
  1108    721
  1109    721
  1110    721
  1111    721
  1112    721
  1072    722
  1073    722
  1074    722
  1075    722
  1076    722
  1077    722
  1078    722
  1079    722
  1080    722
  1081    722
  1082    722
  1088    722
  1089    722
  1090    722
  1091    722
  1092    722
  1093    722
  1094    722
  1095    722
  1096    722
  1097    722
  1098    722
  1099    722
  1100    722
  1101    722
  1102    722
  1103    722
  1104    722
  1075    723
  1076    723
  1077    723
  1078    723
  1079    723
  1080    723
  1092    723
  1093    723
  1094    723
  1095    723
  1096    723
  1056    724
  1057    724
  1058    724
  1059    724
  1060    724
  1069    724
  1070    724
  1071    724
  1072    724
  1073    724
  1074    724
  1075    724
  1076    724
  1077    724
  1078    724
  1079    724
  1048    725
  1049    725
  1050    725
  1051    725
  1052    725
  1053    725
  1054    725
  1055    725
  1056    725
  1057    725
  1058    725
  1059    725
  1060    725
  1061    725
  1062    725
  1063    725
  1064    725
  1044    726
  1045    726
  1046    726
  1047    726
  1048    726
  1049    726
  1050    726
  1051    726
  1052    726
  1053    726
  1055    726
  1056    726
  1057    726
  1058    726
  1059    726
  1060    726
  1061    726
  1062    726
  1063    726
  1075    726
  1076    726
  1038    727
  1039    727
  1040    727
  1041    727
  1042    727
  1043    727
  1044    727
  1045    727
  1046    727
  1047    727
  1048    727
  1049    727
  1050    727
  1051    727
  1052    727
  1053    727
  1054    727
  1055    727
  1056    727
  1057    727
  1058    727
  1062    727
  1063    727
  1064    727
  1030    728
  1031    728
  1032    728
  1033    728
  1034    728
  1035    728
  1036    728
  1037    728
  1038    728
  1039    728
  1040    728
  1043    728
  1044    728
  1045    728
  1046    728
  1047    728
  1048    728
  1049    728
  1050    728
  1051    728
  1056    728
  1057    728
  1058    728
  1059    728
  1060    728
  1061    728
  1062    728
  1063    728
  1064    728
  1065    728
  1028    729
  1029    729
  1030    729
  1031    729
  1032    729
  1033    729
  1034    729
  1035    729
  1038    729
  1039    729
  1040    729
  1041    729
  1045    729
  1046    729
  1050    729
  1051    729
  1052    729
  1053    729
  1054    729
  1055    729
  1056    729
  1057    729
  1058    729
  1059    729
  1034    730
  1035    730
  1036    730
  1037    730
  1038    730
  1039    730
  1040    730
  1041    730
  1042    730
  1050    730
  1051    730
  1052    730
  1053    730
  1054    730
  1029    731
  1030    731
  1031    731
  1032    731
  1033    731
  1034    731
  1035    731
  1036    731
  1011    732
  1012    732
  1013    732
  1014    732
  1015    732
  1016    732
  1017    732
  1018    732
  1019    732
  1024    732
  1025    732
  1026    732
  1028    732
  1029    732
  1030    732
  1031    732
  1036    732
  1037    732
  1038    732
  1039    732
  1006    733
  1007    733
  1008    733
  1009    733
  1010    733
  1011    733
  1012    733
  1013    733
  1014    733
  1019    733
  1020    733
  1021    733
  1022    733
  1023    733
  1024    733
  1025    733
  1026    733
  1031    733
  1032    733
  1033    733
  1034    733
  1035    733
  1037    733
  1038    733
  1039    733
  1001    734
  1002    734
  1003    734
  1004    734
  1005    734
  1006    734
  1007    734
  1008    734
  1009    734
  1010    734
  1015    734
  1016    734
  1017    734
  1018    734
  1019    734
  1020    734
  1021    734
  1022    734
  1027    734
  1028    734
  1029    734
  1030    734
  1031    734
  1032    734
  1033    734
  1034    734
   997    735
   998    735
   999    735
  1000    735
  1001    735
  1002    735
  1003    735
  1004    735
  1005    735
  1011    735
  1012    735
  1013    735
  1014    735
  1015    735
  1016    735
  1017    735
  1018    735
  1022    735
  1023    735
  1024    735
  1025    735
  1026    735
  1027    735
  1028    735
  1029    735
  1030    735
   992    736
   993    736
   994    736
   995    736
   996    736
   997    736
   998    736
   999    736
  1000    736
  1006    736
  1007    736
  1008    736
  1011    736
  1012    736
  1013    736
  1018    736
  1019    736
  1020    736
  1024    736
  1025    736
  1026    736
   987    737
   988    737
   989    737
   990    737
   991    737
   992    737
   993    737
   994    737
   995    737
   996    737
  1002    737
  1003    737
  1004    737
  1014    737
  1015    737
  1020    737
  1021    737
   986    738
   987    738
   988    738
   989    738
   990    738
   991    738
   992    738
   998    738
   999    738
  1000    738
  1001    738
  1005    738
  1016    738
  1017    738
   993    739
   994    739
   995    739
   996    739
   997    739
   998    739
   999    739
  1000    739
  1001    739
   989    740
   990    740
   991    740
   992    740
   993    740
   994    740
   995    740
   996    740
   971    741
   972    741
   973    741
   985    741
   986    741
   987    741
   988    741
   989    741
   990    741
   991    741
   992    741
   993    741
   999    741
  1000    741
  1001    741
   966    742
   967    742
   968    742
   969    742
   973    742
   974    742
   975    742
   976    742
   987    742
   988    742
   989    742
   995    742
   996    742
   997    742
   998    742
   963    743
   964    743
   965    743
   966    743
   969    743
   970    743
   971    743
   972    743
   984    743
   985    743
   986    743
   992    743
   993    743
   994    743
   998    743
   999    743
  1000    743
   959    744
   960    744
   961    744
   962    744
   963    744
   966    744
   967    744
   968    744
   975    744
   976    744
   977    744
   981    744
   982    744
   988    744
   989    744
   990    744
   991    744
   995    744
   996    744
   957    745
   958    745
   959    745
   960    745
   962    745
   963    745
   964    745
   965    745
   972    745
   973    745
   974    745
   979    745
   986    745
   987    745
   988    745
   992    745
   993    745
   994    745
   954    746
   955    746
   956    746
   957    746
   958    746
   959    746
   960    746
   961    746
   962    746
   969    746
   970    746
   971    746
   983    746
   984    746
   990    746
   991    746
   951    747
   952    747
   953    747
   956    747
   957    747
   958    747
   959    747
   960    747
   966    747
   967    747
   968    747
   954    748
   955    748
   956    748
   957    748
   963    748
   964    748
   965    748
   951    749
   952    749
   953    749
   961    749
   962    749
   963    749
   967    749
   968    749
   958    750
   959    750
   960    750
   961    750
   964    750
   965    750
   956    751
   957    751
   958    751
   961    751
   962    751
   963    751
   939    752
   940    752
   954    752
   955    752
   956    752
   935    753
   936    753
   937    753
   938    753
   939    753
   952    753
   953    753
   954    753
   955    753
   958    753
   959    753
   967    753
   968    753
   969    753
   970    753
   971    753
   972    753
   933    754
   934    754
   935    754
   936    754
   937    754
   938    754
   939    754
   950    754
   951    754
   952    754
   953    754
   956    754
   957    754
   958    754
   965    754
   966    754
   967    754
   968    754
   969    754
   931    755
   932    755
   933    755
   934    755
   935    755
   936    755
   937    755
   938    755
   949    755
   950    755
   951    755
   952    755
   953    755
   955    755
   956    755
   963    755
   964    755
   965    755
   966    755
   967    755
   968    755
   969    755
   970    755
   929    756
   930    756
   931    756
   932    756
   933    756
   934    756
   935    756
   936    756
   937    756
   948    756
   949    756
   950    756
   951    756
   952    756
   954    756
   955    756
   962    756
   963    756
   964    756
   965    756
   966    756
   967    756
   968    756
   969    756
   970    756
   971    756
   928    757
   929    757
   930    757
   931    757
   932    757
   933    757
   934    757
   935    757
   936    757
   938    757
   946    757
   947    757
   948    757
   949    757
   950    757
   951    757
   953    757
   954    757
   960    757
   961    757
   962    757
   963    757
   964    757
   965    757
   966    757
   967    757
   968    757
   969    757
   970    757
   927    758
   928    758
   929    758
   930    758
   931    758
   932    758
   933    758
   934    758
   935    758
   936    758
   937    758
   944    758
   945    758
   946    758
   947    758
   948    758
   949    758
   950    758
   960    758
   961    758
   962    758
   963    758
   964    758
   965    758
   966    758
   967    758
   968    758
   969    758
   925    759
   926    759
   927    759
   928    759
   929    759
   930    759
   931    759
   932    759
   933    759
   934    759
   935    759
   943    759
   944    759
   945    759
   946    759
   947    759
   948    759
   949    759
   959    759
   960    759
   961    759
   962    759
   963    759
   964    759
   965    759
   966    759
   967    759
   968    759
   969    759
   925    760
   926    760
   928    760
   929    760
   930    760
   932    760
   933    760
   934    760
   941    760
   942    760
   943    760
   944    760
   945    760
   946    760
   947    760
   948    760
   949    760
   950    760
   965    760
   966    760
   967    760
   925    761
   926    761
   941    761
   942    761
   943    761
   944    761
   945    761
   946    761
   947    761
   959    761
   960    761
   961    761
   962    761
   963    761
   964    761
   965    761
   966    761
   939    762
   940    762
   941    762
   942    762
   943    762
   944    762
   945    762
   946    762
   947    762
   938    763
   939    763
   940    763
   941    763
   942    763
   943    763
   944    763
   937    764
   938    764
   939    764
   940    764
   941    764
   942    764
   943    764
   936    765
   937    765
   938    765
   939    765
   940    765
   941    765
   942    765
   943    765
   934    766
   935    766
   936    766
   937    766
   938    766
   939    766
   940    766
   941    766
   942    766
   933    767
   934    767
   935    767
   936    767
   937    767
   938    767
   939    767
   940    767
   941    767
   942    767
   943    767
   933    768
   934    768
   935    768
   936    768
   937    768
   938    768
   939    768
   940    768
   941    768
   932    769
   933    769
   934    769
   935    769
   936    769
   937    769
   938    769
   939    769
   940    769
   941    769
   931    770
   932    770
   933    770
   934    770
   935    770
   936    770
   937    770
   938    770
   939    770
   940    770
   941    770
   931    771
   932    771
   933    771
   934    771
   935    771
   936    771
   937    771
   938    771
   939    771
   940    771
   930    772
   931    772
   932    772
   933    772
   934    772
   935    772
   936    772
   937    772
   938    772
   939    772
   930    773
   931    773
   932    773
   933    773
   934    773
   935    773
   936    773
   937    773
   938    773
   939    773
   929    774
   930    774
   931    774
   932    774
   933    774
   934    774
   935    774
   936    774
   937    774
   938    774
   939    774
   929    775
   930    775
   931    775
   932    775
   933    775
   934    775
   935    775
   936    775
   937    775
   938    775
   929    776
   930    776
   931    776
   932    776
   933    776
   934    776
   935    776
   936    776
   937    776
   938    776
   928    777
   929    777
   930    777
   931    777
   932    777
   933    777
   934    777
   935    777
   936    777
   937    777
   938    777
   929    778
   930    778
   931    778
   932    778
   933    778
   934    778
   935    778
   936    778
   937    778
   928    779
   929    779
   930    779
   931    779
   932    779
   933    779
   934    779
   935    779
   936    779
   937    779
   928    780
   929    780
   930    780
   931    780
   932    780
   933    780
   934    780
   935    780
   936    780
   937    780
   928    781
   929    781
   930    781
   931    781
   932    781
   933    781
   934    781
   935    781
   936    781
   937    781
   938    781
   928    782
   929    782
   930    782
   931    782
   932    782
   933    782
   934    782
   935    782
   936    782
   937    782
   928    783
   929    783
   930    783
   931    783
   932    783
   933    783
   934    783
   935    783
   936    783
   937    783
   928    784
   929    784
   930    784
   931    784
   932    784
   933    784
   934    784
   935    784
   936    784
   937    784
   928    785
   929    785
   930    785
   931    785
   932    785
   933    785
   934    785
   935    785
   936    785
   937    785
   928    786
   929    786
   930    786
   931    786
   932    786
   933    786
   934    786
   935    786
   936    786
   937    786
   927    787
   928    787
   929    787
   930    787
   931    787
   932    787
   933    787
   934    787
   935    787
   936    787
   937    787
   938    787
   928    788
   929    788
   930    788
   931    788
   932    788
   933    788
   934    788
   935    788
   936    788
   937    788
   927    789
   928    789
   929    789
   930    789
   931    789
   932    789
   933    789
   934    789
   935    789
   936    789
   937    789
   938    789
   928    790
   929    790
   930    790
   931    790
   932    790
   933    790
   934    790
   935    790
   936    790
   937    790
   928    791
   929    791
   930    791
   931    791
   932    791
   933    791
   934    791
   935    791
   936    791
   937    791
   931    792
   932    792
   933    792
   934    792
   935    792
   936    792
