  1193    710
  1194    710
  1195    710
  1198    710
  1199    710
  1176    711
  1177    711
  1181    711
  1182    711
  1183    711
  1184    711
  1185    711
  1186    711
  1187    711
  1188    711
  1189    711
  1190    711
  1191    711
  1192    711
  1194    711
  1195    711
  1196    711
  1152    712
  1153    712
  1154    712
  1155    712
  1156    712
  1157    712
  1158    712
  1159    712
  1160    712
  1161    712
  1162    712
  1163    712
  1164    712
  1165    712
  1166    712
  1167    712
  1168    712
  1169    712
  1170    712
  1171    712
  1172    712
  1148    713
  1149    713
  1150    713
  1151    713
  1152    713
  1153    713
  1168    713
  1169    713
  1170    713
  1171    713
  1172    713
  1179    713
  1180    713
  1185    713
  1186    713
  1187    713
  1188    713
  1189    713
  1190    713
  1191    713
  1192    713
  1193    713
  1112    714
  1113    714
  1114    714
  1115    714
  1118    714
  1119    714
  1120    714
  1121    714
  1122    714
  1123    714
  1124    714
  1125    714
  1126    714
  1127    714
  1128    714
  1137    714
  1138    714
  1139    714
  1140    714
  1141    714
  1142    714
  1143    714
  1144    714
  1145    714
  1146    714
  1147    714
  1148    714
  1149    714
  1150    714
  1152    714
  1153    714
  1154    714
  1155    714
  1156    714
  1157    714
  1158    714
  1159    714
  1160    714
  1161    714
  1162    714
  1163    714
  1164    714
  1165    714
  1166    714
  1167    714
  1174    714
  1175    714
  1103    715
  1104    715
  1105    715
  1106    715
  1107    715
  1108    715
  1109    715
  1110    715
  1111    715
  1112    715
  1113    715
  1114    715
  1115    715
  1120    715
  1121    715
  1122    715
  1123    715
  1124    715
  1125    715
  1126    715
  1127    715
  1128    715
  1129    715
  1130    715
  1131    715
  1143    715
  1144    715
  1145    715
  1146    715
  1147    715
  1148    715
  1149    715
  1150    715
  1151    715
  1152    715
  1153    715
  1154    715
  1168    715
  1169    715
  1170    715
  1171    715
  1103    716
  1104    716
  1105    716
  1106    716
  1107    716
  1108    716
  1109    716
  1110    716
  1111    716
  1112    716
  1113    716
  1114    716
  1115    716
  1116    716
  1117    716
  1125    716
  1126    716
  1127    716
  1128    716
  1129    716
  1130    716
  1131    716
  1155    716
  1156    716
  1157    716
  1158    716
  1122    717
  1123    717
  1124    717
  1125    717
  1145    717
  1146    717
  1147    717
  1148    717
  1149    717
  1150    717
  1108    718
  1109    718
  1110    718
  1120    718
  1121    718
  1122    718
  1123    718
  1124    718
  1125    718
  1126    718
  1127    718
  1098    719
  1099    719
  1100    719
  1101    719
  1102    719
  1103    719
  1104    719
  1105    719
  1106    719
  1107    719
  1108    719
  1109    719
  1110    719
  1111    719
  1112    719
  1113    719
  1114    719
  1115    719
  1116    719
  1117    719
  1123    719
  1124    719
  1125    719
  1126    719
  1088    720
  1089    720
  1090    720
  1091    720
  1092    720
  1093    720
  1094    720
  1095    720
  1096    720
  1097    720
  1098    720
  1099    720
  1100    720
  1101    720
  1102    720
  1103    720
  1104    720
  1105    720
  1106    720
  1107    720
  1108    720
  1109    720
  1110    720
  1111    720
  1112    720
  1081    721
  1082    721
  1083    721
  1090    721
  1091    721
  1092    721
  1093    721
  1094    721
  1095    721
  1096    721
  1097    721
  1098    721
  1099    721
  1100    721
  1101    721
  1102    721
  1103    721
  1104    721
  1105    721
  1106    721
  1107    721
  1112    721
  1113    721
  1114    721
  1075    722
  1076    722
  1077    722
  1078    722
  1079    722
  1086    722
  1087    722
  1088    722
  1089    722
  1092    722
  1093    722
  1094    722
  1095    722
  1096    722
  1097    722
  1098    722
  1099    722
  1100    722
  1101    722
  1102    722
  1103    722
  1104    722
  1105    722
  1106    722
  1107    722
  1075    723
  1076    723
  1077    723
  1078    723
  1079    723
  1084    723
  1085    723
  1086    723
  1091    723
  1092    723
  1093    723
  1096    723
  1097    723
  1098    723
  1099    723
  1100    723
  1071    724
  1072    724
  1076    724
  1077    724
  1078    724
  1049    725
  1050    725
  1051    725
  1052    725
  1053    725
  1054    725
  1055    725
  1056    725
  1057    725
  1058    725
  1059    725
  1060    725
  1061    725
  1062    725
  1063    725
  1064    725
  1065    725
  1066    725
  1075    725
  1076    725
  1045    726
  1046    726
  1047    726
  1048    726
  1050    726
  1051    726
  1052    726
  1053    726
  1054    726
  1055    726
  1056    726
  1057    726
  1058    726
  1059    726
  1060    726
  1061    726
  1062    726
  1063    726
  1064    726
  1065    726
  1066    726
  1067    726
  1068    726
  1069    726
  1070    726
  1071    726
  1039    727
  1040    727
  1041    727
  1042    727
  1043    727
  1044    727
  1046    727
  1047    727
  1048    727
  1051    727
  1052    727
  1053    727
  1054    727
  1055    727
  1056    727
  1057    727
  1058    727
  1062    727
  1063    727
  1064    727
  1065    727
  1066    727
  1070    727
  1071    727
  1034    728
  1035    728
  1036    728
  1037    728
  1038    728
  1039    728
  1040    728
  1041    728
  1042    728
  1043    728
  1047    728
  1048    728
  1051    728
  1052    728
  1053    728
  1054    728
  1057    728
  1058    728
  1059    728
  1060    728
  1061    728
  1064    728
  1065    728
  1066    728
  1028    729
  1029    729
  1033    729
  1034    729
  1035    729
  1036    729
  1037    729
  1038    729
  1041    729
  1042    729
  1043    729
  1047    729
  1048    729
  1049    729
  1053    729
  1054    729
  1055    729
  1056    729
  1057    729
  1059    729
  1060    729
  1061    729
  1036    730
  1037    730
  1038    730
  1039    730
  1040    730
  1041    730
  1042    730
  1043    730
  1044    730
  1051    730
  1052    730
  1053    730
  1054    730
  1055    730
  1056    730
  1031    731
  1032    731
  1033    731
  1034    731
  1035    731
  1036    731
  1037    731
  1038    731
  1014    732
  1015    732
  1016    732
  1017    732
  1018    732
  1019    732
  1020    732
  1026    732
  1027    732
  1028    732
  1029    732
  1030    732
  1031    732
  1032    732
  1033    732
  1034    732
  1038    732
  1039    732
  1040    732
  1041    732
  1042    732
  1008    733
  1009    733
  1010    733
  1011    733
  1012    733
  1013    733
  1014    733
  1015    733
  1016    733
  1017    733
  1021    733
  1022    733
  1023    733
  1025    733
  1026    733
  1027    733
  1028    733
  1029    733
  1033    733
  1034    733
  1035    733
  1003    734
  1004    734
  1005    734
  1006    734
  1007    734
  1008    734
  1009    734
  1010    734
  1011    734
  1012    734
  1017    734
  1018    734
  1019    734
  1020    734
  1021    734
  1022    734
  1023    734
  1024    734
  1028    734
  1029    734
  1030    734
  1031    734
  1033    734
  1034    734
  1035    734
  1036    734
  1037    734
   998    735
   999    735
  1000    735
  1001    735
  1002    735
  1003    735
  1004    735
  1005    735
  1006    735
  1007    735
  1012    735
  1013    735
  1014    735
  1015    735
  1016    735
  1017    735
  1018    735
  1019    735
  1020    735
  1024    735
  1025    735
  1026    735
  1027    735
  1030    735
  1031    735
  1032    735
   993    736
   994    736
   995    736
   996    736
   997    736
   998    736
   999    736
  1000    736
  1001    736
  1002    736
  1008    736
  1009    736
  1010    736
  1013    736
  1014    736
  1015    736
  1020    736
  1021    736
  1022    736
  1023    736
  1026    736
  1027    736
   989    737
   990    737
   991    737
   992    737
   993    737
   994    737
   995    737
   996    737
   997    737
   998    737
   999    737
  1004    737
  1005    737
  1006    737
  1010    737
  1011    737
  1016    737
  1017    737
  1018    737
  1021    737
  1022    737
  1023    737
  1024    737
   990    738
   991    738
   992    738
   993    738
   994    738
   999    738
  1000    738
  1001    738
  1002    738
  1003    738
  1005    738
  1006    738
  1007    738
  1018    738
  1019    738
  1020    738
   995    739
   996    739
   997    739
   998    739
   999    739
  1000    739
  1001    739
  1002    739
  1003    739
   992    740
   993    740
   994    740
   995    740
   996    740
   997    740
   998    740
   999    740
   973    741
   974    741
   975    741
   976    741
   987    741
   988    741
   989    741
   990    741
   991    741
   992    741
   993    741
   994    741
   995    741
  1003    741
  1004    741
   969    742
   970    742
   971    742
   972    742
   973    742
   977    742
   978    742
   984    742
   985    742
   989    742
   990    742
   991    742
   992    742
   997    742
   998    742
   999    742
   965    743
   966    743
   967    743
   971    743
   972    743
   973    743
   974    743
   986    743
   987    743
   993    743
   994    743
   995    743
   996    743
  1000    743
  1001    743
   962    744
   963    744
   964    744
   968    744
   969    744
   970    744
   977    744
   978    744
   979    744
   983    744
   984    744
   991    744
   992    744
   993    744
   997    744
   998    744
   999    744
   959    745
   960    745
   961    745
   965    745
   966    745
   967    745
   974    745
   975    745
   976    745
   980    745
   981    745
   988    745
   989    745
   990    745
   994    745
   995    745
   956    746
   957    746
   958    746
   959    746
   960    746
   962    746
   963    746
   964    746
   971    746
   972    746
   985    746
   986    746
   987    746
   990    746
   991    746
   992    746
   993    746
   952    747
   953    747
   954    747
   955    747
   956    747
   957    747
   958    747
   959    747
   960    747
   961    747
   968    747
   969    747
   983    747
   984    747
   988    747
   989    747
   990    747
   955    748
   956    748
   957    748
   958    748
   959    748
   965    748
   966    748
   986    748
   987    748
   953    749
   954    749
   955    749
   956    749
   962    749
   963    749
   964    749
   984    749
   985    749
   960    750
   961    750
   962    750
   966    750
   967    750
   968    750
   957    751
   958    751
   959    751
   960    751
   963    751
   964    751
   965    751
   955    752
   956    752
   957    752
   958    752
   963    752
   937    753
   938    753
   939    753
   940    753
   941    753
   954    753
   955    753
   956    753
   934    754
   935    754
   936    754
   937    754
   938    754
   939    754
   940    754
   952    754
   953    754
   954    754
   955    754
   956    754
   957    754
   958    754
   959    754
   967    754
   968    754
   969    754
   933    755
   934    755
   935    755
   936    755
   937    755
   938    755
   939    755
   950    755
   951    755
   952    755
   953    755
   954    755
   955    755
   957    755
   958    755
   964    755
   965    755
   966    755
   967    755
   968    755
   969    755
   931    756
   932    756
   933    756
   934    756
   935    756
   936    756
   937    756
   938    756
   939    756
   940    756
   941    756
   949    756
   950    756
   951    756
   952    756
   953    756
   954    756
   963    756
   964    756
   965    756
   966    756
   967    756
   968    756
   969    756
   970    756
   929    757
   930    757
   931    757
   932    757
   933    757
   934    757
   935    757
   936    757
   937    757
   938    757
   939    757
   947    757
   948    757
   949    757
   950    757
   951    757
   952    757
   953    757
   954    757
   955    757
   962    757
   963    757
   964    757
   965    757
   966    757
   967    757
   968    757
   969    757
   928    758
   929    758
   930    758
   931    758
   932    758
   933    758
   934    758
   935    758
   936    758
   937    758
   938    758
   945    758
   946    758
   947    758
   948    758
   949    758
   950    758
   951    758
   952    758
   953    758
   954    758
   961    758
   962    758
   963    758
   964    758
   965    758
   966    758
   967    758
   968    758
   969    758
   926    759
   927    759
   928    759
   929    759
   930    759
   931    759
   932    759
   933    759
   934    759
   935    759
   936    759
   944    759
   945    759
   946    759
   947    759
   948    759
   949    759
   950    759
   951    759
   952    759
   960    759
   961    759
   962    759
   963    759
   964    759
   965    759
   966    759
   967    759
   968    759
   969    759
   970    759
   926    760
   927    760
   928    760
   929    760
   930    760
   931    760
   932    760
   933    760
   934    760
   935    760
   943    760
   944    760
   945    760
   946    760
   947    760
   948    760
   949    760
   950    760
   958    760
   959    760
   960    760
   961    760
   962    760
   963    760
   964    760
   965    760
   966    760
   967    760
   968    760
   928    761
   929    761
   930    761
   931    761
   932    761
   933    761
   934    761
   941    761
   942    761
   943    761
   944    761
   945    761
   946    761
   947    761
   948    761
   963    761
   964    761
   965    761
   966    761
   967    761
   940    762
   941    762
   942    762
   943    762
   944    762
   945    762
   946    762
   947    762
   939    763
   940    763
   941    763
   942    763
   943    763
   944    763
   945    763
   946    763
   947    763
   938    764
   939    764
   940    764
   941    764
   942    764
   943    764
   944    764
   937    765
   938    765
   939    765
   940    765
   941    765
   942    765
   943    765
   944    765
   935    766
   936    766
   937    766
   938    766
   939    766
   940    766
   941    766
   942    766
   943    766
   944    766
   934    767
   935    767
   936    767
   937    767
   938    767
   939    767
   940    767
   941    767
   942    767
   943    767
   934    768
   935    768
   936    768
   937    768
   938    768
   939    768
   940    768
   941    768
   942    768
   933    769
   934    769
   935    769
   936    769
   937    769
   938    769
   939    769
   940    769
   941    769
   942    769
   932    770
   933    770
   934    770
   935    770
   936    770
   937    770
   938    770
   939    770
   940    770
   941    770
   932    771
   933    771
   934    771
   935    771
   936    771
   937    771
   938    771
   939    771
   940    771
   941    771
   931    772
   932    772
   933    772
   934    772
   935    772
   936    772
   937    772
   938    772
   939    772
   940    772
   931    773
   932    773
   933    773
   934    773
   935    773
   936    773
   937    773
   938    773
   939    773
   940    773
   930    774
   931    774
   932    774
   933    774
   934    774
   935    774
   936    774
   937    774
   938    774
   939    774
   929    775
   930    775
   931    775
   932    775
   933    775
   934    775
   935    775
   936    775
   937    775
   938    775
   939    775
   929    776
   930    776
   931    776
   932    776
   933    776
   934    776
   935    776
   936    776
   937    776
   938    776
   939    776
   929    777
   930    777
   931    777
   932    777
   933    777
   934    777
   935    777
   936    777
   937    777
   938    777
   929    778
   930    778
   931    778
   932    778
   933    778
   934    778
   935    778
   936    778
   937    778
   938    778
   928    779
   929    779
   930    779
   931    779
   932    779
   933    779
   934    779
   935    779
   936    779
   937    779
   929    780
   930    780
   931    780
   932    780
   933    780
   934    780
   935    780
   936    780
   937    780
   938    780
   928    781
   929    781
   930    781
   931    781
   932    781
   933    781
   934    781
   935    781
   936    781
   937    781
   938    781
   928    782
   929    782
   930    782
   931    782
   932    782
   933    782
   934    782
   935    782
   936    782
   937    782
   928    783
   929    783
   930    783
   931    783
   932    783
   933    783
   934    783
   935    783
   936    783
   937    783
   928    784
   929    784
   930    784
   931    784
   932    784
   933    784
   934    784
   935    784
   936    784
   937    784
   938    784
   928    785
   929    785
   930    785
   931    785
   932    785
   933    785
   934    785
   935    785
   936    785
   937    785
   938    785
   928    786
   929    786
   930    786
   931    786
   932    786
   933    786
   934    786
   935    786
   936    786
   937    786
   928    787
   929    787
   930    787
   931    787
   932    787
   933    787
   934    787
   935    787
   936    787
   937    787
   928    788
   929    788
   930    788
   931    788
   932    788
   933    788
   934    788
   935    788
   936    788
   937    788
   928    789
   929    789
   930    789
   931    789
   932    789
   933    789
   934    789
   935    789
   936    789
   937    789
   928    790
   929    790
   930    790
   931    790
   932    790
   933    790
   934    790
   935    790
   936    790
   937    790
   932    791
   933    791
   934    791
   935    791
   936    791
   937    791
   928    792
   929    792
   930    792
   931    792
   932    792
   933    792
   934    792
   935    792
   936    792
