  1187    710
  1188    710
  1189    710
  1190    710
  1191    710
  1164    711
  1165    711
  1166    711
  1167    711
  1168    711
  1169    711
  1170    711
  1171    711
  1148    712
  1149    712
  1150    712
  1151    712
  1162    712
  1163    712
  1164    712
  1165    712
  1166    712
  1167    712
  1168    712
  1122    713
  1123    713
  1124    713
  1125    713
  1126    713
  1132    713
  1133    713
  1134    713
  1137    713
  1138    713
  1139    713
  1140    713
  1141    713
  1142    713
  1143    713
  1144    713
  1145    713
  1165    713
  1166    713
  1167    713
  1104    714
  1105    714
  1106    714
  1132    714
  1133    714
  1134    714
  1140    714
  1141    714
  1142    714
  1143    714
  1144    714
  1145    714
  1146    714
  1147    714
  1148    714
  1149    714
  1150    714
  1151    714
  1113    715
  1114    715
  1115    715
  1116    715
  1117    715
  1118    715
  1119    715
  1135    715
  1136    715
  1137    715
  1138    715
  1139    715
  1140    715
  1141    715
  1142    715
  1143    715
  1161    715
  1162    715
  1163    715
  1164    715
  1087    716
  1088    716
  1089    716
  1090    716
  1091    716
  1092    716
  1093    716
  1094    716
  1095    716
  1096    716
  1097    716
  1098    716
  1120    716
  1121    716
  1122    716
  1145    716
  1146    716
  1147    716
  1148    716
  1149    716
  1150    716
  1118    717
  1119    717
  1120    717
  1121    717
  1122    717
  1123    717
  1124    717
  1125    717
  1126    717
  1139    717
  1140    717
  1098    718
  1099    718
  1100    718
  1101    718
  1102    718
  1103    718
  1104    718
  1105    718
  1106    718
  1107    718
  1108    718
  1113    718
  1114    718
  1115    718
  1116    718
  1120    718
  1121    718
  1122    718
  1088    719
  1089    719
  1090    719
  1091    719
  1092    719
  1093    719
  1094    719
  1095    719
  1096    719
  1097    719
  1098    719
  1099    719
  1100    719
  1101    719
  1102    719
  1103    719
  1104    719
  1105    719
  1106    719
  1107    719
  1108    719
  1109    719
  1120    719
  1121    719
  1081    720
  1082    720
  1088    720
  1089    720
  1090    720
  1091    720
  1092    720
  1093    720
  1094    720
  1095    720
  1096    720
  1097    720
  1098    720
  1099    720
  1100    720
  1101    720
  1102    720
  1103    720
  1104    720
  1105    720
  1071    721
  1072    721
  1073    721
  1074    721
  1075    721
  1076    721
  1077    721
  1078    721
  1079    721
  1087    721
  1088    721
  1089    721
  1090    721
  1091    721
  1092    721
  1093    721
  1094    721
  1095    721
  1096    721
  1097    721
  1098    721
  1099    721
  1100    721
  1101    721
  1102    721
  1103    721
  1104    721
  1105    721
  1106    721
  1071    722
  1072    722
  1073    722
  1074    722
  1075    722
  1076    722
  1077    722
  1089    722
  1090    722
  1091    722
  1092    722
  1093    722
  1094    722
  1095    722
  1096    722
  1097    722
  1098    722
  1069    723
  1070    723
  1071    723
  1072    723
  1073    723
  1074    723
  1075    723
  1076    723
  1077    723
  1078    723
  1079    723
  1051    724
  1052    724
  1053    724
  1054    724
  1055    724
  1056    724
  1057    724
  1058    724
  1059    724
  1060    724
  1061    724
  1062    724
  1063    724
  1070    724
  1071    724
  1072    724
  1074    724
  1075    724
  1076    724
  1043    725
  1044    725
  1045    725
  1046    725
  1048    725
  1049    725
  1050    725
  1051    725
  1052    725
  1053    725
  1054    725
  1055    725
  1056    725
  1057    725
  1058    725
  1059    725
  1060    725
  1061    725
  1062    725
  1063    725
  1067    725
  1068    725
  1069    725
  1070    725
  1038    726
  1039    726
  1040    726
  1041    726
  1045    726
  1046    726
  1047    726
  1048    726
  1049    726
  1050    726
  1051    726
  1052    726
  1053    726
  1054    726
  1055    726
  1056    726
  1057    726
  1060    726
  1061    726
  1062    726
  1033    727
  1034    727
  1035    727
  1036    727
  1037    727
  1038    727
  1039    727
  1040    727
  1041    727
  1045    727
  1046    727
  1049    727
  1050    727
  1051    727
  1055    727
  1056    727
  1057    727
  1058    727
  1063    727
  1028    728
  1031    728
  1032    728
  1033    728
  1034    728
  1035    728
  1036    728
  1040    728
  1041    728
  1042    728
  1043    728
  1051    728
  1052    728
  1053    728
  1054    728
  1055    728
  1056    728
  1057    728
  1058    728
  1059    728
  1030    729
  1031    729
  1032    729
  1033    729
  1034    729
  1035    729
  1036    729
  1037    729
  1038    729
  1039    729
  1040    729
  1041    729
  1042    729
  1050    729
  1052    729
  1053    729
  1054    729
  1029    730
  1030    730
  1031    730
  1032    730
  1033    730
  1034    730
  1035    730
  1012    731
  1013    731
  1014    731
  1015    731
  1016    731
  1017    731
  1018    731
  1023    731
  1024    731
  1025    731
  1026    731
  1027    731
  1028    731
  1029    731
  1030    731
  1031    731
  1035    731
  1036    731
  1038    731
  1039    731
  1040    731
  1004    732
  1005    732
  1006    732
  1007    732
  1008    732
  1009    732
  1010    732
  1011    732
  1012    732
  1013    732
  1018    732
  1019    732
  1020    732
  1021    732
  1022    732
  1023    732
  1024    732
  1025    732
  1026    732
  1027    732
  1031    732
  1032    732
  1000    733
  1001    733
  1002    733
  1003    733
  1004    733
  1005    733
  1006    733
  1007    733
  1008    733
  1014    733
  1015    733
  1016    733
  1017    733
  1018    733
  1019    733
  1020    733
  1025    733
  1026    733
  1027    733
  1028    733
  1029    733
  1030    733
  1031    733
  1032    733
   996    734
   997    734
   998    734
   999    734
  1000    734
  1001    734
  1002    734
  1003    734
  1004    734
  1009    734
  1010    734
  1011    734
  1012    734
  1013    734
  1014    734
  1015    734
  1016    734
  1021    734
  1022    734
  1023    734
  1027    734
  1028    734
   991    735
   992    735
   993    735
   994    735
   995    735
   996    735
   997    735
   998    735
   999    735
  1000    735
  1005    735
  1006    735
  1007    735
  1010    735
  1011    735
  1012    735
  1017    735
  1018    735
  1019    735
  1023    735
  1024    735
  1025    735
   986    736
   987    736
   988    736
   989    736
   990    736
   991    736
   992    736
   993    736
   994    736
   995    736
  1000    736
  1001    736
  1002    736
  1003    736
  1013    736
  1014    736
   987    737
   988    737
   989    737
   990    737
   996    737
   997    737
   998    737
   999    737
  1000    737
  1001    737
  1002    737
  1003    737
  1015    737
  1016    737
   992    738
   993    738
   994    738
   995    738
   996    738
   997    738
   998    738
   999    738
  1000    738
   987    739
   988    739
   989    739
   990    739
   991    739
   992    739
   993    739
   994    739
   995    739
   996    739
   969    740
   970    740
   971    740
   972    740
   977    740
   978    740
   984    740
   985    740
   986    740
   988    740
   989    740
   990    740
   991    740
   992    740
   997    740
   998    740
   999    740
  1000    740
   966    741
   967    741
   968    741
   969    741
   972    741
   973    741
   974    741
   980    741
   981    741
   982    741
   986    741
   987    741
   988    741
   994    741
   995    741
   996    741
  1000    741
  1001    741
   962    742
   963    742
   964    742
   967    742
   968    742
   969    742
   970    742
   977    742
   978    742
   982    742
   983    742
   984    742
   990    742
   991    742
   992    742
   993    742
   996    742
   997    742
   998    742
   959    743
   960    743
   964    743
   965    743
   966    743
   967    743
   973    743
   974    743
   975    743
   979    743
   980    743
   986    743
   987    743
   988    743
   989    743
   993    743
   994    743
   955    744
   956    744
   957    744
   958    744
   962    744
   963    744
   970    744
   971    744
   972    744
   984    744
   985    744
   986    744
   990    744
   991    744
   952    745
   953    745
   954    745
   955    745
   956    745
   958    745
   959    745
   960    745
   961    745
   967    745
   968    745
   969    745
   982    745
   983    745
   988    745
   989    745
   949    746
   950    746
   954    746
   955    746
   956    746
   957    746
   964    746
   965    746
   966    746
   986    746
   952    747
   953    747
   954    747
   955    747
   961    747
   962    747
   963    747
   959    748
   960    748
   961    748
   965    748
   966    748
   956    749
   957    749
   958    749
   959    749
   962    749
   963    749
   954    750
   955    750
   956    750
   957    750
   960    750
   961    750
   962    750
   936    751
   937    751
   938    751
   939    751
   940    751
   953    751
   954    751
   955    751
   956    751
   957    751
   958    751
   959    751
   933    752
   934    752
   935    752
   936    752
   937    752
   938    752
   951    752
   952    752
   953    752
   954    752
   955    752
   956    752
   957    752
   958    752
   965    752
   966    752
   967    752
   932    753
   933    753
   934    753
   935    753
   936    753
   937    753
   938    753
   940    753
   949    753
   950    753
   951    753
   952    753
   953    753
   955    753
   956    753
   963    753
   964    753
   965    753
   966    753
   967    753
   968    753
   930    754
   931    754
   932    754
   933    754
   934    754
   935    754
   936    754
   937    754
   938    754
   939    754
   940    754
   947    754
   948    754
   949    754
   950    754
   951    754
   952    754
   953    754
   954    754
   955    754
   962    754
   963    754
   964    754
   965    754
   966    754
   967    754
   968    754
   929    755
   930    755
   931    755
   932    755
   933    755
   934    755
   935    755
   936    755
   937    755
   938    755
   946    755
   947    755
   948    755
   949    755
   950    755
   951    755
   952    755
   953    755
   954    755
   960    755
   961    755
   962    755
   963    755
   964    755
   965    755
   966    755
   967    755
   968    755
   969    755
   970    755
   927    756
   928    756
   929    756
   930    756
   931    756
   932    756
   933    756
   934    756
   935    756
   936    756
   937    756
   944    756
   945    756
   946    756
   947    756
   948    756
   949    756
   950    756
   951    756
   952    756
   959    756
   960    756
   961    756
   962    756
   963    756
   964    756
   965    756
   966    756
   967    756
   968    756
   969    756
   926    757
   927    757
   928    757
   929    757
   930    757
   931    757
   932    757
   933    757
   934    757
   935    757
   943    757
   944    757
   945    757
   946    757
   947    757
   948    757
   949    757
   950    757
   951    757
   959    757
   960    757
   961    757
   962    757
   963    757
   964    757
   965    757
   966    757
   967    757
   968    757
   928    758
   929    758
   930    758
   931    758
   932    758
   933    758
   934    758
   942    758
   943    758
   944    758
   945    758
   946    758
   947    758
   960    758
   961    758
   962    758
   963    758
   964    758
   965    758
   966    758
   926    759
   927    759
   928    759
   929    759
   930    759
   931    759
   940    759
   941    759
   942    759
   943    759
   944    759
   945    759
   964    759
   965    759
   939    760
   940    760
   941    760
   942    760
   943    760
   944    760
   937    761
   938    761
   939    761
   940    761
   941    761
   942    761
   943    761
   936    762
   937    762
   938    762
   939    762
   940    762
   941    762
   942    762
   943    762
   935    763
   936    763
   937    763
   938    763
   939    763
   940    763
   941    763
   942    763
   934    764
   935    764
   936    764
   937    764
   938    764
   939    764
   940    764
   941    764
   942    764
   933    765
   934    765
   935    765
   936    765
   937    765
   938    765
   939    765
   940    765
   941    765
   942    765
   932    766
   933    766
   934    766
   935    766
   936    766
   937    766
   938    766
   939    766
   940    766
   931    767
   932    767
   933    767
   934    767
   935    767
   936    767
   937    767
   938    767
   939    767
   930    768
   931    768
   932    768
   933    768
   934    768
   935    768
   936    768
   937    768
   938    768
   930    769
   931    769
   932    769
   933    769
   934    769
   935    769
   936    769
   937    769
   930    770
   931    770
   932    770
   933    770
   934    770
   935    770
   936    770
   937    770
   929    771
   930    771
   931    771
   932    771
   933    771
   934    771
   935    771
   936    771
   937    771
   938    771
   929    772
   930    772
   931    772
   932    772
   933    772
   934    772
   935    772
   936    772
   937    772
   928    773
   929    773
   930    773
   931    773
   932    773
   933    773
   934    773
   935    773
   936    773
   937    773
   928    774
   929    774
   930    774
   931    774
   932    774
   933    774
   934    774
   935    774
   936    774
   937    774
   928    775
   929    775
   930    775
   931    775
   932    775
   933    775
   934    775
   935    775
   936    775
   937    775
   928    776
   929    776
   930    776
   931    776
   932    776
   933    776
   934    776
   935    776
   936    776
   937    776
   928    777
   929    777
   930    777
   931    777
   932    777
   933    777
   934    777
   935    777
   936    777
   937    777
   928    778
   929    778
   930    778
   931    778
   932    778
   933    778
   934    778
   935    778
   936    778
   937    778
   928    779
   929    779
   930    779
   931    779
   932    779
   933    779
   934    779
   935    779
   936    779
   937    779
   927    780
   928    780
   929    780
   930    780
   931    780
   932    780
   933    780
   934    780
   935    780
   936    780
   937    780
   928    781
   929    781
   930    781
   931    781
   932    781
   933    781
   934    781
   935    781
   936    781
   937    781
   927    782
   928    782
   929    782
   930    782
   931    782
   932    782
   933    782
   934    782
   935    782
   936    782
   937    782
   927    783
   928    783
   929    783
   930    783
   931    783
   932    783
   933    783
   934    783
   935    783
   936    783
   937    783
   927    784
   928    784
   929    784
   930    784
   931    784
   932    784
   933    784
   934    784
   935    784
   936    784
   937    784
   927    785
   928    785
   929    785
   930    785
   931    785
   932    785
   933    785
   934    785
   935    785
   936    785
   937    785
   927    786
   928    786
   929    786
   930    786
   931    786
   932    786
   933    786
   934    786
   935    786
   936    786
   937    786
   927    787
   928    787
   929    787
   930    787
   931    787
   932    787
   933    787
   934    787
   935    787
   936    787
   937    787
   927    788
   928    788
   929    788
   930    788
   931    788
   932    788
   933    788
   934    788
   935    788
   936    788
   927    789
   928    789
   929    789
   931    789
   932    789
   933    789
   934    789
   935    789
   936    789
   937    789
