  1168    711
  1169    711
  1170    711
  1171    711
  1172    711
  1173    711
  1174    711
  1175    711
  1176    711
  1177    711
  1178    711
  1179    711
  1149    712
  1150    712
  1151    712
  1152    712
  1153    712
  1154    712
  1155    712
  1156    712
  1140    713
  1141    713
  1142    713
  1145    713
  1146    713
  1147    713
  1148    713
  1169    713
  1174    713
  1175    713
  1176    713
  1177    713
  1109    714
  1110    714
  1111    714
  1112    714
  1135    714
  1136    714
  1137    714
  1138    714
  1139    714
  1140    714
  1143    714
  1144    714
  1145    714
  1146    714
  1147    714
  1148    714
  1149    714
  1150    714
  1151    714
  1152    714
  1153    714
  1154    714
  1155    714
  1156    714
  1157    714
  1158    714
  1159    714
  1160    714
  1106    715
  1107    715
  1108    715
  1109    715
  1117    715
  1118    715
  1119    715
  1120    715
  1121    715
  1122    715
  1135    715
  1136    715
  1137    715
  1138    715
  1139    715
  1140    715
  1141    715
  1142    715
  1143    715
  1144    715
  1145    715
  1146    715
  1147    715
  1148    715
  1149    715
  1150    715
  1151    715
  1163    715
  1164    715
  1165    715
  1166    715
  1098    716
  1099    716
  1100    716
  1101    716
  1102    716
  1103    716
  1104    716
  1105    716
  1107    716
  1123    716
  1124    716
  1125    716
  1126    716
  1152    716
  1153    716
  1154    716
  1121    717
  1122    717
  1123    717
  1136    717
  1137    717
  1138    717
  1140    717
  1141    717
  1142    717
  1143    717
  1144    717
  1145    717
  1104    718
  1105    718
  1106    718
  1107    718
  1108    718
  1109    718
  1115    718
  1116    718
  1117    718
  1118    718
  1119    718
  1120    718
  1121    718
  1122    718
  1124    718
  1125    718
  1094    719
  1095    719
  1096    719
  1097    719
  1098    719
  1099    719
  1100    719
  1101    719
  1102    719
  1103    719
  1104    719
  1105    719
  1106    719
  1107    719
  1108    719
  1109    719
  1110    719
  1111    719
  1112    719
  1123    719
  1124    719
  1085    720
  1086    720
  1088    720
  1089    720
  1090    720
  1091    720
  1092    720
  1093    720
  1094    720
  1095    720
  1096    720
  1097    720
  1098    720
  1099    720
  1100    720
  1101    720
  1102    720
  1103    720
  1104    720
  1105    720
  1106    720
  1107    720
  1108    720
  1109    720
  1110    720
  1111    720
  1114    720
  1115    720
  1116    720
  1117    720
  1118    720
  1077    721
  1078    721
  1079    721
  1080    721
  1081    721
  1082    721
  1083    721
  1084    721
  1085    721
  1090    721
  1091    721
  1092    721
  1093    721
  1094    721
  1095    721
  1096    721
  1097    721
  1098    721
  1099    721
  1100    721
  1101    721
  1102    721
  1103    721
  1104    721
  1105    721
  1106    721
  1107    721
  1108    721
  1109    721
  1110    721
  1071    722
  1072    722
  1073    722
  1074    722
  1075    722
  1076    722
  1077    722
  1078    722
  1079    722
  1080    722
  1081    722
  1082    722
  1089    722
  1090    722
  1091    722
  1092    722
  1095    722
  1096    722
  1098    722
  1099    722
  1100    722
  1101    722
  1072    723
  1073    723
  1074    723
  1075    723
  1076    723
  1077    723
  1078    723
  1079    723
  1080    723
  1081    723
  1082    723
  1083    723
  1091    723
  1092    723
  1093    723
  1094    723
  1055    724
  1056    724
  1057    724
  1058    724
  1059    724
  1060    724
  1061    724
  1065    724
  1066    724
  1067    724
  1068    724
  1069    724
  1070    724
  1071    724
  1072    724
  1073    724
  1074    724
  1075    724
  1076    724
  1077    724
  1078    724
  1079    724
  1048    725
  1049    725
  1050    725
  1051    725
  1052    725
  1053    725
  1054    725
  1055    725
  1056    725
  1057    725
  1058    725
  1059    725
  1060    725
  1061    725
  1062    725
  1067    725
  1068    725
  1070    725
  1071    725
  1072    725
  1073    725
  1041    726
  1042    726
  1043    726
  1044    726
  1045    726
  1046    726
  1047    726
  1048    726
  1049    726
  1050    726
  1051    726
  1052    726
  1053    726
  1054    726
  1055    726
  1056    726
  1057    726
  1058    726
  1059    726
  1060    726
  1061    726
  1062    726
  1066    726
  1067    726
  1073    726
  1074    726
  1075    726
  1036    727
  1037    727
  1038    727
  1039    727
  1040    727
  1041    727
  1042    727
  1043    727
  1044    727
  1045    727
  1046    727
  1047    727
  1048    727
  1049    727
  1050    727
  1051    727
  1052    727
  1053    727
  1054    727
  1055    727
  1059    727
  1060    727
  1061    727
  1062    727
  1063    727
  1067    727
  1068    727
  1069    727
  1028    728
  1029    728
  1030    728
  1031    728
  1032    728
  1033    728
  1034    728
  1035    728
  1036    728
  1037    728
  1038    728
  1039    728
  1042    728
  1043    728
  1044    728
  1045    728
  1047    728
  1048    728
  1049    728
  1050    728
  1052    728
  1053    728
  1054    728
  1055    728
  1056    728
  1057    728
  1058    728
  1059    728
  1061    728
  1062    728
  1063    728
  1027    729
  1028    729
  1029    729
  1030    729
  1031    729
  1032    729
  1033    729
  1034    729
  1037    729
  1038    729
  1039    729
  1040    729
  1043    729
  1044    729
  1045    729
  1050    729
  1051    729
  1052    729
  1054    729
  1055    729
  1056    729
  1057    729
  1033    730
  1034    730
  1035    730
  1036    730
  1037    730
  1038    730
  1039    730
  1040    730
  1016    731
  1017    731
  1018    731
  1019    731
  1027    731
  1028    731
  1029    731
  1030    731
  1031    731
  1032    731
  1033    731
  1034    731
  1010    732
  1011    732
  1012    732
  1013    732
  1014    732
  1015    732
  1016    732
  1017    732
  1018    732
  1022    732
  1023    732
  1024    732
  1026    732
  1027    732
  1028    732
  1029    732
  1034    732
  1035    732
  1036    732
  1037    732
  1038    732
  1004    733
  1005    733
  1006    733
  1007    733
  1008    733
  1009    733
  1010    733
  1011    733
  1012    733
  1013    733
  1018    733
  1019    733
  1020    733
  1021    733
  1022    733
  1023    733
  1024    733
  1025    733
  1029    733
  1030    733
  1031    733
  1032    733
  1033    733
  1034    733
  1035    733
  1036    733
  1037    733
  1038    733
   999    734
  1000    734
  1001    734
  1002    734
  1003    734
  1004    734
  1005    734
  1006    734
  1007    734
  1008    734
  1013    734
  1014    734
  1015    734
  1016    734
  1017    734
  1018    734
  1019    734
  1020    734
  1024    734
  1025    734
  1026    734
  1027    734
  1028    734
  1031    734
  1032    734
  1033    734
   995    735
   996    735
   997    735
   998    735
   999    735
  1000    735
  1001    735
  1002    735
  1003    735
  1009    735
  1010    735
  1011    735
  1012    735
  1013    735
  1014    735
  1015    735
  1016    735
  1020    735
  1021    735
  1022    735
  1023    735
  1027    735
  1028    735
   991    736
   992    736
   993    736
   994    736
   995    736
   996    736
   997    736
   998    736
   999    736
  1000    736
  1005    736
  1006    736
  1007    736
  1010    736
  1011    736
  1012    736
  1016    736
  1017    736
  1018    736
  1022    736
  1023    736
  1024    736
   988    737
   989    737
   990    737
   991    737
   992    737
   993    737
   994    737
  1000    737
  1001    737
  1002    737
  1003    737
  1014    737
  1018    737
  1019    737
  1020    737
   996    738
   997    738
   998    738
   999    738
  1000    738
  1001    738
  1002    738
  1003    738
  1004    738
  1014    738
  1015    738
  1016    738
   992    739
   993    739
   994    739
   995    739
   996    739
   997    739
   998    739
   999    739
   973    740
   974    740
   975    740
   976    740
   988    740
   989    740
   990    740
   991    740
   992    740
   993    740
   994    740
   995    740
   996    740
   970    741
   971    741
   989    741
   990    741
   991    741
   998    741
   999    741
   966    742
   967    742
   968    742
   972    742
   973    742
   974    742
   986    742
   987    742
   988    742
   994    742
   995    742
   996    742
   997    742
   962    743
   963    743
   964    743
   965    743
   968    743
   969    743
   970    743
   984    743
   990    743
   991    743
   992    743
   993    743
   997    743
   998    743
   958    744
   959    744
   960    744
   961    744
   965    744
   966    744
   974    744
   975    744
   988    744
   989    744
   990    744
   994    744
   995    744
   956    745
   957    745
   958    745
   962    745
   963    745
   964    745
   970    745
   971    745
   972    745
   984    745
   985    745
   986    745
   991    745
   992    745
   993    745
   953    746
   954    746
   955    746
   958    746
   959    746
   960    746
   961    746
   967    746
   968    746
   982    746
   983    746
   984    746
   989    746
   990    746
   950    747
   951    747
   952    747
   956    747
   957    747
   958    747
   959    747
   965    747
   966    747
   986    747
   987    747
   954    748
   955    748
   962    748
   963    748
   964    748
   960    749
   961    749
   962    749
   957    750
   958    750
   959    750
   960    750
   964    750
   955    751
   956    751
   957    751
   937    752
   938    752
   939    752
   940    752
   953    752
   954    752
   955    752
   958    752
   935    753
   936    753
   937    753
   938    753
   939    753
   951    753
   952    753
   953    753
   957    753
   958    753
   959    753
   966    753
   967    753
   968    753
   969    753
   932    754
   933    754
   934    754
   935    754
   936    754
   937    754
   938    754
   949    754
   950    754
   951    754
   952    754
   956    754
   957    754
   964    754
   965    754
   966    754
   967    754
   968    754
   969    754
   930    755
   931    755
   932    755
   933    755
   934    755
   935    755
   936    755
   937    755
   938    755
   949    755
   950    755
   951    755
   952    755
   963    755
   964    755
   965    755
   966    755
   967    755
   968    755
   969    755
   970    755
   929    756
   930    756
   931    756
   932    756
   933    756
   934    756
   935    756
   936    756
   937    756
   947    756
   948    756
   949    756
   950    756
   951    756
   961    756
   962    756
   963    756
   964    756
   965    756
   966    756
   967    756
   968    756
   969    756
   970    756
   928    757
   929    757
   930    757
   931    757
   932    757
   933    757
   934    757
   935    757
   936    757
   937    757
   945    757
   946    757
   947    757
   948    757
   949    757
   950    757
   960    757
   961    757
   962    757
   963    757
   964    757
   965    757
   966    757
   967    757
   968    757
   969    757
   926    758
   927    758
   928    758
   929    758
   930    758
   931    758
   932    758
   933    758
   934    758
   935    758
   936    758
   943    758
   944    758
   945    758
   946    758
   947    758
   948    758
   949    758
   959    758
   960    758
   961    758
   962    758
   963    758
   964    758
   965    758
   966    758
   967    758
   968    758
   925    759
   928    759
   929    759
   930    759
   931    759
   932    759
   933    759
   934    759
   935    759
   942    759
   943    759
   944    759
   945    759
   946    759
   947    759
   948    759
   959    759
   960    759
   961    759
   962    759
   963    759
   964    759
   965    759
   967    759
   927    760
   928    760
   929    760
   930    760
   931    760
   932    760
   933    760
   940    760
   941    760
   942    760
   943    760
   944    760
   945    760
   946    760
   947    760
   965    760
   966    760
   967    760
   940    761
   941    761
   942    761
   943    761
   944    761
   945    761
   946    761
   939    762
   940    762
   941    762
   942    762
   943    762
   944    762
   937    763
   938    763
   939    763
   940    763
   941    763
   942    763
   943    763
   936    764
   937    764
   938    764
   939    764
   940    764
   941    764
   942    764
   935    765
   936    765
   937    765
   938    765
   939    765
   940    765
   941    765
   942    765
   934    766
   935    766
   936    766
   937    766
   938    766
   939    766
   940    766
   941    766
   942    766
   933    767
   934    767
   935    767
   936    767
   937    767
   938    767
   939    767
   940    767
   941    767
   933    768
   934    768
   935    768
   936    768
   937    768
   938    768
   939    768
   940    768
   932    769
   933    769
   934    769
   935    769
   936    769
   937    769
   938    769
   939    769
   931    770
   932    770
   933    770
   934    770
   935    770
   936    770
   937    770
   938    770
   939    770
   931    771
   932    771
   933    771
   934    771
   935    771
   936    771
   937    771
   938    771
   939    771
   940    771
   930    772
   931    772
   932    772
   933    772
   934    772
   935    772
   936    772
   937    772
   938    772
   939    772
   930    773
   931    773
   932    773
   933    773
   934    773
   935    773
   936    773
   937    773
   938    773
   929    774
   930    774
   931    774
   932    774
   933    774
   934    774
   935    774
   936    774
   937    774
   938    774
   929    775
   930    775
   931    775
   932    775
   933    775
   934    775
   935    775
   936    775
   937    775
   938    775
   929    776
   930    776
   931    776
   932    776
   933    776
   934    776
   935    776
   936    776
   937    776
   938    776
   928    777
   929    777
   930    777
   931    777
   932    777
   933    777
   934    777
   935    777
   936    777
   937    777
   938    777
   929    778
   930    778
   931    778
   932    778
   933    778
   934    778
   935    778
   936    778
   937    778
   928    779
   929    779
   930    779
   931    779
   932    779
   933    779
   934    779
   935    779
   936    779
   937    779
   938    779
   928    780
   929    780
   930    780
   931    780
   932    780
   933    780
   934    780
   935    780
   936    780
   937    780
   938    780
   928    781
   929    781
   930    781
   931    781
   932    781
   933    781
   934    781
   935    781
   936    781
   937    781
   938    781
   928    782
   929    782
   930    782
   931    782
   932    782
   933    782
   934    782
   935    782
   936    782
   937    782
   938    782
   928    783
   929    783
   930    783
   931    783
   932    783
   933    783
   934    783
   935    783
   936    783
   937    783
   938    783
   928    784
   929    784
   930    784
   931    784
   932    784
   933    784
   934    784
   935    784
   936    784
   937    784
   938    784
   928    785
   929    785
   930    785
   931    785
   932    785
   933    785
   934    785
   935    785
   936    785
   937    785
   928    786
   929    786
   930    786
   931    786
   932    786
   933    786
   934    786
   935    786
   936    786
   937    786
   938    786
   927    787
   928    787
   929    787
   930    787
   931    787
   932    787
   933    787
   934    787
   935    787
   936    787
   937    787
   938    787
   928    788
   929    788
   930    788
   931    788
   932    788
   933    788
   934    788
   935    788
   936    788
   937    788
   938    788
   927    789
   928    789
   929    789
   930    789
   931    789
   932    789
   933    789
   934    789
   935    789
   936    789
   937    789
   928    790
   929    790
   930    790
   931    790
   932    790
   933    790
   934    790
   935    790
   936    790
   937    790
   928    791
   929    791
   930    791
   931    791
   932    791
   933    791
   934    791
   935    791
   936    791
   937    791
   928    792
   929    792
