  1192    711
  1193    711
  1194    711
  1195    711
  1196    711
  1197    711
  1198    711
  1199    711
  1200    711
  1201    711
  1170    712
  1171    712
  1172    712
  1173    712
  1174    712
  1175    712
  1176    712
  1177    712
  1178    712
  1179    712
  1180    712
  1181    712
  1182    712
  1183    712
  1184    712
  1185    712
  1197    712
  1198    712
  1199    712
  1200    712
  1156    713
  1157    713
  1158    713
  1159    713
  1160    713
  1161    713
  1162    713
  1163    713
  1164    713
  1165    713
  1166    713
  1167    713
  1168    713
  1169    713
  1170    713
  1135    714
  1136    714
  1137    714
  1138    714
  1139    714
  1143    714
  1144    714
  1145    714
  1146    714
  1147    714
  1148    714
  1149    714
  1150    714
  1151    714
  1152    714
  1153    714
  1161    714
  1162    714
  1174    714
  1175    714
  1176    714
  1181    714
  1182    714
  1183    714
  1184    714
  1192    714
  1193    714
  1194    714
  1195    714
  1115    715
  1116    715
  1141    715
  1142    715
  1143    715
  1144    715
  1145    715
  1146    715
  1147    715
  1152    715
  1153    715
  1154    715
  1155    715
  1156    715
  1157    715
  1158    715
  1159    715
  1160    715
  1161    715
  1162    715
  1163    715
  1164    715
  1165    715
  1166    715
  1167    715
  1168    715
  1104    716
  1105    716
  1106    716
  1123    716
  1125    716
  1126    716
  1127    716
  1128    716
  1129    716
  1130    716
  1131    716
  1145    716
  1146    716
  1147    716
  1148    716
  1149    716
  1153    716
  1154    716
  1155    716
  1156    716
  1157    716
  1102    717
  1103    717
  1104    717
  1105    717
  1106    717
  1107    717
  1108    717
  1109    717
  1110    717
  1111    717
  1130    717
  1131    717
  1132    717
  1133    717
  1134    717
  1135    717
  1153    717
  1154    717
  1155    717
  1156    717
  1157    717
  1158    717
  1159    717
  1160    717
  1161    717
  1162    717
  1163    717
  1127    718
  1128    718
  1129    718
  1130    718
  1131    718
  1132    718
  1133    718
  1141    718
  1142    718
  1143    718
  1144    718
  1145    718
  1147    718
  1148    718
  1149    718
  1150    718
  1151    718
  1152    718
  1153    718
  1154    718
  1111    719
  1112    719
  1113    719
  1114    719
  1123    719
  1124    719
  1125    719
  1126    719
  1127    719
  1129    719
  1130    719
  1131    719
  1101    720
  1102    720
  1103    720
  1104    720
  1105    720
  1106    720
  1107    720
  1108    720
  1109    720
  1110    720
  1111    720
  1112    720
  1113    720
  1114    720
  1115    720
  1116    720
  1117    720
  1118    720
  1081    721
  1082    721
  1083    721
  1084    721
  1085    721
  1093    721
  1094    721
  1095    721
  1096    721
  1097    721
  1098    721
  1099    721
  1100    721
  1101    721
  1102    721
  1103    721
  1104    721
  1105    721
  1106    721
  1107    721
  1108    721
  1109    721
  1110    721
  1111    721
  1112    721
  1113    721
  1114    721
  1115    721
  1116    721
  1117    721
  1123    721
  1124    721
  1125    721
  1126    721
  1127    721
  1128    721
  1086    722
  1087    722
  1088    722
  1089    722
  1096    722
  1097    722
  1098    722
  1099    722
  1100    722
  1101    722
  1102    722
  1103    722
  1104    722
  1105    722
  1106    722
  1107    722
  1108    722
  1109    722
  1110    722
  1111    722
  1117    722
  1118    722
  1119    722
  1075    723
  1076    723
  1077    723
  1078    723
  1079    723
  1080    723
  1081    723
  1082    723
  1083    723
  1084    723
  1085    723
  1086    723
  1087    723
  1094    723
  1095    723
  1096    723
  1097    723
  1098    723
  1099    723
  1100    723
  1101    723
  1102    723
  1103    723
  1104    723
  1105    723
  1109    723
  1110    723
  1111    723
  1077    724
  1078    724
  1079    724
  1080    724
  1081    724
  1082    724
  1083    724
  1084    724
  1085    724
  1086    724
  1096    724
  1097    724
  1098    724
  1101    724
  1102    724
  1103    724
  1104    724
  1077    725
  1078    725
  1079    725
  1080    725
  1081    725
  1082    725
  1083    725
  1084    725
  1057    726
  1058    726
  1059    726
  1060    726
  1061    726
  1063    726
  1064    726
  1065    726
  1066    726
  1067    726
  1068    726
  1069    726
  1070    726
  1071    726
  1073    726
  1074    726
  1075    726
  1076    726
  1077    726
  1078    726
  1079    726
  1081    726
  1082    726
  1083    726
  1084    726
  1085    726
  1086    726
  1087    726
  1051    727
  1052    727
  1055    727
  1056    727
  1057    727
  1058    727
  1059    727
  1061    727
  1062    727
  1063    727
  1064    727
  1065    727
  1066    727
  1067    727
  1068    727
  1069    727
  1070    727
  1072    727
  1073    727
  1074    727
  1075    727
  1076    727
  1077    727
  1078    727
  1083    727
  1084    727
  1085    727
  1086    727
  1087    727
  1045    728
  1046    728
  1047    728
  1048    728
  1052    728
  1053    728
  1054    728
  1057    728
  1058    728
  1059    728
  1060    728
  1061    728
  1062    728
  1063    728
  1064    728
  1068    728
  1069    728
  1070    728
  1071    728
  1075    728
  1076    728
  1077    728
  1038    729
  1039    729
  1040    729
  1041    729
  1042    729
  1043    729
  1044    729
  1045    729
  1046    729
  1047    729
  1048    729
  1049    729
  1053    729
  1054    729
  1055    729
  1056    729
  1057    729
  1058    729
  1059    729
  1060    729
  1064    729
  1065    729
  1066    729
  1067    729
  1070    729
  1071    729
  1072    729
  1033    730
  1034    730
  1035    730
  1036    730
  1037    730
  1038    730
  1039    730
  1040    730
  1041    730
  1042    730
  1043    730
  1047    730
  1048    730
  1049    730
  1050    730
  1053    730
  1054    730
  1059    730
  1060    730
  1061    730
  1064    730
  1065    730
  1066    730
  1067    730
  1068    730
  1030    731
  1031    731
  1032    731
  1033    731
  1034    731
  1035    731
  1036    731
  1037    731
  1038    731
  1042    731
  1043    731
  1044    731
  1045    731
  1048    731
  1049    731
  1056    731
  1057    731
  1061    731
  1062    731
  1063    731
  1037    732
  1038    732
  1039    732
  1040    732
  1041    732
  1042    732
  1043    732
  1044    732
  1045    732
  1021    733
  1032    733
  1033    733
  1034    733
  1035    733
  1036    733
  1037    733
  1038    733
  1039    733
  1014    734
  1015    734
  1016    734
  1017    734
  1021    734
  1022    734
  1027    734
  1028    734
  1029    734
  1030    734
  1031    734
  1032    734
  1033    734
  1034    734
  1035    734
  1039    734
  1040    734
  1041    734
  1042    734
  1009    735
  1010    735
  1011    735
  1012    735
  1015    735
  1016    735
  1017    735
  1018    735
  1023    735
  1024    735
  1025    735
  1028    735
  1029    735
  1030    735
  1035    735
  1036    735
  1037    735
  1038    735
  1041    735
  1042    735
  1005    736
  1006    736
  1007    736
  1008    736
  1009    736
  1010    736
  1011    736
  1012    736
  1013    736
  1014    736
  1019    736
  1020    736
  1021    736
  1022    736
  1023    736
  1024    736
  1025    736
  1026    736
  1031    736
  1032    736
  1033    736
  1037    736
  1038    736
   999    737
  1000    737
  1001    737
  1002    737
  1003    737
  1004    737
  1005    737
  1006    737
  1007    737
  1008    737
  1009    737
  1015    737
  1016    737
  1017    737
  1018    737
  1019    737
  1020    737
  1021    737
  1022    737
  1027    737
  1028    737
  1029    737
  1033    737
  1034    737
   996    738
   997    738
   998    738
   999    738
  1000    738
  1001    738
  1002    738
  1003    738
  1004    738
  1005    738
  1010    738
  1011    738
  1012    738
  1013    738
  1015    738
  1016    738
  1017    738
  1022    738
  1023    738
  1024    738
  1025    738
  1029    738
  1030    738
  1031    738
   991    739
   992    739
   993    739
   996    739
   997    739
   998    739
   999    739
  1000    739
  1001    739
  1006    739
  1007    739
  1008    739
  1012    739
  1013    739
  1018    739
  1019    739
  1020    739
  1021    739
  1022    739
  1025    739
  1026    739
  1027    739
   993    740
   994    740
   995    740
   996    740
  1002    740
  1003    740
  1004    740
  1005    740
  1015    740
  1021    740
  1022    740
  1023    740
   998    741
   999    741
  1000    741
  1001    741
  1002    741
  1004    741
  1005    741
  1006    741
  1016    741
  1017    741
  1018    741
   994    742
   995    742
   996    742
   997    742
   998    742
   999    742
  1000    742
  1001    742
  1002    742
   991    743
   992    743
   993    743
   994    743
   995    743
   996    743
   997    743
   998    743
   972    744
   973    744
   974    744
   987    744
   988    744
   989    744
   992    744
   993    744
   994    744
   995    744
  1001    744
  1002    744
  1003    744
   968    745
   969    745
   970    745
   971    745
   975    745
   976    745
   977    745
   984    745
   985    745
   990    745
   991    745
   997    745
   998    745
   999    745
  1000    745
   964    746
   965    746
   966    746
   967    746
   968    746
   971    746
   972    746
   973    746
   981    746
   982    746
   985    746
   986    746
   987    746
   988    746
   994    746
   995    746
   996    746
   997    746
  1001    746
  1002    746
  1003    746
   961    747
   962    747
   963    747
   964    747
   968    747
   969    747
   970    747
   978    747
   979    747
   984    747
   985    747
   992    747
   993    747
   998    747
   999    747
  1000    747
   959    748
   960    748
   961    748
   965    748
   966    748
   967    748
   974    748
   975    748
   988    748
   989    748
   990    748
   996    748
   997    748
   956    749
   957    749
   958    749
   959    749
   963    749
   964    749
   965    749
   972    749
   986    749
   987    749
   953    750
   954    750
   955    750
   956    750
   957    750
   958    750
   959    750
   960    750
   961    750
   962    750
   969    750
   970    750
   984    750
   985    750
   954    751
   955    751
   956    751
   957    751
   958    751
   959    751
   965    751
   966    751
   967    751
   988    751
   989    751
   954    752
   955    752
   956    752
   957    752
   963    752
   964    752
   965    752
   962    753
   963    753
   959    754
   960    754
   961    754
   965    754
   966    754
   967    754
   957    755
   958    755
   959    755
   963    755
   964    755
   965    755
   938    756
   939    756
   940    756
   941    756
   955    756
   956    756
   957    756
   958    756
   959    756
   960    756
   961    756
   962    756
   963    756
   936    757
   937    757
   938    757
   939    757
   940    757
   953    757
   954    757
   955    757
   956    757
   957    757
   958    757
   959    757
   960    757
   961    757
   962    757
   969    757
   970    757
   971    757
   972    757
   934    758
   935    758
   936    758
   937    758
   938    758
   939    758
   940    758
   943    758
   944    758
   952    758
   953    758
   954    758
   955    758
   956    758
   957    758
   958    758
   959    758
   960    758
   967    758
   968    758
   969    758
   970    758
   971    758
   932    759
   933    759
   934    759
   935    759
   936    759
   937    759
   938    759
   939    759
   940    759
   941    759
   942    759
   950    759
   951    759
   952    759
   953    759
   954    759
   955    759
   956    759
   957    759
   958    759
   959    759
   966    759
   967    759
   968    759
   969    759
   970    759
   971    759
   972    759
   930    760
   931    760
   932    760
   933    760
   934    760
   935    760
   936    760
   937    760
   938    760
   939    760
   949    760
   950    760
   951    760
   952    760
   953    760
   954    760
   955    760
   957    760
   958    760
   964    760
   965    760
   966    760
   967    760
   968    760
   969    760
   970    760
   971    760
   972    760
   929    761
   930    761
   931    761
   932    761
   933    761
   934    761
   935    761
   936    761
   937    761
   938    761
   939    761
   948    761
   949    761
   950    761
   951    761
   952    761
   953    761
   954    761
   963    761
   964    761
   965    761
   966    761
   967    761
   968    761
   969    761
   970    761
   971    761
   972    761
   928    762
   929    762
   930    762
   931    762
   932    762
   933    762
   934    762
   935    762
   936    762
   937    762
   938    762
   946    762
   947    762
   948    762
   949    762
   950    762
   951    762
   952    762
   953    762
   962    762
   963    762
   964    762
   965    762
   966    762
   967    762
   968    762
   969    762
   970    762
   971    762
   927    763
   928    763
   929    763
   930    763
   931    763
   932    763
   933    763
   934    763
   935    763
   936    763
   937    763
   945    763
   946    763
   947    763
   948    763
   949    763
   950    763
   951    763
   952    763
   961    763
   962    763
   963    763
   964    763
   965    763
   966    763
   967    763
   968    763
   969    763
   970    763
   971    763
   929    764
   930    764
   931    764
   932    764
   933    764
   934    764
   935    764
   943    764
   944    764
   945    764
   946    764
   947    764
   948    764
   949    764
   950    764
   960    764
   961    764
   962    764
   963    764
   964    764
   965    764
   966    764
   967    764
   968    764
   969    764
   970    764
   931    765
   932    765
   933    765
   934    765
   935    765
   942    765
   943    765
   944    765
   945    765
   946    765
   947    765
   948    765
   949    765
   962    765
   963    765
   964    765
   965    765
   966    765
   941    766
   942    766
   943    766
   944    766
   945    766
   946    766
   947    766
   948    766
   949    766
   940    767
   941    767
   942    767
   943    767
   944    767
   945    767
   946    767
   947    767
   948    767
   939    768
   940    768
   941    768
   942    768
   943    768
   944    768
   945    768
   938    769
   939    769
   940    769
   941    769
   942    769
   943    769
   944    769
   945    769
   937    770
   938    770
   939    770
   940    770
   941    770
   942    770
   943    770
   944    770
   936    771
   937    771
   938    771
   939    771
   940    771
   941    771
   942    771
   943    771
   944    771
   935    772
   936    772
   937    772
   938    772
   939    772
   940    772
   941    772
   942    772
   943    772
   944    772
   934    773
   935    773
   936    773
   937    773
   938    773
   939    773
   940    773
   941    773
   942    773
   943    773
   944    773
   933    774
   934    774
   935    774
   936    774
   937    774
   938    774
   939    774
   940    774
   941    774
   942    774
   943    774
   933    775
   934    775
   935    775
   936    775
   937    775
   938    775
   939    775
   940    775
   941    775
   942    775
   932    776
   933    776
   934    776
   935    776
   936    776
   937    776
   938    776
   939    776
   940    776
   941    776
   942    776
   932    777
   933    777
   934    777
   935    777
   936    777
   937    777
   938    777
   939    777
   940    777
   931    778
   932    778
   933    778
   934    778
   935    778
   936    778
   937    778
   938    778
   939    778
   940    778
   931    779
   932    779
   933    779
   934    779
   935    779
   936    779
   937    779
   938    779
   939    779
   940    779
   931    780
   932    780
   933    780
   934    780
   935    780
   936    780
   937    780
   938    780
   939    780
   930    781
   931    781
   932    781
   933    781
   934    781
   935    781
   936    781
   937    781
   938    781
   939    781
   930    782
   931    782
   932    782
   933    782
   934    782
   935    782
   936    782
   937    782
   938    782
   939    782
   930    783
   931    783
   932    783
   933    783
   934    783
   935    783
   936    783
   937    783
   938    783
   929    784
   930    784
   931    784
   932    784
   933    784
   934    784
   935    784
   936    784
   937    784
   938    784
   939    784
   930    785
   931    785
   932    785
   933    785
   934    785
   935    785
   936    785
   937    785
   938    785
   929    786
   930    786
   931    786
   932    786
   933    786
   934    786
   935    786
   936    786
   937    786
   938    786
   930    787
   931    787
   932    787
   933    787
   934    787
   935    787
   936    787
   937    787
   938    787
   930    788
   931    788
   932    788
   933    788
   934    788
   935    788
   936    788
   937    788
   938    788
   931    789
   932    789
   933    789
   934    789
   935    789
   936    789
   937    789
   932    790
   933    790
   934    790
   935    790
   936    790
   937    790
