  1194    711
  1195    711
  1196    711
  1197    711
  1198    711
  1169    712
  1170    712
  1171    712
  1172    712
  1173    712
  1174    712
  1175    712
  1176    712
  1177    712
  1178    712
  1179    712
  1197    712
  1198    712
  1199    712
  1154    713
  1155    713
  1156    713
  1157    713
  1158    713
  1159    713
  1160    713
  1161    713
  1167    713
  1168    713
  1169    713
  1170    713
  1171    713
  1172    713
  1173    713
  1174    713
  1175    713
  1144    714
  1145    714
  1146    714
  1147    714
  1148    714
  1149    714
  1150    714
  1172    714
  1173    714
  1174    714
  1175    714
  1176    714
  1177    714
  1191    714
  1114    715
  1115    715
  1140    715
  1141    715
  1142    715
  1143    715
  1144    715
  1145    715
  1146    715
  1150    715
  1151    715
  1152    715
  1153    715
  1154    715
  1155    715
  1156    715
  1157    715
  1158    715
  1159    715
  1160    715
  1161    715
  1164    715
  1165    715
  1167    715
  1168    715
  1169    715
  1104    716
  1105    716
  1106    716
  1123    716
  1124    716
  1125    716
  1126    716
  1143    716
  1144    716
  1145    716
  1146    716
  1147    716
  1148    716
  1149    716
  1150    716
  1151    716
  1152    716
  1169    716
  1170    716
  1171    716
  1172    716
  1173    716
  1101    717
  1102    717
  1103    717
  1104    717
  1105    717
  1106    717
  1107    717
  1108    717
  1109    717
  1110    717
  1111    717
  1112    717
  1130    717
  1131    717
  1132    717
  1133    717
  1147    717
  1148    717
  1149    717
  1150    717
  1126    718
  1127    718
  1128    718
  1129    718
  1130    718
  1131    718
  1133    718
  1139    718
  1140    718
  1141    718
  1142    718
  1143    718
  1144    718
  1145    718
  1146    718
  1147    718
  1148    718
  1149    718
  1150    718
  1151    718
  1108    719
  1109    719
  1110    719
  1111    719
  1112    719
  1113    719
  1121    719
  1122    719
  1123    719
  1124    719
  1125    719
  1126    719
  1127    719
  1128    719
  1129    719
  1130    719
  1131    719
  1102    720
  1103    720
  1104    720
  1105    720
  1106    720
  1107    720
  1108    720
  1109    720
  1110    720
  1114    720
  1115    720
  1090    721
  1091    721
  1092    721
  1093    721
  1094    721
  1095    721
  1096    721
  1097    721
  1098    721
  1099    721
  1100    721
  1101    721
  1102    721
  1103    721
  1104    721
  1105    721
  1106    721
  1107    721
  1108    721
  1109    721
  1110    721
  1111    721
  1112    721
  1113    721
  1114    721
  1122    721
  1123    721
  1124    721
  1125    721
  1083    722
  1084    722
  1085    722
  1086    722
  1087    722
  1092    722
  1093    722
  1094    722
  1095    722
  1096    722
  1097    722
  1098    722
  1099    722
  1100    722
  1101    722
  1102    722
  1103    722
  1104    722
  1105    722
  1106    722
  1107    722
  1108    722
  1109    722
  1110    722
  1115    722
  1116    722
  1077    723
  1078    723
  1079    723
  1085    723
  1086    723
  1087    723
  1089    723
  1090    723
  1096    723
  1097    723
  1098    723
  1099    723
  1100    723
  1101    723
  1102    723
  1103    723
  1104    723
  1106    723
  1107    723
  1108    723
  1109    723
  1077    724
  1078    724
  1079    724
  1080    724
  1081    724
  1082    724
  1083    724
  1084    724
  1085    724
  1086    724
  1090    724
  1091    724
  1092    724
  1095    724
  1096    724
  1100    724
  1101    724
  1102    724
  1103    724
  1062    725
  1063    725
  1064    725
  1074    725
  1075    725
  1076    725
  1078    725
  1079    725
  1080    725
  1081    725
  1083    725
  1084    725
  1085    725
  1086    725
  1056    726
  1057    726
  1058    726
  1059    726
  1063    726
  1064    726
  1065    726
  1066    726
  1067    726
  1068    726
  1069    726
  1074    726
  1075    726
  1076    726
  1079    726
  1080    726
  1081    726
  1085    726
  1086    726
  1087    726
  1050    727
  1057    727
  1058    727
  1059    727
  1060    727
  1062    727
  1063    727
  1064    727
  1065    727
  1066    727
  1067    727
  1068    727
  1069    727
  1070    727
  1074    727
  1075    727
  1076    727
  1081    727
  1082    727
  1083    727
  1044    728
  1045    728
  1046    728
  1051    728
  1052    728
  1053    728
  1054    728
  1055    728
  1056    728
  1057    728
  1058    728
  1059    728
  1060    728
  1061    728
  1062    728
  1063    728
  1064    728
  1069    728
  1070    728
  1071    728
  1077    728
  1078    728
  1079    728
  1038    729
  1039    729
  1040    729
  1041    729
  1042    729
  1043    729
  1044    729
  1045    729
  1046    729
  1055    729
  1056    729
  1057    729
  1061    729
  1062    729
  1063    729
  1064    729
  1065    729
  1066    729
  1068    729
  1069    729
  1070    729
  1071    729
  1033    730
  1034    730
  1035    730
  1036    730
  1037    730
  1038    730
  1039    730
  1040    730
  1041    730
  1042    730
  1046    730
  1047    730
  1058    730
  1059    730
  1060    730
  1064    730
  1065    730
  1066    730
  1031    731
  1032    731
  1033    731
  1034    731
  1035    731
  1036    731
  1037    731
  1042    731
  1043    731
  1044    731
  1060    731
  1061    731
  1062    731
  1036    732
  1037    732
  1038    732
  1039    732
  1040    732
  1041    732
  1042    732
  1043    732
  1018    733
  1019    733
  1020    733
  1021    733
  1022    733
  1023    733
  1030    733
  1031    733
  1032    733
  1033    733
  1034    733
  1035    733
  1036    733
  1037    733
  1038    733
  1013    734
  1014    734
  1015    734
  1016    734
  1017    734
  1018    734
  1019    734
  1020    734
  1021    734
  1022    734
  1025    734
  1026    734
  1027    734
  1030    734
  1031    734
  1032    734
  1033    734
  1034    734
  1038    734
  1039    734
  1040    734
  1041    734
  1008    735
  1009    735
  1010    735
  1011    735
  1012    735
  1013    735
  1014    735
  1015    735
  1016    735
  1017    735
  1022    735
  1023    735
  1024    735
  1025    735
  1026    735
  1027    735
  1028    735
  1029    735
  1034    735
  1035    735
  1036    735
  1041    735
  1042    735
  1003    736
  1004    736
  1005    736
  1006    736
  1007    736
  1008    736
  1009    736
  1010    736
  1011    736
  1012    736
  1018    736
  1019    736
  1020    736
  1021    736
  1022    736
  1023    736
  1024    736
  1025    736
  1030    736
  1031    736
  1032    736
  1035    736
  1036    736
  1037    736
   999    737
  1000    737
  1001    737
  1002    737
  1003    737
  1004    737
  1005    737
  1006    737
  1007    737
  1013    737
  1014    737
  1015    737
  1016    737
  1017    737
  1018    737
  1019    737
  1020    737
  1025    737
  1026    737
  1027    737
  1028    737
  1031    737
  1032    737
  1033    737
   995    738
   996    738
   997    738
   998    738
   999    738
  1000    738
  1001    738
  1002    738
  1003    738
  1009    738
  1010    738
  1014    738
  1015    738
  1016    738
  1021    738
  1022    738
  1023    738
  1024    738
  1027    738
  1028    738
  1029    738
   995    739
   996    739
   997    739
   998    739
   999    739
  1005    739
  1006    739
  1007    739
  1011    739
  1012    739
  1017    739
  1018    739
  1019    739
  1020    739
  1022    739
  1023    739
  1024    739
  1025    739
   991    740
   992    740
   993    740
   994    740
   995    740
  1000    740
  1001    740
  1002    740
  1003    740
  1004    740
  1005    740
  1006    740
  1007    740
  1008    740
  1019    740
  1020    740
  1021    740
   996    741
   997    741
   998    741
   999    741
  1000    741
  1001    741
  1002    741
  1003    741
  1004    741
  1005    741
   993    742
   994    742
   995    742
   996    742
   997    742
   998    742
   999    742
  1000    742
  1001    742
   974    743
   975    743
   976    743
   977    743
   989    743
   990    743
   991    743
   994    743
   995    743
   996    743
   997    743
  1003    743
  1004    743
  1005    743
  1006    743
  1007    743
   970    744
   971    744
   972    744
   973    744
   978    744
   979    744
   985    744
   986    744
   987    744
   991    744
   992    744
   993    744
   994    744
   999    744
  1000    744
  1001    744
   966    745
   967    745
   968    745
   969    745
   973    745
   974    745
   975    745
   976    745
   982    745
   983    745
   988    745
   989    745
   990    745
   996    745
   997    745
   998    745
   999    745
  1003    745
  1004    745
   963    746
   964    746
   965    746
   966    746
   969    746
   970    746
   971    746
   972    746
   979    746
   980    746
   985    746
   986    746
   993    746
   994    746
   999    746
  1000    746
  1001    746
   960    747
   961    747
   962    747
   963    747
   964    747
   966    747
   967    747
   968    747
   969    747
   982    747
   983    747
   990    747
   991    747
   992    747
   997    747
   998    747
   957    748
   958    748
   959    748
   960    748
   961    748
   962    748
   963    748
   964    748
   965    748
   966    748
   972    748
   973    748
   987    748
   988    748
   989    748
   990    748
   994    748
   995    748
   954    749
   955    749
   956    749
   957    749
   958    749
   959    749
   960    749
   961    749
   962    749
   963    749
   970    749
   971    749
   986    749
   991    749
   992    749
   993    749
   951    750
   952    750
   954    750
   955    750
   956    750
   957    750
   958    750
   959    750
   960    750
   961    750
   967    750
   968    750
   969    750
   970    750
   989    750
   990    750
   955    751
   956    751
   957    751
   958    751
   964    751
   965    751
   966    751
   967    751
   953    752
   954    752
   955    752
   962    752
   963    752
   964    752
   960    753
   961    753
   962    753
   963    753
   958    754
   959    754
   960    754
   955    755
   956    755
   957    755
   958    755
   959    755
   962    755
   963    755
   937    756
   938    756
   939    756
   954    756
   955    756
   956    756
   957    756
   958    756
   959    756
   961    756
   970    756
   971    756
   972    756
   973    756
   974    756
   975    756
   935    757
   936    757
   937    757
   938    757
   939    757
   940    757
   941    757
   952    757
   953    757
   954    757
   955    757
   956    757
   957    757
   958    757
   959    757
   960    757
   961    757
   968    757
   969    757
   970    757
   971    757
   972    757
   973    757
   933    758
   934    758
   935    758
   936    758
   937    758
   938    758
   939    758
   940    758
   941    758
   942    758
   943    758
   951    758
   952    758
   953    758
   954    758
   955    758
   956    758
   957    758
   958    758
   959    758
   966    758
   967    758
   968    758
   969    758
   970    758
   971    758
   972    758
   973    758
   931    759
   932    759
   933    759
   934    759
   935    759
   936    759
   937    759
   938    759
   939    759
   940    759
   941    759
   950    759
   951    759
   952    759
   953    759
   954    759
   955    759
   956    759
   957    759
   958    759
   965    759
   966    759
   967    759
   968    759
   969    759
   970    759
   971    759
   972    759
   973    759
   974    759
   975    759
   929    760
   930    760
   931    760
   932    760
   933    760
   934    760
   935    760
   936    760
   937    760
   938    760
   939    760
   940    760
   947    760
   948    760
   949    760
   950    760
   951    760
   952    760
   953    760
   956    760
   963    760
   964    760
   965    760
   966    760
   967    760
   968    760
   969    760
   970    760
   971    760
   928    761
   929    761
   930    761
   931    761
   932    761
   933    761
   934    761
   935    761
   936    761
   937    761
   938    761
   947    761
   948    761
   949    761
   950    761
   951    761
   952    761
   953    761
   962    761
   963    761
   964    761
   965    761
   966    761
   967    761
   968    761
   969    761
   970    761
   971    761
   927    762
   928    762
   929    762
   930    762
   931    762
   932    762
   933    762
   934    762
   935    762
   936    762
   937    762
   938    762
   945    762
   946    762
   947    762
   948    762
   949    762
   950    762
   951    762
   952    762
   961    762
   962    762
   963    762
   964    762
   965    762
   966    762
   967    762
   968    762
   969    762
   970    762
   971    762
   928    763
   929    763
   930    763
   931    763
   932    763
   933    763
   934    763
   935    763
   936    763
   944    763
   945    763
   946    763
   947    763
   948    763
   949    763
   950    763
   951    763
   952    763
   960    763
   961    763
   962    763
   963    763
   964    763
   965    763
   966    763
   967    763
   968    763
   969    763
   970    763
   928    764
   929    764
   930    764
   931    764
   932    764
   933    764
   934    764
   942    764
   943    764
   944    764
   945    764
   946    764
   947    764
   948    764
   949    764
   950    764
   951    764
   961    764
   962    764
   963    764
   964    764
   965    764
   966    764
   967    764
   968    764
   969    764
   941    765
   942    765
   943    765
   944    765
   945    765
   946    765
   947    765
   948    765
   949    765
   961    765
   962    765
   963    765
   964    765
   965    765
   966    765
   967    765
   968    765
   941    766
   942    766
   943    766
   944    766
   945    766
   946    766
   947    766
   948    766
   939    767
   940    767
   941    767
   942    767
   943    767
   944    767
   945    767
   946    767
   947    767
   938    768
   939    768
   940    768
   941    768
   942    768
   943    768
   944    768
   945    768
   937    769
   938    769
   939    769
   940    769
   941    769
   942    769
   943    769
   936    770
   937    770
   938    770
   939    770
   940    770
   941    770
   942    770
   943    770
   935    771
   936    771
   937    771
   938    771
   939    771
   940    771
   941    771
   942    771
   943    771
   935    772
   936    772
   937    772
   938    772
   939    772
   940    772
   941    772
   942    772
   943    772
   944    772
   934    773
   935    773
   936    773
   937    773
   938    773
   939    773
   940    773
   941    773
   942    773
   943    773
   933    774
   934    774
   935    774
   936    774
   937    774
   938    774
   939    774
   940    774
   941    774
   942    774
   932    775
   933    775
   934    775
   935    775
   936    775
   937    775
   938    775
   939    775
   940    775
   941    775
   942    775
   932    776
   933    776
   934    776
   935    776
   936    776
   937    776
   938    776
   939    776
   940    776
   941    776
   931    777
   932    777
   933    777
   934    777
   935    777
   936    777
   937    777
   938    777
   939    777
   940    777
   931    778
   932    778
   933    778
   934    778
   935    778
   936    778
   937    778
   938    778
   939    778
   940    778
   930    779
   931    779
   932    779
   933    779
   934    779
   935    779
   936    779
   937    779
   938    779
   939    779
   940    779
   930    780
   931    780
   932    780
   933    780
   934    780
   935    780
   936    780
   937    780
   938    780
   939    780
   930    781
   931    781
   932    781
   933    781
   934    781
   935    781
   936    781
   937    781
   938    781
   939    781
   929    782
   930    782
   931    782
   932    782
   933    782
   934    782
   935    782
   936    782
   937    782
   938    782
   939    782
   929    783
   930    783
   931    783
   932    783
   933    783
   934    783
   935    783
   936    783
   937    783
   938    783
   939    783
   929    784
   930    784
   931    784
   932    784
   933    784
   934    784
   935    784
   936    784
   937    784
   938    784
   939    784
   929    785
   930    785
   931    785
   932    785
   933    785
   934    785
   935    785
   936    785
   937    785
   938    785
   929    786
   930    786
   931    786
   932    786
   933    786
   934    786
   935    786
   936    786
   937    786
   938    786
   929    787
   930    787
   931    787
   932    787
   933    787
   934    787
   935    787
   936    787
   937    787
   938    787
   929    788
   930    788
   931    788
   932    788
   933    788
   934    788
   935    788
   936    788
   937    788
   930    789
   931    789
   932    789
   933    789
   934    789
   935    789
   936    789
   937    789
