  1233    708
  1222    709
  1223    709
  1224    709
  1212    710
  1213    710
  1215    710
  1216    710
  1187    711
  1188    711
  1189    711
  1190    711
  1191    711
  1192    711
  1193    711
  1194    711
  1195    711
  1196    711
  1197    711
  1198    711
  1199    711
  1200    711
  1222    711
  1223    711
  1224    711
  1225    711
  1162    712
  1163    712
  1164    712
  1165    712
  1166    712
  1167    712
  1168    712
  1169    712
  1170    712
  1171    712
  1172    712
  1173    712
  1174    712
  1175    712
  1176    712
  1177    712
  1178    712
  1179    712
  1180    712
  1181    712
  1182    712
  1192    712
  1193    712
  1194    712
  1154    713
  1155    713
  1156    713
  1157    713
  1158    713
  1159    713
  1160    713
  1161    713
  1162    713
  1168    713
  1169    713
  1170    713
  1171    713
  1172    713
  1173    713
  1174    713
  1175    713
  1176    713
  1188    713
  1189    713
  1190    713
  1191    713
  1192    713
  1197    713
  1198    713
  1199    713
  1200    713
  1201    713
  1127    714
  1128    714
  1129    714
  1130    714
  1131    714
  1132    714
  1133    714
  1134    714
  1137    714
  1138    714
  1139    714
  1140    714
  1141    714
  1142    714
  1143    714
  1144    714
  1145    714
  1146    714
  1147    714
  1148    714
  1149    714
  1150    714
  1171    714
  1172    714
  1173    714
  1174    714
  1175    714
  1176    714
  1177    714
  1178    714
  1179    714
  1103    715
  1104    715
  1105    715
  1106    715
  1107    715
  1108    715
  1109    715
  1110    715
  1111    715
  1112    715
  1113    715
  1114    715
  1126    715
  1127    715
  1128    715
  1129    715
  1130    715
  1131    715
  1135    715
  1136    715
  1137    715
  1138    715
  1139    715
  1150    715
  1151    715
  1152    715
  1153    715
  1154    715
  1155    715
  1156    715
  1157    715
  1158    715
  1159    715
  1160    715
  1161    715
  1162    715
  1174    715
  1175    715
  1176    715
  1177    715
  1178    715
  1107    716
  1108    716
  1109    716
  1110    716
  1111    716
  1112    716
  1113    716
  1114    716
  1115    716
  1116    716
  1117    716
  1118    716
  1119    716
  1120    716
  1121    716
  1122    716
  1123    716
  1138    716
  1139    716
  1140    716
  1141    716
  1142    716
  1143    716
  1144    716
  1151    716
  1152    716
  1153    716
  1154    716
  1155    716
  1156    716
  1157    716
  1158    716
  1159    716
  1160    716
  1167    716
  1168    716
  1169    716
  1095    717
  1096    717
  1097    717
  1098    717
  1099    717
  1100    717
  1105    717
  1106    717
  1126    717
  1127    717
  1128    717
  1129    717
  1130    717
  1151    717
  1152    717
  1153    717
  1154    717
  1155    717
  1156    717
  1157    717
  1158    717
  1159    717
  1125    718
  1126    718
  1127    718
  1128    718
  1129    718
  1130    718
  1131    718
  1132    718
  1133    718
  1134    718
  1135    718
  1136    718
  1137    718
  1142    718
  1143    718
  1144    718
  1145    718
  1146    718
  1107    719
  1108    719
  1109    719
  1110    719
  1111    719
  1112    719
  1113    719
  1119    719
  1120    719
  1121    719
  1122    719
  1123    719
  1125    719
  1126    719
  1127    719
  1128    719
  1129    719
  1095    720
  1096    720
  1097    720
  1098    720
  1099    720
  1100    720
  1101    720
  1102    720
  1103    720
  1104    720
  1105    720
  1106    720
  1107    720
  1108    720
  1109    720
  1110    720
  1111    720
  1112    720
  1113    720
  1114    720
  1115    720
  1116    720
  1084    721
  1085    721
  1087    721
  1088    721
  1090    721
  1091    721
  1092    721
  1093    721
  1094    721
  1095    721
  1096    721
  1097    721
  1098    721
  1099    721
  1100    721
  1101    721
  1102    721
  1103    721
  1104    721
  1105    721
  1106    721
  1107    721
  1108    721
  1109    721
  1110    721
  1111    721
  1112    721
  1113    721
  1114    721
  1118    721
  1119    721
  1120    721
  1121    721
  1080    722
  1081    722
  1082    722
  1083    722
  1084    722
  1085    722
  1086    722
  1092    722
  1093    722
  1094    722
  1095    722
  1096    722
  1097    722
  1098    722
  1099    722
  1100    722
  1101    722
  1102    722
  1103    722
  1104    722
  1105    722
  1106    722
  1107    722
  1108    722
  1109    722
  1111    722
  1112    722
  1113    722
  1114    722
  1077    723
  1078    723
  1079    723
  1080    723
  1081    723
  1082    723
  1092    723
  1093    723
  1094    723
  1095    723
  1096    723
  1097    723
  1102    723
  1103    723
  1104    723
  1105    723
  1106    723
  1107    723
  1108    723
  1078    724
  1079    724
  1080    724
  1081    724
  1082    724
  1096    724
  1097    724
  1098    724
  1058    725
  1059    725
  1060    725
  1061    725
  1062    725
  1063    725
  1064    725
  1072    725
  1073    725
  1074    725
  1075    725
  1076    725
  1077    725
  1078    725
  1079    725
  1080    725
  1081    725
  1052    726
  1053    726
  1054    726
  1055    726
  1056    726
  1057    726
  1058    726
  1059    726
  1060    726
  1061    726
  1062    726
  1063    726
  1064    726
  1065    726
  1066    726
  1067    726
  1068    726
  1071    726
  1072    726
  1073    726
  1074    726
  1075    726
  1076    726
  1077    726
  1078    726
  1079    726
  1047    727
  1048    727
  1049    727
  1052    727
  1053    727
  1054    727
  1055    727
  1056    727
  1058    727
  1059    727
  1060    727
  1061    727
  1062    727
  1063    727
  1064    727
  1065    727
  1066    727
  1070    727
  1071    727
  1072    727
  1078    727
  1079    727
  1080    727
  1041    728
  1042    728
  1043    728
  1044    728
  1045    728
  1048    728
  1049    728
  1050    728
  1051    728
  1053    728
  1054    728
  1055    728
  1056    728
  1057    728
  1058    728
  1059    728
  1060    728
  1061    728
  1065    728
  1066    728
  1067    728
  1072    728
  1073    728
  1034    729
  1035    729
  1036    729
  1037    729
  1038    729
  1039    729
  1040    729
  1041    729
  1042    729
  1043    729
  1044    729
  1047    729
  1048    729
  1049    729
  1050    729
  1053    729
  1054    729
  1055    729
  1056    729
  1060    729
  1061    729
  1062    729
  1063    729
  1064    729
  1065    729
  1066    729
  1067    729
  1068    729
  1035    730
  1036    730
  1037    730
  1038    730
  1039    730
  1043    730
  1044    730
  1045    730
  1046    730
  1050    730
  1054    730
  1055    730
  1056    730
  1057    730
  1058    730
  1059    730
  1060    730
  1061    730
  1062    730
  1063    730
  1039    731
  1040    731
  1041    731
  1042    731
  1043    731
  1044    731
  1045    731
  1046    731
  1056    731
  1057    731
  1058    731
  1059    731
  1034    732
  1035    732
  1036    732
  1037    732
  1038    732
  1039    732
  1040    732
  1041    732
  1015    733
  1016    733
  1017    733
  1018    733
  1019    733
  1020    733
  1021    733
  1022    733
  1023    733
  1028    733
  1029    733
  1030    733
  1031    733
  1032    733
  1033    733
  1034    733
  1035    733
  1039    733
  1040    733
  1041    733
  1042    733
  1043    733
  1044    733
  1045    733
  1046    733
  1010    734
  1011    734
  1012    734
  1013    734
  1014    734
  1015    734
  1016    734
  1017    734
  1018    734
  1019    734
  1023    734
  1024    734
  1025    734
  1026    734
  1027    734
  1028    734
  1029    734
  1030    734
  1031    734
  1035    734
  1036    734
  1037    734
  1038    734
  1039    734
  1042    734
  1043    734
  1044    734
  1004    735
  1005    735
  1006    735
  1007    735
  1008    735
  1009    735
  1010    735
  1011    735
  1012    735
  1013    735
  1014    735
  1015    735
  1019    735
  1020    735
  1021    735
  1022    735
  1023    735
  1024    735
  1025    735
  1026    735
  1031    735
  1032    735
  1033    735
  1034    735
  1035    735
  1037    735
  1038    735
  1039    735
  1000    736
  1001    736
  1002    736
  1003    736
  1004    736
  1005    736
  1006    736
  1007    736
  1008    736
  1015    736
  1016    736
  1017    736
  1018    736
  1019    736
  1020    736
  1021    736
  1022    736
  1027    736
  1028    736
  1029    736
  1033    736
  1034    736
  1035    736
   996    737
   997    737
   998    737
   999    737
  1000    737
  1001    737
  1002    737
  1003    737
  1004    737
  1005    737
  1010    737
  1011    737
  1012    737
  1013    737
  1014    737
  1015    737
  1016    737
  1017    737
  1018    737
  1022    737
  1023    737
  1024    737
  1025    737
  1029    737
  1030    737
   991    738
   992    738
   993    738
   994    738
   995    738
   996    738
   997    738
   998    738
   999    738
  1000    738
  1001    738
  1006    738
  1007    738
  1008    738
  1009    738
  1010    738
  1011    738
  1012    738
  1013    738
  1018    738
  1019    738
  1020    738
  1021    738
  1022    738
  1025    738
  1026    738
   987    739
   988    739
   989    739
   990    739
   991    739
   992    739
   993    739
   994    739
   995    739
   996    739
   997    739
  1002    739
  1003    739
  1004    739
  1005    739
  1008    739
  1009    739
  1015    739
  1016    739
  1017    739
  1018    739
  1019    739
  1020    739
  1021    739
  1022    739
  1023    739
   998    740
   999    740
  1000    740
  1001    740
  1002    740
  1003    740
  1004    740
  1005    740
  1006    740
  1013    740
  1014    740
  1015    740
  1016    740
  1017    740
   994    741
   995    741
   996    741
   997    741
   998    741
   999    741
  1000    741
  1001    741
  1002    741
   990    742
   991    742
   992    742
   993    742
   994    742
   995    742
   996    742
   997    742
   998    742
   972    743
   973    743
   974    743
   975    743
   979    743
   980    743
   986    743
   987    743
   988    743
   989    743
   990    743
   991    743
   992    743
   993    743
   994    743
   995    743
  1000    743
  1001    743
  1002    743
   968    744
   969    744
   970    744
   971    744
   974    744
   975    744
   976    744
   977    744
   978    744
   983    744
   984    744
   985    744
   988    744
   989    744
   990    744
   991    744
   997    744
   998    744
   999    744
  1000    744
   965    745
   966    745
   967    745
   971    745
   972    745
   973    745
   980    745
   981    745
   982    745
   985    745
   986    745
   987    745
   994    745
   995    745
   996    745
   997    745
  1000    745
  1001    745
  1002    745
   960    746
   961    746
   962    746
   963    746
   964    746
   967    746
   968    746
   969    746
   970    746
   977    746
   978    746
   982    746
   983    746
   984    746
   990    746
   991    746
   992    746
   993    746
   994    746
   996    746
   997    746
   998    746
   999    746
   958    747
   959    747
   960    747
   961    747
   962    747
   963    747
   964    747
   965    747
   966    747
   967    747
   974    747
   975    747
   980    747
   981    747
   988    747
   989    747
   990    747
   994    747
   995    747
   996    747
   955    748
   956    748
   957    748
   958    748
   959    748
   961    748
   962    748
   963    748
   964    748
   971    748
   972    748
   985    748
   986    748
   987    748
   992    748
   993    748
   952    749
   953    749
   954    749
   955    749
   956    749
   957    749
   958    749
   959    749
   960    749
   961    749
   968    749
   969    749
   970    749
   990    749
   991    749
   950    750
   951    750
   956    750
   957    750
   958    750
   959    750
   965    750
   966    750
   967    750
   954    751
   955    751
   956    751
   957    751
   963    751
   964    751
   965    751
   961    752
   962    752
   963    752
   967    752
   968    752
   958    753
   959    753
   960    753
   961    753
   965    753
   966    753
   956    754
   957    754
   958    754
   959    754
   962    754
   963    754
   964    754
   937    755
   938    755
   939    755
   940    755
   941    755
   942    755
   943    755
   955    755
   956    755
   957    755
   958    755
   959    755
   961    755
   962    755
   935    756
   936    756
   937    756
   938    756
   939    756
   940    756
   941    756
   952    756
   953    756
   954    756
   955    756
   956    756
   957    756
   958    756
   959    756
   960    756
   968    756
   969    756
   970    756
   971    756
   972    756
   973    756
   934    757
   935    757
   936    757
   937    757
   938    757
   939    757
   940    757
   941    757
   942    757
   943    757
   951    757
   952    757
   953    757
   954    757
   955    757
   956    757
   957    757
   958    757
   959    757
   966    757
   967    757
   968    757
   969    757
   970    757
   971    757
   972    757
   973    757
   932    758
   933    758
   934    758
   935    758
   936    758
   937    758
   938    758
   939    758
   940    758
   941    758
   942    758
   950    758
   951    758
   952    758
   953    758
   954    758
   955    758
   956    758
   957    758
   958    758
   964    758
   965    758
   966    758
   967    758
   968    758
   969    758
   970    758
   971    758
   972    758
   973    758
   974    758
   975    758
   930    759
   931    759
   932    759
   933    759
   934    759
   935    759
   936    759
   937    759
   938    759
   939    759
   940    759
   948    759
   949    759
   950    759
   951    759
   952    759
   953    759
   954    759
   955    759
   956    759
   957    759
   964    759
   965    759
   966    759
   967    759
   968    759
   969    759
   970    759
   971    759
   972    759
   973    759
   928    760
   929    760
   930    760
   931    760
   932    760
   933    760
   934    760
   935    760
   936    760
   937    760
   938    760
   939    760
   946    760
   947    760
   948    760
   949    760
   950    760
   951    760
   952    760
   953    760
   954    760
   955    760
   962    760
   963    760
   964    760
   965    760
   966    760
   967    760
   968    760
   969    760
   970    760
   971    760
   972    760
   973    760
   927    761
   928    761
   929    761
   930    761
   931    761
   932    761
   933    761
   934    761
   935    761
   936    761
   937    761
   945    761
   946    761
   947    761
   948    761
   949    761
   950    761
   951    761
   952    761
   953    761
   954    761
   961    761
   962    761
   963    761
   964    761
   965    761
   966    761
   967    761
   968    761
   969    761
   970    761
   971    761
   926    762
   927    762
   928    762
   929    762
   930    762
   931    762
   932    762
   933    762
   934    762
   935    762
   936    762
   944    762
   945    762
   946    762
   947    762
   948    762
   949    762
   950    762
   951    762
   960    762
   961    762
   962    762
   963    762
   964    762
   965    762
   966    762
   967    762
   968    762
   969    762
   970    762
   971    762
   930    763
   931    763
   932    763
   933    763
   934    763
   935    763
   943    763
   944    763
   945    763
   946    763
   947    763
   948    763
   949    763
   959    763
   960    763
   961    763
   962    763
   963    763
   964    763
   965    763
   966    763
   967    763
   968    763
   969    763
   941    764
   942    764
   943    764
   944    764
   945    764
   946    764
   947    764
   948    764
   960    764
   961    764
   962    764
   963    764
   964    764
   965    764
   966    764
   967    764
   968    764
   940    765
   941    765
   942    765
   943    765
   944    765
   945    765
   946    765
   947    765
   939    766
   940    766
   941    766
   942    766
   943    766
   944    766
   945    766
   946    766
   947    766
   948    766
   938    767
   939    767
   940    767
   941    767
   942    767
   943    767
   944    767
   945    767
   946    767
   947    767
   937    768
   938    768
   939    768
   940    768
   941    768
   942    768
   943    768
   944    768
   935    769
   936    769
   937    769
   938    769
   939    769
   940    769
   941    769
   942    769
   943    769
   935    770
   936    770
   937    770
   938    770
   939    770
   940    770
   941    770
   942    770
   943    770
   944    770
   934    771
   935    771
   936    771
   937    771
   938    771
   939    771
   940    771
   941    771
   942    771
   943    771
   933    772
   934    772
   935    772
   936    772
   937    772
   938    772
   939    772
   940    772
   941    772
   942    772
   943    772
   933    773
   934    773
   935    773
   936    773
   937    773
   938    773
   939    773
   940    773
   941    773
   942    773
   932    774
   933    774
   934    774
   935    774
   936    774
   937    774
   938    774
   939    774
   940    774
   941    774
   932    775
   933    775
   934    775
   935    775
   936    775
   937    775
   938    775
   939    775
   940    775
   941    775
   931    776
   932    776
   933    776
   934    776
   935    776
   936    776
   937    776
   938    776
   939    776
   940    776
   930    777
   931    777
   932    777
   933    777
   934    777
   935    777
   936    777
   937    777
   938    777
   939    777
   930    778
   931    778
   932    778
   933    778
   934    778
   935    778
   936    778
   937    778
   938    778
   939    778
   940    778
   930    779
   931    779
   932    779
   933    779
   934    779
   935    779
   936    779
   937    779
   938    779
   939    779
   930    780
   931    780
   932    780
   933    780
   934    780
   935    780
   936    780
   937    780
   938    780
   939    780
   929    781
   930    781
   931    781
   932    781
   933    781
   934    781
   935    781
   936    781
   937    781
   938    781
   939    781
   929    782
   930    782
   931    782
   932    782
   933    782
   934    782
   935    782
   936    782
   937    782
   938    782
   929    783
   930    783
   931    783
   932    783
   933    783
   934    783
   935    783
   936    783
   937    783
   938    783
   939    783
   929    784
   930    784
   931    784
   932    784
   933    784
   934    784
   935    784
   936    784
   937    784
   938    784
   939    784
   929    785
   930    785
   931    785
   932    785
   933    785
   934    785
   935    785
   936    785
   937    785
   938    785
   939    785
   929    786
   930    786
   931    786
   932    786
   933    786
   934    786
   935    786
   936    786
   937    786
   938    786
   929    787
   930    787
   931    787
   932    787
   933    787
   934    787
   935    787
   936    787
   937    787
   938    787
   929    788
   930    788
   931    788
   932    788
   933    788
   934    788
   935    788
   936    788
   937    788
   938    788
   930    789
   931    789
   932    789
   933    789
   934    789
   935    789
   936    789
   937    789
   938    789
   933    790
   934    790
   935    790
   936    790
   937    790
   938    790
