  1205    711
  1206    711
  1207    711
  1213    711
  1214    711
  1215    711
  1216    711
  1217    711
  1218    711
  1186    712
  1187    712
  1188    712
  1189    712
  1190    712
  1191    712
  1192    712
  1193    712
  1194    712
  1195    712
  1204    712
  1205    712
  1206    712
  1207    712
  1208    712
  1225    712
  1226    712
  1227    712
  1162    713
  1163    713
  1164    713
  1165    713
  1166    713
  1167    713
  1168    713
  1169    713
  1170    713
  1171    713
  1172    713
  1173    713
  1174    713
  1175    713
  1176    713
  1177    713
  1178    713
  1179    713
  1180    713
  1181    713
  1182    713
  1183    713
  1184    713
  1212    713
  1213    713
  1214    713
  1215    713
  1216    713
  1155    714
  1156    714
  1157    714
  1158    714
  1159    714
  1160    714
  1161    714
  1162    714
  1163    714
  1164    714
  1180    714
  1181    714
  1182    714
  1183    714
  1184    714
  1191    714
  1192    714
  1193    714
  1194    714
  1195    714
  1196    714
  1197    714
  1200    714
  1201    714
  1130    715
  1131    715
  1132    715
  1133    715
  1134    715
  1135    715
  1136    715
  1137    715
  1138    715
  1149    715
  1151    715
  1152    715
  1153    715
  1154    715
  1163    715
  1167    715
  1168    715
  1175    715
  1176    715
  1177    715
  1178    715
  1179    715
  1180    715
  1181    715
  1182    715
  1183    715
  1184    715
  1185    715
  1107    716
  1108    716
  1109    716
  1110    716
  1111    716
  1112    716
  1113    716
  1114    716
  1115    716
  1116    716
  1117    716
  1118    716
  1129    716
  1130    716
  1131    716
  1132    716
  1133    716
  1134    716
  1135    716
  1136    716
  1137    716
  1138    716
  1139    716
  1140    716
  1153    716
  1154    716
  1155    716
  1156    716
  1157    716
  1158    716
  1159    716
  1160    716
  1161    716
  1162    716
  1163    716
  1179    716
  1180    716
  1181    716
  1182    716
  1183    716
  1116    717
  1117    717
  1118    717
  1119    717
  1120    717
  1121    717
  1122    717
  1123    717
  1124    717
  1125    717
  1126    717
  1127    717
  1128    717
  1129    717
  1143    717
  1144    717
  1145    717
  1148    717
  1149    717
  1150    717
  1151    717
  1152    717
  1153    717
  1154    717
  1155    717
  1156    717
  1157    717
  1158    717
  1159    717
  1160    717
  1161    717
  1162    717
  1169    717
  1170    717
  1171    717
  1172    717
  1173    717
  1103    718
  1104    718
  1105    718
  1106    718
  1107    718
  1132    718
  1133    718
  1134    718
  1135    718
  1136    718
  1137    718
  1138    718
  1154    718
  1155    718
  1156    718
  1157    718
  1158    718
  1159    718
  1160    718
  1161    718
  1162    718
  1163    718
  1131    719
  1132    719
  1133    719
  1134    719
  1135    719
  1136    719
  1137    719
  1138    719
  1139    719
  1140    719
  1148    719
  1149    719
  1150    719
  1151    719
  1113    720
  1114    720
  1115    720
  1116    720
  1117    720
  1118    720
  1119    720
  1125    720
  1126    720
  1127    720
  1128    720
  1132    720
  1133    720
  1134    720
  1102    721
  1103    721
  1104    721
  1105    721
  1106    721
  1107    721
  1108    721
  1109    721
  1110    721
  1111    721
  1112    721
  1113    721
  1114    721
  1115    721
  1116    721
  1117    721
  1118    721
  1119    721
  1120    721
  1121    721
  1122    721
  1123    721
  1126    721
  1127    721
  1128    721
  1129    721
  1130    721
  1131    721
  1132    721
  1133    721
  1134    721
  1095    722
  1096    722
  1097    722
  1098    722
  1099    722
  1100    722
  1101    722
  1102    722
  1103    722
  1104    722
  1105    722
  1106    722
  1107    722
  1108    722
  1109    722
  1110    722
  1111    722
  1112    722
  1113    722
  1114    722
  1115    722
  1116    722
  1117    722
  1118    722
  1119    722
  1120    722
  1124    722
  1125    722
  1126    722
  1089    723
  1090    723
  1096    723
  1097    723
  1098    723
  1099    723
  1100    723
  1101    723
  1102    723
  1103    723
  1104    723
  1105    723
  1106    723
  1107    723
  1108    723
  1109    723
  1110    723
  1111    723
  1112    723
  1113    723
  1114    723
  1119    723
  1120    723
  1081    724
  1082    724
  1083    724
  1084    724
  1085    724
  1099    724
  1100    724
  1101    724
  1102    724
  1103    724
  1104    724
  1105    724
  1106    724
  1107    724
  1108    724
  1110    724
  1111    724
  1112    724
  1113    724
  1114    724
  1082    725
  1083    725
  1084    725
  1085    725
  1086    725
  1087    725
  1100    725
  1101    725
  1102    725
  1104    725
  1105    725
  1106    725
  1107    725
  1068    726
  1078    726
  1079    726
  1080    726
  1081    726
  1082    726
  1083    726
  1084    726
  1085    726
  1086    726
  1060    727
  1061    727
  1062    727
  1063    727
  1064    727
  1065    727
  1066    727
  1067    727
  1068    727
  1069    727
  1070    727
  1071    727
  1072    727
  1073    727
  1074    727
  1078    727
  1079    727
  1080    727
  1081    727
  1084    727
  1085    727
  1086    727
  1087    727
  1053    728
  1054    728
  1055    728
  1056    728
  1057    728
  1058    728
  1059    728
  1060    728
  1061    728
  1062    728
  1063    728
  1064    728
  1065    728
  1066    728
  1067    728
  1068    728
  1069    728
  1070    728
  1071    728
  1072    728
  1073    728
  1074    728
  1075    728
  1076    728
  1078    728
  1079    728
  1080    728
  1081    728
  1084    728
  1085    728
  1086    728
  1087    728
  1048    729
  1049    729
  1050    729
  1051    729
  1052    729
  1053    729
  1054    729
  1055    729
  1056    729
  1060    729
  1061    729
  1062    729
  1063    729
  1064    729
  1065    729
  1066    729
  1067    729
  1072    729
  1073    729
  1079    729
  1080    729
  1043    730
  1044    730
  1045    730
  1046    730
  1047    730
  1048    730
  1049    730
  1050    730
  1051    730
  1055    730
  1056    730
  1057    730
  1058    730
  1059    730
  1060    730
  1061    730
  1062    730
  1063    730
  1067    730
  1068    730
  1069    730
  1070    730
  1071    730
  1036    731
  1037    731
  1038    731
  1039    731
  1040    731
  1041    731
  1042    731
  1043    731
  1044    731
  1045    731
  1046    731
  1047    731
  1051    731
  1052    731
  1053    731
  1056    731
  1057    731
  1058    731
  1063    731
  1064    731
  1065    731
  1066    731
  1067    731
  1068    731
  1069    731
  1070    731
  1071    731
  1034    732
  1035    732
  1036    732
  1037    732
  1038    732
  1039    732
  1040    732
  1041    732
  1045    732
  1046    732
  1047    732
  1048    732
  1049    732
  1058    732
  1059    732
  1060    732
  1063    732
  1064    732
  1065    732
  1066    732
  1041    733
  1042    733
  1043    733
  1044    733
  1045    733
  1046    733
  1047    733
  1048    733
  1036    734
  1037    734
  1038    734
  1039    734
  1040    734
  1041    734
  1042    734
  1043    734
  1044    734
  1018    735
  1019    735
  1020    735
  1021    735
  1022    735
  1023    735
  1024    735
  1025    735
  1026    735
  1031    735
  1032    735
  1033    735
  1034    735
  1035    735
  1036    735
  1037    735
  1038    735
  1039    735
  1040    735
  1044    735
  1045    735
  1046    735
  1047    735
  1049    735
  1050    735
  1051    735
  1013    736
  1014    736
  1015    736
  1016    736
  1017    736
  1018    736
  1019    736
  1020    736
  1021    736
  1022    736
  1027    736
  1028    736
  1029    736
  1030    736
  1031    736
  1032    736
  1033    736
  1034    736
  1039    736
  1040    736
  1041    736
  1042    736
  1045    736
  1046    736
  1047    736
  1048    736
  1008    737
  1009    737
  1010    737
  1011    737
  1012    737
  1013    737
  1014    737
  1015    737
  1016    737
  1017    737
  1023    737
  1024    737
  1025    737
  1026    737
  1027    737
  1028    737
  1029    737
  1030    737
  1035    737
  1036    737
  1037    737
  1038    737
  1039    737
  1041    737
  1042    737
  1043    737
  1003    738
  1004    738
  1005    738
  1006    738
  1007    738
  1008    738
  1009    738
  1010    738
  1011    738
  1012    738
  1013    738
  1018    738
  1019    738
  1020    738
  1021    738
  1022    738
  1023    738
  1024    738
  1025    738
  1026    738
  1031    738
  1032    738
  1033    738
  1034    738
  1035    738
  1036    738
  1037    738
  1038    738
  1039    738
  1000    739
  1001    739
  1002    739
  1003    739
  1004    739
  1005    739
  1006    739
  1007    739
  1008    739
  1014    739
  1015    739
  1016    739
  1017    739
  1018    739
  1019    739
  1020    739
  1021    739
  1022    739
  1027    739
  1028    739
  1029    739
  1030    739
  1033    739
  1034    739
  1035    739
   995    740
   996    740
   997    740
   998    740
   999    740
  1000    740
  1001    740
  1002    740
  1003    740
  1004    740
  1010    740
  1011    740
  1012    740
  1016    740
  1017    740
  1018    740
  1023    740
  1024    740
  1025    740
  1026    740
  1027    740
  1029    740
  1030    740
  1031    740
   992    741
   994    741
   995    741
   996    741
   997    741
   998    741
   999    741
  1000    741
  1006    741
  1007    741
  1008    741
  1009    741
  1010    741
  1013    741
  1014    741
  1019    741
  1020    741
  1021    741
  1022    741
  1024    741
  1025    741
  1026    741
  1027    741
   991    742
   992    742
   993    742
   994    742
   995    742
   996    742
  1003    742
  1004    742
  1005    742
  1006    742
  1007    742
  1008    742
  1009    742
  1010    742
  1022    742
  1023    742
  1024    742
   999    743
  1000    743
  1001    743
  1002    743
  1003    743
  1004    743
  1005    743
  1006    743
  1007    743
   996    744
   997    744
   998    744
   999    744
  1000    744
  1001    744
  1002    744
  1003    744
   976    745
   977    745
   991    745
   992    745
   993    745
   994    745
   995    745
   996    745
   997    745
   998    745
   999    745
  1000    745
  1006    745
  1007    745
  1008    745
  1009    745
   973    746
   974    746
   975    746
   993    746
   994    746
   995    746
   996    746
  1002    746
  1003    746
  1004    746
   969    747
   970    747
   971    747
   972    747
   975    747
   976    747
   977    747
   978    747
   990    747
   991    747
   992    747
   993    747
   999    747
  1000    747
  1001    747
  1002    747
  1006    747
  1007    747
  1008    747
   965    748
   966    748
   967    748
   968    748
   969    748
   972    748
   973    748
   974    748
   982    748
   983    748
   988    748
   989    748
   996    748
   997    748
   998    748
   999    748
  1003    748
  1004    748
   963    749
   964    749
   965    749
   966    749
   967    749
   968    749
   969    749
   970    749
   971    749
   972    749
   979    749
   980    749
   981    749
   985    749
   986    749
   994    749
   995    749
   996    749
  1001    749
  1002    749
   960    750
   961    750
   962    750
   963    750
   964    750
   965    750
   966    750
   967    750
   968    750
   969    750
   976    750
   977    750
   978    750
   982    750
   983    750
   984    750
   991    750
   992    750
   993    750
   994    750
   998    750
   999    750
   958    751
   959    751
   960    751
   961    751
   962    751
   963    751
   964    751
   965    751
   966    751
   973    751
   974    751
   975    751
   980    751
   981    751
   988    751
   989    751
   990    751
   991    751
   995    751
   996    751
   997    751
   955    752
   956    752
   957    752
   958    752
   959    752
   960    752
   961    752
   962    752
   963    752
   971    752
   972    752
   973    752
   986    752
   987    752
   988    752
   989    752
   990    752
   956    753
   957    753
   958    753
   959    753
   960    753
   961    753
   968    753
   969    753
   974    753
   975    753
   976    753
   985    753
   986    753
   956    754
   957    754
   958    754
   959    754
   965    754
   966    754
   967    754
   974    754
   963    755
   964    755
   965    755
   966    755
   961    756
   962    756
   963    756
   964    756
   965    756
   968    756
   969    756
   959    757
   960    757
   961    757
   962    757
   963    757
   964    757
   965    757
   966    757
   967    757
   968    757
   957    758
   958    758
   959    758
   960    758
   961    758
   962    758
   963    758
   964    758
   965    758
   966    758
   956    759
   957    759
   958    759
   959    759
   960    759
   961    759
   962    759
   963    759
   964    759
   972    759
   973    759
   974    759
   975    759
   976    759
   954    760
   955    760
   956    760
   957    760
   958    760
   959    760
   960    760
   970    760
   971    760
   972    760
   973    760
   974    760
   975    760
   953    761
   954    761
   955    761
   956    761
   957    761
   958    761
   959    761
   960    761
   969    761
   970    761
   971    761
   972    761
   973    761
   974    761
   975    761
   976    761
   952    762
   953    762
   954    762
   955    762
   956    762
   957    762
   958    762
   959    762
   960    762
   967    762
   968    762
   969    762
   970    762
   971    762
   972    762
   973    762
   974    762
   975    762
   976    762
   950    763
   951    763
   952    763
   953    763
   954    763
   955    763
   956    763
   957    763
   958    763
   966    763
   967    763
   968    763
   969    763
   970    763
   971    763
   972    763
   973    763
   974    763
   975    763
   976    763
   949    764
   950    764
   951    764
   952    764
   953    764
   954    764
   955    764
   965    764
   966    764
   967    764
   968    764
   969    764
   970    764
   971    764
   972    764
   973    764
   974    764
   975    764
   948    765
   949    765
   950    765
   951    765
   952    765
   953    765
   954    765
   964    765
   965    765
   966    765
   967    765
   968    765
   969    765
   970    765
   971    765
   972    765
   973    765
   974    765
   947    766
   948    766
   949    766
   950    766
   951    766
   952    766
   953    766
   954    766
   955    766
   963    766
   964    766
   965    766
   966    766
   967    766
   968    766
   969    766
   970    766
   971    766
   972    766
   973    766
   945    767
   946    767
   947    767
   948    767
   949    767
   950    767
   951    767
   952    767
   953    767
   954    767
   962    767
   963    767
   964    767
   965    767
   966    767
   967    767
   968    767
   969    767
   970    767
   971    767
   972    767
   944    768
   945    768
   946    768
   947    768
   948    768
   949    768
   950    768
   961    768
   962    768
   965    768
   966    768
   967    768
   968    768
   969    768
   970    768
   971    768
   972    768
   943    769
   944    769
   945    769
   946    769
   947    769
   948    769
   949    769
   944    770
   945    770
   946    770
   947    770
   948    770
   943    771
   944    771
   945    771
   946    771
   947    771
   948    771
   942    772
   943    772
   944    772
   945    772
   946    772
   947    772
   942    773
   943    773
   944    773
   945    773
   941    774
   942    774
   943    774
   944    774
   940    775
   941    775
   942    775
   943    775
   944    775
   940    776
   941    776
   942    776
   943    776
   944    776
   940    777
   941    777
   942    777
   943    777
   938    778
   939    778
   940    778
   941    778
   942    778
   943    778
   944    778
   938    779
   939    779
   940    779
   941    779
   942    779
   938    780
   939    780
   940    780
   941    780
   937    781
   938    781
   939    781
   940    781
   941    781
   937    782
   938    782
   939    782
   940    782
   941    782
   936    783
   937    783
   938    783
   939    783
   940    783
   936    784
   937    784
   938    784
   939    784
   940    784
   935    785
   936    785
   937    785
   938    785
   939    785
   940    785
   935    786
   936    786
   937    786
   938    786
   939    786
   940    786
   934    787
   935    787
   936    787
   937    787
   938    787
   939    787
   940    787
   934    788
   935    788
   936    788
   937    788
   938    788
   939    788
   940    788
   933    789
   934    789
   935    789
   936    789
   937    789
   938    789
   939    789
   940    789
   934    790
   935    790
   936    790
   937    790
   938    790
   939    790
   940    790
   935    791
   936    791
   937    791
   938    791
   939    791
