  1225    710
  1226    710
  1227    710
  1228    710
  1205    711
  1206    711
  1207    711
  1208    711
  1209    711
  1215    711
  1216    711
  1217    711
  1218    711
  1219    711
  1220    711
  1186    712
  1187    712
  1188    712
  1189    712
  1190    712
  1191    712
  1192    712
  1193    712
  1194    712
  1195    712
  1196    712
  1197    712
  1198    712
  1199    712
  1200    712
  1202    712
  1203    712
  1204    712
  1205    712
  1206    712
  1207    712
  1208    712
  1225    712
  1226    712
  1227    712
  1228    712
  1229    712
  1162    713
  1163    713
  1164    713
  1165    713
  1166    713
  1167    713
  1168    713
  1169    713
  1170    713
  1171    713
  1172    713
  1173    713
  1174    713
  1175    713
  1176    713
  1177    713
  1178    713
  1179    713
  1180    713
  1181    713
  1182    713
  1183    713
  1184    713
  1185    713
  1186    713
  1187    713
  1188    713
  1216    713
  1217    713
  1218    713
  1159    714
  1160    714
  1161    714
  1162    714
  1163    714
  1164    714
  1165    714
  1166    714
  1167    714
  1168    714
  1169    714
  1170    714
  1171    714
  1172    714
  1173    714
  1174    714
  1175    714
  1176    714
  1177    714
  1178    714
  1179    714
  1180    714
  1181    714
  1182    714
  1183    714
  1184    714
  1185    714
  1191    714
  1192    714
  1193    714
  1194    714
  1195    714
  1196    714
  1197    714
  1198    714
  1203    714
  1204    714
  1205    714
  1128    715
  1129    715
  1130    715
  1131    715
  1132    715
  1133    715
  1134    715
  1135    715
  1136    715
  1137    715
  1138    715
  1139    715
  1147    715
  1148    715
  1149    715
  1150    715
  1151    715
  1152    715
  1153    715
  1154    715
  1155    715
  1156    715
  1157    715
  1158    715
  1159    715
  1160    715
  1177    715
  1178    715
  1179    715
  1180    715
  1181    715
  1182    715
  1183    715
  1184    715
  1185    715
  1186    715
  1107    716
  1108    716
  1110    716
  1111    716
  1112    716
  1113    716
  1114    716
  1115    716
  1116    716
  1117    716
  1118    716
  1127    716
  1128    716
  1130    716
  1131    716
  1132    716
  1133    716
  1134    716
  1135    716
  1136    716
  1137    716
  1138    716
  1139    716
  1140    716
  1141    716
  1153    716
  1154    716
  1155    716
  1156    716
  1157    716
  1158    716
  1159    716
  1160    716
  1161    716
  1162    716
  1163    716
  1164    716
  1165    716
  1166    716
  1167    716
  1180    716
  1181    716
  1182    716
  1183    716
  1184    716
  1120    717
  1121    717
  1122    717
  1123    717
  1124    717
  1125    717
  1126    717
  1127    717
  1128    717
  1129    717
  1142    717
  1143    717
  1144    717
  1145    717
  1150    717
  1151    717
  1152    717
  1153    717
  1154    717
  1155    717
  1156    717
  1157    717
  1158    717
  1159    717
  1160    717
  1161    717
  1162    717
  1163    717
  1164    717
  1171    717
  1172    717
  1173    717
  1174    717
  1103    718
  1104    718
  1105    718
  1106    718
  1107    718
  1108    718
  1110    718
  1111    718
  1132    718
  1133    718
  1134    718
  1135    718
  1136    718
  1138    718
  1139    718
  1154    718
  1155    718
  1156    718
  1157    718
  1158    718
  1159    718
  1160    718
  1161    718
  1162    718
  1163    718
  1164    718
  1165    718
  1166    718
  1167    718
  1131    719
  1132    719
  1133    719
  1134    719
  1135    719
  1136    719
  1137    719
  1138    719
  1139    719
  1140    719
  1141    719
  1142    719
  1143    719
  1147    719
  1148    719
  1149    719
  1150    719
  1151    719
  1152    719
  1153    719
  1111    720
  1112    720
  1113    720
  1114    720
  1115    720
  1116    720
  1117    720
  1118    720
  1119    720
  1120    720
  1122    720
  1123    720
  1124    720
  1125    720
  1126    720
  1127    720
  1128    720
  1129    720
  1130    720
  1131    720
  1132    720
  1133    720
  1134    720
  1135    720
  1136    720
  1103    721
  1104    721
  1105    721
  1106    721
  1107    721
  1108    721
  1109    721
  1110    721
  1111    721
  1112    721
  1113    721
  1114    721
  1115    721
  1116    721
  1117    721
  1118    721
  1119    721
  1120    721
  1121    721
  1122    721
  1123    721
  1124    721
  1125    721
  1126    721
  1127    721
  1128    721
  1129    721
  1133    721
  1134    721
  1135    721
  1136    721
  1096    722
  1097    722
  1098    722
  1099    722
  1100    722
  1101    722
  1102    722
  1103    722
  1104    722
  1105    722
  1106    722
  1107    722
  1108    722
  1109    722
  1110    722
  1111    722
  1112    722
  1113    722
  1114    722
  1115    722
  1116    722
  1117    722
  1118    722
  1119    722
  1120    722
  1121    722
  1127    722
  1128    722
  1129    722
  1130    722
  1088    723
  1089    723
  1090    723
  1097    723
  1098    723
  1099    723
  1100    723
  1101    723
  1102    723
  1103    723
  1104    723
  1105    723
  1106    723
  1107    723
  1108    723
  1109    723
  1110    723
  1111    723
  1112    723
  1113    723
  1114    723
  1115    723
  1119    723
  1120    723
  1121    723
  1122    723
  1082    724
  1083    724
  1084    724
  1085    724
  1086    724
  1087    724
  1088    724
  1089    724
  1090    724
  1091    724
  1092    724
  1093    724
  1094    724
  1100    724
  1101    724
  1102    724
  1103    724
  1104    724
  1105    724
  1106    724
  1112    724
  1113    724
  1114    724
  1115    724
  1083    725
  1084    725
  1085    725
  1086    725
  1087    725
  1088    725
  1094    725
  1095    725
  1096    725
  1101    725
  1102    725
  1106    725
  1107    725
  1108    725
  1068    726
  1080    726
  1081    726
  1082    726
  1083    726
  1084    726
  1085    726
  1061    727
  1062    727
  1063    727
  1064    727
  1065    727
  1066    727
  1067    727
  1068    727
  1069    727
  1070    727
  1071    727
  1072    727
  1073    727
  1074    727
  1075    727
  1076    727
  1078    727
  1079    727
  1080    727
  1081    727
  1084    727
  1085    727
  1086    727
  1087    727
  1088    727
  1089    727
  1055    728
  1056    728
  1057    728
  1058    728
  1059    728
  1060    728
  1061    728
  1062    728
  1063    728
  1064    728
  1067    728
  1068    728
  1069    728
  1070    728
  1071    728
  1072    728
  1073    728
  1074    728
  1079    728
  1080    728
  1081    728
  1082    728
  1083    728
  1085    728
  1086    728
  1087    728
  1088    728
  1050    729
  1051    729
  1052    729
  1054    729
  1055    729
  1056    729
  1057    729
  1058    729
  1059    729
  1062    729
  1063    729
  1064    729
  1065    729
  1066    729
  1067    729
  1068    729
  1069    729
  1074    729
  1075    729
  1076    729
  1080    729
  1081    729
  1082    729
  1083    729
  1043    730
  1044    730
  1045    730
  1046    730
  1047    730
  1048    730
  1049    730
  1050    730
  1051    730
  1052    730
  1053    730
  1057    730
  1058    730
  1059    730
  1060    730
  1061    730
  1062    730
  1063    730
  1064    730
  1069    730
  1070    730
  1071    730
  1075    730
  1076    730
  1077    730
  1037    731
  1038    731
  1039    731
  1040    731
  1041    731
  1042    731
  1043    731
  1044    731
  1045    731
  1046    731
  1047    731
  1051    731
  1052    731
  1053    731
  1057    731
  1058    731
  1059    731
  1063    731
  1064    731
  1065    731
  1066    731
  1067    731
  1068    731
  1069    731
  1070    731
  1071    731
  1072    731
  1034    732
  1035    732
  1036    732
  1037    732
  1038    732
  1039    732
  1040    732
  1041    732
  1042    732
  1046    732
  1047    732
  1048    732
  1049    732
  1050    732
  1054    732
  1058    732
  1059    732
  1060    732
  1061    732
  1062    732
  1065    732
  1066    732
  1067    732
  1042    733
  1043    733
  1044    733
  1045    733
  1046    733
  1047    733
  1048    733
  1049    733
  1050    733
  1059    733
  1060    733
  1061    733
  1062    733
  1037    734
  1038    734
  1039    734
  1040    734
  1041    734
  1042    734
  1043    734
  1044    734
  1045    734
  1019    735
  1020    735
  1021    735
  1022    735
  1023    735
  1024    735
  1025    735
  1026    735
  1027    735
  1032    735
  1033    735
  1034    735
  1035    735
  1036    735
  1037    735
  1038    735
  1039    735
  1040    735
  1045    735
  1046    735
  1047    735
  1048    735
  1049    735
  1050    735
  1051    735
  1015    736
  1016    736
  1017    736
  1018    736
  1019    736
  1020    736
  1021    736
  1022    736
  1023    736
  1028    736
  1029    736
  1030    736
  1031    736
  1032    736
  1033    736
  1034    736
  1035    736
  1036    736
  1040    736
  1041    736
  1042    736
  1043    736
  1008    737
  1009    737
  1010    737
  1011    737
  1012    737
  1013    737
  1014    737
  1015    737
  1016    737
  1017    737
  1018    737
  1024    737
  1025    737
  1026    737
  1027    737
  1028    737
  1029    737
  1030    737
  1031    737
  1032    737
  1036    737
  1037    737
  1038    737
  1039    737
  1042    737
  1043    737
  1044    737
  1005    738
  1006    738
  1007    738
  1008    738
  1009    738
  1010    738
  1011    738
  1012    738
  1013    738
  1019    738
  1020    738
  1021    738
  1022    738
  1023    738
  1024    738
  1025    738
  1026    738
  1027    738
  1028    738
  1032    738
  1033    738
  1034    738
  1035    738
  1037    738
  1038    738
  1039    738
  1040    738
  1000    739
  1001    739
  1002    739
  1003    739
  1004    739
  1005    739
  1006    739
  1007    739
  1008    739
  1009    739
  1016    739
  1017    739
  1018    739
  1019    739
  1020    739
  1021    739
  1022    739
  1023    739
  1028    739
  1029    739
  1030    739
  1031    739
  1032    739
  1034    739
  1035    739
  1036    739
   996    740
   997    740
   998    740
   999    740
  1000    740
  1001    740
  1002    740
  1003    740
  1004    740
  1005    740
  1011    740
  1012    740
  1013    740
  1017    740
  1018    740
  1019    740
  1024    740
  1025    740
  1026    740
  1027    740
  1028    740
  1029    740
  1030    740
  1031    740
  1032    740
   991    741
   992    741
   993    741
   994    741
   998    741
   999    741
  1000    741
  1001    741
  1002    741
  1007    741
  1008    741
  1009    741
  1010    741
  1021    741
  1022    741
  1023    741
  1026    741
  1027    741
  1028    741
  1029    741
   992    742
   993    742
   994    742
   995    742
   996    742
   997    742
  1003    742
  1004    742
  1005    742
  1006    742
  1007    742
  1010    742
  1011    742
  1018    742
  1022    742
  1023    742
  1024    742
  1025    742
  1000    743
  1001    743
  1002    743
  1003    743
  1004    743
  1005    743
  1006    743
  1007    743
  1008    743
   996    744
   997    744
   998    744
   999    744
  1000    744
  1001    744
  1002    744
  1003    744
  1004    744
   978    745
   979    745
   980    745
   992    745
   993    745
   994    745
   995    745
   996    745
   997    745
   998    745
   999    745
  1000    745
  1001    745
   973    746
   974    746
   975    746
   981    746
   982    746
   983    746
   994    746
   995    746
   996    746
   997    746
  1003    746
  1004    746
  1005    746
   970    747
   971    747
   972    747
   978    747
   979    747
   992    747
   993    747
   994    747
  1001    747
  1002    747
  1007    747
  1008    747
  1009    747
   966    748
   967    748
   968    748
   969    748
   973    748
   974    748
   975    748
   976    748
   983    748
   984    748
   989    748
   990    748
   997    748
   998    748
   999    748
  1000    748
   956    749
   957    749
   958    749
   964    749
   965    749
   966    749
   967    749
   970    749
   971    749
   972    749
   980    749
   981    749
   986    749
   987    749
   994    749
   995    749
   996    749
   997    749
   998    749
   999    749
  1001    749
  1002    749
  1003    749
   961    750
   962    750
   963    750
   964    750
   965    750
   966    750
   967    750
   968    750
   969    750
   977    750
   978    750
   979    750
   983    750
   984    750
   991    750
   992    750
   993    750
   994    750
   995    750
   997    750
   998    750
   999    750
  1000    750
   958    751
   959    751
   960    751
   961    751
   962    751
   963    751
   964    751
   965    751
   966    751
   967    751
   974    751
   975    751
   980    751
   981    751
   982    751
   989    751
   990    751
   991    751
   992    751
   995    751
   996    751
   997    751
   998    751
   955    752
   956    752
   957    752
   958    752
   959    752
   960    752
   961    752
   962    752
   963    752
   964    752
   965    752
   971    752
   972    752
   973    752
   987    752
   988    752
   989    752
   990    752
   995    752
   953    753
   954    753
   955    753
   956    753
   957    753
   958    753
   959    753
   960    753
   961    753
   962    753
   969    753
   970    753
   985    753
   986    753
   987    753
   956    754
   957    754
   958    754
   959    754
   960    754
   967    754
   968    754
   990    754
   991    754
   964    755
   965    755
   966    755
   961    756
   962    756
   963    756
   964    756
   965    756
   959    757
   960    757
   961    757
   962    757
   963    757
   964    757
   967    757
   968    757
   958    758
   959    758
   960    758
   961    758
   962    758
   963    758
   964    758
   965    758
   966    758
   938    759
   939    759
   940    759
   941    759
   942    759
   943    759
   956    759
   957    759
   958    759
   959    759
   960    759
   961    759
   962    759
   963    759
   964    759
   965    759
   974    759
   975    759
   976    759
   937    760
   938    760
   939    760
   940    760
   941    760
   942    760
   943    760
   944    760
   955    760
   956    760
   957    760
   958    760
   959    760
   960    760
   962    760
   963    760
   971    760
   972    760
   973    760
   974    760
   975    760
   976    760
   935    761
   936    761
   937    761
   938    761
   939    761
   940    761
   941    761
   942    761
   943    761
   954    761
   955    761
   956    761
   957    761
   958    761
   959    761
   960    761
   969    761
   970    761
   971    761
   972    761
   973    761
   974    761
   975    761
   976    761
   933    762
   934    762
   935    762
   936    762
   937    762
   938    762
   939    762
   940    762
   941    762
   942    762
   943    762
   944    762
   952    762
   953    762
   954    762
   955    762
   956    762
   957    762
   958    762
   959    762
   968    762
   969    762
   970    762
   971    762
   972    762
   973    762
   974    762
   975    762
   976    762
   932    763
   933    763
   934    763
   935    763
   936    763
   937    763
   938    763
   939    763
   940    763
   941    763
   942    763
   951    763
   952    763
   953    763
   954    763
   955    763
   956    763
   957    763
   959    763
   966    763
   967    763
   968    763
   969    763
   970    763
   971    763
   972    763
   973    763
   974    763
   975    763
   976    763
   930    764
   931    764
   932    764
   933    764
   934    764
   935    764
   936    764
   937    764
   938    764
   939    764
   940    764
   941    764
   949    764
   950    764
   951    764
   952    764
   953    764
   954    764
   955    764
   956    764
   966    764
   967    764
   968    764
   969    764
   970    764
   971    764
   972    764
   973    764
   974    764
   975    764
   929    765
   930    765
   931    765
   932    765
   933    765
   934    765
   935    765
   936    765
   937    765
   938    765
   939    765
   948    765
   949    765
   950    765
   951    765
   952    765
   953    765
   954    765
   955    765
   965    765
   966    765
   967    765
   968    765
   969    765
   970    765
   971    765
   972    765
   973    765
   927    766
   928    766
   929    766
   930    766
   931    766
   932    766
   933    766
   934    766
   935    766
   936    766
   937    766
   938    766
   939    766
   947    766
   948    766
   949    766
   950    766
   951    766
   952    766
   953    766
   954    766
   963    766
   964    766
   965    766
   966    766
   967    766
   968    766
   969    766
   970    766
   971    766
   972    766
   927    767
   928    767
   929    767
   930    767
   931    767
   932    767
   933    767
   934    767
   935    767
   936    767
   937    767
   946    767
   947    767
   948    767
   949    767
   950    767
   951    767
   952    767
   953    767
   963    767
   964    767
   965    767
   966    767
   967    767
   968    767
   969    767
   970    767
   971    767
   972    767
   931    768
   932    768
   933    768
   934    768
   935    768
   936    768
   944    768
   945    768
   946    768
   947    768
   948    768
   949    768
   950    768
   951    768
   952    768
   968    768
   943    769
   944    769
   945    769
   946    769
   947    769
   948    769
   949    769
   950    769
   951    769
   967    769
   968    769
   942    770
   943    770
   944    770
   945    770
   946    770
   947    770
   948    770
   949    770
   950    770
   941    771
   942    771
   943    771
   944    771
   945    771
   946    771
   947    771
   948    771
   949    771
   940    772
   941    772
   942    772
   943    772
   944    772
   945    772
   946    772
   947    772
   939    773
   940    773
   941    773
   942    773
   943    773
   944    773
   945    773
   946    773
   947    773
   938    774
   939    774
   940    774
   941    774
   942    774
   943    774
   944    774
   945    774
   946    774
   937    775
   938    775
   939    775
   940    775
   941    775
   942    775
   943    775
   944    775
   945    775
   936    776
   937    776
   938    776
   939    776
   940    776
   941    776
   942    776
   943    776
   944    776
   936    777
   937    777
   938    777
   939    777
   940    777
   941    777
   942    777
   943    777
   944    777
   935    778
   936    778
   937    778
   938    778
   939    778
   940    778
   941    778
   942    778
   943    778
   944    778
   934    779
   935    779
   936    779
   937    779
   938    779
   939    779
   940    779
   941    779
   942    779
   943    779
   933    780
   934    780
   935    780
   936    780
   937    780
   938    780
   939    780
   940    780
   941    780
   942    780
   933    781
   934    781
   935    781
   936    781
   937    781
   938    781
   939    781
   940    781
   941    781
   942    781
   933    782
   934    782
   935    782
   936    782
   937    782
   938    782
   939    782
   940    782
   941    782
   942    782
   932    783
   933    783
   934    783
   935    783
   936    783
   937    783
   938    783
   939    783
   940    783
   941    783
   942    783
   932    784
   933    784
   934    784
   935    784
   936    784
   937    784
   938    784
   939    784
   940    784
   941    784
   942    784
   932    785
   933    785
   934    785
   935    785
   936    785
   937    785
   938    785
   939    785
   940    785
   941    785
   942    785
   931    786
   932    786
   933    786
   934    786
   935    786
   936    786
   937    786
   938    786
   939    786
   940    786
   941    786
   942    786
   931    787
   932    787
   933    787
   934    787
   935    787
   936    787
   937    787
   938    787
   939    787
   940    787
   941    787
   942    787
   931    788
   932    788
   933    788
   934    788
   935    788
   936    788
   937    788
   938    788
   939    788
   940    788
   931    789
   932    789
   933    789
   934    789
   935    789
   936    789
   937    789
   938    789
   939    789
   931    790
   932    790
   933    790
   934    790
   935    790
   936    790
   937    790
   938    790
   939    790
   940    790
   934    791
   935    791
   936    791
   937    791
   938    791
