  1199    711
  1200    711
  1201    711
  1212    711
  1176    712
  1177    712
  1178    712
  1179    712
  1180    712
  1181    712
  1182    712
  1183    712
  1184    712
  1185    712
  1186    712
  1187    712
  1188    712
  1189    712
  1190    712
  1159    713
  1160    713
  1161    713
  1162    713
  1169    713
  1170    713
  1171    713
  1172    713
  1173    713
  1174    713
  1175    713
  1176    713
  1177    713
  1178    713
  1179    713
  1180    713
  1181    713
  1182    713
  1183    713
  1140    714
  1141    714
  1146    714
  1147    714
  1148    714
  1149    714
  1150    714
  1151    714
  1152    714
  1153    714
  1154    714
  1159    714
  1160    714
  1161    714
  1162    714
  1177    714
  1178    714
  1179    714
  1180    714
  1181    714
  1182    714
  1183    714
  1184    714
  1185    714
  1186    714
  1187    714
  1188    714
  1193    714
  1194    714
  1195    714
  1196    714
  1122    715
  1123    715
  1124    715
  1125    715
  1126    715
  1127    715
  1128    715
  1129    715
  1136    715
  1137    715
  1138    715
  1140    715
  1141    715
  1142    715
  1143    715
  1144    715
  1145    715
  1146    715
  1147    715
  1148    715
  1149    715
  1150    715
  1151    715
  1162    715
  1163    715
  1164    715
  1165    715
  1166    715
  1167    715
  1168    715
  1169    715
  1170    715
  1171    715
  1172    715
  1173    715
  1174    715
  1175    715
  1176    715
  1177    715
  1178    715
  1179    715
  1180    715
  1181    715
  1182    715
  1183    715
  1101    716
  1102    716
  1103    716
  1104    716
  1105    716
  1106    716
  1129    716
  1130    716
  1131    716
  1132    716
  1133    716
  1134    716
  1148    716
  1149    716
  1150    716
  1151    716
  1152    716
  1153    716
  1154    716
  1155    716
  1156    716
  1157    716
  1158    716
  1159    716
  1160    716
  1161    716
  1175    716
  1176    716
  1177    716
  1178    716
  1112    717
  1113    717
  1114    717
  1115    717
  1116    717
  1117    717
  1118    717
  1120    717
  1121    717
  1122    717
  1123    717
  1135    717
  1136    717
  1137    717
  1138    717
  1139    717
  1140    717
  1142    717
  1143    717
  1144    717
  1145    717
  1146    717
  1147    717
  1148    717
  1151    717
  1152    717
  1153    717
  1154    717
  1155    717
  1156    717
  1157    717
  1158    717
  1159    717
  1160    717
  1161    717
  1162    717
  1163    717
  1164    717
  1165    717
  1166    717
  1167    717
  1129    718
  1130    718
  1131    718
  1132    718
  1133    718
  1142    718
  1143    718
  1144    718
  1145    718
  1146    718
  1153    718
  1154    718
  1155    718
  1156    718
  1157    718
  1158    718
  1159    718
  1160    718
  1161    718
  1126    719
  1127    719
  1128    719
  1129    719
  1130    719
  1132    719
  1133    719
  1134    719
  1106    720
  1107    720
  1108    720
  1109    720
  1110    720
  1111    720
  1112    720
  1113    720
  1114    720
  1115    720
  1116    720
  1117    720
  1118    720
  1119    720
  1120    720
  1121    720
  1126    720
  1127    720
  1132    720
  1133    720
  1098    721
  1099    721
  1100    721
  1101    721
  1102    721
  1103    721
  1104    721
  1105    721
  1106    721
  1107    721
  1108    721
  1109    721
  1110    721
  1111    721
  1112    721
  1113    721
  1114    721
  1115    721
  1116    721
  1117    721
  1118    721
  1119    721
  1090    722
  1091    722
  1092    722
  1093    722
  1097    722
  1098    722
  1099    722
  1100    722
  1101    722
  1102    722
  1103    722
  1104    722
  1105    722
  1106    722
  1107    722
  1108    722
  1109    722
  1110    722
  1111    722
  1112    722
  1113    722
  1114    722
  1118    722
  1119    722
  1120    722
  1121    722
  1123    722
  1124    722
  1079    723
  1080    723
  1081    723
  1082    723
  1083    723
  1084    723
  1085    723
  1088    723
  1089    723
  1090    723
  1091    723
  1092    723
  1093    723
  1094    723
  1095    723
  1096    723
  1097    723
  1098    723
  1099    723
  1100    723
  1101    723
  1102    723
  1103    723
  1104    723
  1105    723
  1106    723
  1107    723
  1108    723
  1109    723
  1111    723
  1112    723
  1113    723
  1114    723
  1115    723
  1078    724
  1079    724
  1080    724
  1084    724
  1085    724
  1086    724
  1094    724
  1095    724
  1096    724
  1097    724
  1098    724
  1099    724
  1100    724
  1101    724
  1102    724
  1103    724
  1104    724
  1105    724
  1106    724
  1107    724
  1108    724
  1109    724
  1079    725
  1080    725
  1081    725
  1082    725
  1083    725
  1084    725
  1085    725
  1086    725
  1087    725
  1100    725
  1101    725
  1102    725
  1061    726
  1062    726
  1063    726
  1064    726
  1065    726
  1066    726
  1067    726
  1068    726
  1069    726
  1073    726
  1074    726
  1075    726
  1079    726
  1080    726
  1081    726
  1085    726
  1086    726
  1055    727
  1056    727
  1057    727
  1058    727
  1059    727
  1060    727
  1061    727
  1062    727
  1063    727
  1064    727
  1065    727
  1066    727
  1067    727
  1068    727
  1069    727
  1070    727
  1074    727
  1075    727
  1076    727
  1079    727
  1080    727
  1081    727
  1049    728
  1050    728
  1051    728
  1052    728
  1055    728
  1056    728
  1057    728
  1058    728
  1059    728
  1060    728
  1061    728
  1062    728
  1063    728
  1064    728
  1065    728
  1066    728
  1067    728
  1068    728
  1069    728
  1070    728
  1074    728
  1075    728
  1076    728
  1081    728
  1082    728
  1083    728
  1044    729
  1045    729
  1046    729
  1047    729
  1050    729
  1051    729
  1052    729
  1055    729
  1056    729
  1057    729
  1058    729
  1059    729
  1060    729
  1061    729
  1062    729
  1063    729
  1068    729
  1069    729
  1070    729
  1071    729
  1074    729
  1075    729
  1076    729
  1077    729
  1038    730
  1039    730
  1040    730
  1041    730
  1042    730
  1043    730
  1044    730
  1045    730
  1046    730
  1047    730
  1051    730
  1052    730
  1055    730
  1056    730
  1057    730
  1058    730
  1059    730
  1063    730
  1064    730
  1065    730
  1066    730
  1067    730
  1068    730
  1069    730
  1070    730
  1071    730
  1032    731
  1033    731
  1034    731
  1035    731
  1038    731
  1039    731
  1040    731
  1041    731
  1042    731
  1043    731
  1047    731
  1048    731
  1049    731
  1058    731
  1059    731
  1060    731
  1061    731
  1064    731
  1065    731
  1066    731
  1042    732
  1043    732
  1044    732
  1045    732
  1047    732
  1048    732
  1049    732
  1056    732
  1057    732
  1058    732
  1059    732
  1060    732
  1061    732
  1062    732
  1037    733
  1038    733
  1039    733
  1040    733
  1041    733
  1042    733
  1043    733
  1044    733
  1019    734
  1020    734
  1021    734
  1022    734
  1023    734
  1024    734
  1025    734
  1031    734
  1032    734
  1033    734
  1034    734
  1035    734
  1036    734
  1037    734
  1038    734
  1039    734
  1045    734
  1046    734
  1047    734
  1048    734
  1013    735
  1014    735
  1015    735
  1016    735
  1017    735
  1018    735
  1019    735
  1020    735
  1021    735
  1022    735
  1023    735
  1027    735
  1028    735
  1029    735
  1030    735
  1031    735
  1032    735
  1033    735
  1034    735
  1035    735
  1039    735
  1040    735
  1041    735
  1042    735
  1008    736
  1009    736
  1010    736
  1011    736
  1012    736
  1013    736
  1014    736
  1015    736
  1016    736
  1017    736
  1023    736
  1024    736
  1025    736
  1026    736
  1027    736
  1028    736
  1029    736
  1030    736
  1035    736
  1036    736
  1037    736
  1038    736
  1042    736
  1043    736
  1004    737
  1005    737
  1006    737
  1007    737
  1008    737
  1009    737
  1010    737
  1011    737
  1012    737
  1013    737
  1019    737
  1020    737
  1021    737
  1022    737
  1023    737
  1024    737
  1025    737
  1026    737
  1030    737
  1031    737
  1032    737
  1033    737
  1034    737
  1037    737
  1038    737
   999    738
  1000    738
  1001    738
  1002    738
  1003    738
  1004    738
  1005    738
  1006    738
  1007    738
  1008    738
  1009    738
  1014    738
  1015    738
  1016    738
  1017    738
  1018    738
  1019    738
  1020    738
  1021    738
  1022    738
  1026    738
  1027    738
  1028    738
  1029    738
  1030    738
  1031    738
  1032    738
  1033    738
  1034    738
  1035    738
   995    739
   996    739
   997    739
   998    739
   999    739
  1001    739
  1002    739
  1003    739
  1004    739
  1009    739
  1010    739
  1011    739
  1012    739
  1015    739
  1016    739
  1017    739
  1023    739
  1024    739
  1025    739
  1029    739
  1030    739
  1031    739
   997    740
   998    740
   999    740
  1000    740
  1005    740
  1006    740
  1007    740
  1008    740
  1009    740
  1012    740
  1013    740
  1018    740
  1019    740
  1020    740
  1021    740
  1025    740
  1026    740
  1027    740
   992    741
   993    741
   994    741
   995    741
   996    741
  1002    741
  1003    741
  1004    741
  1005    741
  1006    741
  1007    741
  1008    741
  1009    741
  1010    741
  1021    741
  1022    741
  1023    741
   998    742
   999    742
  1000    742
  1001    742
  1002    742
  1003    742
  1004    742
  1005    742
  1006    742
   994    743
   995    743
   996    743
   997    743
   998    743
   999    743
  1000    743
  1001    743
  1002    743
   975    744
   976    744
   977    744
   991    744
   992    744
   993    744
   994    744
   995    744
   996    744
   997    744
   998    744
   999    744
  1005    744
  1006    744
  1007    744
  1008    744
   972    745
   973    745
   974    745
   987    745
   988    745
   989    745
   993    745
   994    745
   995    745
  1001    745
  1002    745
  1003    745
  1004    745
   968    746
   969    746
   970    746
   971    746
   975    746
   976    746
   977    746
   989    746
   990    746
   991    746
   992    746
   998    746
   999    746
  1000    746
  1001    746
  1005    746
  1006    746
   965    747
   966    747
   967    747
   968    747
   971    747
   972    747
   973    747
   974    747
   986    747
   987    747
   988    747
   995    747
   996    747
   997    747
   998    747
  1001    747
  1002    747
  1003    747
   961    748
   962    748
   963    748
   964    748
   965    748
   966    748
   968    748
   969    748
   970    748
   984    748
   985    748
   992    748
   993    748
   994    748
   995    748
  1000    748
  1001    748
   959    749
   960    749
   961    749
   962    749
   964    749
   965    749
   966    749
   967    749
   968    749
   974    749
   975    749
   976    749
   981    749
   982    749
   990    749
   991    749
   956    750
   957    750
   958    750
   959    750
   960    750
   962    750
   963    750
   964    750
   965    750
   972    750
   973    750
   987    750
   988    750
   989    750
   994    750
   995    750
   953    751
   954    751
   955    751
   956    751
   957    751
   958    751
   960    751
   961    751
   962    751
   963    751
   969    751
   970    751
   985    751
   986    751
   987    751
   992    751
   958    752
   959    752
   960    752
   967    752
   968    752
   969    752
   970    752
   991    752
   955    753
   956    753
   957    753
   958    753
   964    753
   965    753
   966    753
   967    753
   968    753
   962    754
   963    754
   964    754
   969    754
   970    754
   960    755
   961    755
   962    755
   963    755
   958    756
   959    756
   960    756
   961    756
   962    756
   963    756
   939    757
   940    757
   941    757
   942    757
   956    757
   957    757
   958    757
   959    757
   960    757
   961    757
   962    757
   963    757
   964    757
   937    758
   938    758
   939    758
   940    758
   941    758
   954    758
   955    758
   956    758
   957    758
   958    758
   959    758
   960    758
   961    758
   962    758
   970    758
   971    758
   972    758
   973    758
   974    758
   975    758
   935    759
   936    759
   937    759
   938    759
   939    759
   940    759
   941    759
   953    759
   954    759
   955    759
   956    759
   957    759
   958    759
   959    759
   960    759
   961    759
   968    759
   969    759
   970    759
   971    759
   972    759
   973    759
   974    759
   975    759
   933    760
   934    760
   935    760
   936    760
   937    760
   938    760
   939    760
   940    760
   941    760
   942    760
   952    760
   953    760
   954    760
   955    760
   956    760
   957    760
   958    760
   967    760
   968    760
   969    760
   970    760
   971    760
   972    760
   973    760
   974    760
   975    760
   931    761
   932    761
   933    761
   934    761
   935    761
   936    761
   937    761
   938    761
   939    761
   940    761
   941    761
   942    761
   950    761
   951    761
   952    761
   953    761
   954    761
   955    761
   956    761
   957    761
   966    761
   967    761
   968    761
   969    761
   970    761
   971    761
   972    761
   973    761
   974    761
   975    761
   976    761
   929    762
   930    762
   931    762
   932    762
   933    762
   934    762
   935    762
   936    762
   937    762
   938    762
   939    762
   940    762
   948    762
   949    762
   950    762
   951    762
   952    762
   953    762
   954    762
   955    762
   965    762
   966    762
   967    762
   968    762
   969    762
   970    762
   971    762
   972    762
   973    762
   929    763
   930    763
   931    763
   932    763
   933    763
   934    763
   935    763
   936    763
   937    763
   938    763
   939    763
   947    763
   948    763
   949    763
   950    763
   951    763
   952    763
   953    763
   954    763
   963    763
   964    763
   965    763
   966    763
   967    763
   968    763
   969    763
   970    763
   971    763
   972    763
   927    764
   928    764
   929    764
   930    764
   931    764
   932    764
   933    764
   934    764
   935    764
   936    764
   946    764
   947    764
   948    764
   949    764
   950    764
   951    764
   952    764
   953    764
   962    764
   963    764
   964    764
   965    764
   966    764
   967    764
   968    764
   969    764
   970    764
   971    764
   926    765
   927    765
   928    765
   929    765
   930    765
   931    765
   932    765
   933    765
   934    765
   935    765
   936    765
   937    765
   945    765
   946    765
   947    765
   948    765
   949    765
   950    765
   951    765
   952    765
   961    765
   962    765
   963    765
   964    765
   965    765
   966    765
   967    765
   968    765
   969    765
   970    765
   971    765
   927    766
   928    766
   929    766
   930    766
   931    766
   932    766
   933    766
   934    766
   935    766
   943    766
   944    766
   945    766
   946    766
   947    766
   948    766
   949    766
   950    766
   951    766
   962    766
   963    766
   964    766
   965    766
   966    766
   967    766
   968    766
   969    766
   970    766
   971    766
   942    767
   943    767
   944    767
   945    767
   946    767
   947    767
   948    767
   949    767
   950    767
   951    767
   962    767
   963    767
   964    767
   965    767
   966    767
   967    767
   968    767
   969    767
   941    768
   942    768
   943    768
   944    768
   945    768
   946    768
   947    768
   948    768
   949    768
   940    769
   941    769
   942    769
   943    769
   944    769
   945    769
   946    769
   947    769
   939    770
   940    770
   941    770
   942    770
   943    770
   944    770
   945    770
   946    770
   947    770
   938    771
   939    771
   940    771
   941    771
   942    771
   943    771
   944    771
   945    771
   946    771
   937    772
   938    772
   939    772
   940    772
   941    772
   942    772
   943    772
   944    772
   945    772
   936    773
   937    773
   938    773
   939    773
   940    773
   941    773
   942    773
   943    773
   944    773
   935    774
   936    774
   937    774
   938    774
   939    774
   940    774
   941    774
   942    774
   943    774
   944    774
   935    775
   936    775
   937    775
   938    775
   939    775
   940    775
   941    775
   942    775
   943    775
   944    775
   934    776
   935    776
   936    776
   937    776
   938    776
   939    776
   940    776
   941    776
   942    776
   943    776
   933    777
   934    777
   935    777
   936    777
   937    777
   938    777
   939    777
   940    777
   941    777
   942    777
   933    778
   934    778
   935    778
   936    778
   937    778
   938    778
   939    778
   940    778
   941    778
   932    779
   933    779
   934    779
   935    779
   936    779
   937    779
   938    779
   939    779
   940    779
   941    779
   932    780
   933    780
   934    780
   935    780
   936    780
   937    780
   938    780
   939    780
   940    780
   931    781
   932    781
   933    781
   934    781
   935    781
   936    781
   937    781
   938    781
   939    781
   940    781
   931    782
   932    782
   933    782
   934    782
   935    782
   936    782
   937    782
   938    782
   939    782
   940    782
   941    782
   930    783
   931    783
   932    783
   933    783
   934    783
   935    783
   936    783
   937    783
   938    783
   939    783
   940    783
   930    784
   931    784
   932    784
   933    784
   934    784
   935    784
   936    784
   937    784
   938    784
   939    784
   940    784
   930    785
   931    785
   932    785
   933    785
   934    785
   935    785
   936    785
   937    785
   938    785
   939    785
   930    786
   931    786
   932    786
   933    786
   934    786
   935    786
   936    786
   937    786
   938    786
   939    786
   930    787
   931    787
   932    787
   933    787
   934    787
   935    787
   936    787
   937    787
   938    787
   939    787
   930    788
   931    788
   932    788
   933    788
   934    788
   935    788
   936    788
   937    788
   938    788
   939    788
   930    789
   931    789
   932    789
   933    789
   934    789
   935    789
   936    789
   937    789
   938    789
   933    790
   934    790
   935    790
   936    790
   937    790
