  1226    711
  1194    712
  1195    712
  1201    712
  1202    712
  1203    712
  1204    712
  1205    712
  1206    712
  1207    712
  1208    712
  1209    712
  1210    712
  1211    712
  1212    712
  1213    712
  1214    712
  1215    712
  1177    713
  1178    713
  1179    713
  1180    713
  1181    713
  1182    713
  1183    713
  1184    713
  1185    713
  1186    713
  1187    713
  1188    713
  1189    713
  1190    713
  1191    713
  1192    713
  1193    713
  1194    713
  1195    713
  1196    713
  1227    713
  1228    713
  1229    713
  1165    714
  1166    714
  1167    714
  1168    714
  1169    714
  1170    714
  1171    714
  1172    714
  1173    714
  1174    714
  1175    714
  1176    714
  1177    714
  1178    714
  1179    714
  1180    714
  1181    714
  1182    714
  1183    714
  1184    714
  1185    714
  1186    714
  1187    714
  1188    714
  1189    714
  1190    714
  1191    714
  1143    715
  1147    715
  1148    715
  1149    715
  1150    715
  1151    715
  1152    715
  1155    715
  1156    715
  1157    715
  1158    715
  1159    715
  1160    715
  1161    715
  1162    715
  1163    715
  1164    715
  1165    715
  1166    715
  1167    715
  1168    715
  1169    715
  1187    715
  1188    715
  1189    715
  1190    715
  1191    715
  1192    715
  1193    715
  1194    715
  1195    715
  1204    715
  1205    715
  1206    715
  1207    715
  1208    715
  1209    715
  1128    716
  1131    716
  1132    716
  1142    716
  1143    716
  1152    716
  1153    716
  1154    716
  1155    716
  1156    716
  1157    716
  1169    716
  1170    716
  1171    716
  1172    716
  1173    716
  1174    716
  1175    716
  1176    716
  1177    716
  1178    716
  1179    716
  1180    716
  1181    716
  1182    716
  1183    716
  1189    716
  1190    716
  1191    716
  1192    716
  1105    717
  1106    717
  1107    717
  1108    717
  1109    717
  1110    717
  1111    717
  1112    717
  1113    717
  1114    717
  1115    717
  1116    717
  1117    717
  1118    717
  1119    717
  1120    717
  1139    717
  1140    717
  1141    717
  1142    717
  1143    717
  1156    717
  1157    717
  1158    717
  1159    717
  1160    717
  1161    717
  1162    717
  1163    717
  1164    717
  1165    717
  1166    717
  1167    717
  1168    717
  1169    717
  1170    717
  1171    717
  1172    717
  1184    717
  1185    717
  1186    717
  1187    717
  1188    717
  1117    718
  1118    718
  1119    718
  1121    718
  1122    718
  1123    718
  1124    718
  1125    718
  1126    718
  1127    718
  1128    718
  1129    718
  1143    718
  1144    718
  1145    718
  1146    718
  1147    718
  1148    718
  1149    718
  1150    718
  1151    718
  1153    718
  1154    718
  1155    718
  1156    718
  1157    718
  1158    718
  1159    718
  1160    718
  1161    718
  1162    718
  1163    718
  1164    718
  1165    718
  1166    718
  1167    718
  1168    718
  1169    718
  1174    718
  1175    718
  1176    718
  1177    718
  1178    718
  1180    718
  1114    719
  1115    719
  1137    719
  1138    719
  1139    719
  1140    719
  1141    719
  1142    719
  1143    719
  1161    719
  1162    719
  1163    719
  1164    719
  1165    719
  1166    719
  1167    719
  1168    719
  1135    720
  1136    720
  1137    720
  1138    720
  1139    720
  1140    720
  1141    720
  1142    720
  1143    720
  1155    720
  1156    720
  1157    720
  1117    721
  1118    721
  1119    721
  1120    721
  1121    721
  1122    721
  1123    721
  1124    721
  1125    721
  1127    721
  1128    721
  1129    721
  1130    721
  1131    721
  1132    721
  1133    721
  1134    721
  1135    721
  1136    721
  1137    721
  1138    721
  1139    721
  1140    721
  1141    721
  1108    722
  1109    722
  1110    722
  1111    722
  1112    722
  1113    722
  1114    722
  1115    722
  1116    722
  1117    722
  1118    722
  1119    722
  1120    722
  1121    722
  1122    722
  1123    722
  1124    722
  1125    722
  1126    722
  1127    722
  1128    722
  1129    722
  1130    722
  1131    722
  1132    722
  1133    722
  1134    722
  1140    722
  1141    722
  1142    722
  1099    723
  1100    723
  1101    723
  1102    723
  1103    723
  1104    723
  1105    723
  1106    723
  1107    723
  1108    723
  1109    723
  1110    723
  1111    723
  1112    723
  1113    723
  1114    723
  1115    723
  1116    723
  1117    723
  1118    723
  1119    723
  1120    723
  1121    723
  1122    723
  1123    723
  1124    723
  1125    723
  1126    723
  1127    723
  1128    723
  1129    723
  1130    723
  1131    723
  1132    723
  1133    723
  1134    723
  1092    724
  1093    724
  1094    724
  1095    724
  1096    724
  1100    724
  1101    724
  1102    724
  1103    724
  1104    724
  1105    724
  1106    724
  1107    724
  1108    724
  1109    724
  1110    724
  1111    724
  1112    724
  1113    724
  1114    724
  1115    724
  1116    724
  1117    724
  1118    724
  1119    724
  1120    724
  1123    724
  1124    724
  1125    724
  1126    724
  1127    724
  1084    725
  1085    725
  1086    725
  1090    725
  1091    725
  1092    725
  1093    725
  1094    725
  1095    725
  1096    725
  1097    725
  1098    725
  1099    725
  1100    725
  1104    725
  1105    725
  1106    725
  1107    725
  1108    725
  1109    725
  1110    725
  1111    725
  1112    725
  1113    725
  1114    725
  1115    725
  1116    725
  1117    725
  1118    725
  1119    725
  1120    725
  1088    726
  1089    726
  1090    726
  1091    726
  1092    726
  1093    726
  1094    726
  1095    726
  1096    726
  1097    726
  1098    726
  1099    726
  1100    726
  1101    726
  1106    726
  1107    726
  1108    726
  1109    726
  1110    726
  1111    726
  1112    726
  1113    726
  1084    727
  1085    727
  1086    727
  1087    727
  1088    727
  1089    727
  1090    727
  1091    727
  1066    728
  1067    728
  1068    728
  1069    728
  1070    728
  1072    728
  1073    728
  1074    728
  1078    728
  1079    728
  1080    728
  1081    728
  1084    728
  1085    728
  1086    728
  1087    728
  1091    728
  1092    728
  1093    728
  1094    728
  1095    728
  1096    728
  1059    729
  1060    729
  1061    729
  1062    729
  1063    729
  1064    729
  1065    729
  1066    729
  1067    729
  1068    729
  1069    729
  1070    729
  1073    729
  1074    729
  1075    729
  1076    729
  1077    729
  1078    729
  1079    729
  1080    729
  1081    729
  1086    729
  1087    729
  1093    729
  1094    729
  1095    729
  1054    730
  1055    730
  1056    730
  1057    730
  1058    730
  1059    730
  1060    730
  1061    730
  1062    730
  1063    730
  1067    730
  1068    730
  1069    730
  1070    730
  1071    730
  1072    730
  1073    730
  1074    730
  1075    730
  1076    730
  1081    730
  1082    730
  1083    730
  1087    730
  1088    730
  1089    730
  1090    730
  1049    731
  1050    731
  1051    731
  1052    731
  1053    731
  1054    731
  1055    731
  1056    731
  1057    731
  1058    731
  1063    731
  1064    731
  1065    731
  1066    731
  1067    731
  1068    731
  1069    731
  1070    731
  1075    731
  1076    731
  1077    731
  1078    731
  1081    731
  1082    731
  1083    731
  1043    732
  1044    732
  1045    732
  1046    732
  1047    732
  1048    732
  1049    732
  1050    732
  1051    732
  1052    732
  1053    732
  1057    732
  1058    732
  1059    732
  1060    732
  1061    732
  1062    732
  1063    732
  1064    732
  1065    732
  1066    732
  1070    732
  1071    732
  1072    732
  1075    732
  1076    732
  1077    732
  1078    732
  1038    733
  1039    733
  1040    733
  1041    733
  1042    733
  1043    733
  1044    733
  1045    733
  1046    733
  1047    733
  1048    733
  1052    733
  1053    733
  1054    733
  1055    733
  1056    733
  1058    733
  1059    733
  1060    733
  1066    733
  1067    733
  1068    733
  1069    733
  1070    733
  1071    733
  1072    733
  1073    733
  1074    733
  1038    734
  1039    734
  1040    734
  1041    734
  1047    734
  1048    734
  1049    734
  1050    734
  1051    734
  1052    734
  1053    734
  1054    734
  1055    734
  1067    734
  1068    734
  1069    734
  1070    734
  1043    735
  1044    735
  1045    735
  1046    735
  1047    735
  1048    735
  1049    735
  1050    735
  1051    735
  1039    736
  1040    736
  1041    736
  1042    736
  1043    736
  1044    736
  1045    736
  1046    736
  1047    736
  1020    737
  1021    737
  1022    737
  1023    737
  1024    737
  1025    737
  1027    737
  1028    737
  1029    737
  1033    737
  1034    737
  1035    737
  1036    737
  1037    737
  1038    737
  1039    737
  1040    737
  1041    737
  1042    737
  1046    737
  1047    737
  1048    737
  1049    737
  1015    738
  1016    738
  1017    738
  1018    738
  1019    738
  1020    738
  1021    738
  1022    738
  1023    738
  1024    738
  1025    738
  1029    738
  1030    738
  1031    738
  1032    738
  1033    738
  1034    738
  1035    738
  1036    738
  1037    738
  1042    738
  1043    738
  1044    738
  1045    738
  1046    738
  1048    738
  1049    738
  1050    738
  1051    738
  1012    739
  1013    739
  1014    739
  1015    739
  1016    739
  1017    739
  1018    739
  1019    739
  1020    739
  1026    739
  1027    739
  1028    739
  1029    739
  1030    739
  1031    739
  1032    739
  1033    739
  1038    739
  1039    739
  1040    739
  1041    739
  1042    739
  1043    739
  1044    739
  1045    739
  1046    739
  1047    739
  1007    740
  1008    740
  1009    740
  1010    740
  1011    740
  1012    740
  1013    740
  1014    740
  1015    740
  1016    740
  1022    740
  1023    740
  1024    740
  1025    740
  1026    740
  1027    740
  1028    740
  1029    740
  1034    740
  1035    740
  1036    740
  1037    740
  1038    740
  1039    740
  1040    740
  1041    740
  1042    740
  1043    740
  1003    741
  1004    741
  1005    741
  1006    741
  1007    741
  1008    741
  1009    741
  1010    741
  1011    741
  1012    741
  1017    741
  1018    741
  1019    741
  1020    741
  1021    741
  1022    741
  1023    741
  1024    741
  1025    741
  1026    741
  1031    741
  1032    741
  1033    741
  1034    741
  1035    741
  1036    741
  1037    741
  1038    741
  1039    741
   999    742
  1000    742
  1001    742
  1002    742
  1003    742
  1004    742
  1005    742
  1006    742
  1007    742
  1008    742
  1014    742
  1015    742
  1016    742
  1017    742
  1020    742
  1021    742
  1022    742
  1027    742
  1028    742
  1029    742
  1030    742
  1031    742
  1032    742
  1033    742
  1034    742
  1035    742
  1036    742
  1000    743
  1001    743
  1002    743
  1003    743
  1004    743
  1010    743
  1011    743
  1012    743
  1013    743
  1017    743
  1018    743
  1023    743
  1024    743
  1025    743
  1030    743
  1031    743
  1032    743
   996    744
   997    744
   998    744
   999    744
  1000    744
  1006    744
  1007    744
  1008    744
  1009    744
  1010    744
  1013    744
  1014    744
  1027    744
  1028    744
  1029    744
  1003    745
  1004    745
  1005    745
  1006    745
  1007    745
  1008    745
  1009    745
  1010    745
  1011    745
   999    746
  1000    746
  1001    746
  1002    746
  1003    746
  1004    746
  1005    746
  1006    746
  1007    746
  1008    746
   981    747
   982    747
   983    747
   984    747
   997    747
   998    747
  1001    747
  1002    747
  1003    747
  1004    747
   976    748
   977    748
   978    748
   979    748
   986    748
   998    748
   999    748
  1000    748
  1001    748
  1007    748
  1008    748
  1009    748
  1010    748
   973    749
   974    749
   975    749
   976    749
   981    749
   982    749
   996    749
   997    749
   998    749
  1004    749
  1005    749
  1006    749
  1007    749
   970    750
   971    750
   972    750
   973    750
   974    750
   975    750
   976    750
   977    750
   978    750
   979    750
   987    750
   993    750
   994    750
  1001    750
  1002    750
  1003    750
  1004    750
  1008    750
  1009    750
  1010    750
   967    751
   968    751
   969    751
   970    751
   972    751
   973    751
   974    751
   975    751
   976    751
   984    751
   985    751
   990    751
   991    751
   998    751
   999    751
  1000    751
  1001    751
  1002    751
  1005    751
  1006    751
  1007    751
   964    752
   965    752
   966    752
   967    752
   970    752
   971    752
   972    752
   973    752
   981    752
   982    752
   988    752
   989    752
   996    752
   997    752
   998    752
  1004    752
  1005    752
   962    753
   963    753
   964    753
   967    753
   968    753
   969    753
   970    753
   978    753
   979    753
   993    753
   994    753
   995    753
   996    753
  1001    753
  1002    753
   959    754
   960    754
   961    754
   962    754
   965    754
   966    754
   967    754
   968    754
   975    754
   976    754
   977    754
   992    754
   993    754
   999    754
  1000    754
   956    755
   957    755
   958    755
   959    755
   963    755
   964    755
   965    755
   966    755
   973    755
   974    755
   998    755
   953    756
   954    756
   955    756
   956    756
   961    756
   962    756
   963    756
   964    756
   971    756
   972    756
   957    757
   958    757
   959    757
   960    757
   961    757
   962    757
   968    757
   969    757
   970    757
   966    758
   967    758
   968    758
   964    759
   965    759
   966    759
   967    759
   938    760
   939    760
   962    760
   963    760
   964    760
   965    760
   966    760
   960    761
   961    761
   962    761
   963    761
   964    761
   965    761
   940    762
   941    762
   942    762
   943    762
   944    762
   959    762
   960    762
   961    762
   962    762
   963    762
   964    762
   965    762
   938    763
   939    763
   940    763
   941    763
   942    763
   943    763
   944    763
   957    763
   958    763
   959    763
   960    763
   961    763
   962    763
   963    763
   964    763
   974    763
   975    763
   976    763
   977    763
   978    763
   936    764
   937    764
   938    764
   939    764
   940    764
   941    764
   942    764
   943    764
   944    764
   956    764
   957    764
   958    764
   959    764
   960    764
   961    764
   962    764
   963    764
   973    764
   974    764
   975    764
   976    764
   977    764
   978    764
   979    764
   935    765
   936    765
   937    765
   938    765
   939    765
   940    765
   941    765
   942    765
   943    765
   944    765
   954    765
   955    765
   956    765
   957    765
   958    765
   959    765
   960    765
   961    765
   962    765
   963    765
   971    765
   972    765
   973    765
   974    765
   975    765
   976    765
   977    765
   978    765
   979    765
   933    766
   934    766
   935    766
   936    766
   937    766
   938    766
   939    766
   940    766
   941    766
   942    766
   943    766
   944    766
   954    766
   955    766
   956    766
   957    766
   958    766
   959    766
   960    766
   961    766
   962    766
   970    766
   971    766
   972    766
   973    766
   974    766
   975    766
   976    766
   977    766
   978    766
   979    766
   932    767
   933    767
   934    767
   935    767
   936    767
   937    767
   938    767
   939    767
   940    767
   941    767
   942    767
   943    767
   952    767
   953    767
   954    767
   955    767
   956    767
   957    767
   958    767
   959    767
   960    767
   961    767
   969    767
   970    767
   971    767
   972    767
   973    767
   974    767
   975    767
   976    767
   977    767
   978    767
   979    767
   980    767
   930    768
   931    768
   932    768
   933    768
   934    768
   935    768
   936    768
   937    768
   938    768
   939    768
   940    768
   941    768
   942    768
   951    768
   952    768
   953    768
   954    768
   955    768
   956    768
   957    768
   958    768
   959    768
   960    768
   967    768
   968    768
   969    768
   970    768
   971    768
   972    768
   973    768
   974    768
   975    768
   976    768
   977    768
   978    768
   930    769
   931    769
   932    769
   933    769
   934    769
   935    769
   936    769
   937    769
   938    769
   939    769
   940    769
   941    769
   949    769
   950    769
   951    769
   952    769
   953    769
   954    769
   955    769
   956    769
   957    769
   958    769
   959    769
   967    769
   968    769
   969    769
   970    769
   971    769
   972    769
   973    769
   974    769
   975    769
   976    769
   928    770
   929    770
   930    770
   931    770
   932    770
   933    770
   934    770
   935    770
   936    770
   937    770
   938    770
   939    770
   948    770
   949    770
   950    770
   951    770
   952    770
   953    770
   954    770
   955    770
   956    770
   966    770
   967    770
   968    770
   969    770
   970    770
   971    770
   972    770
   973    770
   974    770
   975    770
   976    770
   927    771
   928    771
   929    771
   930    771
   931    771
   932    771
   933    771
   934    771
   935    771
   936    771
   937    771
   938    771
   947    771
   948    771
   949    771
   950    771
   951    771
   952    771
   953    771
   954    771
   966    771
   967    771
   968    771
   969    771
   970    771
   971    771
   972    771
   973    771
   974    771
   975    771
   976    771
   929    772
   930    772
   931    772
   932    772
   933    772
   934    772
   946    772
   947    772
   948    772
   949    772
   950    772
   951    772
   952    772
   953    772
   954    772
   967    772
   968    772
   969    772
   970    772
   971    772
   972    772
   973    772
   974    772
   975    772
   945    773
   946    773
   947    773
   948    773
   949    773
   950    773
   951    773
   952    773
   953    773
   966    773
   967    773
   968    773
   969    773
   970    773
   971    773
   972    773
   973    773
   974    773
   944    774
   945    774
   946    774
   947    774
   948    774
   949    774
   950    774
   951    774
   952    774
   943    775
   944    775
   945    775
   946    775
   947    775
   948    775
   949    775
   950    775
   951    775
   942    776
   943    776
   944    776
   945    776
   946    776
   947    776
   948    776
   949    776
   950    776
   941    777
   942    777
   943    777
   944    777
   945    777
   946    777
   947    777
   948    777
   949    777
   939    778
   940    778
   941    778
   942    778
   943    778
   944    778
   945    778
   946    778
   947    778
   948    778
   939    779
   940    779
   941    779
   942    779
   943    779
   944    779
   945    779
   946    779
   947    779
   938    780
   939    780
   940    780
   941    780
   942    780
   943    780
   944    780
   945    780
   946    780
   947    780
   937    781
   938    781
   939    781
   940    781
   941    781
   942    781
   943    781
   944    781
   945    781
   946    781
   947    781
   937    782
   938    782
   939    782
   940    782
   941    782
   942    782
   943    782
   944    782
   945    782
   946    782
   947    782
   936    783
   937    783
   938    783
   939    783
   940    783
   941    783
   942    783
   943    783
   944    783
   945    783
   946    783
   935    784
   936    784
   937    784
   938    784
   939    784
   940    784
   941    784
   942    784
   943    784
   944    784
   935    785
   936    785
   937    785
   938    785
   939    785
   940    785
   941    785
   942    785
   943    785
   944    785
   934    786
   935    786
   936    786
   937    786
   938    786
   939    786
   940    786
   941    786
   942    786
   943    786
   944    786
   934    787
   935    787
   936    787
   937    787
   938    787
   939    787
   940    787
   941    787
   942    787
   943    787
   944    787
   935    788
   936    788
   937    788
   938    788
   939    788
   940    788
   941    788
   942    788
   943    788
   944    788
   935    789
   936    789
   937    789
   938    789
   939    789
   940    789
   941    789
   942    789
   943    789
   944    789
   938    790
   939    790
   940    790
   941    790
   942    790
