  1206    712
  1207    712
  1208    712
  1209    712
  1210    712
  1211    712
  1212    712
  1213    712
  1214    712
  1215    712
  1216    712
  1193    713
  1194    713
  1195    713
  1196    713
  1197    713
  1198    713
  1199    713
  1200    713
  1201    713
  1202    713
  1203    713
  1204    713
  1205    713
  1206    713
  1207    713
  1208    713
  1209    713
  1210    713
  1211    713
  1212    713
  1213    713
  1214    713
  1215    713
  1216    713
  1169    714
  1170    714
  1171    714
  1172    714
  1173    714
  1174    714
  1186    714
  1187    714
  1188    714
  1189    714
  1190    714
  1191    714
  1192    714
  1193    714
  1219    714
  1220    714
  1221    714
  1165    715
  1166    715
  1167    715
  1168    715
  1169    715
  1170    715
  1171    715
  1172    715
  1173    715
  1189    715
  1190    715
  1191    715
  1192    715
  1193    715
  1194    715
  1195    715
  1196    715
  1197    715
  1198    715
  1199    715
  1200    715
  1204    715
  1205    715
  1209    715
  1210    715
  1136    716
  1137    716
  1138    716
  1139    716
  1140    716
  1141    716
  1142    716
  1143    716
  1144    716
  1151    716
  1152    716
  1153    716
  1154    716
  1155    716
  1156    716
  1157    716
  1158    716
  1159    716
  1160    716
  1161    716
  1162    716
  1163    716
  1164    716
  1173    716
  1174    716
  1175    716
  1181    716
  1182    716
  1183    716
  1184    716
  1185    716
  1186    716
  1187    716
  1188    716
  1191    716
  1192    716
  1193    716
  1137    717
  1138    717
  1142    717
  1143    717
  1144    717
  1145    717
  1146    717
  1147    717
  1162    717
  1163    717
  1164    717
  1165    717
  1166    717
  1167    717
  1168    717
  1190    717
  1136    718
  1148    718
  1149    718
  1150    718
  1151    718
  1152    718
  1153    718
  1154    718
  1155    718
  1156    718
  1157    718
  1158    718
  1159    718
  1160    718
  1161    718
  1162    718
  1163    718
  1164    718
  1165    718
  1166    718
  1167    718
  1168    718
  1178    718
  1179    718
  1138    719
  1139    719
  1140    719
  1141    719
  1142    719
  1143    719
  1144    719
  1145    719
  1155    719
  1156    719
  1157    719
  1158    719
  1159    719
  1160    719
  1138    720
  1139    720
  1140    720
  1118    721
  1119    721
  1120    721
  1121    721
  1122    721
  1123    721
  1124    721
  1125    721
  1126    721
  1132    721
  1133    721
  1134    721
  1135    721
  1136    721
  1137    721
  1138    721
  1139    721
  1140    721
  1141    721
  1142    721
  1112    722
  1113    722
  1114    722
  1115    722
  1116    722
  1117    722
  1118    722
  1119    722
  1120    722
  1121    722
  1122    722
  1123    722
  1124    722
  1125    722
  1126    722
  1127    722
  1128    722
  1129    722
  1130    722
  1103    723
  1104    723
  1105    723
  1106    723
  1107    723
  1109    723
  1110    723
  1111    723
  1112    723
  1113    723
  1114    723
  1115    723
  1116    723
  1117    723
  1118    723
  1119    723
  1120    723
  1121    723
  1122    723
  1123    723
  1124    723
  1125    723
  1126    723
  1127    723
  1137    723
  1138    723
  1096    724
  1097    724
  1098    724
  1102    724
  1103    724
  1105    724
  1106    724
  1107    724
  1108    724
  1109    724
  1110    724
  1111    724
  1112    724
  1113    724
  1114    724
  1115    724
  1116    724
  1117    724
  1118    724
  1119    724
  1120    724
  1121    724
  1122    724
  1123    724
  1088    725
  1089    725
  1090    725
  1091    725
  1092    725
  1093    725
  1094    725
  1095    725
  1096    725
  1097    725
  1099    725
  1100    725
  1101    725
  1102    725
  1103    725
  1104    725
  1105    725
  1106    725
  1107    725
  1108    725
  1109    725
  1110    725
  1111    725
  1112    725
  1113    725
  1114    725
  1115    725
  1116    725
  1117    725
  1118    725
  1119    725
  1120    725
  1122    725
  1123    725
  1124    725
  1087    726
  1088    726
  1089    726
  1090    726
  1091    726
  1092    726
  1093    726
  1094    726
  1095    726
  1096    726
  1097    726
  1101    726
  1102    726
  1103    726
  1107    726
  1108    726
  1109    726
  1113    726
  1114    726
  1115    726
  1116    726
  1087    727
  1088    727
  1089    727
  1090    727
  1091    727
  1092    727
  1093    727
  1094    727
  1095    727
  1096    727
  1070    728
  1071    728
  1072    728
  1073    728
  1074    728
  1075    728
  1081    728
  1082    728
  1083    728
  1085    728
  1086    728
  1087    728
  1088    728
  1089    728
  1062    729
  1063    729
  1064    729
  1065    729
  1066    729
  1067    729
  1068    729
  1069    729
  1070    729
  1071    729
  1072    729
  1073    729
  1074    729
  1075    729
  1076    729
  1077    729
  1078    729
  1081    729
  1082    729
  1083    729
  1084    729
  1089    729
  1090    729
  1091    729
  1057    730
  1058    730
  1059    730
  1060    730
  1061    730
  1062    730
  1063    730
  1064    730
  1065    730
  1066    730
  1070    730
  1071    730
  1072    730
  1073    730
  1074    730
  1075    730
  1076    730
  1077    730
  1082    730
  1083    730
  1084    730
  1085    730
  1090    730
  1091    730
  1092    730
  1053    731
  1054    731
  1055    731
  1056    731
  1059    731
  1060    731
  1061    731
  1065    731
  1066    731
  1067    731
  1068    731
  1069    731
  1070    731
  1071    731
  1072    731
  1073    731
  1077    731
  1078    731
  1079    731
  1080    731
  1081    731
  1082    731
  1084    731
  1085    731
  1047    732
  1048    732
  1049    732
  1050    732
  1051    732
  1052    732
  1053    732
  1054    732
  1055    732
  1056    732
  1061    732
  1062    732
  1063    732
  1064    732
  1065    732
  1066    732
  1067    732
  1068    732
  1072    732
  1073    732
  1074    732
  1075    732
  1076    732
  1077    732
  1078    732
  1079    732
  1080    732
  1040    733
  1041    733
  1042    733
  1043    733
  1044    733
  1045    733
  1046    733
  1047    733
  1048    733
  1049    733
  1050    733
  1051    733
  1052    733
  1055    733
  1056    733
  1057    733
  1061    733
  1062    733
  1063    733
  1068    733
  1069    733
  1070    733
  1071    733
  1074    733
  1075    733
  1076    733
  1077    733
  1039    734
  1040    734
  1041    734
  1042    734
  1043    734
  1044    734
  1045    734
  1050    734
  1051    734
  1052    734
  1053    734
  1054    734
  1055    734
  1056    734
  1057    734
  1058    734
  1064    734
  1065    734
  1066    734
  1067    734
  1068    734
  1069    734
  1070    734
  1071    734
  1046    735
  1047    735
  1048    735
  1049    735
  1050    735
  1051    735
  1052    735
  1053    735
  1041    736
  1042    736
  1043    736
  1044    736
  1045    736
  1046    736
  1047    736
  1048    736
  1049    736
  1023    737
  1024    737
  1025    737
  1026    737
  1027    737
  1029    737
  1030    737
  1031    737
  1037    737
  1038    737
  1039    737
  1040    737
  1041    737
  1042    737
  1043    737
  1044    737
  1045    737
  1050    737
  1051    737
  1052    737
  1018    738
  1019    738
  1020    738
  1021    738
  1022    738
  1023    738
  1024    738
  1025    738
  1026    738
  1032    738
  1033    738
  1034    738
  1035    738
  1036    738
  1037    738
  1038    738
  1039    738
  1040    738
  1045    738
  1046    738
  1047    738
  1048    738
  1052    738
  1053    738
  1014    739
  1015    739
  1016    739
  1017    739
  1018    739
  1019    739
  1020    739
  1021    739
  1022    739
  1023    739
  1028    739
  1029    739
  1030    739
  1031    739
  1032    739
  1033    739
  1034    739
  1035    739
  1036    739
  1041    739
  1042    739
  1043    739
  1044    739
  1045    739
  1047    739
  1048    739
  1049    739
  1009    740
  1010    740
  1011    740
  1012    740
  1013    740
  1014    740
  1015    740
  1016    740
  1017    740
  1018    740
  1019    740
  1024    740
  1025    740
  1026    740
  1027    740
  1028    740
  1029    740
  1030    740
  1031    740
  1032    740
  1037    740
  1038    740
  1039    740
  1040    740
  1043    740
  1044    740
  1045    740
  1005    741
  1006    741
  1007    741
  1008    741
  1009    741
  1010    741
  1011    741
  1012    741
  1013    741
  1014    741
  1015    741
  1021    741
  1022    741
  1023    741
  1024    741
  1025    741
  1026    741
  1027    741
  1028    741
  1029    741
  1033    741
  1034    741
  1035    741
  1036    741
  1037    741
  1040    741
  1041    741
  1042    741
  1002    742
  1003    742
  1004    742
  1005    742
  1006    742
  1007    742
  1008    742
  1009    742
  1010    742
  1011    742
  1016    742
  1017    742
  1018    742
  1019    742
  1020    742
  1022    742
  1023    742
  1024    742
  1030    742
  1031    742
  1032    742
  1033    742
  1036    742
  1037    742
  1038    742
   997    743
   998    743
   999    743
  1000    743
  1001    743
  1002    743
  1003    743
  1004    743
  1005    743
  1006    743
  1007    743
  1013    743
  1014    743
  1015    743
  1019    743
  1020    743
  1021    743
  1026    743
  1027    743
  1028    743
  1029    743
  1032    743
  1033    743
  1034    743
  1035    743
   999    744
  1000    744
  1001    744
  1002    744
  1003    744
  1009    744
  1010    744
  1011    744
  1012    744
  1030    744
  1031    744
  1005    745
  1006    745
  1007    745
  1008    745
  1011    745
  1012    745
  1013    745
  1025    745
  1026    745
  1027    745
  1002    746
  1003    746
  1004    746
  1005    746
  1006    746
  1007    746
  1008    746
  1009    746
  1010    746
   998    747
   999    747
  1000    747
  1001    747
  1002    747
  1003    747
  1004    747
  1005    747
  1006    747
  1007    747
   979    748
   980    748
   981    748
  1001    748
  1002    748
  1003    748
  1004    748
  1009    748
  1010    748
  1011    748
  1012    748
  1013    748
   976    749
   977    749
   984    749
   985    749
   999    749
  1000    749
  1001    749
  1007    749
  1008    749
  1009    749
   972    750
   973    750
   974    750
   975    750
   979    750
   980    750
   981    750
   989    750
   990    750
   995    750
   996    750
   997    750
  1004    750
  1005    750
  1006    750
  1007    750
  1010    750
  1011    750
  1012    750
  1013    750
   969    751
   970    751
   971    751
   972    751
   977    751
   978    751
   979    751
   987    751
   988    751
   989    751
   992    751
   993    751
  1001    751
  1002    751
  1003    751
  1004    751
  1008    751
  1009    751
   967    752
   968    752
   969    752
   973    752
   974    752
   975    752
   976    752
   983    752
   984    752
   985    752
   990    752
   991    752
   998    752
   999    752
  1000    752
  1001    752
  1006    752
  1007    752
   964    753
   965    753
   966    753
   967    753
   969    753
   970    753
   971    753
   972    753
   981    753
   982    753
   987    753
   988    753
   996    753
   997    753
   998    753
   999    753
  1000    753
   961    754
   962    754
   963    754
   964    754
   965    754
   966    754
   967    754
   968    754
   969    754
   970    754
   978    754
   979    754
   994    754
   995    754
  1001    754
  1002    754
   958    755
   959    755
   960    755
   961    755
   966    755
   967    755
   975    755
   976    755
   992    755
   998    755
   999    755
  1000    755
   956    756
   957    756
   958    756
   959    756
   960    756
   961    756
   962    756
   963    756
   964    756
   965    756
   973    756
   974    756
   997    756
   957    757
   958    757
   959    757
   960    757
   961    757
   962    757
   963    757
   970    757
   971    757
   972    757
   955    758
   956    758
   957    758
   958    758
   959    758
   960    758
   961    758
   968    758
   969    758
   970    758
   966    759
   967    759
   968    759
   964    760
   965    760
   966    760
   962    761
   963    761
   964    761
   965    761
   966    761
   960    762
   961    762
   962    762
   963    762
   964    762
   965    762
   967    762
   968    762
   940    763
   941    763
   942    763
   943    763
   944    763
   959    763
   960    763
   961    763
   962    763
   963    763
   964    763
   965    763
   938    764
   939    764
   940    764
   941    764
   942    764
   943    764
   944    764
   945    764
   957    764
   958    764
   959    764
   960    764
   961    764
   962    764
   963    764
   964    764
   965    764
   966    764
   974    764
   975    764
   976    764
   977    764
   978    764
   979    764
   980    764
   936    765
   937    765
   938    765
   939    765
   940    765
   941    765
   942    765
   943    765
   944    765
   945    765
   957    765
   958    765
   959    765
   960    765
   961    765
   962    765
   963    765
   964    765
   973    765
   974    765
   975    765
   976    765
   977    765
   978    765
   979    765
   980    765
   935    766
   936    766
   937    766
   938    766
   939    766
   940    766
   941    766
   942    766
   943    766
   944    766
   945    766
   946    766
   955    766
   956    766
   957    766
   958    766
   959    766
   960    766
   961    766
   962    766
   963    766
   964    766
   971    766
   972    766
   973    766
   974    766
   975    766
   976    766
   977    766
   978    766
   979    766
   980    766
   981    766
   982    766
   933    767
   934    767
   935    767
   936    767
   937    767
   938    767
   939    767
   940    767
   941    767
   942    767
   943    767
   944    767
   954    767
   955    767
   956    767
   957    767
   958    767
   959    767
   960    767
   961    767
   962    767
   963    767
   970    767
   971    767
   972    767
   973    767
   974    767
   975    767
   976    767
   977    767
   978    767
   979    767
   980    767
   981    767
   932    768
   933    768
   934    768
   935    768
   936    768
   937    768
   938    768
   939    768
   940    768
   941    768
   942    768
   943    768
   952    768
   953    768
   954    768
   955    768
   956    768
   957    768
   958    768
   959    768
   969    768
   970    768
   971    768
   972    768
   973    768
   974    768
   975    768
   976    768
   977    768
   978    768
   979    768
   980    768
   931    769
   932    769
   933    769
   934    769
   935    769
   936    769
   937    769
   938    769
   939    769
   940    769
   941    769
   942    769
   951    769
   952    769
   953    769
   954    769
   955    769
   956    769
   957    769
   968    769
   969    769
   970    769
   971    769
   972    769
   973    769
   974    769
   975    769
   976    769
   977    769
   978    769
   979    769
   929    770
   930    770
   931    770
   932    770
   933    770
   934    770
   935    770
   936    770
   937    770
   938    770
   939    770
   940    770
   941    770
   950    770
   951    770
   952    770
   953    770
   954    770
   955    770
   956    770
   957    770
   968    770
   969    770
   970    770
   971    770
   972    770
   973    770
   974    770
   975    770
   976    770
   977    770
   978    770
   929    771
   930    771
   931    771
   932    771
   933    771
   934    771
   935    771
   936    771
   937    771
   938    771
   939    771
   940    771
   949    771
   950    771
   951    771
   952    771
   953    771
   954    771
   955    771
   956    771
   967    771
   968    771
   969    771
   970    771
   971    771
   972    771
   973    771
   974    771
   975    771
   976    771
   977    771
   927    772
   928    772
   929    772
   930    772
   931    772
   932    772
   933    772
   934    772
   935    772
   936    772
   947    772
   948    772
   949    772
   950    772
   951    772
   952    772
   953    772
   954    772
   955    772
   967    772
   968    772
   969    772
   970    772
   971    772
   972    772
   973    772
   974    772
   975    772
   976    772
   928    773
   929    773
   930    773
   931    773
   932    773
   933    773
   934    773
   935    773
   946    773
   947    773
   948    773
   949    773
   950    773
   951    773
   952    773
   953    773
   954    773
   971    773
   972    773
   973    773
   974    773
   975    773
   945    774
   946    774
   947    774
   948    774
   949    774
   950    774
   951    774
   952    774
   953    774
   954    774
   944    775
   945    775
   946    775
   947    775
   948    775
   949    775
   950    775
   951    775
   952    775
   953    775
   954    775
   943    776
   944    776
   945    776
   946    776
   947    776
   948    776
   949    776
   950    776
   951    776
   942    777
   943    777
   944    777
   945    777
   946    777
   947    777
   948    777
   949    777
   950    777
   941    778
   942    778
   943    778
   944    778
   945    778
   946    778
   947    778
   948    778
   949    778
   940    779
   941    779
   942    779
   943    779
   944    779
   945    779
   946    779
   947    779
   948    779
   949    779
   939    780
   940    780
   941    780
   942    780
   943    780
   944    780
   945    780
   946    780
   947    780
   948    780
   939    781
   940    781
   941    781
   942    781
   943    781
   944    781
   945    781
   946    781
   947    781
   938    782
   939    782
   940    782
   941    782
   942    782
   943    782
   944    782
   945    782
   946    782
   937    783
   938    783
   939    783
   940    783
   941    783
   942    783
   943    783
   944    783
   945    783
   946    783
   937    784
   938    784
   939    784
   940    784
   941    784
   942    784
   943    784
   944    784
   945    784
   936    785
   937    785
   938    785
   939    785
   940    785
   941    785
   942    785
   943    785
   944    785
   945    785
   935    786
   936    786
   937    786
   938    786
   939    786
   940    786
   941    786
   942    786
   943    786
   944    786
   945    786
   936    787
   937    787
   938    787
   939    787
   940    787
   941    787
   942    787
   943    787
   944    787
   936    788
   937    788
   938    788
   939    788
   940    788
   941    788
   942    788
   943    788
   937    789
   938    789
   939    789
   940    789
   941    789
   942    789
