   977    761
   978    761
   974    762
   975    762
   976    762
   977    762
   972    763
   973    763
   974    763
   975    763
   976    763
   977    763
   978    763
   979    763
   971    764
   972    764
   973    764
   974    764
   975    764
   976    764
   977    764
   970    765
   971    765
   972    765
   973    765
   974    765
   975    765
   976    765
   977    765
   978    765
   969    766
   970    766
   971    766
   972    766
   973    766
   974    766
   975    766
   976    766
   977    766
   978    766
   969    767
   970    767
   971    767
   972    767
   973    767
   974    767
   975    767
   976    767
   977    767
   968    768
   969    768
   970    768
   971    768
   972    768
   973    768
   974    768
   975    768
   976    768
   967    769
   968    769
   969    769
   970    769
   971    769
   972    769
   973    769
   974    769
   975    769
   966    770
   967    770
   968    770
   969    770
   970    770
   971    770
   972    770
   973    770
   974    770
   966    771
   967    771
   968    771
   969    771
   972    771
   973    771
   974    771
