  1229    710
  1230    710
  1231    710
  1232    710
  1233    710
  1219    711
  1220    711
  1221    711
  1193    712
  1194    712
  1195    712
  1196    712
  1197    712
  1198    712
  1199    712
  1200    712
  1207    712
  1208    712
  1209    712
  1233    712
  1234    712
  1171    713
  1172    713
  1173    713
  1174    713
  1175    713
  1176    713
  1177    713
  1178    713
  1179    713
  1180    713
  1181    713
  1182    713
  1183    713
  1184    713
  1185    713
  1186    713
  1187    713
  1188    713
  1189    713
  1190    713
  1191    713
  1192    713
  1193    713
  1222    713
  1223    713
  1224    713
  1128    714
  1129    714
  1130    714
  1162    714
  1163    714
  1164    714
  1165    714
  1166    714
  1167    714
  1168    714
  1169    714
  1170    714
  1171    714
  1172    714
  1173    714
  1174    714
  1175    714
  1176    714
  1177    714
  1178    714
  1179    714
  1180    714
  1181    714
  1182    714
  1183    714
  1184    714
  1199    714
  1200    714
  1212    714
  1213    714
  1135    715
  1136    715
  1137    715
  1138    715
  1139    715
  1140    715
  1141    715
  1142    715
  1143    715
  1144    715
  1145    715
  1146    715
  1147    715
  1148    715
  1149    715
  1150    715
  1151    715
  1152    715
  1153    715
  1154    715
  1155    715
  1156    715
  1157    715
  1158    715
  1159    715
  1160    715
  1170    715
  1171    715
  1182    715
  1183    715
  1184    715
  1185    715
  1187    715
  1188    715
  1189    715
  1190    715
  1191    715
  1118    716
  1119    716
  1120    716
  1121    716
  1122    716
  1123    716
  1124    716
  1136    716
  1137    716
  1138    716
  1139    716
  1140    716
  1141    716
  1142    716
  1143    716
  1144    716
  1145    716
  1146    716
  1147    716
  1148    716
  1149    716
  1150    716
  1159    716
  1160    716
  1161    716
  1162    716
  1163    716
  1164    716
  1165    716
  1166    716
  1167    716
  1168    716
  1169    716
  1171    716
  1172    716
  1173    716
  1174    716
  1175    716
  1176    716
  1187    716
  1188    716
  1189    716
  1105    717
  1106    717
  1107    717
  1108    717
  1130    717
  1131    717
  1132    717
  1133    717
  1134    717
  1152    717
  1153    717
  1154    717
  1155    717
  1156    717
  1157    717
  1158    717
  1159    717
  1160    717
  1179    717
  1180    717
  1181    717
  1182    717
  1111    718
  1112    718
  1113    718
  1114    718
  1115    718
  1116    718
  1121    718
  1122    718
  1123    718
  1124    718
  1136    718
  1137    718
  1138    718
  1139    718
  1140    718
  1141    718
  1142    718
  1143    718
  1144    718
  1145    718
  1146    718
  1147    718
  1152    718
  1153    718
  1154    718
  1155    718
  1156    718
  1157    718
  1158    718
  1159    718
  1163    718
  1164    718
  1165    718
  1166    718
  1167    718
  1168    718
  1169    718
  1170    718
  1171    718
  1134    719
  1135    719
  1136    719
  1147    719
  1148    719
  1149    719
  1150    719
  1151    719
  1152    719
  1153    719
  1156    719
  1157    719
  1158    719
  1159    719
  1160    719
  1161    719
  1162    719
  1163    719
  1119    720
  1120    720
  1131    720
  1132    720
  1133    720
  1134    720
  1135    720
  1108    721
  1109    721
  1110    721
  1111    721
  1112    721
  1113    721
  1114    721
  1115    721
  1116    721
  1117    721
  1118    721
  1119    721
  1120    721
  1121    721
  1122    721
  1123    721
  1124    721
  1125    721
  1126    721
  1127    721
  1128    721
  1102    722
  1103    722
  1104    722
  1105    722
  1106    722
  1107    722
  1108    722
  1109    722
  1110    722
  1111    722
  1112    722
  1113    722
  1114    722
  1115    722
  1116    722
  1117    722
  1118    722
  1119    722
  1120    722
  1121    722
  1122    722
  1123    722
  1124    722
  1125    722
  1126    722
  1133    722
  1134    722
  1135    722
  1094    723
  1095    723
  1096    723
  1103    723
  1104    723
  1105    723
  1106    723
  1107    723
  1108    723
  1109    723
  1110    723
  1111    723
  1112    723
  1113    723
  1114    723
  1115    723
  1116    723
  1117    723
  1118    723
  1119    723
  1120    723
  1126    723
  1127    723
  1081    724
  1083    724
  1084    724
  1085    724
  1086    724
  1087    724
  1088    724
  1089    724
  1090    724
  1102    724
  1103    724
  1104    724
  1105    724
  1106    724
  1107    724
  1108    724
  1109    724
  1110    724
  1111    724
  1112    724
  1113    724
  1114    724
  1120    724
  1121    724
  1081    725
  1082    725
  1083    725
  1084    725
  1085    725
  1087    725
  1088    725
  1089    725
  1090    725
  1091    725
  1092    725
  1093    725
  1100    725
  1101    725
  1102    725
  1103    725
  1104    725
  1105    725
  1106    725
  1107    725
  1108    725
  1109    725
  1110    725
  1111    725
  1112    725
  1113    725
  1114    725
  1087    726
  1088    726
  1089    726
  1090    726
  1094    726
  1095    726
  1104    726
  1105    726
  1106    726
  1065    727
  1066    727
  1067    727
  1068    727
  1069    727
  1070    727
  1071    727
  1078    727
  1079    727
  1080    727
  1081    727
  1082    727
  1083    727
  1084    727
  1085    727
  1086    727
  1087    727
  1088    727
  1089    727
  1060    728
  1061    728
  1062    728
  1063    728
  1064    728
  1065    728
  1066    728
  1067    728
  1068    728
  1069    728
  1072    728
  1073    728
  1074    728
  1075    728
  1078    728
  1079    728
  1080    728
  1083    728
  1084    728
  1085    728
  1086    728
  1087    728
  1088    728
  1055    729
  1056    729
  1057    729
  1058    729
  1059    729
  1060    729
  1061    729
  1062    729
  1063    729
  1064    729
  1067    729
  1068    729
  1069    729
  1070    729
  1071    729
  1072    729
  1073    729
  1074    729
  1079    729
  1080    729
  1081    729
  1082    729
  1083    729
  1086    729
  1087    729
  1088    729
  1048    730
  1049    730
  1050    730
  1051    730
  1052    730
  1053    730
  1054    730
  1055    730
  1056    730
  1057    730
  1058    730
  1059    730
  1063    730
  1064    730
  1065    730
  1066    730
  1067    730
  1068    730
  1069    730
  1070    730
  1075    730
  1076    730
  1077    730
  1081    730
  1082    730
  1083    730
  1044    731
  1045    731
  1046    731
  1047    731
  1050    731
  1051    731
  1052    731
  1053    731
  1057    731
  1058    731
  1059    731
  1060    731
  1061    731
  1062    731
  1063    731
  1064    731
  1065    731
  1066    731
  1070    731
  1071    731
  1072    731
  1076    731
  1077    731
  1078    731
  1038    732
  1039    732
  1040    732
  1041    732
  1042    732
  1043    732
  1044    732
  1045    732
  1046    732
  1047    732
  1048    732
  1051    732
  1052    732
  1053    732
  1054    732
  1055    732
  1056    732
  1058    732
  1059    732
  1064    732
  1065    732
  1066    732
  1071    732
  1072    732
  1073    732
  1036    733
  1037    733
  1038    733
  1039    733
  1040    733
  1041    733
  1042    733
  1043    733
  1047    733
  1048    733
  1049    733
  1050    733
  1051    733
  1052    733
  1053    733
  1054    733
  1055    733
  1056    733
  1068    733
  1043    734
  1044    734
  1045    734
  1046    734
  1047    734
  1048    734
  1049    734
  1050    734
  1051    734
  1037    735
  1038    735
  1039    735
  1040    735
  1041    735
  1042    735
  1043    735
  1044    735
  1045    735
  1019    736
  1020    736
  1021    736
  1022    736
  1023    736
  1024    736
  1026    736
  1027    736
  1028    736
  1029    736
  1033    736
  1034    736
  1035    736
  1036    736
  1037    736
  1038    736
  1039    736
  1040    736
  1041    736
  1045    736
  1046    736
  1047    736
  1048    736
  1015    737
  1016    737
  1017    737
  1018    737
  1019    737
  1020    737
  1021    737
  1022    737
  1023    737
  1024    737
  1025    737
  1029    737
  1030    737
  1031    737
  1032    737
  1033    737
  1034    737
  1035    737
  1036    737
  1037    737
  1041    737
  1042    737
  1043    737
  1044    737
  1009    738
  1010    738
  1011    738
  1012    738
  1013    738
  1014    738
  1015    738
  1016    738
  1017    738
  1018    738
  1019    738
  1020    738
  1025    738
  1026    738
  1027    738
  1028    738
  1029    738
  1030    738
  1031    738
  1032    738
  1033    738
  1037    738
  1038    738
  1039    738
  1040    738
  1043    738
  1044    738
  1045    738
  1006    739
  1007    739
  1008    739
  1009    739
  1010    739
  1011    739
  1012    739
  1013    739
  1014    739
  1015    739
  1020    739
  1021    739
  1022    739
  1023    739
  1024    739
  1025    739
  1026    739
  1027    739
  1028    739
  1033    739
  1034    739
  1035    739
  1036    739
  1039    739
  1040    739
  1041    739
  1042    739
  1001    740
  1002    740
  1003    740
  1004    740
  1005    740
  1006    740
  1007    740
  1008    740
  1009    740
  1010    740
  1011    740
  1016    740
  1017    740
  1018    740
  1019    740
  1020    740
  1021    740
  1022    740
  1023    740
  1024    740
  1029    740
  1030    740
  1031    740
  1032    740
  1033    740
  1036    740
  1037    740
  1038    740
   997    741
   998    741
   999    741
  1000    741
  1001    741
  1002    741
  1003    741
  1004    741
  1005    741
  1006    741
  1007    741
  1012    741
  1013    741
  1014    741
  1015    741
  1016    741
  1017    741
  1018    741
  1019    741
  1020    741
  1025    741
  1026    741
  1027    741
  1028    741
  1030    741
  1031    741
  1032    741
  1033    741
  1034    741
   993    742
   994    742
   995    742
   996    742
   997    742
   999    742
  1000    742
  1001    742
  1002    742
  1003    742
  1009    742
  1010    742
  1011    742
  1012    742
  1015    742
  1016    742
  1017    742
  1023    742
  1024    742
  1025    742
  1026    742
  1027    742
  1028    742
  1029    742
  1030    742
  1031    742
   995    743
   996    743
   997    743
   998    743
   999    743
  1005    743
  1006    743
  1007    743
  1008    743
  1009    743
  1011    743
  1012    743
  1013    743
  1019    743
  1024    743
  1025    743
  1026    743
  1027    743
  1001    744
  1002    744
  1003    744
  1004    744
  1005    744
  1006    744
  1007    744
  1008    744
  1009    744
  1010    744
   998    745
   999    745
  1000    745
  1001    745
  1002    745
  1003    745
  1004    745
  1005    745
  1006    745
   978    746
   979    746
   980    746
   994    746
   995    746
   996    746
   997    746
   999    746
  1000    746
  1001    746
  1002    746
  1009    746
  1010    746
  1011    746
   975    747
   976    747
   984    747
   997    747
   998    747
   999    747
  1000    747
  1005    747
  1006    747
  1007    747
   972    748
   973    748
   974    748
   978    748
   979    748
   980    748
   981    748
   994    748
   995    748
   996    748
  1002    748
  1003    748
  1004    748
  1005    748
  1009    748
  1010    748
   968    749
   969    749
   970    749
   971    749
   975    749
   976    749
   977    749
   991    749
   992    749
   999    749
  1000    749
  1001    749
  1006    749
  1007    749
  1008    749
   965    750
   966    750
   967    750
   968    750
   969    750
   970    750
   971    750
   972    750
   973    750
   974    750
   982    750
   983    750
   984    750
   988    750
   989    750
   997    750
   998    750
  1003    750
  1004    750
  1005    750
   963    751
   964    751
   965    751
   966    751
   967    751
   968    751
   969    751
   970    751
   971    751
   972    751
   979    751
   980    751
   985    751
   986    751
   987    751
   994    751
   995    751
   996    751
  1001    751
  1002    751
   959    752
   960    752
   961    752
   962    752
   963    752
   964    752
   965    752
   966    752
   967    752
   968    752
   969    752
   976    752
   977    752
   978    752
   991    752
   992    752
   993    752
   994    752
   999    752
  1000    752
   957    753
   958    753
   959    753
   960    753
   961    753
   962    753
   964    753
   965    753
   966    753
   974    753
   975    753
   989    753
   990    753
   991    753
   996    753
   997    753
   954    754
   955    754
   956    754
   957    754
   958    754
   959    754
   960    754
   961    754
   962    754
   963    754
   964    754
   971    754
   972    754
   973    754
   995    754
   958    755
   959    755
   960    755
   961    755
   962    755
   968    755
   969    755
   970    755
   955    756
   956    756
   957    756
   958    756
   959    756
   966    756
   967    756
   964    757
   965    757
   966    757
   967    757
   962    758
   963    758
   964    758
   965    758
   966    758
   960    759
   961    759
   962    759
   963    759
   964    759
   941    760
   942    760
   943    760
   944    760
   958    760
   959    760
   960    760
   961    760
   962    760
   963    760
   964    760
   965    760
   966    760
   967    760
   938    761
   939    761
   940    761
   941    761
   942    761
   943    761
   944    761
   957    761
   958    761
   959    761
   960    761
   961    761
   962    761
   963    761
   964    761
   965    761
   974    761
   975    761
   976    761
   977    761
   978    761
   936    762
   937    762
   938    762
   939    762
   940    762
   941    762
   942    762
   943    762
   944    762
   955    762
   956    762
   957    762
   958    762
   959    762
   960    762
   961    762
   962    762
   963    762
   964    762
   972    762
   973    762
   974    762
   975    762
   976    762
   977    762
   978    762
   935    763
   936    763
   937    763
   938    763
   939    763
   940    763
   941    763
   942    763
   943    763
   954    763
   955    763
   956    763
   957    763
   958    763
   959    763
   960    763
   961    763
   962    763
   963    763
   970    763
   971    763
   972    763
   973    763
   974    763
   975    763
   976    763
   977    763
   933    764
   934    764
   935    764
   936    764
   937    764
   938    764
   939    764
   940    764
   941    764
   942    764
   943    764
   953    764
   954    764
   955    764
   956    764
   957    764
   958    764
   959    764
   960    764
   969    764
   970    764
   971    764
   972    764
   973    764
   974    764
   975    764
   976    764
   977    764
   931    765
   932    765
   933    765
   934    765
   935    765
   936    765
   937    765
   938    765
   939    765
   940    765
   941    765
   942    765
   943    765
   951    765
   952    765
   953    765
   954    765
   955    765
   956    765
   957    765
   958    765
   959    765
   968    765
   969    765
   970    765
   971    765
   972    765
   973    765
   974    765
   975    765
   976    765
   930    766
   931    766
   932    766
   933    766
   934    766
   935    766
   936    766
   937    766
   938    766
   939    766
   940    766
   941    766
   950    766
   951    766
   952    766
   953    766
   954    766
   955    766
   956    766
   957    766
   958    766
   959    766
   966    766
   967    766
   968    766
   969    766
   970    766
   971    766
   972    766
   973    766
   974    766
   975    766
   976    766
   977    766
   929    767
   930    767
   931    767
   932    767
   933    767
   934    767
   935    767
   936    767
   937    767
   938    767
   939    767
   940    767
   949    767
   950    767
   951    767
   952    767
   953    767
   954    767
   955    767
   956    767
   965    767
   966    767
   967    767
   968    767
   969    767
   970    767
   971    767
   972    767
   973    767
   974    767
   975    767
   976    767
   928    768
   929    768
   930    768
   931    768
   932    768
   933    768
   934    768
   935    768
   936    768
   937    768
   938    768
   939    768
   947    768
   948    768
   949    768
   950    768
   951    768
   952    768
   953    768
   954    768
   965    768
   966    768
   967    768
   968    768
   969    768
   970    768
   971    768
   972    768
   973    768
   974    768
   975    768
   976    768
   926    769
   927    769
   928    769
   929    769
   930    769
   931    769
   932    769
   933    769
   934    769
   935    769
   936    769
   937    769
   946    769
   947    769
   948    769
   949    769
   950    769
   951    769
   952    769
   953    769
   964    769
   965    769
   966    769
   967    769
   968    769
   969    769
   970    769
   971    769
   972    769
   973    769
   974    769
   927    770
   928    770
   929    770
   930    770
   931    770
   932    770
   933    770
   934    770
   935    770
   936    770
   945    770
   946    770
   947    770
   948    770
   949    770
   950    770
   951    770
   952    770
   953    770
   965    770
   966    770
   967    770
   968    770
   969    770
   970    770
   972    770
   973    770
   944    771
   945    771
   946    771
   947    771
   948    771
   949    771
   950    771
   951    771
   952    771
   966    771
   967    771
   968    771
   969    771
   970    771
   971    771
   972    771
   973    771
   943    772
   944    772
   945    772
   946    772
   947    772
   948    772
   949    772
   950    772
   951    772
   942    773
   943    773
   944    773
   945    773
   946    773
   947    773
   948    773
   949    773
   950    773
   941    774
   942    774
   943    774
   944    774
   945    774
   946    774
   947    774
   948    774
   949    774
   940    775
   941    775
   942    775
   943    775
   944    775
   945    775
   946    775
   947    775
   948    775
   939    776
   940    776
   941    776
   942    776
   943    776
   944    776
   945    776
   946    776
   947    776
   938    777
   939    777
   940    777
   941    777
   942    777
   943    777
   944    777
   945    777
   946    777
   947    777
   937    778
   938    778
   939    778
   940    778
   941    778
   942    778
   943    778
   944    778
   945    778
   946    778
   947    778
   937    779
   938    779
   939    779
   940    779
   941    779
   942    779
   943    779
   944    779
   945    779
   946    779
   936    780
   937    780
   938    780
   939    780
   940    780
   941    780
   942    780
   943    780
   944    780
   935    781
   936    781
   937    781
   938    781
   939    781
   940    781
   941    781
   942    781
   943    781
   944    781
   935    782
   936    782
   937    782
   938    782
   939    782
   940    782
   941    782
   942    782
   943    782
   934    783
   935    783
   936    783
   937    783
   938    783
   939    783
   940    783
   941    783
   942    783
   943    783
   933    784
   934    784
   935    784
   936    784
   937    784
   938    784
   939    784
   940    784
   941    784
   942    784
   943    784
   933    785
   934    785
   935    785
   936    785
   937    785
   938    785
   939    785
   940    785
   941    785
   942    785
   933    786
   934    786
   935    786
   936    786
   937    786
   938    786
   939    786
   940    786
   941    786
   942    786
   933    787
   934    787
   935    787
   936    787
   937    787
   938    787
   939    787
   940    787
   941    787
   942    787
   932    788
   933    788
   934    788
   935    788
   936    788
   937    788
   938    788
   939    788
   940    788
   941    788
   933    789
   934    789
   935    789
   936    789
   937    789
   938    789
   939    789
   940    789
   933    790
   934    790
   935    790
   936    790
   937    790
   938    790
   939    790
   940    790
   934    791
   935    791
   936    791
   937    791
   938    791
   939    791
   940    791
