  1068    728
  1069    728
  1070    728
  1071    728
  1073    728
  1061    729
  1062    729
  1063    729
  1064    729
  1065    729
  1066    729
  1067    729
  1068    729
  1069    729
  1070    729
  1071    729
  1056    730
  1057    730
  1058    730
  1059    730
  1060    730
  1061    730
  1062    730
  1063    730
  1064    730
  1069    730
  1070    730
  1071    730
  1072    730
  1050    731
  1051    731
  1052    731
  1053    731
  1054    731
  1058    731
  1059    731
  1064    731
  1065    731
  1066    731
  1067    731
  1068    731
  1069    731
  1070    731
  1071    731
  1046    732
  1047    732
  1048    732
  1049    732
  1050    732
  1051    732
  1052    732
  1053    732
  1054    732
  1055    732
  1065    732
  1066    732
  1040    733
  1041    733
  1042    733
  1043    733
  1044    733
  1045    733
  1046    733
  1047    733
  1048    733
  1049    733
  1050    733
  1054    733
  1055    733
  1056    733
  1061    733
  1062    733
  1068    733
  1038    734
  1039    734
  1040    734
  1041    734
  1042    734
  1043    734
  1044    734
  1049    734
  1050    734
  1051    734
  1052    734
  1053    734
  1054    734
  1055    734
  1057    734
  1045    735
  1046    735
  1047    735
  1048    735
  1049    735
  1050    735
  1051    735
  1052    735
  1040    736
  1041    736
  1042    736
  1043    736
  1044    736
  1045    736
  1046    736
  1047    736
  1022    737
  1023    737
  1024    737
  1025    737
  1026    737
  1027    737
  1028    737
  1029    737
  1030    737
  1036    737
  1037    737
  1038    737
  1039    737
  1040    737
  1041    737
  1042    737
  1043    737
  1049    737
  1050    737
  1051    737
  1017    738
  1018    738
  1019    738
  1020    738
  1021    738
  1022    738
  1023    738
  1024    738
  1025    738
  1031    738
  1032    738
  1033    738
  1034    738
  1035    738
  1036    738
  1037    738
  1038    738
  1039    738
  1044    738
  1045    738
  1046    738
  1047    738
  1012    739
  1013    739
  1014    739
  1015    739
  1016    739
  1017    739
  1018    739
  1019    739
  1020    739
  1021    739
  1028    739
  1029    739
  1030    739
  1031    739
  1032    739
  1033    739
  1034    739
  1035    739
  1040    739
  1041    739
  1042    739
  1046    739
  1047    739
  1048    739
  1008    740
  1009    740
  1010    740
  1011    740
  1012    740
  1013    740
  1014    740
  1015    740
  1016    740
  1017    740
  1023    740
  1024    740
  1025    740
  1026    740
  1027    740
  1028    740
  1029    740
  1030    740
  1031    740
  1036    740
  1037    740
  1038    740
  1039    740
  1040    740
  1043    740
  1044    740
  1004    741
  1005    741
  1006    741
  1007    741
  1008    741
  1009    741
  1010    741
  1011    741
  1012    741
  1013    741
  1014    741
  1020    741
  1021    741
  1022    741
  1023    741
  1024    741
  1025    741
  1026    741
  1027    741
  1028    741
  1032    741
  1033    741
  1034    741
  1035    741
  1036    741
  1037    741
  1038    741
  1039    741
  1040    741
  1041    741
  1000    742
  1001    742
  1002    742
  1003    742
  1004    742
  1005    742
  1006    742
  1007    742
  1008    742
  1009    742
  1010    742
  1015    742
  1016    742
  1017    742
  1018    742
  1022    742
  1023    742
  1028    742
  1029    742
  1030    742
  1031    742
  1032    742
  1033    742
  1034    742
  1035    742
  1036    742
   997    743
   998    743
   999    743
  1000    743
  1001    743
  1002    743
  1003    743
  1004    743
  1005    743
  1006    743
  1011    743
  1012    743
  1013    743
  1014    743
  1015    743
  1025    743
  1026    743
  1027    743
  1031    743
  1032    743
  1033    743
   997    744
   998    744
   999    744
  1000    744
  1001    744
  1002    744
  1008    744
  1009    744
  1010    744
  1011    744
  1012    744
  1014    744
  1015    744
  1016    744
  1028    744
  1029    744
  1030    744
  1004    745
  1005    745
  1006    745
  1007    745
  1008    745
  1009    745
  1010    745
  1011    745
  1012    745
  1001    746
  1002    746
  1003    746
  1004    746
  1005    746
  1006    746
  1007    746
  1008    746
  1009    746
   998    747
   999    747
  1000    747
  1001    747
  1002    747
  1003    747
  1004    747
  1005    747
  1006    747
   978    748
   979    748
   980    748
   994    748
   995    748
   996    748
  1000    748
  1001    748
  1002    748
  1008    748
  1009    748
  1010    748
  1011    748
   974    749
   975    749
   976    749
   977    749
   983    749
   984    749
   985    749
   997    749
   998    749
   999    749
  1006    749
  1007    749
  1008    749
   971    750
   972    750
   973    750
   974    750
   978    750
   979    750
   980    750
   994    750
   995    750
   996    750
  1003    750
  1004    750
  1005    750
  1009    750
  1010    750
  1011    750
   968    751
   969    751
   970    751
   971    751
   972    751
   974    751
   975    751
   976    751
   977    751
   978    751
   985    751
   986    751
   987    751
   991    751
   992    751
   993    751
  1000    751
  1001    751
  1002    751
  1003    751
  1007    751
  1008    751
   966    752
   967    752
   968    752
   972    752
   973    752
   974    752
   982    752
   983    752
   984    752
   988    752
   989    752
   990    752
   997    752
   998    752
   999    752
  1000    752
  1004    752
  1005    752
  1006    752
   963    753
   964    753
   965    753
   966    753
   967    753
   970    753
   971    753
   980    753
   981    753
   986    753
   987    753
   995    753
   996    753
   997    753
  1002    753
  1003    753
  1004    753
   960    754
   961    754
   962    754
   963    754
   967    754
   968    754
   969    754
   976    754
   977    754
   978    754
   984    754
   985    754
   992    754
   993    754
   994    754
   995    754
  1000    754
  1001    754
   957    755
   958    755
   959    755
   960    755
   961    755
   965    755
   966    755
   967    755
   974    755
   975    755
   976    755
   991    755
   992    755
   998    755
   999    755
   955    756
   956    756
   957    756
   958    756
   959    756
   960    756
   961    756
   962    756
   963    756
   964    756
   972    756
   973    756
   974    756
   995    756
   996    756
   997    756
   957    757
   958    757
   959    757
   960    757
   961    757
   962    757
   969    757
   970    757
   971    757
   993    757
   994    757
   995    757
   955    758
   956    758
   957    758
   958    758
   959    758
   967    758
   968    758
   969    758
   965    759
   966    759
   967    759
   963    760
   964    760
   965    760
   966    760
   961    761
   962    761
   963    761
   964    761
   965    761
   966    761
   942    762
   943    762
   944    762
   945    762
   946    762
   947    762
   960    762
   961    762
   962    762
   963    762
   964    762
   965    762
   966    762
   939    763
   940    763
   941    763
   942    763
   943    763
   944    763
   945    763
   958    763
   959    763
   960    763
   961    763
   962    763
   963    763
   964    763
   965    763
   976    763
   977    763
   978    763
   979    763
   980    763
   981    763
   938    764
   939    764
   940    764
   941    764
   942    764
   943    764
   944    764
   945    764
   956    764
   957    764
   958    764
   959    764
   960    764
   961    764
   962    764
   963    764
   964    764
   965    764
   974    764
   975    764
   976    764
   977    764
   978    764
   979    764
   980    764
   936    765
   937    765
   938    765
   939    765
   940    765
   941    765
   942    765
   943    765
   944    765
   945    765
   955    765
   956    765
   957    765
   958    765
   959    765
   960    765
   961    765
   962    765
   963    765
   964    765
   972    765
   973    765
   974    765
   975    765
   976    765
   977    765
   978    765
   979    765
   980    765
   934    766
   935    766
   936    766
   937    766
   938    766
   939    766
   940    766
   941    766
   942    766
   943    766
   944    766
   954    766
   955    766
   956    766
   957    766
   958    766
   959    766
   960    766
   961    766
   962    766
   963    766
   971    766
   972    766
   973    766
   974    766
   975    766
   976    766
   977    766
   978    766
   979    766
   980    766
   981    766
   933    767
   934    767
   935    767
   936    767
   937    767
   938    767
   939    767
   940    767
   941    767
   942    767
   943    767
   944    767
   953    767
   954    767
   955    767
   956    767
   957    767
   958    767
   959    767
   960    767
   961    767
   962    767
   970    767
   971    767
   972    767
   973    767
   974    767
   975    767
   976    767
   977    767
   978    767
   979    767
   980    767
   931    768
   932    768
   933    768
   934    768
   935    768
   936    768
   937    768
   938    768
   939    768
   940    768
   941    768
   942    768
   951    768
   952    768
   953    768
   954    768
   955    768
   956    768
   957    768
   958    768
   959    768
   969    768
   970    768
   971    768
   972    768
   973    768
   974    768
   975    768
   976    768
   977    768
   978    768
   979    768
   980    768
   930    769
   931    769
   932    769
   933    769
   934    769
   935    769
   936    769
   937    769
   938    769
   939    769
   940    769
   941    769
   950    769
   951    769
   952    769
   953    769
   954    769
   955    769
   956    769
   957    769
   967    769
   968    769
   969    769
   970    769
   971    769
   972    769
   973    769
   974    769
   975    769
   976    769
   977    769
   978    769
   979    769
   929    770
   930    770
   931    770
   932    770
   933    770
   934    770
   935    770
   936    770
   937    770
   938    770
   939    770
   940    770
   949    770
   950    770
   951    770
   952    770
   953    770
   954    770
   955    770
   956    770
   966    770
   967    770
   968    770
   969    770
   970    770
   971    770
   972    770
   973    770
   974    770
   975    770
   976    770
   977    770
   978    770
   928    771
   929    771
   930    771
   931    771
   932    771
   933    771
   934    771
   935    771
   936    771
   937    771
   938    771
   939    771
   948    771
   949    771
   950    771
   951    771
   952    771
   953    771
   954    771
   955    771
   956    771
   966    771
   967    771
   968    771
   969    771
   970    771
   971    771
   972    771
   973    771
   974    771
   975    771
   976    771
   977    771
   930    772
   931    772
   932    772
   933    772
   934    772
   937    772
   938    772
   947    772
   948    772
   949    772
   950    772
   951    772
   952    772
   953    772
   954    772
   955    772
   967    772
   968    772
   969    772
   970    772
   971    772
   972    772
   973    772
   974    772
   975    772
   976    772
   928    773
   929    773
   930    773
   931    773
   932    773
   933    773
   934    773
   935    773
   946    773
   947    773
   948    773
   949    773
   950    773
   951    773
   952    773
   953    773
   954    773
   968    773
   969    773
   970    773
   971    773
   972    773
   973    773
   974    773
   975    773
   944    774
   945    774
   946    774
   947    774
   948    774
   949    774
   950    774
   951    774
   952    774
   953    774
   944    775
   945    775
   946    775
   947    775
   948    775
   949    775
   950    775
   951    775
   952    775
   943    776
   944    776
   945    776
   946    776
   947    776
   948    776
   949    776
   950    776
   951    776
   942    777
   943    777
   944    777
   945    777
   946    777
   947    777
   948    777
   949    777
   950    777
   941    778
   942    778
   943    778
   944    778
   945    778
   946    778
   947    778
   948    778
   949    778
   940    779
   941    779
   942    779
   943    779
   944    779
   945    779
   946    779
   947    779
   948    779
   938    780
   939    780
   940    780
   941    780
   942    780
   943    780
   944    780
   945    780
   946    780
   947    780
   938    781
   939    781
   940    781
   941    781
   942    781
   943    781
   944    781
   945    781
   946    781
   947    781
   938    782
   939    782
   940    782
   941    782
   942    782
   943    782
   944    782
   945    782
   937    783
   938    783
   939    783
   940    783
   941    783
   942    783
   943    783
   944    783
   945    783
   936    784
   937    784
   938    784
   939    784
   940    784
   941    784
   942    784
   943    784
   944    784
   935    785
   936    785
   937    785
   938    785
   939    785
   940    785
   941    785
   942    785
   943    785
   944    785
   935    786
   936    786
   937    786
   938    786
   939    786
   940    786
   941    786
   942    786
   943    786
   944    786
   935    787
   936    787
   937    787
   938    787
   939    787
   940    787
   941    787
   942    787
   943    787
   944    787
   934    788
   935    788
   936    788
   937    788
   938    788
   939    788
   940    788
   941    788
   942    788
   943    788
   936    789
   937    789
   938    789
   939    789
   940    789
   941    789
   942    789
   938    790
   939    790
   940    790
   941    790
