  1199    712
  1200    712
  1201    712
  1202    712
  1203    712
  1204    712
  1205    712
  1206    712
  1207    712
  1208    712
  1209    712
  1210    712
  1211    712
  1212    712
  1213    712
  1214    712
  1215    712
  1176    713
  1179    713
  1180    713
  1181    713
  1182    713
  1183    713
  1184    713
  1185    713
  1186    713
  1187    713
  1188    713
  1189    713
  1190    713
  1191    713
  1192    713
  1193    713
  1194    713
  1195    713
  1206    713
  1207    713
  1208    713
  1209    713
  1210    713
  1211    713
  1163    714
  1164    714
  1165    714
  1166    714
  1167    714
  1168    714
  1169    714
  1170    714
  1172    714
  1173    714
  1174    714
  1175    714
  1176    714
  1177    714
  1180    714
  1181    714
  1182    714
  1183    714
  1184    714
  1185    714
  1186    714
  1187    714
  1188    714
  1189    714
  1212    714
  1213    714
  1214    714
  1215    714
  1153    715
  1154    715
  1155    715
  1156    715
  1157    715
  1158    715
  1159    715
  1160    715
  1161    715
  1162    715
  1163    715
  1164    715
  1165    715
  1184    715
  1185    715
  1186    715
  1187    715
  1188    715
  1189    715
  1190    715
  1191    715
  1192    715
  1193    715
  1194    715
  1203    715
  1204    715
  1127    716
  1128    716
  1129    716
  1144    716
  1145    716
  1153    716
  1154    716
  1155    716
  1156    716
  1157    716
  1158    716
  1159    716
  1160    716
  1161    716
  1165    716
  1166    716
  1167    716
  1168    716
  1169    716
  1170    716
  1171    716
  1172    716
  1173    716
  1174    716
  1175    716
  1176    716
  1188    716
  1189    716
  1190    716
  1104    717
  1105    717
  1106    717
  1107    717
  1108    717
  1109    717
  1134    717
  1135    717
  1136    717
  1137    717
  1138    717
  1155    717
  1156    717
  1157    717
  1158    717
  1159    717
  1160    717
  1161    717
  1162    717
  1163    717
  1164    717
  1165    717
  1166    717
  1167    717
  1168    717
  1169    717
  1182    717
  1183    717
  1184    717
  1185    717
  1110    718
  1111    718
  1112    718
  1113    718
  1114    718
  1115    718
  1116    718
  1117    718
  1118    718
  1119    718
  1120    718
  1121    718
  1122    718
  1139    718
  1140    718
  1141    718
  1142    718
  1143    718
  1144    718
  1145    718
  1146    718
  1147    718
  1148    718
  1152    718
  1153    718
  1154    718
  1155    718
  1156    718
  1157    718
  1158    718
  1159    718
  1160    718
  1161    718
  1162    718
  1163    718
  1164    718
  1165    718
  1166    718
  1167    718
  1168    718
  1169    718
  1170    718
  1171    718
  1172    718
  1173    718
  1135    719
  1136    719
  1137    719
  1138    719
  1139    719
  1140    719
  1141    719
  1159    719
  1160    719
  1161    719
  1162    719
  1163    719
  1164    719
  1119    720
  1120    720
  1121    720
  1122    720
  1135    720
  1136    720
  1137    720
  1099    721
  1100    721
  1101    721
  1113    721
  1114    721
  1115    721
  1116    721
  1117    721
  1118    721
  1119    721
  1120    721
  1121    721
  1122    721
  1123    721
  1124    721
  1125    721
  1126    721
  1127    721
  1128    721
  1129    721
  1130    721
  1131    721
  1132    721
  1105    722
  1106    722
  1107    722
  1108    722
  1109    722
  1110    722
  1111    722
  1112    722
  1113    722
  1114    722
  1115    722
  1116    722
  1117    722
  1118    722
  1119    722
  1120    722
  1121    722
  1122    722
  1123    722
  1124    722
  1125    722
  1126    722
  1127    722
  1128    722
  1097    723
  1098    723
  1099    723
  1100    723
  1101    723
  1105    723
  1106    723
  1107    723
  1108    723
  1109    723
  1110    723
  1111    723
  1112    723
  1113    723
  1114    723
  1115    723
  1116    723
  1117    723
  1118    723
  1119    723
  1120    723
  1121    723
  1122    723
  1123    723
  1124    723
  1125    723
  1127    723
  1128    723
  1129    723
  1130    723
  1131    723
  1088    724
  1089    724
  1090    724
  1091    724
  1092    724
  1094    724
  1095    724
  1096    724
  1097    724
  1098    724
  1103    724
  1104    724
  1105    724
  1106    724
  1107    724
  1108    724
  1109    724
  1110    724
  1111    724
  1112    724
  1113    724
  1114    724
  1115    724
  1116    724
  1117    724
  1120    724
  1121    724
  1122    724
  1123    724
  1124    724
  1125    724
  1083    725
  1084    725
  1085    725
  1086    725
  1087    725
  1088    725
  1089    725
  1090    725
  1091    725
  1092    725
  1093    725
  1094    725
  1095    725
  1096    725
  1103    725
  1104    725
  1105    725
  1106    725
  1107    725
  1108    725
  1109    725
  1111    725
  1112    725
  1113    725
  1114    725
  1115    725
  1116    725
  1084    726
  1085    726
  1086    726
  1087    726
  1088    726
  1089    726
  1090    726
  1091    726
  1092    726
  1097    726
  1104    726
  1105    726
  1106    726
  1107    726
  1108    726
  1109    726
  1081    727
  1082    727
  1083    727
  1084    727
  1085    727
  1086    727
  1087    727
  1088    727
  1089    727
  1090    727
  1062    728
  1063    728
  1064    728
  1065    728
  1066    728
  1067    728
  1068    728
  1069    728
  1070    728
  1071    728
  1074    728
  1075    728
  1076    728
  1077    728
  1080    728
  1081    728
  1082    728
  1083    728
  1086    728
  1087    728
  1088    728
  1089    728
  1090    728
  1091    728
  1057    729
  1058    729
  1059    729
  1060    729
  1061    729
  1062    729
  1063    729
  1064    729
  1065    729
  1066    729
  1070    729
  1071    729
  1072    729
  1073    729
  1074    729
  1075    729
  1076    729
  1077    729
  1081    729
  1082    729
  1083    729
  1084    729
  1085    729
  1086    729
  1088    729
  1089    729
  1090    729
  1091    729
  1052    730
  1053    730
  1054    730
  1059    730
  1060    730
  1061    730
  1065    730
  1066    730
  1067    730
  1068    730
  1069    730
  1070    730
  1071    730
  1072    730
  1077    730
  1078    730
  1079    730
  1080    730
  1082    730
  1083    730
  1084    730
  1085    730
  1046    731
  1047    731
  1048    731
  1049    731
  1050    731
  1051    731
  1052    731
  1053    731
  1054    731
  1055    731
  1060    731
  1061    731
  1062    731
  1063    731
  1064    731
  1065    731
  1066    731
  1067    731
  1072    731
  1073    731
  1074    731
  1075    731
  1078    731
  1079    731
  1080    731
  1040    732
  1041    732
  1042    732
  1043    732
  1044    732
  1045    732
  1046    732
  1047    732
  1048    732
  1049    732
  1054    732
  1055    732
  1056    732
  1067    732
  1068    732
  1069    732
  1070    732
  1072    732
  1073    732
  1074    732
  1075    732
  1037    733
  1038    733
  1039    733
  1040    733
  1041    733
  1042    733
  1043    733
  1044    733
  1045    733
  1050    733
  1051    733
  1052    733
  1053    733
  1054    733
  1055    733
  1062    733
  1063    733
  1064    733
  1065    733
  1066    733
  1068    733
  1069    733
  1070    733
  1045    734
  1046    734
  1047    734
  1048    734
  1049    734
  1050    734
  1051    734
  1052    734
  1053    734
  1063    734
  1064    734
  1065    734
  1066    734
  1041    735
  1042    735
  1043    735
  1044    735
  1045    735
  1046    735
  1047    735
  1048    735
  1022    736
  1023    736
  1024    736
  1025    736
  1026    736
  1027    736
  1028    736
  1029    736
  1035    736
  1036    736
  1037    736
  1038    736
  1039    736
  1040    736
  1041    736
  1042    736
  1043    736
  1048    736
  1049    736
  1050    736
  1051    736
  1017    737
  1018    737
  1019    737
  1020    737
  1021    737
  1022    737
  1023    737
  1024    737
  1025    737
  1026    737
  1031    737
  1032    737
  1033    737
  1034    737
  1035    737
  1036    737
  1037    737
  1038    737
  1043    737
  1044    737
  1045    737
  1046    737
  1047    737
  1012    738
  1013    738
  1014    738
  1015    738
  1016    738
  1017    738
  1018    738
  1019    738
  1020    738
  1021    738
  1022    738
  1027    738
  1028    738
  1029    738
  1030    738
  1031    738
  1032    738
  1033    738
  1034    738
  1035    738
  1039    738
  1040    738
  1041    738
  1046    738
  1047    738
  1048    738
  1008    739
  1009    739
  1010    739
  1011    739
  1012    739
  1013    739
  1014    739
  1015    739
  1016    739
  1017    739
  1022    739
  1023    739
  1024    739
  1025    739
  1026    739
  1027    739
  1028    739
  1029    739
  1030    739
  1031    739
  1036    739
  1037    739
  1038    739
  1039    739
  1041    739
  1042    739
  1043    739
  1044    739
  1004    740
  1005    740
  1006    740
  1007    740
  1008    740
  1009    740
  1010    740
  1011    740
  1012    740
  1013    740
  1018    740
  1019    740
  1020    740
  1021    740
  1022    740
  1023    740
  1024    740
  1025    740
  1026    740
  1027    740
  1031    740
  1032    740
  1033    740
  1034    740
  1035    740
  1037    740
  1038    740
  1039    740
  1000    741
  1001    741
  1002    741
  1003    741
  1004    741
  1005    741
  1006    741
  1007    741
  1008    741
  1009    741
  1015    741
  1016    741
  1017    741
  1018    741
  1019    741
  1020    741
  1021    741
  1022    741
  1023    741
  1028    741
  1029    741
  1030    741
  1031    741
  1032    741
  1033    741
  1034    741
  1035    741
  1036    741
   997    742
   998    742
   999    742
  1001    742
  1002    742
  1003    742
  1004    742
  1005    742
  1011    742
  1012    742
  1013    742
  1014    742
  1016    742
  1017    742
  1018    742
  1019    742
  1024    742
  1025    742
  1026    742
  1027    742
  1028    742
  1029    742
  1030    742
  1031    742
  1032    742
   998    743
   999    743
  1000    743
  1001    743
  1002    743
  1007    743
  1008    743
  1009    743
  1010    743
  1014    743
  1021    743
  1027    743
  1028    743
  1029    743
  1004    744
  1005    744
  1006    744
  1007    744
  1008    744
  1009    744
  1010    744
  1011    744
  1000    745
  1001    745
  1002    745
  1003    745
  1004    745
  1005    745
  1006    745
  1007    745
  1008    745
   996    746
   997    746
   998    746
   999    746
  1000    746
  1001    746
  1002    746
  1003    746
  1004    746
   977    747
   978    747
   979    747
   993    747
   994    747
   998    747
   999    747
  1000    747
  1001    747
  1007    747
  1008    747
  1009    747
  1010    747
   974    748
   975    748
   976    748
   981    748
   982    748
   983    748
   997    748
   998    748
   999    748
  1004    748
  1005    748
  1006    748
  1007    748
  1012    748
   971    749
   972    749
   973    749
   978    749
   979    749
   980    749
   988    749
   994    749
   995    749
  1001    749
  1002    749
  1003    749
  1004    749
  1007    749
  1008    749
  1009    749
  1010    749
   968    750
   969    750
   970    750
   972    750
   973    750
   974    750
   975    750
   976    750
   984    750
   985    750
   986    750
   989    750
   990    750
   991    750
   999    750
  1000    750
  1001    750
  1005    750
  1006    750
  1007    750
   965    751
   966    751
   967    751
   970    751
   971    751
   972    751
   973    751
   981    751
   982    751
   983    751
   987    751
   988    751
   996    751
   997    751
  1003    751
  1004    751
  1005    751
   962    752
   963    752
   964    752
   965    752
   966    752
   967    752
   968    752
   969    752
   970    752
   971    752
   978    752
   979    752
   980    752
   984    752
   985    752
   986    752
   993    752
   994    752
   995    752
  1001    752
  1002    752
   959    753
   960    753
   961    753
   962    753
   963    753
   964    753
   965    753
   966    753
   967    753
   968    753
   976    753
   977    753
   982    753
   983    753
   984    753
   991    753
   992    753
   993    753
   999    753
  1000    753
   956    754
   957    754
   958    754
   959    754
   960    754
   961    754
   963    754
   964    754
   965    754
   966    754
   973    754
   974    754
   996    754
   997    754
   998    754
   954    755
   955    755
   956    755
   957    755
   958    755
   959    755
   960    755
   961    755
   962    755
   963    755
   971    755
   972    755
   995    755
   956    756
   957    756
   958    756
   959    756
   960    756
   961    756
   968    756
   969    756
   970    756
   966    757
   967    757
   968    757
   969    757
   963    758
   964    758
   965    758
   966    758
   967    758
   961    759
   962    759
   963    759
   964    759
   968    759
   969    759
   970    759
   959    760
   960    760
   961    760
   962    760
   963    760
   964    760
   940    761
   941    761
   942    761
   943    761
   944    761
   945    761
   946    761
   958    761
   959    761
   960    761
   961    761
   962    761
   963    761
   938    762
   939    762
   940    762
   941    762
   942    762
   943    762
   944    762
   957    762
   958    762
   959    762
   960    762
   961    762
   962    762
   963    762
   964    762
   974    762
   975    762
   976    762
   977    762
   978    762
   936    763
   937    763
   938    763
   939    763
   940    763
   941    763
   942    763
   943    763
   944    763
   955    763
   956    763
   957    763
   958    763
   959    763
   960    763
   961    763
   962    763
   963    763
   964    763
   972    763
   973    763
   974    763
   975    763
   976    763
   977    763
   978    763
   979    763
   935    764
   936    764
   937    764
   938    764
   939    764
   940    764
   941    764
   942    764
   943    764
   954    764
   955    764
   956    764
   957    764
   958    764
   959    764
   960    764
   961    764
   970    764
   971    764
   972    764
   973    764
   974    764
   975    764
   976    764
   977    764
   978    764
   933    765
   934    765
   935    765
   936    765
   937    765
   938    765
   939    765
   940    765
   941    765
   942    765
   943    765
   953    765
   954    765
   955    765
   956    765
   957    765
   958    765
   959    765
   960    765
   969    765
   970    765
   971    765
   972    765
   973    765
   974    765
   975    765
   976    765
   977    765
   978    765
   932    766
   933    766
   934    766
   935    766
   936    766
   937    766
   938    766
   939    766
   940    766
   941    766
   942    766
   951    766
   952    766
   953    766
   954    766
   955    766
   956    766
   957    766
   958    766
   959    766
   960    766
   967    766
   968    766
   969    766
   970    766
   971    766
   972    766
   973    766
   974    766
   975    766
   976    766
   977    766
   978    766
   979    766
   930    767
   931    767
   932    767
   933    767
   934    767
   935    767
   936    767
   937    767
   938    767
   939    767
   940    767
   941    767
   950    767
   951    767
   952    767
   953    767
   954    767
   955    767
   956    767
   957    767
   958    767
   959    767
   960    767
   967    767
   968    767
   969    767
   970    767
   971    767
   972    767
   973    767
   974    767
   975    767
   976    767
   977    767
   978    767
   929    768
   930    768
   931    768
   932    768
   933    768
   934    768
   935    768
   936    768
   937    768
   938    768
   939    768
   940    768
   949    768
   950    768
   951    768
   952    768
   953    768
   954    768
   955    768
   956    768
   957    768
   958    768
   966    768
   967    768
   968    768
   969    768
   970    768
   971    768
   972    768
   973    768
   974    768
   975    768
   976    768
   928    769
   929    769
   930    769
   931    769
   932    769
   933    769
   934    769
   935    769
   936    769
   937    769
   938    769
   939    769
   947    769
   948    769
   949    769
   950    769
   951    769
   952    769
   953    769
   954    769
   955    769
   965    769
   966    769
   967    769
   968    769
   969    769
   970    769
   971    769
   972    769
   973    769
   974    769
   927    770
   928    770
   929    770
   930    770
   931    770
   932    770
   933    770
   934    770
   935    770
   936    770
   937    770
   938    770
   946    770
   947    770
   948    770
   949    770
   950    770
   951    770
   952    770
   953    770
   965    770
   966    770
   967    770
   968    770
   969    770
   970    770
   971    770
   972    770
   973    770
   974    770
   927    771
   928    771
   929    771
   930    771
   931    771
   932    771
   933    771
   934    771
   935    771
   936    771
   945    771
   946    771
   947    771
   948    771
   949    771
   950    771
   951    771
   952    771
   973    771
   974    771
   944    772
   945    772
   946    772
   947    772
   948    772
   949    772
   950    772
   951    772
   943    773
   944    773
   945    773
   946    773
   947    773
   948    773
   949    773
   950    773
   951    773
   942    774
   943    774
   944    774
   945    774
   946    774
   947    774
   948    774
   949    774
   950    774
   941    775
   942    775
   943    775
   944    775
   945    775
   946    775
   947    775
   948    775
   949    775
   940    776
   941    776
   942    776
   943    776
   944    776
   945    776
   946    776
   947    776
   948    776
   949    776
   939    777
   940    777
   941    777
   942    777
   943    777
   944    777
   945    777
   946    777
   947    777
   948    777
   938    778
   939    778
   940    778
   941    778
   942    778
   943    778
   944    778
   945    778
   946    778
   947    778
   938    779
   939    779
   940    779
   941    779
   942    779
   943    779
   944    779
   945    779
   946    779
   937    780
   938    780
   939    780
   940    780
   941    780
   942    780
   943    780
   944    780
   945    780
   936    781
   937    781
   938    781
   939    781
   940    781
   941    781
   942    781
   943    781
   944    781
   936    782
   937    782
   938    782
   939    782
   940    782
   941    782
   942    782
   943    782
   944    782
   945    782
   935    783
   936    783
   937    783
   938    783
   939    783
   940    783
   941    783
   942    783
   943    783
   944    783
   934    784
   935    784
   936    784
   937    784
   938    784
   939    784
   940    784
   941    784
   942    784
   943    784
   944    784
   934    785
   935    785
   936    785
   937    785
   938    785
   939    785
   940    785
   941    785
   942    785
   943    785
   944    785
   934    786
   935    786
   936    786
   937    786
   938    786
   939    786
   940    786
   941    786
   942    786
   943    786
   944    786
   933    787
   934    787
   935    787
   936    787
   937    787
   938    787
   939    787
   940    787
   941    787
   942    787
   943    787
   944    787
   933    788
   934    788
   935    788
   936    788
   937    788
   938    788
   939    788
   940    788
   941    788
   942    788
   943    788
   934    789
   935    789
   936    789
   937    789
   938    789
   939    789
   940    789
   941    789
   942    789
   943    789
   935    790
   936    790
   937    790
   938    790
   939    790
   940    790
   941    790
