   977    746
   978    746
   979    746
   980    746
   974    747
   975    747
   976    747
   981    747
   982    747
   983    747
   970    748
   971    748
   972    748
   973    748
   977    748
   978    748
   979    748
   967    749
   968    749
   969    749
   970    749
   973    749
   974    749
   975    749
   976    749
   956    750
   957    750
   964    750
   965    750
   966    750
   967    750
   968    750
   971    750
   972    750
   973    750
   981    750
   982    750
   961    751
   962    751
   963    751
   964    751
   965    751
   966    751
   967    751
   968    751
   969    751
   970    751
   978    751
   979    751
   980    751
   959    752
   960    752
   961    752
   962    752
   966    752
   967    752
   968    752
   975    752
   976    752
   956    753
   957    753
   958    753
   959    753
   960    753
   961    753
   962    753
   963    753
   964    753
   965    753
   972    753
   973    753
   974    753
   953    754
   954    754
   955    754
   956    754
   957    754
   958    754
   959    754
   960    754
   961    754
   962    754
   963    754
   970    754
   971    754
   972    754
   957    755
   958    755
   959    755
   960    755
   961    755
   967    755
   968    755
   969    755
   965    756
   966    756
   967    756
   963    757
   964    757
   965    757
   961    758
   962    758
   963    758
   968    758
   969    758
   959    759
   960    759
   961    759
   962    759
   939    760
   940    760
   941    760
   942    760
   943    760
   944    760
   958    760
   959    760
   960    760
   961    760
   962    760
   937    761
   938    761
   939    761
   940    761
   941    761
   942    761
   943    761
   944    761
   956    761
   957    761
   958    761
   959    761
   960    761
   961    761
   963    761
   964    761
   965    761
   936    762
   937    762
   938    762
   939    762
   940    762
   941    762
   942    762
   943    762
   944    762
   954    762
   955    762
   956    762
   957    762
   958    762
   959    762
   960    762
   934    763
   935    763
   936    763
   937    763
   938    763
   939    763
   940    763
   941    763
   942    763
   943    763
   944    763
   953    763
   954    763
   955    763
   956    763
   957    763
   958    763
   959    763
   960    763
   932    764
   933    764
   934    764
   935    764
   936    764
   937    764
   938    764
   939    764
   940    764
   941    764
   942    764
   943    764
   952    764
   953    764
   954    764
   955    764
   956    764
   957    764
   958    764
   959    764
   960    764
   931    765
   932    765
   933    765
   934    765
   935    765
   936    765
   937    765
   938    765
   939    765
   940    765
   941    765
   942    765
   951    765
   952    765
   953    765
   954    765
   955    765
   956    765
   957    765
   958    765
   959    765
   929    766
   930    766
   931    766
   932    766
   933    766
   934    766
   935    766
   936    766
   937    766
   938    766
   939    766
   940    766
   941    766
   949    766
   950    766
   951    766
   952    766
   953    766
   954    766
   955    766
   956    766
   957    766
   958    766
   929    767
   930    767
   931    767
   932    767
   933    767
   934    767
   935    767
   936    767
   937    767
   938    767
   939    767
   940    767
   948    767
   949    767
   950    767
   951    767
   952    767
   953    767
   954    767
   955    767
   956    767
   927    768
   928    768
   929    768
   930    768
   931    768
   932    768
   933    768
   934    768
   935    768
   936    768
   937    768
   938    768
   946    768
   947    768
   948    768
   949    768
   950    768
   951    768
   952    768
   953    768
   929    769
   930    769
   931    769
   932    769
   933    769
   934    769
   935    769
   937    769
   946    769
   947    769
   948    769
   949    769
   950    769
   951    769
   952    769
   953    769
   927    770
   928    770
   929    770
   930    770
   931    770
   932    770
   933    770
   934    770
   935    770
   944    770
   945    770
   946    770
   947    770
   948    770
   949    770
   950    770
   951    770
   952    770
   943    771
   944    771
   945    771
   946    771
   947    771
   948    771
   949    771
   950    771
   951    771
   952    771
   942    772
   943    772
   944    772
   945    772
   946    772
   947    772
   948    772
   949    772
   950    772
   951    772
   942    773
   943    773
   944    773
   945    773
   946    773
   947    773
   948    773
   949    773
   950    773
   951    773
   940    774
   941    774
   942    774
   943    774
   944    774
   945    774
   946    774
   947    774
   948    774
   949    774
   950    774
   939    775
   940    775
   941    775
   942    775
   943    775
   944    775
   945    775
   946    775
   947    775
   948    775
   949    775
   938    776
   939    776
   940    776
   941    776
   942    776
   943    776
   944    776
   945    776
   946    776
   947    776
   948    776
   937    777
   938    777
   939    777
   940    777
   941    777
   942    777
   943    777
   944    777
   945    777
   946    777
   936    778
   937    778
   938    778
   939    778
   940    778
   941    778
   942    778
   943    778
   944    778
   945    778
   936    779
   937    779
   938    779
   939    779
   940    779
   941    779
   942    779
   943    779
   944    779
   935    780
   936    780
   937    780
   938    780
   939    780
   940    780
   941    780
   942    780
   943    780
   944    780
   934    781
   935    781
   936    781
   937    781
   938    781
   939    781
   940    781
   941    781
   942    781
   943    781
   934    782
   935    782
   936    782
   937    782
   938    782
   939    782
   940    782
   941    782
   942    782
   943    782
   934    783
   935    783
   936    783
   937    783
   938    783
   939    783
   940    783
   941    783
   942    783
   943    783
   933    784
   934    784
   935    784
   936    784
   937    784
   938    784
   939    784
   940    784
   941    784
   933    785
   934    785
   935    785
   936    785
   937    785
   938    785
   939    785
   932    786
   933    786
   934    786
   935    786
   936    786
   937    786
   938    786
   939    786
   934    787
   935    787
   936    787
   937    787
   938    787
   934    788
   935    788
   936    788
   937    788
   933    789
   934    789
