  1215    712
  1216    712
  1195    713
  1196    713
  1197    713
  1198    713
  1199    713
  1200    713
  1201    713
  1202    713
  1203    713
  1204    713
  1205    713
  1206    713
  1207    713
  1208    713
  1209    713
  1210    713
  1211    713
  1212    713
  1213    713
  1214    713
  1215    713
  1171    714
  1172    714
  1173    714
  1174    714
  1175    714
  1176    714
  1177    714
  1178    714
  1179    714
  1183    714
  1184    714
  1185    714
  1186    714
  1187    714
  1188    714
  1189    714
  1190    714
  1191    714
  1192    714
  1193    714
  1194    714
  1209    714
  1210    714
  1211    714
  1212    714
  1213    714
  1168    715
  1169    715
  1170    715
  1171    715
  1172    715
  1173    715
  1174    715
  1175    715
  1176    715
  1177    715
  1178    715
  1179    715
  1180    715
  1182    715
  1183    715
  1184    715
  1185    715
  1186    715
  1187    715
  1188    715
  1189    715
  1190    715
  1191    715
  1192    715
  1193    715
  1201    715
  1202    715
  1203    715
  1204    715
  1205    715
  1206    715
  1207    715
  1213    715
  1214    715
  1215    715
  1141    716
  1142    716
  1143    716
  1144    716
  1145    716
  1146    716
  1147    716
  1148    716
  1151    716
  1152    716
  1153    716
  1154    716
  1155    716
  1156    716
  1157    716
  1158    716
  1159    716
  1160    716
  1161    716
  1162    716
  1163    716
  1164    716
  1165    716
  1166    716
  1186    716
  1187    716
  1188    716
  1189    716
  1190    716
  1194    716
  1195    716
  1145    717
  1146    717
  1147    717
  1148    717
  1149    717
  1150    717
  1151    717
  1152    717
  1153    717
  1154    717
  1155    717
  1166    717
  1167    717
  1168    717
  1169    717
  1170    717
  1171    717
  1176    717
  1138    718
  1139    718
  1155    718
  1156    718
  1157    718
  1158    718
  1159    718
  1160    718
  1161    718
  1162    718
  1163    718
  1164    718
  1165    718
  1166    718
  1167    718
  1168    718
  1169    718
  1170    718
  1171    718
  1172    718
  1173    718
  1174    718
  1184    718
  1185    718
  1186    718
  1187    718
  1116    719
  1117    719
  1118    719
  1119    719
  1144    719
  1145    719
  1146    719
  1147    719
  1148    719
  1149    719
  1150    719
  1151    719
  1152    719
  1159    719
  1160    719
  1161    719
  1162    719
  1163    719
  1164    719
  1165    719
  1166    719
  1167    719
  1168    719
  1169    719
  1170    719
  1171    719
  1172    719
  1173    719
  1174    719
  1175    719
  1176    719
  1140    720
  1141    720
  1142    720
  1153    720
  1154    720
  1155    720
  1156    720
  1162    720
  1163    720
  1164    720
  1165    720
  1136    721
  1137    721
  1138    721
  1139    721
  1140    721
  1141    721
  1142    721
  1143    721
  1144    721
  1117    722
  1118    722
  1119    722
  1120    722
  1121    722
  1125    722
  1126    722
  1127    722
  1128    722
  1129    722
  1130    722
  1131    722
  1108    723
  1109    723
  1110    723
  1111    723
  1112    723
  1113    723
  1114    723
  1115    723
  1116    723
  1117    723
  1118    723
  1119    723
  1120    723
  1121    723
  1122    723
  1123    723
  1124    723
  1125    723
  1126    723
  1127    723
  1128    723
  1129    723
  1100    724
  1101    724
  1102    724
  1103    724
  1109    724
  1110    724
  1111    724
  1112    724
  1113    724
  1114    724
  1115    724
  1116    724
  1117    724
  1118    724
  1119    724
  1120    724
  1121    724
  1122    724
  1123    724
  1124    724
  1093    725
  1094    725
  1095    725
  1096    725
  1097    725
  1098    725
  1099    725
  1104    725
  1105    725
  1106    725
  1107    725
  1108    725
  1109    725
  1110    725
  1111    725
  1112    725
  1113    725
  1114    725
  1115    725
  1116    725
  1117    725
  1118    725
  1119    725
  1120    725
  1087    726
  1088    726
  1089    726
  1090    726
  1091    726
  1092    726
  1093    726
  1094    726
  1095    726
  1096    726
  1097    726
  1098    726
  1099    726
  1100    726
  1101    726
  1102    726
  1108    726
  1109    726
  1110    726
  1111    726
  1112    726
  1113    726
  1114    726
  1115    726
  1116    726
  1117    726
  1118    726
  1119    726
  1090    727
  1091    727
  1092    727
  1093    727
  1094    727
  1095    727
  1096    727
  1097    727
  1098    727
  1099    727
  1108    727
  1109    727
  1110    727
  1111    727
  1112    727
  1113    727
  1114    727
  1115    727
  1075    728
  1085    728
  1086    728
  1087    728
  1088    728
  1089    728
  1090    728
  1091    728
  1092    728
  1093    728
  1094    728
  1068    729
  1069    729
  1070    729
  1071    729
  1072    729
  1073    729
  1074    729
  1075    729
  1076    729
  1077    729
  1078    729
  1080    729
  1081    729
  1082    729
  1083    729
  1087    729
  1088    729
  1093    729
  1094    729
  1095    729
  1063    730
  1064    730
  1065    730
  1067    730
  1068    730
  1069    730
  1070    730
  1071    730
  1072    730
  1073    730
  1075    730
  1076    730
  1077    730
  1078    730
  1079    730
  1080    730
  1081    730
  1082    730
  1083    730
  1088    730
  1089    730
  1056    731
  1057    731
  1058    731
  1059    731
  1060    731
  1063    731
  1064    731
  1065    731
  1066    731
  1070    731
  1071    731
  1072    731
  1073    731
  1074    731
  1075    731
  1076    731
  1077    731
  1078    731
  1082    731
  1083    731
  1084    731
  1085    731
  1090    731
  1051    732
  1052    732
  1053    732
  1054    732
  1055    732
  1056    732
  1057    732
  1058    732
  1059    732
  1060    732
  1064    732
  1065    732
  1066    732
  1067    732
  1068    732
  1069    732
  1070    732
  1071    732
  1072    732
  1077    732
  1078    732
  1079    732
  1080    732
  1081    732
  1083    732
  1084    732
  1085    732
  1086    732
  1046    733
  1047    733
  1048    733
  1049    733
  1050    733
  1051    733
  1052    733
  1053    733
  1054    733
  1055    733
  1060    733
  1061    733
  1065    733
  1066    733
  1067    733
  1072    733
  1073    733
  1074    733
  1075    733
  1078    733
  1079    733
  1080    733
  1081    733
  1046    734
  1047    734
  1048    734
  1049    734
  1050    734
  1051    734
  1055    734
  1056    734
  1057    734
  1068    734
  1069    734
  1070    734
  1074    734
  1075    734
  1076    734
  1042    735
  1043    735
  1044    735
  1045    735
  1050    735
  1051    735
  1052    735
  1053    735
  1054    735
  1055    735
  1057    735
  1058    735
  1059    735
  1070    735
  1071    735
  1072    735
  1046    736
  1047    736
  1048    736
  1049    736
  1050    736
  1051    736
  1052    736
  1053    736
  1031    737
  1032    737
  1033    737
  1041    737
  1042    737
  1043    737
  1044    737
  1045    737
  1046    737
  1047    737
  1048    737
  1049    737
  1023    738
  1024    738
  1025    738
  1026    738
  1027    738
  1028    738
  1029    738
  1030    738
  1031    738
  1032    738
  1036    738
  1037    738
  1038    738
  1039    738
  1040    738
  1041    738
  1042    738
  1043    738
  1044    738
  1045    738
  1050    738
  1051    738
  1052    738
  1018    739
  1019    739
  1020    739
  1021    739
  1022    739
  1023    739
  1024    739
  1025    739
  1026    739
  1027    739
  1033    739
  1034    739
  1035    739
  1036    739
  1037    739
  1038    739
  1039    739
  1040    739
  1041    739
  1045    739
  1046    739
  1047    739
  1048    739
  1052    739
  1053    739
  1054    739
  1055    739
  1013    740
  1014    740
  1015    740
  1016    740
  1017    740
  1018    740
  1019    740
  1020    740
  1021    740
  1022    740
  1023    740
  1029    740
  1030    740
  1031    740
  1032    740
  1033    740
  1034    740
  1035    740
  1036    740
  1041    740
  1042    740
  1043    740
  1044    740
  1045    740
  1047    740
  1048    740
  1049    740
  1050    740
  1010    741
  1011    741
  1012    741
  1013    741
  1014    741
  1015    741
  1016    741
  1017    741
  1018    741
  1019    741
  1025    741
  1026    741
  1027    741
  1028    741
  1029    741
  1030    741
  1031    741
  1032    741
  1033    741
  1038    741
  1039    741
  1040    741
  1041    741
  1044    741
  1045    741
  1046    741
  1006    742
  1007    742
  1008    742
  1009    742
  1010    742
  1011    742
  1012    742
  1013    742
  1014    742
  1015    742
  1021    742
  1022    742
  1023    742
  1024    742
  1025    742
  1026    742
  1027    742
  1028    742
  1029    742
  1030    742
  1034    742
  1035    742
  1036    742
  1037    742
  1038    742
  1041    742
  1042    742
  1043    742
  1002    743
  1003    743
  1004    743
  1005    743
  1006    743
  1007    743
  1008    743
  1009    743
  1010    743
  1011    743
  1017    743
  1018    743
  1019    743
  1023    743
  1024    743
  1025    743
  1031    743
  1032    743
  1033    743
  1034    743
  1037    743
  1038    743
  1039    743
   997    744
   998    744
   999    744
  1000    744
  1004    744
  1005    744
  1006    744
  1007    744
  1013    744
  1014    744
  1015    744
  1016    744
  1027    744
  1028    744
  1029    744
  1030    744
  1033    744
  1034    744
  1035    744
  1001    745
  1002    745
  1003    745
  1004    745
  1009    745
  1010    745
  1011    745
  1012    745
  1013    745
  1030    745
  1031    745
  1032    745
  1006    746
  1007    746
  1008    746
  1009    746
  1010    746
  1011    746
  1012    746
  1013    746
  1014    746
  1003    747
  1004    747
  1005    747
  1006    747
  1007    747
  1008    747
  1009    747
  1010    747
  1011    747
  1000    748
  1001    748
  1002    748
  1003    748
  1004    748
  1005    748
  1006    748
  1007    748
  1008    748
   980    749
   981    749
   996    749
   997    749
   998    749
   999    749
  1000    749
  1001    749
  1002    749
  1003    749
  1004    749
  1005    749
  1011    749
  1012    749
  1013    749
   976    750
   977    750
   978    750
   999    750
  1000    750
  1001    750
  1002    750
  1008    750
  1009    750
  1010    750
  1011    750
   973    751
   974    751
   975    751
   981    751
   982    751
   983    751
   997    751
   998    751
   999    751
  1005    751
  1006    751
  1007    751
  1008    751
  1013    751
  1014    751
   971    752
   972    752
   977    752
   978    752
   979    752
   980    752
   994    752
   995    752
  1002    752
  1003    752
  1004    752
  1005    752
   967    753
   968    753
   969    753
   970    753
   975    753
   976    753
   991    753
  1000    753
  1001    753
  1002    753
  1003    753
   965    754
   966    754
   967    754
   968    754
   972    754
   973    754
   974    754
   981    754
   982    754
   983    754
   997    754
   998    754
   999    754
  1000    754
  1005    754
  1006    754
   962    755
   963    755
   964    755
   965    755
   966    755
   969    755
   970    755
   971    755
   979    755
   980    755
   995    755
   996    755
   997    755
  1003    755
   959    756
   960    756
   961    756
   962    756
   963    756
   964    756
   966    756
   967    756
   968    756
   969    756
   992    756
   993    756
   994    756
  1001    756
   957    757
   958    757
   959    757
   960    757
   961    757
   962    757
   963    757
   964    757
   965    757
   966    757
   967    757
   974    757
   975    757
   999    757
  1000    757
   957    758
   958    758
   959    758
   960    758
   961    758
   962    758
   963    758
   964    758
   965    758
   972    758
   973    758
   996    758
   997    758
   957    759
   958    759
   959    759
   960    759
   961    759
   962    759
   969    759
   970    759
   968    760
   969    760
   965    761
   966    761
   967    761
   968    761
   963    762
   964    762
   965    762
   966    762
   967    762
   968    762
   962    763
   963    763
   964    763
   965    763
   966    763
   967    763
   941    764
   942    764
   943    764
   944    764
   945    764
   946    764
   960    764
   961    764
   962    764
   963    764
   964    764
   965    764
   966    764
   939    765
   940    765
   941    765
   942    765
   943    765
   944    765
   945    765
   946    765
   959    765
   960    765
   961    765
   962    765
   963    765
   964    765
   965    765
   966    765
   967    765
   976    765
   977    765
   978    765
   979    765
   980    765
   981    765
   938    766
   939    766
   940    766
   941    766
   942    766
   943    766
   944    766
   945    766
   946    766
   957    766
   958    766
   959    766
   960    766
   961    766
   962    766
   963    766
   964    766
   965    766
   966    766
   975    766
   976    766
   977    766
   978    766
   979    766
   980    766
   981    766
   982    766
   936    767
   937    767
   938    767
   939    767
   940    767
   941    767
   942    767
   943    767
   944    767
   945    767
   946    767
   947    767
   956    767
   957    767
   958    767
   959    767
   960    767
   961    767
   962    767
   963    767
   964    767
   965    767
   966    767
   973    767
   974    767
   975    767
   976    767
   977    767
   978    767
   979    767
   980    767
   981    767
   982    767
   983    767
   935    768
   936    768
   937    768
   938    768
   939    768
   940    768
   941    768
   942    768
   943    768
   944    768
   945    768
   955    768
   956    768
   957    768
   958    768
   959    768
   960    768
   961    768
   962    768
   963    768
   964    768
   972    768
   973    768
   974    768
   975    768
   976    768
   977    768
   978    768
   979    768
   980    768
   981    768
   982    768
   983    768
   933    769
   934    769
   935    769
   936    769
   937    769
   938    769
   939    769
   940    769
   941    769
   942    769
   943    769
   944    769
   954    769
   955    769
   956    769
   957    769
   958    769
   959    769
   960    769
   961    769
   962    769
   971    769
   972    769
   973    769
   974    769
   975    769
   976    769
   977    769
   978    769
   979    769
   980    769
   981    769
   932    770
   933    770
   934    770
   935    770
   936    770
   937    770
   938    770
   939    770
   940    770
   941    770
   942    770
   943    770
   952    770
   953    770
   954    770
   955    770
   956    770
   957    770
   958    770
   959    770
   960    770
   970    770
   971    770
   972    770
   973    770
   974    770
   975    770
   976    770
   977    770
   978    770
   979    770
   980    770
   981    770
   931    771
   932    771
   933    771
   934    771
   935    771
   936    771
   937    771
   938    771
   939    771
   940    771
   941    771
   942    771
   951    771
   952    771
   953    771
   954    771
   955    771
   956    771
   957    771
   958    771
   959    771
   969    771
   970    771
   971    771
   972    771
   973    771
   974    771
   975    771
   976    771
   977    771
   978    771
   979    771
   980    771
   929    772
   930    772
   931    772
   932    772
   933    772
   934    772
   935    772
   936    772
   937    772
   938    772
   939    772
   940    772
   941    772
   950    772
   951    772
   952    772
   953    772
   954    772
   955    772
   956    772
   957    772
   968    772
   969    772
   970    772
   971    772
   972    772
   973    772
   974    772
   975    772
   976    772
   977    772
   978    772
   979    772
   928    773
   929    773
   930    773
   931    773
   932    773
   933    773
   934    773
   935    773
   936    773
   937    773
   938    773
   939    773
   940    773
   948    773
   949    773
   950    773
   951    773
   952    773
   953    773
   954    773
   955    773
   956    773
   957    773
   967    773
   968    773
   969    773
   970    773
   971    773
   972    773
   973    773
   974    773
   975    773
   976    773
   927    774
   928    774
   929    774
   930    774
   931    774
   932    774
   933    774
   934    774
   935    774
   936    774
   938    774
   939    774
   948    774
   949    774
   950    774
   951    774
   952    774
   953    774
   954    774
   955    774
   968    774
   969    774
   970    774
   971    774
   972    774
   973    774
   974    774
   975    774
   976    774
   929    775
   930    775
   931    775
   932    775
   933    775
   934    775
   935    775
   936    775
   947    775
   948    775
   949    775
   950    775
   951    775
   952    775
   953    775
   954    775
   955    775
   969    775
   970    775
   971    775
   972    775
   973    775
   974    775
   975    775
   976    775
   977    775
   946    776
   947    776
   948    776
   949    776
   950    776
   951    776
   952    776
   953    776
   954    776
   955    776
   944    777
   945    777
   946    777
   947    777
   948    777
   949    777
   950    777
   951    777
   952    777
   953    777
   944    778
   945    778
   946    778
   947    778
   948    778
   949    778
   950    778
   951    778
   952    778
   943    779
   944    779
   945    779
   946    779
   947    779
   948    779
   949    779
   950    779
   951    779
   941    780
   942    780
   943    780
   944    780
   945    780
   946    780
   947    780
   948    780
   949    780
   950    780
   941    781
   942    781
   943    781
   944    781
   945    781
   946    781
   947    781
   948    781
   949    781
   940    782
   941    782
   942    782
   943    782
   944    782
   945    782
   946    782
   947    782
   948    782
   939    783
   940    783
   941    783
   942    783
   943    783
   944    783
   945    783
   946    783
   947    783
   948    783
   939    784
   940    784
   941    784
   942    784
   943    784
   944    784
   945    784
   946    784
   947    784
   938    785
   939    785
   940    785
   941    785
   942    785
   943    785
   944    785
   945    785
   946    785
   937    786
   938    786
   939    786
   940    786
   941    786
   942    786
   943    786
   944    786
   945    786
   946    786
   938    787
   939    787
   940    787
   941    787
   942    787
   943    787
   944    787
   945    787
   939    788
   940    788
   941    788
   942    788
   943    788
   944    788
   941    789
   942    789
   943    789
   944    789
