  1211    712
  1212    712
  1213    712
  1214    712
  1215    712
  1216    712
  1184    713
  1185    713
  1186    713
  1187    713
  1188    713
  1189    713
  1190    713
  1191    713
  1192    713
  1193    713
  1194    713
  1195    713
  1196    713
  1197    713
  1198    713
  1199    713
  1200    713
  1201    713
  1210    713
  1211    713
  1212    713
  1213    713
  1214    713
  1215    713
  1167    714
  1168    714
  1169    714
  1170    714
  1171    714
  1172    714
  1173    714
  1174    714
  1175    714
  1176    714
  1184    714
  1185    714
  1186    714
  1187    714
  1188    714
  1189    714
  1190    714
  1191    714
  1192    714
  1193    714
  1194    714
  1222    714
  1223    714
  1224    714
  1162    715
  1163    715
  1164    715
  1165    715
  1166    715
  1167    715
  1168    715
  1169    715
  1170    715
  1171    715
  1172    715
  1188    715
  1189    715
  1190    715
  1191    715
  1192    715
  1193    715
  1194    715
  1197    715
  1198    715
  1199    715
  1200    715
  1201    715
  1205    715
  1206    715
  1210    715
  1211    715
  1212    715
  1136    716
  1137    716
  1138    716
  1139    716
  1140    716
  1141    716
  1150    716
  1151    716
  1152    716
  1153    716
  1154    716
  1155    716
  1156    716
  1157    716
  1158    716
  1159    716
  1160    716
  1161    716
  1162    716
  1163    716
  1172    716
  1173    716
  1174    716
  1175    716
  1176    716
  1184    716
  1185    716
  1186    716
  1187    716
  1188    716
  1189    716
  1193    716
  1194    716
  1195    716
  1119    717
  1120    717
  1121    717
  1138    717
  1139    717
  1140    717
  1141    717
  1142    717
  1143    717
  1144    717
  1145    717
  1146    717
  1147    717
  1148    717
  1162    717
  1163    717
  1164    717
  1165    717
  1166    717
  1167    717
  1168    717
  1169    717
  1170    717
  1171    717
  1172    717
  1173    717
  1174    717
  1175    717
  1176    717
  1177    717
  1189    717
  1190    717
  1191    717
  1192    717
  1124    718
  1125    718
  1126    718
  1127    718
  1128    718
  1130    718
  1131    718
  1148    718
  1149    718
  1150    718
  1151    718
  1152    718
  1153    718
  1154    718
  1155    718
  1156    718
  1157    718
  1158    718
  1159    718
  1160    718
  1161    718
  1162    718
  1163    718
  1164    718
  1165    718
  1166    718
  1167    718
  1168    718
  1169    718
  1170    718
  1171    718
  1172    718
  1173    718
  1174    718
  1175    718
  1176    718
  1177    718
  1178    718
  1179    718
  1182    718
  1183    718
  1110    719
  1112    719
  1113    719
  1114    719
  1138    719
  1139    719
  1140    719
  1141    719
  1142    719
  1143    719
  1144    719
  1145    719
  1146    719
  1147    719
  1148    719
  1158    719
  1159    719
  1160    719
  1161    719
  1162    719
  1163    719
  1164    719
  1165    719
  1166    719
  1167    719
  1168    719
  1169    719
  1170    719
  1171    719
  1172    719
  1173    719
  1138    720
  1139    720
  1140    720
  1141    720
  1142    720
  1143    720
  1144    720
  1145    720
  1146    720
  1149    720
  1150    720
  1156    720
  1157    720
  1158    720
  1159    720
  1160    720
  1161    720
  1162    720
  1120    721
  1121    721
  1122    721
  1123    721
  1124    721
  1125    721
  1126    721
  1132    721
  1133    721
  1134    721
  1135    721
  1136    721
  1137    721
  1138    721
  1139    721
  1140    721
  1141    721
  1142    721
  1143    721
  1144    721
  1112    722
  1113    722
  1114    722
  1115    722
  1116    722
  1117    722
  1118    722
  1119    722
  1120    722
  1121    722
  1122    722
  1123    722
  1124    722
  1125    722
  1126    722
  1127    722
  1128    722
  1129    722
  1130    722
  1131    722
  1132    722
  1103    723
  1104    723
  1105    723
  1106    723
  1107    723
  1108    723
  1109    723
  1110    723
  1111    723
  1112    723
  1113    723
  1114    723
  1115    723
  1116    723
  1117    723
  1118    723
  1119    723
  1120    723
  1121    723
  1122    723
  1123    723
  1124    723
  1125    723
  1126    723
  1127    723
  1128    723
  1129    723
  1130    723
  1131    723
  1137    723
  1138    723
  1139    723
  1096    724
  1097    724
  1098    724
  1099    724
  1100    724
  1101    724
  1102    724
  1103    724
  1105    724
  1106    724
  1107    724
  1108    724
  1109    724
  1110    724
  1111    724
  1112    724
  1113    724
  1114    724
  1115    724
  1116    724
  1117    724
  1118    724
  1119    724
  1120    724
  1121    724
  1122    724
  1123    724
  1124    724
  1128    724
  1129    724
  1131    724
  1132    724
  1133    724
  1088    725
  1089    725
  1090    725
  1091    725
  1092    725
  1093    725
  1094    725
  1095    725
  1096    725
  1097    725
  1098    725
  1099    725
  1100    725
  1101    725
  1102    725
  1103    725
  1104    725
  1107    725
  1108    725
  1109    725
  1110    725
  1111    725
  1112    725
  1113    725
  1114    725
  1115    725
  1116    725
  1117    725
  1118    725
  1122    725
  1123    725
  1124    725
  1087    726
  1088    726
  1089    726
  1090    726
  1091    726
  1092    726
  1093    726
  1094    726
  1095    726
  1096    726
  1097    726
  1098    726
  1105    726
  1106    726
  1107    726
  1108    726
  1109    726
  1110    726
  1111    726
  1114    726
  1115    726
  1116    726
  1117    726
  1118    726
  1088    727
  1089    727
  1090    727
  1091    727
  1092    727
  1093    727
  1094    727
  1095    727
  1096    727
  1097    727
  1070    728
  1071    728
  1072    728
  1073    728
  1074    728
  1075    728
  1076    728
  1082    728
  1083    728
  1084    728
  1088    728
  1089    728
  1090    728
  1091    728
  1064    729
  1065    729
  1066    729
  1067    729
  1068    729
  1069    729
  1070    729
  1071    729
  1072    729
  1073    729
  1074    729
  1075    729
  1076    729
  1077    729
  1078    729
  1079    729
  1080    729
  1081    729
  1082    729
  1083    729
  1084    729
  1085    729
  1086    729
  1089    729
  1090    729
  1091    729
  1092    729
  1059    730
  1060    730
  1061    730
  1062    730
  1063    730
  1064    730
  1065    730
  1066    730
  1067    730
  1071    730
  1072    730
  1073    730
  1074    730
  1075    730
  1076    730
  1077    730
  1078    730
  1079    730
  1080    730
  1085    730
  1086    730
  1087    730
  1054    731
  1055    731
  1056    731
  1057    731
  1058    731
  1061    731
  1062    731
  1063    731
  1067    731
  1068    731
  1069    731
  1070    731
  1071    731
  1072    731
  1073    731
  1074    731
  1078    731
  1079    731
  1080    731
  1081    731
  1082    731
  1083    731
  1085    731
  1086    731
  1087    731
  1088    731
  1047    732
  1048    732
  1049    732
  1050    732
  1051    732
  1052    732
  1053    732
  1054    732
  1055    732
  1056    732
  1057    732
  1058    732
  1062    732
  1063    732
  1064    732
  1065    732
  1066    732
  1067    732
  1068    732
  1069    732
  1070    732
  1074    732
  1075    732
  1076    732
  1077    732
  1078    732
  1079    732
  1080    732
  1081    732
  1082    732
  1042    733
  1043    733
  1044    733
  1045    733
  1046    733
  1047    733
  1048    733
  1049    733
  1050    733
  1051    733
  1052    733
  1057    733
  1058    733
  1059    733
  1063    733
  1064    733
  1070    733
  1071    733
  1074    733
  1075    733
  1076    733
  1077    733
  1078    733
  1039    734
  1040    734
  1041    734
  1042    734
  1043    734
  1044    734
  1045    734
  1046    734
  1047    734
  1052    734
  1053    734
  1054    734
  1055    734
  1056    734
  1065    734
  1066    734
  1067    734
  1071    734
  1072    734
  1073    734
  1074    734
  1048    735
  1049    735
  1050    735
  1051    735
  1052    735
  1053    735
  1054    735
  1055    735
  1044    736
  1045    736
  1046    736
  1047    736
  1048    736
  1049    736
  1050    736
  1051    736
  1025    737
  1026    737
  1027    737
  1028    737
  1029    737
  1030    737
  1031    737
  1032    737
  1038    737
  1039    737
  1040    737
  1041    737
  1042    737
  1043    737
  1044    737
  1045    737
  1046    737
  1051    737
  1052    737
  1053    737
  1054    737
  1055    737
  1020    738
  1021    738
  1022    738
  1023    738
  1024    738
  1025    738
  1026    738
  1027    738
  1028    738
  1029    738
  1034    738
  1035    738
  1036    738
  1037    738
  1038    738
  1039    738
  1040    738
  1041    738
  1042    738
  1046    738
  1047    738
  1048    738
  1049    738
  1050    738
  1051    738
  1016    739
  1017    739
  1018    739
  1019    739
  1020    739
  1021    739
  1022    739
  1023    739
  1024    739
  1025    739
  1030    739
  1031    739
  1032    739
  1033    739
  1034    739
  1035    739
  1036    739
  1037    739
  1038    739
  1043    739
  1044    739
  1045    739
  1046    739
  1047    739
  1048    739
  1049    739
  1050    739
  1051    739
  1011    740
  1012    740
  1013    740
  1017    740
  1018    740
  1019    740
  1020    740
  1026    740
  1027    740
  1028    740
  1029    740
  1030    740
  1031    740
  1032    740
  1033    740
  1034    740
  1039    740
  1040    740
  1041    740
  1044    740
  1045    740
  1046    740
  1047    740
  1007    741
  1008    741
  1009    741
  1010    741
  1011    741
  1012    741
  1013    741
  1014    741
  1015    741
  1016    741
  1022    741
  1023    741
  1024    741
  1025    741
  1026    741
  1027    741
  1028    741
  1029    741
  1030    741
  1035    741
  1036    741
  1037    741
  1038    741
  1039    741
  1042    741
  1043    741
  1044    741
  1003    742
  1004    742
  1005    742
  1006    742
  1007    742
  1008    742
  1009    742
  1010    742
  1011    742
  1012    742
  1013    742
  1018    742
  1019    742
  1020    742
  1021    742
  1022    742
  1023    742
  1024    742
  1025    742
  1026    742
  1032    742
  1033    742
  1034    742
  1035    742
  1037    742
  1038    742
  1039    742
  1040    742
   998    743
   999    743
  1000    743
  1001    743
  1002    743
  1003    743
  1004    743
  1005    743
  1006    743
  1007    743
  1008    743
  1009    743
  1014    743
  1015    743
  1016    743
  1017    743
  1020    743
  1021    743
  1022    743
  1028    743
  1029    743
  1030    743
  1031    743
  1032    743
  1035    743
  1036    743
   998    744
   999    744
  1000    744
  1001    744
  1002    744
  1003    744
  1004    744
  1005    744
  1010    744
  1011    744
  1012    744
  1013    744
  1014    744
  1017    744
  1018    744
  1019    744
  1024    744
  1025    744
  1026    744
  1027    744
  1029    744
  1030    744
  1031    744
  1032    744
  1033    744
   997    745
   998    745
   999    745
  1007    745
  1008    745
  1009    745
  1010    745
  1011    745
  1012    745
  1013    745
  1014    745
  1015    745
  1025    745
  1026    745
  1027    745
  1028    745
  1029    745
  1003    746
  1004    746
  1005    746
  1006    746
  1007    746
  1008    746
  1009    746
  1010    746
  1011    746
  1012    746
  1001    747
  1002    747
  1003    747
  1004    747
  1005    747
  1006    747
  1007    747
  1008    747
  1009    747
   981    748
   997    748
   998    748
   999    748
  1002    748
  1003    748
  1004    748
  1005    748
  1012    748
  1013    748
   977    749
   978    749
   979    749
   999    749
  1000    749
  1001    749
  1002    749
  1003    749
  1008    749
  1009    749
  1010    749
  1011    749
   974    750
   975    750
   976    750
   977    750
   978    750
   982    750
   983    750
   984    750
   996    750
   997    750
   998    750
   999    750
  1006    750
  1007    750
  1008    750
  1009    750
   970    751
   971    751
   972    751
   973    751
   978    751
   979    751
   980    751
   994    751
   995    751
   996    751
  1003    751
  1004    751
  1005    751
  1006    751
  1009    751
  1010    751
  1011    751
   968    752
   969    752
   970    752
   975    752
   976    752
   977    752
   985    752
   986    752
  1000    752
  1001    752
  1002    752
  1003    752
  1008    752
   965    753
   966    753
   967    753
   968    753
   972    753
   973    753
   974    753
   982    753
   983    753
   984    753
   998    753
   999    753
  1005    753
  1006    753
   962    754
   963    754
   964    754
   965    754
   969    754
   970    754
   971    754
   972    754
   979    754
   980    754
   995    754
   996    754
  1003    754
  1004    754
   960    755
   961    755
   962    755
   963    755
   964    755
   967    755
   968    755
   969    755
   970    755
   992    755
   993    755
   957    756
   958    756
   959    756
   960    756
   965    756
   966    756
   967    756
   974    756
   975    756
   976    756
   954    757
   955    757
   956    757
   957    757
   958    757
   959    757
   960    757
   961    757
   962    757
   963    757
   964    757
   972    757
   973    757
   974    757
   957    758
   958    758
   959    758
   960    758
   961    758
   962    758
   969    758
   970    758
   971    758
   967    759
   968    759
   969    759
   965    760
   966    760
   967    760
   968    760
   969    760
   963    761
   964    761
   965    761
   966    761
   967    761
   968    761
   961    762
   962    762
   963    762
   964    762
   965    762
   966    762
   967    762
   969    762
   970    762
   942    763
   943    763
   944    763
   945    763
   946    763
   960    763
   961    763
   962    763
   963    763
   964    763
   965    763
   966    763
   968    763
   969    763
   939    764
   940    764
   941    764
   942    764
   943    764
   944    764
   959    764
   960    764
   961    764
   962    764
   963    764
   964    764
   965    764
   966    764
   967    764
   976    764
   977    764
   978    764
   979    764
   980    764
   981    764
   938    765
   939    765
   940    765
   941    765
   942    765
   943    765
   944    765
   945    765
   957    765
   958    765
   959    765
   960    765
   961    765
   962    765
   963    765
   964    765
   965    765
   966    765
   974    765
   975    765
   976    765
   977    765
   978    765
   979    765
   980    765
   981    765
   936    766
   937    766
   938    766
   939    766
   940    766
   941    766
   942    766
   943    766
   944    766
   945    766
   946    766
   947    766
   956    766
   957    766
   958    766
   959    766
   960    766
   961    766
   962    766
   963    766
   964    766
   965    766
   973    766
   974    766
   975    766
   976    766
   977    766
   978    766
   979    766
   980    766
   981    766
   982    766
   934    767
   935    767
   936    767
   937    767
   938    767
   939    767
   940    767
   941    767
   942    767
   943    767
   944    767
   945    767
   955    767
   956    767
   957    767
   958    767
   959    767
   960    767
   961    767
   962    767
   963    767
   964    767
   971    767
   972    767
   973    767
   974    767
   975    767
   976    767
   977    767
   978    767
   979    767
   980    767
   981    767
   982    767
   983    767
   933    768
   934    768
   935    768
   936    768
   937    768
   938    768
   939    768
   940    768
   941    768
   942    768
   943    768
   944    768
   953    768
   954    768
   955    768
   956    768
   957    768
   958    768
   959    768
   960    768
   961    768
   970    768
   971    768
   972    768
   973    768
   974    768
   975    768
   976    768
   977    768
   978    768
   979    768
   980    768
   932    769
   933    769
   934    769
   935    769
   936    769
   937    769
   938    769
   939    769
   940    769
   941    769
   942    769
   943    769
   952    769
   953    769
   954    769
   955    769
   956    769
   957    769
   958    769
   959    769
   969    769
   970    769
   971    769
   972    769
   973    769
   974    769
   975    769
   976    769
   977    769
   978    769
   931    770
   932    770
   933    770
   934    770
   935    770
   936    770
   937    770
   938    770
   939    770
   940    770
   941    770
   942    770
   951    770
   952    770
   953    770
   954    770
   955    770
   956    770
   957    770
   958    770
   959    770
   960    770
   968    770
   969    770
   970    770
   971    770
   972    770
   973    770
   974    770
   975    770
   976    770
   977    770
   978    770
   979    770
   980    770
   930    771
   931    771
   932    771
   933    771
   934    771
   935    771
   936    771
   937    771
   938    771
   939    771
   940    771
   941    771
   950    771
   951    771
   952    771
   953    771
   954    771
   955    771
   956    771
   957    771
   968    771
   969    771
   970    771
   971    771
   972    771
   973    771
   974    771
   975    771
   976    771
   977    771
   978    771
   979    771
   928    772
   929    772
   930    772
   931    772
   932    772
   933    772
   934    772
   935    772
   936    772
   937    772
   938    772
   939    772
   940    772
   949    772
   950    772
   951    772
   952    772
   953    772
   954    772
   955    772
   956    772
   967    772
   968    772
   969    772
   970    772
   971    772
   972    772
   973    772
   974    772
   975    772
   976    772
   977    772
   927    773
   928    773
   929    773
   930    773
   931    773
   932    773
   933    773
   934    773
   935    773
   936    773
   937    773
   938    773
   947    773
   948    773
   949    773
   950    773
   951    773
   952    773
   953    773
   954    773
   955    773
   968    773
   969    773
   970    773
   971    773
   972    773
   973    773
   974    773
   975    773
   976    773
   930    774
   931    774
   932    774
   933    774
   934    774
   935    774
   936    774
   947    774
   948    774
   949    774
   950    774
   951    774
   952    774
   953    774
   954    774
   973    774
   974    774
   975    774
   976    774
   945    775
   946    775
   947    775
   948    775
   949    775
   950    775
   951    775
   952    775
   953    775
   954    775
   944    776
   945    776
   946    776
   947    776
   948    776
   949    776
   950    776
   951    776
   952    776
   943    777
   944    777
   945    777
   946    777
   947    777
   948    777
   949    777
   950    777
   942    778
   943    778
   944    778
   945    778
   946    778
   947    778
   948    778
   949    778
   941    779
   942    779
   943    779
   944    779
   945    779
   946    779
   947    779
   948    779
   949    779
   940    780
   941    780
   942    780
   943    780
   944    780
   945    780
   946    780
   947    780
   948    780
   940    781
   941    781
   942    781
   943    781
   944    781
   945    781
   946    781
   947    781
   948    781
   939    782
   940    782
   941    782
   942    782
   943    782
   944    782
   945    782
   946    782
   947    782
   938    783
   939    783
   940    783
   941    783
   942    783
   943    783
   944    783
   945    783
   946    783
   947    783
   938    784
   939    784
   940    784
   941    784
   942    784
   943    784
   944    784
   945    784
   937    785
   938    785
   939    785
   940    785
   941    785
   942    785
   943    785
   944    785
   938    786
   939    786
   940    786
   941    786
   942    786
   943    786
   944    786
   940    787
   941    787
   942    787
   943    787
   944    787
   939    788
   940    788
   941    788
   942    788
   943    788
