  1238    711
  1239    711
  1240    711
  1216    712
  1217    712
  1218    712
  1219    712
  1220    712
  1221    712
  1222    712
  1223    712
  1224    712
  1225    712
  1226    712
  1227    712
  1228    712
  1229    712
  1230    712
  1203    713
  1204    713
  1205    713
  1206    713
  1207    713
  1208    713
  1209    713
  1210    713
  1211    713
  1212    713
  1213    713
  1214    713
  1215    713
  1216    713
  1217    713
  1218    713
  1221    713
  1222    713
  1223    713
  1224    713
  1242    713
  1243    713
  1244    713
  1245    713
  1182    714
  1183    714
  1184    714
  1185    714
  1186    714
  1187    714
  1188    714
  1189    714
  1190    714
  1191    714
  1192    714
  1193    714
  1194    714
  1195    714
  1196    714
  1214    714
  1215    714
  1216    714
  1231    714
  1232    714
  1233    714
  1170    715
  1171    715
  1172    715
  1173    715
  1174    715
  1175    715
  1176    715
  1177    715
  1178    715
  1179    715
  1180    715
  1183    715
  1184    715
  1185    715
  1186    715
  1187    715
  1188    715
  1189    715
  1190    715
  1191    715
  1192    715
  1193    715
  1194    715
  1195    715
  1218    715
  1219    715
  1220    715
  1221    715
  1148    716
  1149    716
  1151    716
  1152    716
  1153    716
  1154    716
  1155    716
  1156    716
  1157    716
  1158    716
  1159    716
  1160    716
  1161    716
  1162    716
  1163    716
  1164    716
  1165    716
  1166    716
  1167    716
  1168    716
  1169    716
  1170    716
  1193    716
  1194    716
  1195    716
  1129    717
  1130    717
  1131    717
  1133    717
  1134    717
  1135    717
  1137    717
  1138    717
  1139    717
  1140    717
  1141    717
  1144    717
  1145    717
  1147    717
  1148    717
  1149    717
  1150    717
  1151    717
  1152    717
  1153    717
  1154    717
  1155    717
  1156    717
  1157    717
  1158    717
  1159    717
  1160    717
  1161    717
  1162    717
  1163    717
  1170    717
  1171    717
  1172    717
  1173    717
  1174    717
  1175    717
  1176    717
  1177    717
  1178    717
  1179    717
  1180    717
  1181    717
  1182    717
  1183    717
  1184    717
  1185    717
  1186    717
  1187    717
  1188    717
  1113    718
  1114    718
  1115    718
  1116    718
  1117    718
  1118    718
  1119    718
  1120    718
  1140    718
  1141    718
  1142    718
  1143    718
  1144    718
  1145    718
  1146    718
  1147    718
  1161    718
  1162    718
  1163    718
  1164    718
  1165    718
  1166    718
  1167    718
  1168    718
  1169    718
  1170    718
  1171    718
  1172    718
  1173    718
  1174    718
  1175    718
  1176    718
  1177    718
  1178    718
  1179    718
  1180    718
  1181    718
  1188    718
  1189    718
  1190    718
  1191    718
  1192    718
  1118    719
  1119    719
  1120    719
  1121    719
  1122    719
  1123    719
  1124    719
  1125    719
  1126    719
  1127    719
  1128    719
  1150    719
  1151    719
  1152    719
  1153    719
  1154    719
  1155    719
  1156    719
  1157    719
  1158    719
  1159    719
  1160    719
  1161    719
  1162    719
  1163    719
  1164    719
  1165    719
  1166    719
  1167    719
  1168    719
  1169    719
  1170    719
  1171    719
  1172    719
  1173    719
  1174    719
  1175    719
  1176    719
  1177    719
  1180    719
  1181    719
  1182    719
  1098    720
  1099    720
  1142    720
  1143    720
  1144    720
  1145    720
  1146    720
  1147    720
  1158    720
  1159    720
  1160    720
  1168    720
  1169    720
  1170    720
  1171    720
  1172    720
  1173    720
  1174    720
  1141    721
  1142    721
  1143    721
  1144    721
  1145    721
  1146    721
  1147    721
  1148    721
  1149    721
  1150    721
  1151    721
  1160    721
  1161    721
  1162    721
  1163    721
  1123    722
  1124    722
  1125    722
  1126    722
  1127    722
  1128    722
  1129    722
  1130    722
  1135    722
  1136    722
  1137    722
  1138    722
  1139    722
  1140    722
  1141    722
  1142    722
  1143    722
  1144    722
  1145    722
  1146    722
  1113    723
  1114    723
  1115    723
  1116    723
  1117    723
  1118    723
  1119    723
  1120    723
  1121    723
  1122    723
  1123    723
  1124    723
  1125    723
  1126    723
  1127    723
  1128    723
  1129    723
  1130    723
  1131    723
  1132    723
  1133    723
  1134    723
  1135    723
  1136    723
  1140    723
  1141    723
  1143    723
  1144    723
  1145    723
  1146    723
  1147    723
  1148    723
  1107    724
  1108    724
  1109    724
  1110    724
  1111    724
  1112    724
  1113    724
  1114    724
  1115    724
  1116    724
  1117    724
  1118    724
  1119    724
  1120    724
  1121    724
  1122    724
  1123    724
  1124    724
  1125    724
  1126    724
  1127    724
  1128    724
  1129    724
  1130    724
  1131    724
  1132    724
  1138    724
  1139    724
  1140    724
  1099    725
  1100    725
  1101    725
  1102    725
  1103    725
  1108    725
  1109    725
  1110    725
  1111    725
  1112    725
  1113    725
  1114    725
  1115    725
  1116    725
  1117    725
  1118    725
  1119    725
  1120    725
  1121    725
  1122    725
  1123    725
  1124    725
  1125    725
  1126    725
  1127    725
  1129    725
  1132    725
  1133    725
  1091    726
  1092    726
  1093    726
  1094    726
  1095    726
  1096    726
  1097    726
  1098    726
  1099    726
  1100    726
  1101    726
  1102    726
  1103    726
  1104    726
  1105    726
  1106    726
  1107    726
  1108    726
  1109    726
  1110    726
  1111    726
  1112    726
  1113    726
  1114    726
  1115    726
  1116    726
  1117    726
  1118    726
  1119    726
  1120    726
  1124    726
  1125    726
  1126    726
  1127    726
  1088    727
  1089    727
  1090    727
  1091    727
  1092    727
  1093    727
  1094    727
  1096    727
  1097    727
  1098    727
  1099    727
  1100    727
  1101    727
  1102    727
  1105    727
  1106    727
  1107    727
  1110    727
  1111    727
  1112    727
  1113    727
  1116    727
  1117    727
  1118    727
  1119    727
  1120    727
  1121    727
  1093    728
  1094    728
  1095    728
  1096    728
  1097    728
  1098    728
  1099    728
  1100    728
  1073    729
  1074    729
  1075    729
  1076    729
  1077    729
  1078    729
  1079    729
  1080    729
  1086    729
  1087    729
  1088    729
  1089    729
  1090    729
  1091    729
  1092    729
  1093    729
  1094    729
  1095    729
  1067    730
  1068    730
  1069    730
  1070    730
  1071    730
  1072    730
  1073    730
  1074    730
  1075    730
  1076    730
  1079    730
  1080    730
  1081    730
  1082    730
  1083    730
  1084    730
  1085    730
  1086    730
  1087    730
  1088    730
  1089    730
  1094    730
  1095    730
  1096    730
  1101    730
  1102    730
  1062    731
  1063    731
  1064    731
  1069    731
  1070    731
  1075    731
  1076    731
  1077    731
  1078    731
  1079    731
  1080    731
  1081    731
  1082    731
  1083    731
  1087    731
  1088    731
  1089    731
  1090    731
  1094    731
  1095    731
  1096    731
  1097    731
  1057    732
  1058    732
  1059    732
  1060    732
  1062    732
  1063    732
  1064    732
  1065    732
  1066    732
  1071    732
  1072    732
  1073    732
  1074    732
  1075    732
  1076    732
  1077    732
  1078    732
  1083    732
  1084    732
  1085    732
  1089    732
  1090    732
  1091    732
  1051    733
  1052    733
  1053    733
  1054    733
  1055    733
  1056    733
  1057    733
  1058    733
  1059    733
  1060    733
  1061    733
  1062    733
  1066    733
  1067    733
  1068    733
  1069    733
  1070    733
  1071    733
  1072    733
  1073    733
  1078    733
  1079    733
  1080    733
  1081    733
  1082    733
  1083    733
  1084    733
  1085    733
  1086    733
  1087    733
  1046    734
  1047    734
  1048    734
  1049    734
  1050    734
  1051    734
  1052    734
  1053    734
  1054    734
  1055    734
  1060    734
  1061    734
  1062    734
  1063    734
  1064    734
  1065    734
  1066    734
  1067    734
  1072    734
  1073    734
  1074    734
  1075    734
  1076    734
  1077    734
  1079    734
  1080    734
  1081    734
  1042    735
  1043    735
  1044    735
  1045    735
  1046    735
  1047    735
  1048    735
  1049    735
  1050    735
  1051    735
  1056    735
  1057    735
  1058    735
  1059    735
  1062    735
  1063    735
  1064    735
  1068    735
  1069    735
  1070    735
  1071    735
  1072    735
  1074    735
  1075    735
  1076    735
  1077    735
  1042    736
  1043    736
  1044    736
  1045    736
  1052    736
  1053    736
  1054    736
  1055    736
  1056    736
  1057    736
  1059    736
  1060    736
  1071    736
  1072    736
  1046    737
  1047    737
  1048    737
  1049    737
  1050    737
  1051    737
  1052    737
  1053    737
  1054    737
  1055    737
  1029    738
  1030    738
  1031    738
  1032    738
  1033    738
  1034    738
  1035    738
  1042    738
  1043    738
  1044    738
  1045    738
  1046    738
  1047    738
  1048    738
  1049    738
  1056    738
  1057    738
  1058    738
  1059    738
  1024    739
  1025    739
  1026    739
  1027    739
  1028    739
  1029    739
  1030    739
  1031    739
  1032    739
  1033    739
  1038    739
  1039    739
  1040    739
  1041    739
  1042    739
  1043    739
  1044    739
  1045    739
  1046    739
  1051    739
  1052    739
  1053    739
  1054    739
  1055    739
  1019    740
  1020    740
  1021    740
  1022    740
  1023    740
  1024    740
  1025    740
  1026    740
  1027    740
  1028    740
  1029    740
  1035    740
  1036    740
  1037    740
  1038    740
  1039    740
  1040    740
  1041    740
  1042    740
  1047    740
  1048    740
  1049    740
  1050    740
  1051    740
  1052    740
  1053    740
  1054    740
  1055    740
  1056    740
  1015    741
  1016    741
  1017    741
  1018    741
  1019    741
  1020    741
  1021    741
  1022    741
  1023    741
  1024    741
  1031    741
  1032    741
  1033    741
  1034    741
  1035    741
  1036    741
  1037    741
  1038    741
  1043    741
  1044    741
  1045    741
  1046    741
  1049    741
  1050    741
  1051    741
  1052    741
  1011    742
  1012    742
  1013    742
  1014    742
  1015    742
  1016    742
  1017    742
  1018    742
  1019    742
  1020    742
  1026    742
  1027    742
  1028    742
  1029    742
  1030    742
  1031    742
  1032    742
  1033    742
  1034    742
  1039    742
  1040    742
  1041    742
  1042    742
  1046    742
  1047    742
  1048    742
  1007    743
  1008    743
  1009    743
  1010    743
  1011    743
  1012    743
  1013    743
  1014    743
  1015    743
  1016    743
  1022    743
  1023    743
  1024    743
  1025    743
  1026    743
  1027    743
  1028    743
  1029    743
  1030    743
  1031    743
  1036    743
  1037    743
  1038    743
  1039    743
  1043    743
  1044    743
  1045    743
  1003    744
  1004    744
  1005    744
  1006    744
  1008    744
  1009    744
  1010    744
  1011    744
  1012    744
  1019    744
  1020    744
  1021    744
  1025    744
  1026    744
  1027    744
  1032    744
  1033    744
  1034    744
  1035    744
  1037    744
  1038    744
  1039    744
  1040    744
  1041    744
   999    745
  1000    745
  1001    745
  1002    745
  1003    745
  1006    745
  1007    745
  1008    745
  1009    745
  1014    745
  1015    745
  1016    745
  1017    745
  1029    745
  1030    745
  1031    745
  1032    745
  1035    745
  1036    745
  1037    745
  1001    746
  1002    746
  1003    746
  1004    746
  1005    746
  1006    746
  1011    746
  1012    746
  1013    746
  1014    746
  1015    746
  1033    746
  1034    746
  1008    747
  1009    747
  1010    747
  1011    747
  1012    747
  1013    747
  1014    747
  1015    747
  1016    747
  1005    748
  1006    748
  1007    748
  1008    748
  1009    748
  1010    748
  1011    748
  1012    748
  1013    748
  1002    749
  1003    749
  1004    749
  1005    749
  1006    749
  1007    749
  1008    749
  1009    749
  1010    749
   982    750
   983    750
   998    750
   999    750
  1000    750
  1001    750
  1002    750
  1004    750
  1005    750
  1006    750
  1007    750
  1014    750
  1015    750
  1016    750
  1017    750
   979    751
   980    751
   995    751
   996    751
   997    751
  1002    751
  1003    751
  1004    751
  1010    751
  1011    751
  1012    751
  1013    751
   976    752
   977    752
   978    752
   984    752
   985    752
   999    752
  1000    752
  1001    752
  1007    752
  1008    752
  1009    752
  1010    752
   972    753
   973    753
   974    753
   975    753
   981    753
   982    753
   989    753
   990    753
   991    753
   996    753
   997    753
  1005    753
  1006    753
  1007    753
  1008    753
  1012    753
  1013    753
   970    754
   971    754
   972    754
   987    754
   988    754
   994    754
  1002    754
  1003    754
  1004    754
  1005    754
  1010    754
  1011    754
   967    755
   968    755
   969    755
   973    755
   974    755
   975    755
   976    755
   990    755
   991    755
   992    755
  1000    755
  1001    755
  1002    755
  1008    755
  1009    755
   964    756
   965    756
   966    756
   967    756
   971    756
   972    756
   973    756
   974    756
   981    756
   997    756
   998    756
   999    756
  1000    756
  1004    756
  1005    756
  1006    756
   962    757
   963    757
   964    757
   965    757
   966    757
   967    757
   968    757
   969    757
   970    757
   971    757
   972    757
   979    757
   980    757
   996    757
   997    757
  1003    757
  1004    757
   959    758
   960    758
   961    758
   962    758
   963    758
   964    758
   965    758
   966    758
   967    758
   968    758
   969    758
   975    758
   976    758
   977    758
   993    758
   994    758
   995    758
   996    758
  1001    758
  1002    758
   956    759
   957    759
   958    759
   959    759
   960    759
   961    759
   962    759
   963    759
   964    759
   965    759
   966    759
   967    759
   974    759
   975    759
   976    759
   992    759
   993    759
   994    759
   962    760
   963    760
   964    760
   972    760
   973    760
   974    760
   975    760
   957    761
   958    761
   970    761
   971    761
   972    761
   973    761
   968    762
   969    762
   970    762
   971    762
   966    763
   967    763
   968    763
   969    763
   975    763
   964    764
   965    764
   966    764
   967    764
   968    764
   969    764
   962    765
   963    765
   964    765
   965    765
   966    765
   967    765
   968    765
   969    765
   941    766
   942    766
   943    766
   944    766
   945    766
   946    766
   947    766
   960    766
   961    766
   962    766
   963    766
   964    766
   965    766
   966    766
   967    766
   968    766
   969    766
   970    766
   940    767
   941    767
   942    767
   943    767
   944    767
   945    767
   946    767
   947    767
   960    767
   961    767
   962    767
   963    767
   964    767
   965    767
   966    767
   967    767
   968    767
   977    767
   978    767
   979    767
   980    767
   981    767
   982    767
   983    767
   938    768
   939    768
   940    768
   941    768
   942    768
   943    768
   944    768
   945    768
   946    768
   958    768
   959    768
   960    768
   961    768
   962    768
   963    768
   964    768
   965    768
   966    768
   976    768
   977    768
   978    768
   979    768
   980    768
   981    768
   982    768
   983    768
   937    769
   938    769
   939    769
   940    769
   941    769
   942    769
   943    769
   944    769
   945    769
   957    769
   958    769
   959    769
   960    769
   961    769
   962    769
   963    769
   964    769
   965    769
   966    769
   974    769
   975    769
   976    769
   977    769
   978    769
   979    769
   980    769
   981    769
   982    769
   983    769
   984    769
   935    770
   936    770
   937    770
   938    770
   939    770
   940    770
   941    770
   942    770
   943    770
   944    770
   956    770
   957    770
   958    770
   959    770
   960    770
   961    770
   962    770
   963    770
   973    770
   974    770
   975    770
   976    770
   977    770
   978    770
   979    770
   980    770
   981    770
   982    770
   983    770
   934    771
   935    771
   936    771
   937    771
   938    771
   939    771
   940    771
   941    771
   942    771
   943    771
   944    771
   954    771
   955    771
   956    771
   957    771
   958    771
   959    771
   960    771
   961    771
   972    771
   973    771
   974    771
   975    771
   976    771
   977    771
   978    771
   979    771
   980    771
   981    771
   982    771
   983    771
   984    771
   932    772
   933    772
   934    772
   935    772
   936    772
   937    772
   938    772
   939    772
   940    772
   941    772
   942    772
   943    772
   944    772
   954    772
   955    772
   956    772
   957    772
   958    772
   959    772
   960    772
   971    772
   972    772
   973    772
   974    772
   975    772
   976    772
   977    772
   978    772
   979    772
   980    772
   981    772
   982    772
   983    772
   931    773
   932    773
   933    773
   934    773
   935    773
   936    773
   937    773
   938    773
   939    773
   940    773
   941    773
   942    773
   943    773
   952    773
   953    773
   954    773
   955    773
   956    773
   957    773
   958    773
   959    773
   960    773
   971    773
   972    773
   973    773
   974    773
   975    773
   976    773
   977    773
   978    773
   979    773
   980    773
   981    773
   982    773
   930    774
   931    774
   932    774
   933    774
   934    774
   935    774
   936    774
   937    774
   938    774
   939    774
   940    774
   941    774
   942    774
   951    774
   952    774
   953    774
   954    774
   955    774
   956    774
   957    774
   958    774
   959    774
   970    774
   971    774
   972    774
   973    774
   974    774
   975    774
   976    774
   977    774
   978    774
   979    774
   980    774
   981    774
   929    775
   930    775
   931    775
   932    775
   933    775
   934    775
   935    775
   936    775
   937    775
   938    775
   939    775
   940    775
   950    775
   951    775
   952    775
   953    775
   954    775
   955    775
   956    775
   957    775
   958    775
   968    775
   969    775
   970    775
   971    775
   972    775
   973    775
   974    775
   975    775
   976    775
   977    775
   978    775
   979    775
   980    775
   928    776
   929    776
   930    776
   931    776
   932    776
   933    776
   934    776
   935    776
   936    776
   937    776
   949    776
   950    776
   951    776
   952    776
   953    776
   954    776
   955    776
   956    776
   957    776
   969    776
   970    776
   971    776
   972    776
   973    776
   974    776
   975    776
   976    776
   977    776
   978    776
   979    776
   927    777
   928    777
   929    777
   930    777
   931    777
   932    777
   933    777
   934    777
   935    777
   936    777
   937    777
   938    777
   948    777
   949    777
   950    777
   951    777
   952    777
   953    777
   954    777
   955    777
   956    777
   972    777
   973    777
   974    777
   975    777
   976    777
   977    777
   978    777
   947    778
   948    778
   949    778
   950    778
   951    778
   952    778
   953    778
   954    778
   955    778
   946    779
   947    779
   948    779
   949    779
   950    779
   951    779
   952    779
   953    779
   954    779
   945    780
   946    780
   947    780
   948    780
   949    780
   950    780
   951    780
   952    780
   953    780
   944    781
   945    781
   946    781
   947    781
   948    781
   949    781
   950    781
   951    781
   952    781
   953    781
   943    782
   944    782
   945    782
   946    782
   947    782
   948    782
   949    782
   950    782
   951    782
   952    782
   953    782
   942    783
   943    783
   944    783
   945    783
   946    783
   947    783
   948    783
   949    783
   950    783
   951    783
   952    783
   941    784
   942    784
   943    784
   944    784
   945    784
   946    784
   947    784
   948    784
   949    784
   950    784
   940    785
   941    785
   942    785
   943    785
   944    785
   945    785
   946    785
   947    785
   948    785
   949    785
   939    786
   940    786
   941    786
   942    786
   943    786
   944    786
   945    786
   946    786
   947    786
   948    786
   949    786
   939    787
   940    787
   941    787
   942    787
   943    787
   944    787
   945    787
   946    787
   947    787
   948    787
   940    788
   941    788
   942    788
   943    788
   944    788
   945    788
   946    788
   947    788
   941    789
   942    789
   943    789
   944    789
   945    789
   946    789
   947    789
