  1274    708
  1275    708
  1276    708
  1277    708
  1278    708
  1263    709
  1264    709
  1265    709
  1266    709
  1267    709
  1286    709
  1287    709
  1288    709
  1289    709
  1290    709
  1245    710
  1246    710
  1247    710
  1248    710
  1249    710
  1274    710
  1275    710
  1276    710
  1239    711
  1240    711
  1244    711
  1245    711
  1217    712
  1218    712
  1223    712
  1224    712
  1225    712
  1226    712
  1227    712
  1228    712
  1229    712
  1230    712
  1231    712
  1232    712
  1207    713
  1208    713
  1209    713
  1210    713
  1211    713
  1212    713
  1213    713
  1214    713
  1215    713
  1216    713
  1217    713
  1218    713
  1219    713
  1220    713
  1224    713
  1225    713
  1243    713
  1244    713
  1245    713
  1183    714
  1184    714
  1185    714
  1186    714
  1187    714
  1188    714
  1189    714
  1190    714
  1191    714
  1192    714
  1193    714
  1194    714
  1195    714
  1196    714
  1197    714
  1198    714
  1199    714
  1200    714
  1201    714
  1212    714
  1213    714
  1214    714
  1215    714
  1216    714
  1217    714
  1172    715
  1173    715
  1174    715
  1175    715
  1176    715
  1177    715
  1184    715
  1185    715
  1186    715
  1187    715
  1188    715
  1189    715
  1190    715
  1191    715
  1192    715
  1193    715
  1194    715
  1195    715
  1196    715
  1197    715
  1198    715
  1199    715
  1200    715
  1207    715
  1208    715
  1209    715
  1210    715
  1211    715
  1212    715
  1213    715
  1214    715
  1215    715
  1153    716
  1154    716
  1155    716
  1162    716
  1163    716
  1164    716
  1165    716
  1166    716
  1167    716
  1168    716
  1169    716
  1170    716
  1171    716
  1172    716
  1193    716
  1194    716
  1195    716
  1196    716
  1197    716
  1198    716
  1199    716
  1200    716
  1201    716
  1202    716
  1134    717
  1135    717
  1136    717
  1137    717
  1138    717
  1139    717
  1160    717
  1161    717
  1162    717
  1163    717
  1164    717
  1165    717
  1166    717
  1173    717
  1174    717
  1175    717
  1176    717
  1177    717
  1178    717
  1179    717
  1183    717
  1184    717
  1185    717
  1186    717
  1187    717
  1188    717
  1189    717
  1190    717
  1191    717
  1192    717
  1197    717
  1198    717
  1199    717
  1200    717
  1139    718
  1140    718
  1141    718
  1142    718
  1143    718
  1144    718
  1145    718
  1146    718
  1147    718
  1148    718
  1149    718
  1165    718
  1166    718
  1167    718
  1168    718
  1169    718
  1170    718
  1171    718
  1172    718
  1173    718
  1174    718
  1175    718
  1176    718
  1177    718
  1178    718
  1179    718
  1180    718
  1181    718
  1191    718
  1192    718
  1193    718
  1194    718
  1123    719
  1124    719
  1125    719
  1126    719
  1127    719
  1128    719
  1129    719
  1130    719
  1131    719
  1151    719
  1152    719
  1153    719
  1154    719
  1155    719
  1161    719
  1162    719
  1163    719
  1164    719
  1165    719
  1166    719
  1167    719
  1168    719
  1169    719
  1170    719
  1171    719
  1172    719
  1173    719
  1174    719
  1175    719
  1176    719
  1177    719
  1181    719
  1182    719
  1183    719
  1184    719
  1185    719
  1186    719
  1187    719
  1144    720
  1145    720
  1146    720
  1147    720
  1171    720
  1172    720
  1173    720
  1174    720
  1143    721
  1144    721
  1145    721
  1146    721
  1147    721
  1148    721
  1149    721
  1150    721
  1151    721
  1152    721
  1154    721
  1155    721
  1156    721
  1162    721
  1163    721
  1164    721
  1165    721
  1166    721
  1124    722
  1125    722
  1126    722
  1127    722
  1128    722
  1129    722
  1130    722
  1131    722
  1132    722
  1135    722
  1136    722
  1137    722
  1138    722
  1139    722
  1140    722
  1141    722
  1142    722
  1143    722
  1144    722
  1145    722
  1146    722
  1147    722
  1116    723
  1117    723
  1118    723
  1119    723
  1120    723
  1121    723
  1122    723
  1123    723
  1124    723
  1125    723
  1126    723
  1127    723
  1128    723
  1129    723
  1130    723
  1131    723
  1132    723
  1135    723
  1136    723
  1137    723
  1138    723
  1139    723
  1140    723
  1141    723
  1142    723
  1143    723
  1149    723
  1108    724
  1109    724
  1110    724
  1111    724
  1112    724
  1113    724
  1114    724
  1115    724
  1116    724
  1117    724
  1118    724
  1119    724
  1120    724
  1121    724
  1122    724
  1123    724
  1124    724
  1125    724
  1126    724
  1127    724
  1128    724
  1129    724
  1130    724
  1131    724
  1132    724
  1133    724
  1134    724
  1135    724
  1136    724
  1137    724
  1141    724
  1142    724
  1143    724
  1100    725
  1101    725
  1102    725
  1103    725
  1104    725
  1105    725
  1109    725
  1110    725
  1111    725
  1112    725
  1113    725
  1114    725
  1115    725
  1116    725
  1117    725
  1118    725
  1119    725
  1120    725
  1121    725
  1124    725
  1125    725
  1126    725
  1127    725
  1128    725
  1129    725
  1134    725
  1135    725
  1136    725
  1137    725
  1094    726
  1095    726
  1096    726
  1097    726
  1098    726
  1099    726
  1100    726
  1101    726
  1102    726
  1103    726
  1104    726
  1105    726
  1107    726
  1108    726
  1109    726
  1112    726
  1113    726
  1114    726
  1115    726
  1119    726
  1120    726
  1121    726
  1122    726
  1123    726
  1125    726
  1126    726
  1127    726
  1128    726
  1093    727
  1094    727
  1095    727
  1096    727
  1097    727
  1098    727
  1099    727
  1100    727
  1101    727
  1102    727
  1103    727
  1104    727
  1108    727
  1109    727
  1110    727
  1111    727
  1112    727
  1113    727
  1114    727
  1115    727
  1116    727
  1118    727
  1121    727
  1122    727
  1123    727
  1092    728
  1093    728
  1094    728
  1095    728
  1096    728
  1097    728
  1098    728
  1099    728
  1100    728
  1101    728
  1102    728
  1103    728
  1113    728
  1114    728
  1117    728
  1118    728
  1077    729
  1078    729
  1079    729
  1080    729
  1088    729
  1089    729
  1090    729
  1091    729
  1092    729
  1093    729
  1094    729
  1095    729
  1096    729
  1070    730
  1071    730
  1072    730
  1073    730
  1074    730
  1075    730
  1076    730
  1077    730
  1078    730
  1079    730
  1080    730
  1081    730
  1083    730
  1084    730
  1085    730
  1088    730
  1089    730
  1090    730
  1091    730
  1096    730
  1097    730
  1098    730
  1065    731
  1066    731
  1067    731
  1068    731
  1069    731
  1070    731
  1071    731
  1072    731
  1073    731
  1078    731
  1079    731
  1080    731
  1081    731
  1082    731
  1083    731
  1084    731
  1085    731
  1091    731
  1092    731
  1093    731
  1094    731
  1097    731
  1098    731
  1099    731
  1060    732
  1061    732
  1062    732
  1063    732
  1065    732
  1066    732
  1067    732
  1068    732
  1069    732
  1072    732
  1073    732
  1074    732
  1075    732
  1076    732
  1077    732
  1078    732
  1079    732
  1080    732
  1085    732
  1086    732
  1087    732
  1088    732
  1091    732
  1092    732
  1093    732
  1054    733
  1055    733
  1056    733
  1057    733
  1058    733
  1059    733
  1060    733
  1061    733
  1062    733
  1063    733
  1068    733
  1069    733
  1070    733
  1071    733
  1072    733
  1073    733
  1074    733
  1075    733
  1080    733
  1081    733
  1082    733
  1087    733
  1088    733
  1049    734
  1050    734
  1051    734
  1052    734
  1053    734
  1054    734
  1055    734
  1056    734
  1057    734
  1058    734
  1059    734
  1064    734
  1065    734
  1066    734
  1068    734
  1069    734
  1070    734
  1071    734
  1076    734
  1077    734
  1078    734
  1080    734
  1081    734
  1082    734
  1083    734
  1084    734
  1085    734
  1043    735
  1044    735
  1045    735
  1048    735
  1049    735
  1050    735
  1051    735
  1052    735
  1053    735
  1058    735
  1059    735
  1060    735
  1061    735
  1062    735
  1064    735
  1065    735
  1066    735
  1071    735
  1072    735
  1073    735
  1074    735
  1075    735
  1077    735
  1078    735
  1079    735
  1080    735
  1044    736
  1045    736
  1046    736
  1047    736
  1054    736
  1055    736
  1056    736
  1057    736
  1058    736
  1059    736
  1060    736
  1061    736
  1062    736
  1074    736
  1075    736
  1050    737
  1051    737
  1052    737
  1053    737
  1054    737
  1055    737
  1056    737
  1057    737
  1058    737
  1034    738
  1035    738
  1036    738
  1044    738
  1045    738
  1046    738
  1047    738
  1048    738
  1049    738
  1050    738
  1051    738
  1052    738
  1053    738
  1027    739
  1028    739
  1029    739
  1030    739
  1031    739
  1032    739
  1033    739
  1034    739
  1035    739
  1036    739
  1041    739
  1042    739
  1043    739
  1044    739
  1045    739
  1046    739
  1047    739
  1048    739
  1049    739
  1054    739
  1055    739
  1056    739
  1057    739
  1058    739
  1059    739
  1023    740
  1024    740
  1025    740
  1026    740
  1027    740
  1028    740
  1029    740
  1030    740
  1031    740
  1032    740
  1037    740
  1038    740
  1039    740
  1040    740
  1041    740
  1042    740
  1043    740
  1044    740
  1045    740
  1051    740
  1052    740
  1053    740
  1054    740
  1055    740
  1058    740
  1059    740
  1017    741
  1018    741
  1019    741
  1020    741
  1021    741
  1022    741
  1023    741
  1024    741
  1025    741
  1026    741
  1027    741
  1033    741
  1034    741
  1035    741
  1036    741
  1037    741
  1038    741
  1039    741
  1040    741
  1041    741
  1047    741
  1048    741
  1049    741
  1050    741
  1051    741
  1052    741
  1053    741
  1054    741
  1055    741
  1014    742
  1015    742
  1016    742
  1017    742
  1018    742
  1019    742
  1020    742
  1021    742
  1022    742
  1023    742
  1029    742
  1030    742
  1031    742
  1032    742
  1033    742
  1034    742
  1035    742
  1036    742
  1037    742
  1038    742
  1042    742
  1043    742
  1044    742
  1045    742
  1046    742
  1048    742
  1049    742
  1050    742
  1051    742
  1010    743
  1011    743
  1012    743
  1013    743
  1014    743
  1015    743
  1016    743
  1017    743
  1018    743
  1019    743
  1026    743
  1027    743
  1028    743
  1029    743
  1030    743
  1031    743
  1032    743
  1033    743
  1034    743
  1039    743
  1040    743
  1041    743
  1042    743
  1043    743
  1045    743
  1046    743
  1047    743
  1006    744
  1007    744
  1008    744
  1009    744
  1010    744
  1011    744
  1012    744
  1013    744
  1014    744
  1015    744
  1022    744
  1023    744
  1024    744
  1027    744
  1028    744
  1029    744
  1030    744
  1035    744
  1036    744
  1037    744
  1038    744
  1039    744
  1040    744
  1041    744
  1042    744
  1043    744
  1044    744
  1003    745
  1004    745
  1005    745
  1006    745
  1007    745
  1008    745
  1009    745
  1010    745
  1011    745
  1012    745
  1018    745
  1019    745
  1020    745
  1021    745
  1025    745
  1026    745
  1032    745
  1033    745
  1034    745
  1035    745
  1038    745
  1039    745
  1040    745
  1041    745
  1002    746
  1003    746
  1004    746
  1005    746
  1006    746
  1007    746
  1008    746
  1015    746
  1016    746
  1017    746
  1018    746
  1022    746
  1028    746
  1029    746
  1030    746
  1035    746
  1036    746
  1037    746
   998    747
   999    747
  1000    747
  1001    747
  1002    747
  1003    747
  1011    747
  1012    747
  1013    747
  1014    747
  1015    747
  1016    747
  1017    747
  1018    747
  1019    747
  1033    747
  1034    747
  1008    748
  1009    748
  1010    748
  1011    748
  1012    748
  1013    748
  1014    748
  1015    748
  1016    748
  1004    749
  1005    749
  1006    749
  1007    749
  1008    749
  1009    749
  1010    749
  1011    749
  1012    749
  1013    749
   985    750
   986    750
  1001    750
  1002    750
  1003    750
  1004    750
  1007    750
  1008    750
  1009    750
  1010    750
   982    751
   983    751
   984    751
   998    751
   999    751
  1000    751
  1001    751
  1004    751
  1005    751
  1006    751
  1007    751
  1013    751
  1014    751
  1015    751
  1016    751
   978    752
   979    752
   980    752
   981    752
   987    752
   988    752
   996    752
  1001    752
  1002    752
  1003    752
  1004    752
  1010    752
  1011    752
  1012    752
  1013    752
   975    753
   976    753
   977    753
   982    753
   983    753
   984    753
   985    753
   998    753
   999    753
  1000    753
  1001    753
  1008    753
  1009    753
  1010    753
  1011    753
   972    754
   973    754
   974    754
   980    754
   981    754
   996    754
   997    754
   998    754
  1005    754
  1006    754
  1007    754
  1008    754
  1009    754
  1010    754
  1013    754
  1014    754
   969    755
   970    755
   971    755
   972    755
   977    755
   978    755
  1002    755
  1003    755
  1004    755
  1005    755
  1006    755
  1010    755
  1011    755
  1012    755
   966    756
   967    756
   968    756
   969    756
   970    756
   971    756
   975    756
   976    756
   984    756
   985    756
  1000    756
  1001    756
  1002    756
  1003    756
  1008    756
  1009    756
   964    757
   965    757
   966    757
   967    757
   968    757
   969    757
   970    757
   971    757
   972    757
   973    757
   981    757
   982    757
   998    757
   999    757
  1000    757
  1005    757
  1006    757
  1007    757
   961    758
   962    758
   963    758
   964    758
   965    758
   966    758
   967    758
   968    758
   969    758
   970    758
   971    758
   979    758
   995    758
   996    758
   997    758
   998    758
  1004    758
  1005    758
   959    759
   960    759
   961    759
   962    759
   963    759
   964    759
   965    759
   966    759
   967    759
   968    759
   969    759
   977    759
   978    759
   993    759
   994    759
   995    759
   996    759
   997    759
   957    760
   958    760
   959    760
   960    760
   961    760
   962    760
   963    760
   964    760
   965    760
   966    760
   967    760
   975    760
   976    760
   992    760
   993    760
   994    760
   995    760
   960    761
   961    761
   962    761
   963    761
   964    761
   965    761
   972    761
   973    761
   974    761
   975    761
   970    762
   971    762
   972    762
   973    762
   974    762
   975    762
   976    762
   969    763
   970    763
   971    763
   972    763
   973    763
   974    763
   975    763
   966    764
   967    764
   968    764
   969    764
   970    764
   971    764
   973    764
   974    764
   975    764
   965    765
   966    765
   967    765
   968    765
   969    765
   970    765
   971    765
   973    765
   963    766
   964    766
   965    766
   966    766
   967    766
   968    766
   969    766
   970    766
   971    766
   972    766
   942    767
   943    767
   944    767
   945    767
   946    767
   947    767
   961    767
   962    767
   963    767
   964    767
   965    767
   966    767
   967    767
   968    767
   969    767
   970    767
   940    768
   941    768
   942    768
   943    768
   944    768
   945    768
   946    768
   947    768
   948    768
   960    768
   961    768
   962    768
   963    768
   964    768
   965    768
   966    768
   967    768
   968    768
   969    768
   978    768
   979    768
   980    768
   981    768
   982    768
   983    768
   984    768
   985    768
   939    769
   940    769
   941    769
   942    769
   943    769
   944    769
   945    769
   946    769
   947    769
   959    769
   960    769
   961    769
   962    769
   963    769
   964    769
   965    769
   966    769
   967    769
   976    769
   977    769
   978    769
   979    769
   980    769
   981    769
   982    769
   983    769
   984    769
   985    769
   937    770
   938    770
   939    770
   940    770
   941    770
   942    770
   943    770
   944    770
   945    770
   946    770
   947    770
   948    770
   958    770
   959    770
   960    770
   961    770
   962    770
   963    770
   964    770
   965    770
   966    770
   975    770
   976    770
   977    770
   978    770
   979    770
   980    770
   981    770
   982    770
   983    770
   984    770
   985    770
   986    770
   936    771
   937    771
   938    771
   939    771
   940    771
   941    771
   942    771
   943    771
   944    771
   945    771
   946    771
   947    771
   957    771
   958    771
   959    771
   960    771
   961    771
   962    771
   963    771
   964    771
   965    771
   974    771
   975    771
   976    771
   977    771
   978    771
   979    771
   980    771
   981    771
   982    771
   983    771
   984    771
   985    771
   986    771
   935    772
   936    772
   937    772
   938    772
   939    772
   940    772
   941    772
   942    772
   943    772
   944    772
   945    772
   956    772
   957    772
   958    772
   959    772
   960    772
   961    772
   962    772
   963    772
   973    772
   974    772
   975    772
   976    772
   977    772
   978    772
   979    772
   980    772
   981    772
   982    772
   983    772
   984    772
   933    773
   934    773
   935    773
   936    773
   937    773
   938    773
   939    773
   940    773
   941    773
   942    773
   943    773
   944    773
   954    773
   955    773
   956    773
   957    773
   958    773
   959    773
   960    773
   961    773
   962    773
   963    773
   972    773
   973    773
   974    773
   975    773
   976    773
   977    773
   978    773
   979    773
   980    773
   981    773
   982    773
   983    773
   984    773
   932    774
   933    774
   934    774
   935    774
   936    774
   937    774
   938    774
   939    774
   940    774
   941    774
   942    774
   943    774
   953    774
   954    774
   955    774
   956    774
   957    774
   958    774
   959    774
   960    774
   961    774
   971    774
   972    774
   973    774
   974    774
   975    774
   976    774
   977    774
   978    774
   979    774
   980    774
   981    774
   982    774
   931    775
   932    775
   933    775
   934    775
   935    775
   936    775
   937    775
   938    775
   939    775
   940    775
   941    775
   942    775
   943    775
   952    775
   953    775
   954    775
   955    775
   956    775
   957    775
   958    775
   959    775
   960    775
   970    775
   971    775
   972    775
   973    775
   974    775
   975    775
   976    775
   977    775
   978    775
   979    775
   980    775
   981    775
   930    776
   931    776
   932    776
   933    776
   934    776
   935    776
   936    776
   937    776
   938    776
   939    776
   940    776
   951    776
   952    776
   953    776
   954    776
   955    776
   956    776
   957    776
   958    776
   959    776
   969    776
   970    776
   971    776
   972    776
   973    776
   974    776
   975    776
   976    776
   977    776
   978    776
   979    776
   980    776
   928    777
   929    777
   930    777
   931    777
   932    777
   933    777
   934    777
   935    777
   936    777
   937    777
   938    777
   950    777
   951    777
   952    777
   953    777
   954    777
   955    777
   956    777
   957    777
   958    777
   959    777
   969    777
   970    777
   971    777
   972    777
   973    777
   974    777
   975    777
   976    777
   977    777
   978    777
   979    777
   931    778
   932    778
   933    778
   934    778
   935    778
   936    778
   937    778
   948    778
   949    778
   950    778
   951    778
   952    778
   953    778
   954    778
   955    778
   956    778
   957    778
   969    778
   970    778
   971    778
   972    778
   973    778
   974    778
   975    778
   976    778
   977    778
   978    778
   947    779
   948    779
   949    779
   950    779
   951    779
   952    779
   953    779
   954    779
   955    779
   956    779
   969    779
   970    779
   971    779
   972    779
   973    779
   974    779
   975    779
   976    779
   977    779
   978    779
   979    779
   947    780
   948    780
   949    780
   950    780
   951    780
   952    780
   953    780
   954    780
   955    780
   956    780
   945    781
   946    781
   947    781
   948    781
   949    781
   950    781
   951    781
   952    781
   953    781
   954    781
   955    781
   956    781
   945    782
   946    782
   947    782
   948    782
   949    782
   950    782
   951    782
   952    782
   953    782
   954    782
   944    783
   945    783
   946    783
   947    783
   948    783
   949    783
   950    783
   951    783
   952    783
   953    783
   943    784
   944    784
   945    784
   946    784
   947    784
   948    784
   949    784
   950    784
   951    784
   952    784
   942    785
   943    785
   944    785
   945    785
   946    785
   947    785
   948    785
   949    785
   950    785
   951    785
   952    785
   942    786
   943    786
   944    786
   945    786
   946    786
   947    786
   948    786
   949    786
   950    786
   951    786
   941    787
   942    787
   943    787
   944    787
   945    787
   946    787
   947    787
   948    787
   949    787
   950    787
   940    788
   941    788
   942    788
   943    788
   944    788
   945    788
   946    788
   947    788
   948    788
   949    788
   940    789
   941    789
   942    789
   943    789
   944    789
   945    789
   946    789
   947    789
   948    789
   940    790
   941    790
   942    790
   943    790
   944    790
   945    790
   946    790
   941    791
   942    791
   943    791
   944    791
   945    791
   946    791
