   942    768
   943    768
   944    768
   945    768
   946    768
   947    768
   948    768
   941    769
   942    769
   943    769
   944    769
   945    769
   946    769
   947    769
   948    769
   939    770
   940    770
   941    770
   942    770
   943    770
   944    770
   945    770
   946    770
   947    770
   937    771
   938    771
   939    771
   940    771
   941    771
   942    771
   943    771
   944    771
   945    771
   946    771
   947    771
   948    771
   937    772
   938    772
   939    772
   940    772
   941    772
   942    772
   943    772
   944    772
   945    772
   946    772
   935    773
   936    773
   937    773
   938    773
   939    773
   940    773
   941    773
   942    773
   943    773
   944    773
   933    774
   934    774
   935    774
   936    774
   937    774
   938    774
   939    774
   940    774
   941    774
   942    774
   943    774
   944    774
   933    775
   934    775
   935    775
   936    775
   937    775
   938    775
   939    775
   940    775
   941    775
   942    775
   943    775
   931    776
   932    776
   933    776
   934    776
   935    776
   936    776
   937    776
   938    776
   939    776
   940    776
   941    776
   942    776
   943    776
   930    777
   931    777
   932    777
   933    777
   934    777
   935    777
   936    777
   937    777
   938    777
   939    777
   940    777
   941    777
   942    777
   929    778
   930    778
   931    778
   932    778
   933    778
   934    778
   935    778
   936    778
   937    778
   938    778
   939    778
   940    778
   941    778
   928    779
   929    779
   932    779
   933    779
   934    779
   935    779
   936    779
   937    779
   938    779
   940    779
