  1222    712
  1223    712
  1224    712
  1225    712
  1228    712
  1229    712
  1230    712
  1210    713
  1211    713
  1212    713
  1213    713
  1214    713
  1215    713
  1216    713
  1217    713
  1218    713
  1221    713
  1222    713
  1223    713
  1224    713
  1229    713
  1230    713
  1231    713
  1187    714
  1188    714
  1191    714
  1192    714
  1193    714
  1194    714
  1195    714
  1196    714
  1197    714
  1198    714
  1199    714
  1200    714
  1201    714
  1202    714
  1203    714
  1204    714
  1216    714
  1220    714
  1221    714
  1222    714
  1176    715
  1177    715
  1178    715
  1179    715
  1180    715
  1181    715
  1182    715
  1183    715
  1186    715
  1187    715
  1188    715
  1189    715
  1190    715
  1191    715
  1192    715
  1193    715
  1194    715
  1195    715
  1196    715
  1197    715
  1198    715
  1199    715
  1200    715
  1201    715
  1202    715
  1203    715
  1211    715
  1212    715
  1213    715
  1214    715
  1215    715
  1216    715
  1227    715
  1228    715
  1165    716
  1166    716
  1167    716
  1168    716
  1169    716
  1170    716
  1171    716
  1172    716
  1173    716
  1198    716
  1199    716
  1200    716
  1201    716
  1202    716
  1203    716
  1204    716
  1205    716
  1216    716
  1217    716
  1218    716
  1147    717
  1148    717
  1149    717
  1150    717
  1151    717
  1153    717
  1154    717
  1155    717
  1156    717
  1157    717
  1158    717
  1159    717
  1160    717
  1161    717
  1162    717
  1163    717
  1164    717
  1165    717
  1166    717
  1167    717
  1176    717
  1177    717
  1178    717
  1179    717
  1180    717
  1181    717
  1182    717
  1183    717
  1184    717
  1185    717
  1186    717
  1187    717
  1188    717
  1189    717
  1190    717
  1191    717
  1192    717
  1193    717
  1194    717
  1195    717
  1201    717
  1202    717
  1146    718
  1147    718
  1148    718
  1149    718
  1150    718
  1151    718
  1152    718
  1153    718
  1166    718
  1167    718
  1168    718
  1169    718
  1170    718
  1171    718
  1172    718
  1173    718
  1174    718
  1175    718
  1176    718
  1177    718
  1178    718
  1179    718
  1180    718
  1181    718
  1182    718
  1183    718
  1184    718
  1185    718
  1186    718
  1194    718
  1195    718
  1196    718
  1197    718
  1198    718
  1129    719
  1130    719
  1131    719
  1132    719
  1133    719
  1158    719
  1159    719
  1160    719
  1161    719
  1162    719
  1163    719
  1164    719
  1165    719
  1166    719
  1167    719
  1168    719
  1169    719
  1170    719
  1171    719
  1172    719
  1173    719
  1174    719
  1175    719
  1176    719
  1177    719
  1178    719
  1179    719
  1180    719
  1181    719
  1182    719
  1183    719
  1184    719
  1186    719
  1187    719
  1188    719
  1147    720
  1148    720
  1149    720
  1150    720
  1151    720
  1152    720
  1153    720
  1160    720
  1161    720
  1162    720
  1163    720
  1164    720
  1165    720
  1166    720
  1170    720
  1171    720
  1172    720
  1173    720
  1174    720
  1175    720
  1176    720
  1177    720
  1178    720
  1179    720
  1180    720
  1147    721
  1148    721
  1149    721
  1150    721
  1151    721
  1152    721
  1153    721
  1154    721
  1155    721
  1156    721
  1157    721
  1158    721
  1159    721
  1164    721
  1165    721
  1166    721
  1167    721
  1168    721
  1169    721
  1128    722
  1129    722
  1130    722
  1131    722
  1132    722
  1133    722
  1142    722
  1143    722
  1144    722
  1145    722
  1146    722
  1147    722
  1148    722
  1149    722
  1150    722
  1151    722
  1152    722
  1121    723
  1122    723
  1123    723
  1124    723
  1125    723
  1126    723
  1127    723
  1128    723
  1129    723
  1130    723
  1131    723
  1132    723
  1133    723
  1134    723
  1135    723
  1136    723
  1137    723
  1138    723
  1146    723
  1147    723
  1148    723
  1149    723
  1150    723
  1151    723
  1152    723
  1153    723
  1114    724
  1115    724
  1116    724
  1117    724
  1118    724
  1119    724
  1120    724
  1121    724
  1122    724
  1123    724
  1124    724
  1125    724
  1126    724
  1127    724
  1128    724
  1129    724
  1130    724
  1131    724
  1132    724
  1133    724
  1134    724
  1135    724
  1136    724
  1137    724
  1138    724
  1145    724
  1146    724
  1147    724
  1106    725
  1107    725
  1108    725
  1109    725
  1110    725
  1111    725
  1112    725
  1113    725
  1114    725
  1115    725
  1116    725
  1117    725
  1118    725
  1119    725
  1121    725
  1122    725
  1123    725
  1124    725
  1125    725
  1126    725
  1127    725
  1128    725
  1129    725
  1132    725
  1133    725
  1134    725
  1139    725
  1140    725
  1098    726
  1099    726
  1100    726
  1101    726
  1102    726
  1103    726
  1104    726
  1105    726
  1106    726
  1107    726
  1108    726
  1109    726
  1110    726
  1111    726
  1112    726
  1113    726
  1114    726
  1115    726
  1116    726
  1117    726
  1118    726
  1119    726
  1120    726
  1121    726
  1122    726
  1123    726
  1124    726
  1125    726
  1126    726
  1127    726
  1128    726
  1130    726
  1131    726
  1132    726
  1133    726
  1134    726
  1094    727
  1095    727
  1096    727
  1097    727
  1098    727
  1099    727
  1100    727
  1101    727
  1102    727
  1106    727
  1107    727
  1113    727
  1114    727
  1117    727
  1124    727
  1125    727
  1126    727
  1100    728
  1101    728
  1102    728
  1103    728
  1104    728
  1107    728
  1108    728
  1120    728
  1093    729
  1094    729
  1095    729
  1096    729
  1097    729
  1098    729
  1099    729
  1100    729
  1101    729
  1075    730
  1076    730
  1077    730
  1078    730
  1079    730
  1080    730
  1081    730
  1082    730
  1083    730
  1087    730
  1088    730
  1089    730
  1093    730
  1094    730
  1099    730
  1100    730
  1101    730
  1102    730
  1103    730
  1104    730
  1069    731
  1070    731
  1071    731
  1072    731
  1073    731
  1074    731
  1075    731
  1076    731
  1077    731
  1078    731
  1082    731
  1083    731
  1084    731
  1085    731
  1086    731
  1087    731
  1088    731
  1089    731
  1090    731
  1095    731
  1096    731
  1097    731
  1100    731
  1101    731
  1102    731
  1103    731
  1104    731
  1063    732
  1064    732
  1065    732
  1066    732
  1067    732
  1068    732
  1069    732
  1070    732
  1071    732
  1072    732
  1073    732
  1078    732
  1079    732
  1080    732
  1081    732
  1082    732
  1083    732
  1084    732
  1085    732
  1090    732
  1091    732
  1092    732
  1096    732
  1097    732
  1098    732
  1058    733
  1059    733
  1060    733
  1061    733
  1062    733
  1063    733
  1064    733
  1065    733
  1066    733
  1067    733
  1072    733
  1073    733
  1074    733
  1075    733
  1076    733
  1077    733
  1078    733
  1079    733
  1085    733
  1086    733
  1087    733
  1088    733
  1090    733
  1091    733
  1092    733
  1093    733
  1054    734
  1055    734
  1056    734
  1057    734
  1058    734
  1059    734
  1060    734
  1061    734
  1062    734
  1063    734
  1067    734
  1068    734
  1069    734
  1070    734
  1071    734
  1072    734
  1073    734
  1074    734
  1075    734
  1080    734
  1081    734
  1082    734
  1083    734
  1084    734
  1085    734
  1086    734
  1087    734
  1088    734
  1048    735
  1049    735
  1050    735
  1051    735
  1052    735
  1053    735
  1054    735
  1055    735
  1056    735
  1057    735
  1058    735
  1063    735
  1064    735
  1065    735
  1066    735
  1067    735
  1068    735
  1069    735
  1070    735
  1076    735
  1077    735
  1078    735
  1079    735
  1080    735
  1081    735
  1082    735
  1083    735
  1084    735
  1045    736
  1046    736
  1047    736
  1048    736
  1049    736
  1050    736
  1051    736
  1052    736
  1053    736
  1059    736
  1060    736
  1061    736
  1062    736
  1065    736
  1066    736
  1072    736
  1073    736
  1074    736
  1078    736
  1079    736
  1080    736
  1081    736
  1054    737
  1055    737
  1056    737
  1057    737
  1058    737
  1059    737
  1060    737
  1061    737
  1062    737
  1050    738
  1051    738
  1052    738
  1053    738
  1054    738
  1055    738
  1056    738
  1057    738
  1032    739
  1033    739
  1034    739
  1035    739
  1036    739
  1037    739
  1038    739
  1045    739
  1046    739
  1047    739
  1048    739
  1049    739
  1050    739
  1051    739
  1052    739
  1053    739
  1054    739
  1063    739
  1064    739
  1027    740
  1028    740
  1029    740
  1030    740
  1031    740
  1032    740
  1033    740
  1034    740
  1035    740
  1036    740
  1041    740
  1042    740
  1043    740
  1044    740
  1045    740
  1046    740
  1047    740
  1048    740
  1049    740
  1055    740
  1056    740
  1057    740
  1058    740
  1023    741
  1024    741
  1025    741
  1026    741
  1027    741
  1028    741
  1029    741
  1030    741
  1031    741
  1032    741
  1037    741
  1038    741
  1039    741
  1040    741
  1041    741
  1042    741
  1043    741
  1044    741
  1045    741
  1046    741
  1051    741
  1052    741
  1053    741
  1054    741
  1055    741
  1057    741
  1058    741
  1059    741
  1060    741
  1019    742
  1020    742
  1021    742
  1022    742
  1023    742
  1024    742
  1025    742
  1026    742
  1027    742
  1028    742
  1034    742
  1035    742
  1036    742
  1037    742
  1038    742
  1039    742
  1040    742
  1041    742
  1042    742
  1047    742
  1048    742
  1049    742
  1050    742
  1053    742
  1054    742
  1055    742
  1056    742
  1014    743
  1015    743
  1016    743
  1017    743
  1018    743
  1019    743
  1020    743
  1021    743
  1022    743
  1023    743
  1030    743
  1031    743
  1032    743
  1033    743
  1034    743
  1035    743
  1036    743
  1037    743
  1038    743
  1043    743
  1044    743
  1045    743
  1046    743
  1047    743
  1050    743
  1051    743
  1052    743
  1011    744
  1012    744
  1013    744
  1014    744
  1015    744
  1016    744
  1017    744
  1018    744
  1019    744
  1020    744
  1026    744
  1027    744
  1028    744
  1029    744
  1030    744
  1031    744
  1032    744
  1033    744
  1034    744
  1040    744
  1041    744
  1042    744
  1043    744
  1044    744
  1045    744
  1046    744
  1047    744
  1048    744
  1008    745
  1009    745
  1010    745
  1011    745
  1012    745
  1013    745
  1014    745
  1015    745
  1016    745
  1023    745
  1024    745
  1025    745
  1026    745
  1028    745
  1029    745
  1030    745
  1031    745
  1037    745
  1038    745
  1039    745
  1040    745
  1042    745
  1043    745
  1044    745
  1045    745
  1046    745
  1003    746
  1004    746
  1005    746
  1006    746
  1007    746
  1009    746
  1010    746
  1011    746
  1012    746
  1013    746
  1019    746
  1020    746
  1021    746
  1022    746
  1026    746
  1027    746
  1028    746
  1034    746
  1035    746
  1036    746
  1037    746
  1038    746
  1039    746
  1040    746
  1041    746
  1042    746
  1004    747
  1005    747
  1006    747
  1007    747
  1008    747
  1009    747
  1010    747
  1016    747
  1017    747
  1018    747
  1019    747
  1022    747
  1023    747
  1024    747
  1030    747
  1031    747
  1032    747
  1036    747
  1037    747
  1038    747
  1039    747
  1002    748
  1012    748
  1013    748
  1014    748
  1015    748
  1016    748
  1019    748
  1020    748
  1034    748
  1035    748
  1036    748
  1009    749
  1010    749
  1011    749
  1012    749
  1013    749
  1014    749
  1015    749
  1016    749
  1017    749
  1018    749
  1006    750
  1007    750
  1008    750
  1009    750
  1010    750
  1011    750
  1012    750
  1013    750
  1014    750
   987    751
   988    751
   989    751
  1003    751
  1004    751
  1005    751
  1006    751
  1007    751
  1008    751
  1009    751
  1010    751
  1011    751
   983    752
   984    752
   985    752
  1000    752
  1001    752
  1002    752
  1006    752
  1007    752
  1008    752
  1009    752
  1015    752
  1016    752
  1017    752
   980    753
   981    753
   987    753
   988    753
   989    753
   990    753
   997    753
   998    753
   999    753
  1003    753
  1004    753
  1005    753
  1006    753
  1012    753
  1013    753
  1014    753
  1015    753
  1021    753
  1022    753
   977    754
   978    754
   979    754
   984    754
   985    754
   986    754
   995    754
   996    754
   997    754
  1001    754
  1002    754
  1010    754
  1011    754
  1012    754
  1018    754
  1019    754
   974    755
   975    755
   976    755
   977    755
   982    755
   983    755
   992    755
   993    755
   994    755
   998    755
   999    755
  1007    755
  1008    755
  1009    755
  1010    755
  1015    755
  1016    755
   971    756
   972    756
   973    756
   974    756
   978    756
   979    756
   980    756
   989    756
   990    756
   991    756
   994    756
   995    756
   996    756
   997    756
  1005    756
  1006    756
  1007    756
  1013    756
  1014    756
   968    757
   969    757
   970    757
   971    757
   972    757
   976    757
   977    757
   978    757
   986    757
   987    757
   992    757
   993    757
   994    757
  1003    757
  1004    757
  1005    757
  1011    757
   967    758
   968    758
   969    758
   970    758
   984    758
   985    758
  1001    758
  1002    758
   965    759
   966    759
   967    759
   968    759
   969    759
   982    759
   998    759
   999    759
  1000    759
  1001    759
  1006    759
  1007    759
   963    760
   964    760
   965    760
   966    760
   967    760
   968    760
   969    760
   970    760
   971    760
   979    760
   980    760
   996    760
   997    760
   998    760
   999    760
   963    761
   964    761
   965    761
   966    761
   967    761
   968    761
   969    761
   976    761
   977    761
   978    761
   995    761
   996    761
   997    761
   965    762
   966    762
   975    762
   976    762
   963    763
   964    763
   972    763
   973    763
   974    763
   975    763
   976    763
   971    764
   972    764
   973    764
   974    764
   975    764
   968    765
   969    765
   970    765
   971    765
   972    765
   973    765
   974    765
   975    765
   967    766
   968    766
   969    766
   970    766
   971    766
   972    766
   973    766
   974    766
   975    766
   976    766
   965    767
   966    767
   967    767
   968    767
   969    767
   970    767
   971    767
   972    767
   973    767
   974    767
   963    768
   964    768
   965    768
   966    768
   967    768
   968    768
   969    768
   970    768
   971    768
   972    768
   973    768
   962    769
   963    769
   964    769
   965    769
   966    769
   967    769
   968    769
   969    769
   970    769
   981    769
   982    769
   983    769
   984    769
   985    769
   986    769
   987    769
   961    770
   962    770
   963    770
   964    770
   965    770
   966    770
   967    770
   968    770
   969    770
   979    770
   980    770
   981    770
   982    770
   983    770
   984    770
   985    770
   986    770
   960    771
   961    771
   962    771
   963    771
   964    771
   965    771
   966    771
   967    771
   968    771
   978    771
   979    771
   980    771
   981    771
   982    771
   983    771
   984    771
   985    771
   986    771
   959    772
   960    772
   961    772
   962    772
   963    772
   964    772
   965    772
   966    772
   967    772
   977    772
   978    772
   979    772
   980    772
   981    772
   982    772
   983    772
   984    772
   985    772
   986    772
   957    773
   958    773
   959    773
   960    773
   961    773
   962    773
   963    773
   964    773
   965    773
   966    773
   967    773
   976    773
   977    773
   978    773
   979    773
   980    773
   981    773
   982    773
   983    773
   984    773
   985    773
   986    773
   957    774
   958    774
   959    774
   960    774
   961    774
   962    774
   963    774
   964    774
   965    774
   975    774
   976    774
   977    774
   978    774
   979    774
   980    774
   981    774
   982    774
   983    774
   984    774
   985    774
   986    774
   955    775
   956    775
   957    775
   958    775
   959    775
   960    775
   961    775
   962    775
   963    775
   964    775
   965    775
   974    775
   975    775
   976    775
   977    775
   978    775
   979    775
   980    775
   981    775
   982    775
   983    775
   984    775
   985    775
   986    775
   954    776
   955    776
   956    776
   957    776
   958    776
   959    776
   960    776
   961    776
   962    776
   973    776
   974    776
   975    776
   976    776
   977    776
   978    776
   979    776
   980    776
   981    776
   982    776
   983    776
   984    776
   985    776
   953    777
   954    777
   955    777
   956    777
   957    777
   958    777
   959    777
   960    777
   961    777
   972    777
   973    777
   974    777
   975    777
   976    777
   977    777
   978    777
   979    777
   980    777
   981    777
   982    777
   983    777
   984    777
   952    778
   953    778
   954    778
   955    778
   956    778
   957    778
   958    778
   959    778
   960    778
   971    778
   972    778
   973    778
   974    778
   975    778
   976    778
   977    778
   978    778
   979    778
   980    778
   981    778
   982    778
   983    778
   951    779
   952    779
   953    779
   954    779
   955    779
   956    779
   957    779
   958    779
   959    779
   970    779
   971    779
   972    779
   973    779
   974    779
   975    779
   976    779
   977    779
   978    779
   979    779
   980    779
   981    779
   982    779
   950    780
   951    780
   952    780
   953    780
   954    780
   955    780
   956    780
   957    780
   958    780
   959    780
   972    780
   973    780
   974    780
   975    780
   976    780
   977    780
   978    780
   979    780
   980    780
   981    780
   949    781
   950    781
   951    781
   952    781
   953    781
   954    781
   955    781
   956    781
   957    781
   958    781
   959    781
   970    781
   971    781
   972    781
   973    781
   974    781
   975    781
   976    781
   977    781
   978    781
   979    781
   980    781
   948    782
   949    782
   950    782
   951    782
   952    782
   953    782
   954    782
   955    782
   956    782
   957    782
   958    782
   948    783
   949    783
   950    783
   951    783
   952    783
   953    783
   954    783
   955    783
   956    783
   948    784
   949    784
   950    784
   951    784
   952    784
   953    784
   954    784
   955    784
   947    785
   948    785
   949    785
   950    785
   951    785
   952    785
   953    785
   954    785
   946    786
   947    786
   948    786
   949    786
   950    786
   951    786
   952    786
   953    786
   945    787
   946    787
   947    787
   948    787
   949    787
   950    787
   951    787
   952    787
   953    787
   944    788
   945    788
   946    788
   947    788
   948    788
   949    788
   950    788
   951    788
   952    788
   944    789
   945    789
   946    789
   947    789
   948    789
   949    789
   950    789
   951    789
   952    789
   943    790
   944    790
   945    790
   946    790
   947    790
   948    790
   949    790
   950    790
   951    790
   952    790
   942    791
   943    791
   944    791
   945    791
   946    791
   947    791
   948    791
   949    791
   950    791
   951    791
   943    792
   944    792
   945    792
   946    792
   947    792
   948    792
   949    792
   950    792
   951    792
