   986    772
   987    772
   988    772
   989    772
   990    772
   991    772
   985    773
   986    773
   987    773
   988    773
   989    773
   990    773
   991    773
   984    774
   985    774
   986    774
   987    774
   988    774
   989    774
   990    774
   991    774
   992    774
   983    775
   984    775
   985    775
   986    775
   987    775
   988    775
   989    775
   990    775
   991    775
   982    776
   983    776
   984    776
   985    776
   986    776
   987    776
   988    776
   989    776
   990    776
   981    777
   982    777
   983    777
   984    777
   985    777
   986    777
   987    777
   988    777
   989    777
   981    778
   982    778
   983    778
   984    778
   985    778
   986    778
   987    778
   988    778
   980    779
   981    779
   982    779
   983    779
   984    779
   985    779
   986    779
   979    780
   980    780
   981    780
   982    780
   983    780
   984    780
   985    780
   986    780
   987    780
   978    781
   979    781
   980    781
   981    781
   982    781
   983    781
   984    781
   978    782
   979    782
   980    782
   981    782
   982    782
   983    782
   984    782
   985    782
   986    782
   976    783
   977    783
   978    783
   979    783
   980    783
   981    783
   982    783
   983    783
   984    783
   985    783
   976    784
   977    784
