  1219    713
  1220    713
  1221    713
  1222    713
  1223    713
  1224    713
  1225    713
  1226    713
  1227    713
  1228    713
  1197    714
  1198    714
  1199    714
  1200    714
  1201    714
  1202    714
  1203    714
  1204    714
  1205    714
  1206    714
  1207    714
  1208    714
  1209    714
  1210    714
  1225    714
  1226    714
  1227    714
  1228    714
  1229    714
  1180    715
  1181    715
  1182    715
  1194    715
  1195    715
  1196    715
  1197    715
  1198    715
  1199    715
  1216    715
  1217    715
  1218    715
  1219    715
  1220    715
  1176    716
  1177    716
  1178    716
  1179    716
  1180    716
  1181    716
  1182    716
  1203    716
  1204    716
  1205    716
  1209    716
  1210    716
  1211    716
  1219    716
  1220    716
  1221    716
  1150    717
  1151    717
  1152    717
  1153    717
  1154    717
  1155    717
  1156    717
  1157    717
  1158    717
  1159    717
  1160    717
  1161    717
  1162    717
  1163    717
  1164    717
  1165    717
  1166    717
  1167    717
  1168    717
  1169    717
  1170    717
  1171    717
  1172    717
  1173    717
  1174    717
  1175    717
  1176    717
  1185    717
  1186    717
  1187    717
  1188    717
  1195    717
  1196    717
  1197    717
  1198    717
  1199    717
  1200    717
  1206    717
  1207    717
  1208    717
  1133    718
  1134    718
  1135    718
  1152    718
  1153    718
  1154    718
  1155    718
  1156    718
  1157    718
  1158    718
  1159    718
  1160    718
  1161    718
  1162    718
  1176    718
  1177    718
  1178    718
  1179    718
  1180    718
  1181    718
  1182    718
  1183    718
  1184    718
  1185    718
  1186    718
  1187    718
  1188    718
  1189    718
  1190    718
  1191    718
  1192    718
  1193    718
  1194    718
  1195    718
  1196    718
  1200    718
  1201    718
  1202    718
  1203    718
  1204    718
  1205    718
  1143    719
  1144    719
  1145    719
  1146    719
  1167    719
  1168    719
  1169    719
  1170    719
  1171    719
  1172    719
  1173    719
  1174    719
  1175    719
  1176    719
  1177    719
  1178    719
  1179    719
  1180    719
  1181    719
  1182    719
  1183    719
  1184    719
  1185    719
  1186    719
  1187    719
  1188    719
  1189    719
  1190    719
  1191    719
  1192    719
  1193    719
  1194    719
  1195    719
  1196    719
  1197    719
  1125    720
  1130    720
  1131    720
  1132    720
  1152    720
  1153    720
  1154    720
  1155    720
  1156    720
  1157    720
  1169    720
  1170    720
  1171    720
  1172    720
  1184    720
  1185    720
  1186    720
  1150    721
  1151    721
  1152    721
  1153    721
  1154    721
  1155    721
  1156    721
  1157    721
  1166    721
  1167    721
  1169    721
  1151    722
  1152    722
  1153    722
  1154    722
  1155    722
  1156    722
  1157    722
  1128    723
  1129    723
  1130    723
  1131    723
  1132    723
  1133    723
  1134    723
  1135    723
  1136    723
  1137    723
  1138    723
  1139    723
  1140    723
  1141    723
  1142    723
  1143    723
  1144    723
  1145    723
  1146    723
  1147    723
  1148    723
  1149    723
  1150    723
  1151    723
  1152    723
  1153    723
  1154    723
  1155    723
  1121    724
  1122    724
  1123    724
  1124    724
  1125    724
  1128    724
  1129    724
  1130    724
  1131    724
  1132    724
  1133    724
  1134    724
  1135    724
  1136    724
  1137    724
  1138    724
  1139    724
  1140    724
  1141    724
  1142    724
  1144    724
  1145    724
  1146    724
  1147    724
  1114    725
  1115    725
  1116    725
  1117    725
  1118    725
  1119    725
  1120    725
  1121    725
  1122    725
  1123    725
  1124    725
  1125    725
  1126    725
  1127    725
  1128    725
  1129    725
  1130    725
  1131    725
  1132    725
  1133    725
  1134    725
  1135    725
  1136    725
  1137    725
  1138    725
  1139    725
  1140    725
  1141    725
  1143    725
  1145    725
  1146    725
  1147    725
  1148    725
  1105    726
  1106    726
  1107    726
  1108    726
  1109    726
  1110    726
  1111    726
  1114    726
  1115    726
  1116    726
  1117    726
  1118    726
  1119    726
  1120    726
  1121    726
  1122    726
  1123    726
  1124    726
  1125    726
  1126    726
  1127    726
  1128    726
  1129    726
  1130    726
  1131    726
  1132    726
  1133    726
  1134    726
  1135    726
  1136    726
  1139    726
  1140    726
  1141    726
  1142    726
  1098    727
  1099    727
  1100    727
  1101    727
  1102    727
  1103    727
  1104    727
  1105    727
  1106    727
  1107    727
  1108    727
  1109    727
  1113    727
  1114    727
  1118    727
  1119    727
  1120    727
  1121    727
  1122    727
  1124    727
  1125    727
  1126    727
  1127    727
  1133    727
  1134    727
  1097    728
  1098    728
  1099    728
  1100    728
  1101    728
  1102    728
  1103    728
  1104    728
  1108    728
  1109    728
  1119    728
  1120    728
  1121    728
  1122    728
  1123    728
  1127    728
  1128    728
  1101    729
  1102    729
  1103    729
  1104    729
  1105    729
  1106    729
  1107    729
  1108    729
  1109    729
  1110    729
  1082    730
  1083    730
  1084    730
  1085    730
  1094    730
  1095    730
  1096    730
  1097    730
  1098    730
  1099    730
  1100    730
  1101    730
  1102    730
  1077    731
  1078    731
  1081    731
  1082    731
  1083    731
  1084    731
  1085    731
  1089    731
  1090    731
  1095    731
  1096    731
  1097    731
  1102    731
  1103    731
  1104    731
  1105    731
  1071    732
  1072    732
  1073    732
  1074    732
  1075    732
  1076    732
  1077    732
  1078    732
  1079    732
  1080    732
  1084    732
  1085    732
  1086    732
  1087    732
  1088    732
  1089    732
  1090    732
  1091    732
  1092    732
  1097    732
  1098    732
  1099    732
  1104    732
  1105    732
  1106    732
  1065    733
  1066    733
  1067    733
  1068    733
  1069    733
  1070    733
  1071    733
  1072    733
  1073    733
  1074    733
  1079    733
  1080    733
  1081    733
  1082    733
  1083    733
  1084    733
  1085    733
  1086    733
  1087    733
  1092    733
  1093    733
  1094    733
  1095    733
  1098    733
  1099    733
  1100    733
  1101    733
  1061    734
  1062    734
  1063    734
  1064    734
  1065    734
  1066    734
  1067    734
  1068    734
  1069    734
  1074    734
  1075    734
  1076    734
  1077    734
  1078    734
  1079    734
  1080    734
  1081    734
  1087    734
  1088    734
  1089    734
  1090    734
  1093    734
  1094    734
  1095    734
  1056    735
  1057    735
  1058    735
  1059    735
  1060    735
  1061    735
  1062    735
  1063    735
  1064    735
  1065    735
  1070    735
  1071    735
  1072    735
  1073    735
  1074    735
  1075    735
  1076    735
  1077    735
  1078    735
  1083    735
  1084    735
  1085    735
  1086    735
  1087    735
  1088    735
  1089    735
  1090    735
  1050    736
  1051    736
  1052    736
  1053    736
  1054    736
  1055    736
  1056    736
  1057    736
  1058    736
  1059    736
  1060    736
  1066    736
  1067    736
  1068    736
  1071    736
  1072    736
  1073    736
  1079    736
  1080    736
  1081    736
  1084    736
  1085    736
  1086    736
  1087    736
  1048    737
  1049    737
  1052    737
  1053    737
  1054    737
  1055    737
  1061    737
  1062    737
  1063    737
  1064    737
  1075    737
  1076    737
  1082    737
  1083    737
  1057    738
  1058    738
  1059    738
  1060    738
  1061    738
  1062    738
  1063    738
  1064    738
  1065    738
  1053    739
  1054    739
  1055    739
  1056    739
  1057    739
  1058    739
  1059    739
  1060    739
  1061    739
  1035    740
  1036    740
  1037    740
  1038    740
  1039    740
  1040    740
  1041    740
  1048    740
  1049    740
  1050    740
  1051    740
  1052    740
  1053    740
  1054    740
  1055    740
  1056    740
  1057    740
  1064    740
  1065    740
  1066    740
  1067    740
  1030    741
  1031    741
  1032    741
  1033    741
  1034    741
  1037    741
  1038    741
  1039    741
  1045    741
  1046    741
  1047    741
  1048    741
  1049    741
  1050    741
  1051    741
  1052    741
  1053    741
  1059    741
  1060    741
  1061    741
  1062    741
  1026    742
  1027    742
  1028    742
  1029    742
  1030    742
  1031    742
  1032    742
  1033    742
  1034    742
  1035    742
  1041    742
  1042    742
  1043    742
  1044    742
  1046    742
  1047    742
  1048    742
  1049    742
  1055    742
  1056    742
  1057    742
  1061    742
  1062    742
  1063    742
  1022    743
  1023    743
  1024    743
  1025    743
  1026    743
  1027    743
  1028    743
  1029    743
  1030    743
  1031    743
  1037    743
  1038    743
  1039    743
  1040    743
  1041    743
  1042    743
  1043    743
  1044    743
  1045    743
  1051    743
  1052    743
  1053    743
  1054    743
  1055    743
  1057    743
  1058    743
  1059    743
  1017    744
  1018    744
  1019    744
  1020    744
  1021    744
  1023    744
  1024    744
  1025    744
  1026    744
  1027    744
  1034    744
  1035    744
  1036    744
  1037    744
  1038    744
  1039    744
  1040    744
  1041    744
  1042    744
  1047    744
  1048    744
  1049    744
  1050    744
  1051    744
  1052    744
  1053    744
  1054    744
  1055    744
  1056    744
  1014    745
  1015    745
  1016    745
  1017    745
  1018    745
  1019    745
  1020    745
  1021    745
  1022    745
  1023    745
  1030    745
  1031    745
  1032    745
  1033    745
  1034    745
  1035    745
  1036    745
  1037    745
  1038    745
  1044    745
  1045    745
  1046    745
  1050    745
  1051    745
  1052    745
  1010    746
  1011    746
  1012    746
  1013    746
  1014    746
  1015    746
  1016    746
  1017    746
  1018    746
  1019    746
  1020    746
  1026    746
  1027    746
  1028    746
  1029    746
  1030    746
  1031    746
  1032    746
  1033    746
  1034    746
  1040    746
  1041    746
  1042    746
  1043    746
  1047    746
  1048    746
  1049    746
  1007    747
  1008    747
  1009    747
  1010    747
  1011    747
  1012    747
  1013    747
  1014    747
  1015    747
  1016    747
  1023    747
  1024    747
  1025    747
  1029    747
  1030    747
  1031    747
  1037    747
  1038    747
  1039    747
  1040    747
  1045    747
  1046    747
  1005    748
  1007    748
  1008    748
  1009    748
  1010    748
  1011    748
  1012    748
  1013    748
  1019    748
  1020    748
  1021    748
  1022    748
  1034    748
  1035    748
  1036    748
  1041    748
  1042    748
  1043    748
  1005    749
  1006    749
  1007    749
  1008    749
  1009    749
  1010    749
  1016    749
  1017    749
  1018    749
  1019    749
  1032    749
  1039    749
  1040    749
  1013    750
  1014    750
  1015    750
  1016    750
  1019    750
  1020    750
  1021    750
  1022    750
  1010    751
  1011    751
  1012    751
  1015    751
  1016    751
  1017    751
  1018    751
  1007    752
  1008    752
  1009    752
  1010    752
  1011    752
  1012    752
  1013    752
  1014    752
  1015    752
  1016    752
   986    753
   987    753
   988    753
   989    753
  1003    753
  1004    753
  1005    753
  1006    753
  1009    753
  1010    753
  1011    753
  1012    753
  1019    753
  1020    753
  1021    753
  1022    753
  1023    753
   983    754
   984    754
   985    754
   986    754
   992    754
   993    754
  1001    754
  1002    754
  1007    754
  1008    754
  1009    754
  1010    754
  1016    754
  1017    754
  1018    754
  1019    754
   980    755
   981    755
   982    755
   988    755
   989    755
   990    755
  1005    755
  1006    755
  1007    755
  1014    755
  1015    755
  1016    755
   977    756
   978    756
   979    756
   980    756
   985    756
   986    756
   987    756
   995    756
   996    756
   997    756
  1001    756
  1002    756
  1003    756
  1004    756
  1011    756
  1012    756
  1013    756
  1014    756
   975    757
   976    757
   977    757
   978    757
   983    757
   984    757
   993    757
   994    757
   995    757
   999    757
  1000    757
  1001    757
  1009    757
  1010    757
  1011    757
  1012    757
  1013    757
  1017    757
  1018    757
   972    758
   973    758
   974    758
   975    758
   980    758
   981    758
   990    758
   991    758
   992    758
   997    758
   998    758
  1006    758
  1007    758
  1008    758
  1009    758
  1010    758
  1015    758
  1016    758
   970    759
   971    759
   972    759
   977    759
   978    759
   979    759
   988    759
   989    759
   995    759
   996    759
  1004    759
  1005    759
  1006    759
  1007    759
  1013    759
  1014    759
   967    760
   968    760
   969    760
   970    760
   971    760
   972    760
   973    760
   975    760
   976    760
   985    760
   986    760
   987    760
  1002    760
  1003    760
  1004    760
  1005    760
  1006    760
   964    761
   965    761
   966    761
   967    761
   968    761
   969    761
   970    761
   971    761
   972    761
   973    761
   974    761
   982    761
   983    761
   984    761
  1000    761
  1001    761
  1002    761
  1003    761
  1004    761
   962    762
   963    762
   964    762
   965    762
   966    762
   967    762
   968    762
   969    762
   970    762
   971    762
   972    762
   980    762
   981    762
   999    762
  1000    762
  1001    762
  1002    762
  1003    762
  1004    762
  1005    762
  1006    762
  1007    762
   960    763
   961    763
   962    763
   964    763
   965    763
   966    763
   968    763
   969    763
   970    763
  1002    763
  1003    763
  1004    763
  1005    763
  1006    763
   966    764
   967    764
   968    764
   976    764
   977    764
  1003    764
  1004    764
   964    765
   965    765
   966    765
   975    765
   973    766
   974    766
   975    766
   976    766
   977    766
   978    766
   979    766
   971    767
   972    767
   973    767
   974    767
   975    767
   976    767
   969    768
   970    768
   971    768
   972    768
   973    768
   974    768
   967    769
   968    769
   969    769
   970    769
   971    769
   972    769
   973    769
   974    769
   975    769
   945    770
   946    770
   947    770
   948    770
   949    770
   950    770
   951    770
   966    770
   967    770
   968    770
   969    770
   970    770
   971    770
   972    770
   973    770
   974    770
   975    770
   944    771
   945    771
   946    771
   947    771
   948    771
   949    771
   950    771
   951    771
   964    771
   965    771
   966    771
   967    771
   968    771
   969    771
   970    771
   971    771
   972    771
   973    771
   974    771
   984    771
   985    771
   986    771
   987    771
   988    771
   989    771
   990    771
   942    772
   943    772
   944    772
   945    772
   946    772
   947    772
   948    772
   949    772
   950    772
   951    772
   963    772
   964    772
   965    772
   966    772
   967    772
   968    772
   969    772
   970    772
   971    772
   972    772
   973    772
   982    772
   983    772
   984    772
   985    772
   986    772
   987    772
   988    772
   989    772
   941    773
   942    773
   943    773
   944    773
   945    773
   946    773
   947    773
   948    773
   949    773
   950    773
   951    773
   952    773
   962    773
   963    773
   964    773
   965    773
   966    773
   967    773
   968    773
   969    773
   970    773
   971    773
   972    773
   981    773
   982    773
   983    773
   984    773
   985    773
   986    773
   987    773
   988    773
   989    773
   990    773
   991    773
   939    774
   940    774
   941    774
   942    774
   943    774
   944    774
   945    774
   946    774
   947    774
   948    774
   949    774
   950    774
   961    774
   962    774
   963    774
   964    774
   965    774
   966    774
   967    774
   968    774
   969    774
   970    774
   971    774
   980    774
   981    774
   982    774
   983    774
   984    774
   985    774
   986    774
   987    774
   988    774
   989    774
   990    774
   991    774
   938    775
   939    775
   940    775
   941    775
   942    775
   943    775
   944    775
   945    775
   946    775
   947    775
   948    775
   949    775
   960    775
   961    775
   962    775
   963    775
   964    775
   965    775
   966    775
   967    775
   968    775
   969    775
   979    775
   980    775
   981    775
   982    775
   983    775
   984    775
   985    775
   986    775
   987    775
   988    775
   989    775
   990    775
   936    776
   937    776
   938    776
   939    776
   940    776
   941    776
   942    776
   943    776
   944    776
   945    776
   946    776
   947    776
   948    776
   949    776
   958    776
   959    776
   960    776
   961    776
   962    776
   963    776
   964    776
   965    776
   966    776
   967    776
   968    776
   977    776
   978    776
   979    776
   980    776
   981    776
   982    776
   983    776
   984    776
   985    776
   986    776
   987    776
   988    776
   989    776
   936    777
   937    777
   938    777
   939    777
   940    777
   941    777
   942    777
   943    777
   944    777
   945    777
   946    777
   947    777
   958    777
   959    777
   960    777
   961    777
   962    777
   963    777
   964    777
   965    777
   966    777
   976    777
   977    777
   978    777
   979    777
   980    777
   981    777
   982    777
   983    777
   984    777
   985    777
   986    777
   987    777
   988    777
   934    778
   935    778
   936    778
   937    778
   938    778
   939    778
   940    778
   941    778
   942    778
   943    778
   944    778
   945    778
   946    778
   956    778
   957    778
   958    778
   959    778
   960    778
   961    778
   962    778
   963    778
   964    778
   965    778
   975    778
   976    778
   977    778
   978    778
   979    778
   980    778
   981    778
   982    778
   983    778
   984    778
   985    778
   986    778
   987    778
   933    779
   934    779
   935    779
   936    779
   937    779
   938    779
   939    779
   940    779
   941    779
   942    779
   943    779
   944    779
   945    779
   955    779
   956    779
   957    779
   958    779
   959    779
   960    779
   961    779
   962    779
   963    779
   964    779
   975    779
   976    779
   977    779
   978    779
   979    779
   980    779
   981    779
   982    779
   983    779
   984    779
   985    779
   986    779
   932    780
   933    780
   934    780
   935    780
   936    780
   937    780
   938    780
   939    780
   940    780
   941    780
   942    780
   943    780
   944    780
   945    780
   954    780
   955    780
   956    780
   957    780
   958    780
   959    780
   960    780
   961    780
   962    780
   963    780
   973    780
   974    780
   975    780
   976    780
   977    780
   978    780
   979    780
   980    780
   981    780
   982    780
   983    780
   984    780
   931    781
   932    781
   933    781
   934    781
   935    781
   936    781
   937    781
   938    781
   939    781
   940    781
   941    781
   942    781
   943    781
   953    781
   954    781
   955    781
   956    781
   957    781
   958    781
   959    781
   960    781
   961    781
   962    781
   973    781
   974    781
   975    781
   976    781
   977    781
   978    781
   979    781
   980    781
   981    781
   982    781
   983    781
   930    782
   931    782
   932    782
   933    782
   934    782
   935    782
   936    782
   937    782
   938    782
   939    782
   940    782
   941    782
   942    782
   952    782
   953    782
   954    782
   955    782
   956    782
   957    782
   958    782
   959    782
   960    782
   961    782
   973    782
   974    782
   975    782
   976    782
   977    782
   978    782
   979    782
   980    782
   981    782
   982    782
   983    782
   930    783
   931    783
   932    783
   933    783
   934    783
   935    783
   936    783
   937    783
   938    783
   939    783
   940    783
   941    783
   951    783
   952    783
   953    783
   954    783
   955    783
   956    783
   957    783
   958    783
   959    783
   974    783
   975    783
   976    783
   977    783
   978    783
   979    783
   980    783
   981    783
   982    783
   950    784
   951    784
   952    784
   953    784
   954    784
   955    784
   956    784
   957    784
   958    784
   959    784
   974    784
   975    784
   976    784
   977    784
   978    784
   979    784
   980    784
   981    784
   982    784
   983    784
   949    785
   950    785
   951    785
   952    785
   953    785
   954    785
   955    785
   956    785
   957    785
   958    785
   949    786
   950    786
   951    786
   952    786
   953    786
   954    786
   955    786
   956    786
   957    786
   948    787
   949    787
   950    787
   951    787
   952    787
   953    787
   954    787
   955    787
   956    787
   957    787
   947    788
   948    788
   949    788
   950    788
   951    788
   952    788
   953    788
   954    788
   955    788
   956    788
   946    789
   947    789
   948    789
   949    789
   950    789
   951    789
   952    789
   953    789
   954    789
   955    789
   945    790
   946    790
   947    790
   948    790
   949    790
   950    790
   951    790
   952    790
   953    790
   954    790
   944    791
   945    791
   946    791
   947    791
   948    791
   949    791
   950    791
   951    791
   952    791
   953    791
   954    791
   944    792
   945    792
   946    792
   947    792
   948    792
   949    792
   950    792
   951    792
   952    792
   953    792
