  1034    740
  1035    740
  1036    740
  1037    740
  1028    741
  1029    741
  1030    741
  1031    741
  1032    741
  1033    741
  1034    741
  1035    741
  1036    741
  1037    741
  1038    741
  1024    742
  1025    742
  1026    742
  1027    742
  1028    742
  1029    742
  1030    742
  1031    742
  1032    742
  1033    742
  1034    742
  1020    743
  1021    743
  1022    743
  1023    743
  1024    743
  1025    743
  1026    743
  1027    743
  1028    743
  1029    743
  1030    743
  1036    743
  1037    743
  1038    743
  1006    744
  1007    744
  1008    744
  1016    744
  1017    744
  1018    744
  1019    744
  1020    744
  1021    744
  1022    744
  1023    744
  1024    744
  1025    744
  1026    744
  1032    744
  1033    744
  1034    744
  1035    744
  1012    745
  1013    745
  1014    745
  1015    745
  1016    745
  1017    745
  1018    745
  1019    745
  1020    745
  1021    745
  1022    745
  1029    745
  1030    745
  1031    745
  1032    745
  1033    745
  1034    745
  1035    745
  1036    745
  1009    746
  1010    746
  1011    746
  1012    746
  1013    746
  1014    746
  1015    746
  1016    746
  1017    746
  1018    746
  1025    746
  1026    746
  1027    746
  1028    746
  1031    746
  1032    746
  1033    746
  1005    747
  1006    747
  1007    747
  1008    747
  1009    747
  1010    747
  1011    747
  1012    747
  1013    747
  1014    747
  1015    747
  1021    747
  1022    747
  1023    747
  1029    747
  1007    748
  1008    748
  1009    748
  1010    748
  1011    748
  1012    748
  1018    748
  1019    748
  1020    748
  1021    748
  1004    749
  1015    749
  1016    749
  1017    749
  1018    749
  1021    749
  1022    749
  1023    749
  1011    750
  1012    750
  1013    750
  1014    750
  1015    750
  1018    750
  1019    750
  1020    750
  1008    751
  1009    751
  1010    751
  1011    751
  1012    751
  1014    751
  1015    751
  1016    751
  1017    751
   989    752
   990    752
   991    752
   992    752
  1005    752
  1006    752
  1007    752
  1008    752
  1012    752
  1013    752
  1014    752
   985    753
   986    753
   987    753
   994    753
   995    753
  1002    753
  1003    753
  1004    753
  1005    753
  1009    753
  1010    753
  1011    753
  1018    753
  1019    753
  1020    753
   982    754
   983    754
   984    754
   990    754
   991    754
   992    754
  1006    754
  1007    754
  1008    754
  1009    754
  1015    754
  1016    754
   979    755
   980    755
   981    755
   986    755
   987    755
   988    755
   996    755
   997    755
   998    755
  1004    755
  1005    755
  1012    755
  1013    755
  1014    755
   976    756
   977    756
   978    756
   983    756
   984    756
   985    756
   986    756
   994    756
   995    756
   996    756
  1001    756
  1002    756
  1003    756
  1010    756
  1011    756
  1012    756
   974    757
   975    757
   976    757
   980    757
   981    757
   982    757
   983    757
   992    757
   993    757
   998    757
   999    757
  1007    757
  1008    757
  1009    757
  1010    757
   970    758
   971    758
   972    758
   973    758
   977    758
   978    758
   979    758
   980    758
   989    758
   990    758
  1005    758
  1006    758
  1007    758
   968    759
   969    759
   970    759
   971    759
   972    759
   973    759
   975    759
   976    759
   977    759
   986    759
   987    759
   988    759
  1003    759
  1004    759
  1005    759
  1006    759
   966    760
   967    760
   968    760
   969    760
   970    760
   971    760
   974    760
   975    760
   984    760
   985    760
  1001    760
  1002    760
  1003    760
  1004    760
  1005    760
  1006    760
  1007    760
   963    761
   964    761
   965    761
   966    761
   967    761
   968    761
   969    761
   972    761
   973    761
   981    761
   982    761
   999    761
  1000    761
  1001    761
  1003    761
  1004    761
  1005    761
  1006    761
  1007    761
   961    762
   962    762
   963    762
   964    762
   965    762
   966    762
   967    762
   968    762
   969    762
   970    762
   971    762
   979    762
   980    762
   998    762
   999    762
  1000    762
   959    763
   960    763
   961    763
   962    763
   963    763
   964    763
   965    763
   966    763
   967    763
   968    763
   969    763
   977    763
   978    763
   996    763
   997    763
   964    764
   965    764
   966    764
   967    764
   973    765
   974    765
   971    766
   972    766
   973    766
   974    766
   975    766
   976    766
   969    767
   970    767
   971    767
   972    767
   973    767
   974    767
   975    767
   968    768
   969    768
   970    768
   971    768
   972    768
   973    768
   974    768
   966    769
   967    769
   968    769
   969    769
   970    769
   971    769
   972    769
   973    769
   974    769
   944    770
   945    770
   946    770
   947    770
   948    770
   949    770
   950    770
   965    770
   966    770
   967    770
   968    770
   969    770
   970    770
   971    770
   972    770
   973    770
   974    770
   943    771
   944    771
   945    771
   946    771
   947    771
   948    771
   949    771
   950    771
   963    771
   964    771
   965    771
   966    771
   967    771
   968    771
   969    771
   970    771
   971    771
   972    771
   982    771
   983    771
   984    771
   985    771
   986    771
   987    771
   941    772
   942    772
   943    772
   944    772
   945    772
   946    772
   947    772
   948    772
   949    772
   950    772
   963    772
   964    772
   965    772
   966    772
   967    772
   968    772
   969    772
   970    772
   971    772
   981    772
   982    772
   983    772
   984    772
   985    772
   986    772
   987    772
   940    773
   941    773
   942    773
   943    773
   944    773
   945    773
   946    773
   947    773
   948    773
   949    773
   950    773
   951    773
   962    773
   963    773
   964    773
   965    773
   966    773
   967    773
   968    773
   969    773
   970    773
   980    773
   981    773
   982    773
   983    773
   984    773
   985    773
   986    773
   987    773
   988    773
   939    774
   940    774
   941    774
   942    774
   943    774
   944    774
   945    774
   946    774
   947    774
   948    774
   949    774
   950    774
   960    774
   961    774
   962    774
   963    774
   964    774
   965    774
   966    774
   967    774
   968    774
   969    774
   979    774
   980    774
   981    774
   982    774
   983    774
   984    774
   985    774
   986    774
   937    775
   938    775
   939    775
   940    775
   941    775
   942    775
   943    775
   944    775
   945    775
   946    775
   947    775
   948    775
   959    775
   960    775
   961    775
   962    775
   963    775
   964    775
   965    775
   966    775
   967    775
   968    775
   978    775
   979    775
   980    775
   981    775
   982    775
   983    775
   984    775
   985    775
   986    775
   936    776
   937    776
   938    776
   939    776
   940    776
   941    776
   942    776
   943    776
   944    776
   945    776
   946    776
   947    776
   957    776
   958    776
   959    776
   960    776
   961    776
   962    776
   963    776
   964    776
   965    776
   966    776
   967    776
   976    776
   977    776
   978    776
   979    776
   980    776
   981    776
   982    776
   983    776
   935    777
   936    777
   937    777
   938    777
   939    777
   940    777
   941    777
   942    777
   943    777
   944    777
   945    777
   946    777
   947    777
   956    777
   957    777
   958    777
   959    777
   960    777
   961    777
   962    777
   963    777
   964    777
   965    777
   976    777
   977    777
   978    777
   979    777
   980    777
   981    777
   982    777
   934    778
   935    778
   936    778
   937    778
   938    778
   939    778
   940    778
   941    778
   942    778
   943    778
   944    778
   945    778
   956    778
   957    778
   958    778
   959    778
   960    778
   961    778
   962    778
   963    778
   964    778
   975    778
   976    778
   977    778
   932    779
   933    779
   934    779
   935    779
   936    779
   937    779
   938    779
   939    779
   940    779
   941    779
   942    779
   943    779
   944    779
   954    779
   955    779
   956    779
   957    779
   958    779
   959    779
   960    779
   961    779
   962    779
   963    779
   964    779
   974    779
   975    779
   976    779
   931    780
   932    780
   933    780
   934    780
   935    780
   936    780
   937    780
   938    780
   939    780
   940    780
   941    780
   942    780
   943    780
   944    780
   953    780
   954    780
   955    780
   956    780
   957    780
   958    780
   959    780
   960    780
   961    780
   962    780
   930    781
   931    781
   932    781
   933    781
   934    781
   935    781
   936    781
   937    781
   938    781
   939    781
   940    781
   941    781
   952    781
   953    781
   954    781
   955    781
   956    781
   957    781
   958    781
   959    781
   960    781
   961    781
   929    782
   930    782
   931    782
   932    782
   933    782
   934    782
   935    782
   936    782
   937    782
   938    782
   939    782
   951    782
   952    782
   953    782
   954    782
   955    782
   956    782
   957    782
   958    782
   959    782
   960    782
   961    782
   930    783
   936    783
   937    783
   938    783
   939    783
   950    783
   951    783
   952    783
   953    783
   954    783
   955    783
   956    783
   957    783
   958    783
   959    783
   949    784
   950    784
   951    784
   952    784
   953    784
   954    784
   955    784
   956    784
   957    784
   958    784
   959    784
   948    785
   949    785
   950    785
   951    785
   952    785
   953    785
   954    785
   955    785
   956    785
   957    785
   948    786
   949    786
   950    786
   951    786
   952    786
   953    786
   954    786
   955    786
   956    786
   957    786
   947    787
   948    787
   949    787
   950    787
   951    787
   952    787
   953    787
   954    787
   955    787
   956    787
   946    788
   947    788
   948    788
   949    788
   950    788
   951    788
   952    788
   953    788
   954    788
   955    788
   956    788
   945    789
   946    789
   947    789
   948    789
   949    789
   950    789
   951    789
   952    789
   953    789
   954    789
   955    789
   944    790
   945    790
   946    790
   947    790
   948    790
   949    790
   950    790
   951    790
   952    790
   953    790
   954    790
   943    791
   944    791
   945    791
   946    791
   947    791
   948    791
   949    791
   950    791
   951    791
   952    791
   953    791
   943    792
   944    792
   945    792
   946    792
   947    792
   948    792
   949    792
   950    792
   951    792
   952    792
