  1226    713
  1227    713
  1228    713
  1229    713
  1230    713
  1231    713
  1232    713
  1240    713
  1241    713
  1242    713
  1243    713
  1260    713
  1261    713
  1262    713
  1210    714
  1211    714
  1212    714
  1213    714
  1214    714
  1215    714
  1216    714
  1217    714
  1218    714
  1226    714
  1227    714
  1228    714
  1229    714
  1230    714
  1231    714
  1234    714
  1235    714
  1236    714
  1190    715
  1191    715
  1192    715
  1193    715
  1194    715
  1199    715
  1200    715
  1201    715
  1202    715
  1203    715
  1204    715
  1205    715
  1206    715
  1207    715
  1208    715
  1209    715
  1210    715
  1211    715
  1212    715
  1213    715
  1214    715
  1182    716
  1183    716
  1184    716
  1185    716
  1186    716
  1187    716
  1188    716
  1189    716
  1190    716
  1191    716
  1192    716
  1193    716
  1194    716
  1195    716
  1196    716
  1197    716
  1198    716
  1199    716
  1200    716
  1201    716
  1202    716
  1203    716
  1204    716
  1205    716
  1206    716
  1207    716
  1208    716
  1209    716
  1210    716
  1211    716
  1212    716
  1161    717
  1165    717
  1166    717
  1167    717
  1168    717
  1169    717
  1170    717
  1171    717
  1172    717
  1173    717
  1174    717
  1175    717
  1176    717
  1177    717
  1178    717
  1179    717
  1180    717
  1181    717
  1182    717
  1206    717
  1207    717
  1208    717
  1209    717
  1210    717
  1211    717
  1212    717
  1213    717
  1149    718
  1150    718
  1151    718
  1166    718
  1167    718
  1168    718
  1169    718
  1170    718
  1171    718
  1172    718
  1173    718
  1184    718
  1185    718
  1186    718
  1187    718
  1188    718
  1189    718
  1190    718
  1191    718
  1192    718
  1193    718
  1194    718
  1195    718
  1196    718
  1197    718
  1198    718
  1199    718
  1210    718
  1211    718
  1212    718
  1152    719
  1153    719
  1154    719
  1155    719
  1156    719
  1157    719
  1158    719
  1173    719
  1174    719
  1175    719
  1176    719
  1177    719
  1178    719
  1179    719
  1180    719
  1181    719
  1182    719
  1183    719
  1184    719
  1185    719
  1186    719
  1187    719
  1188    719
  1189    719
  1190    719
  1191    719
  1192    719
  1193    719
  1206    719
  1138    720
  1139    720
  1140    720
  1141    720
  1142    720
  1143    720
  1144    720
  1162    720
  1163    720
  1164    720
  1165    720
  1166    720
  1167    720
  1168    720
  1169    720
  1170    720
  1171    720
  1174    720
  1175    720
  1176    720
  1177    720
  1178    720
  1179    720
  1180    720
  1181    720
  1182    720
  1183    720
  1184    720
  1185    720
  1186    720
  1187    720
  1188    720
  1189    720
  1193    720
  1194    720
  1195    720
  1154    721
  1155    721
  1156    721
  1157    721
  1158    721
  1159    721
  1172    721
  1173    721
  1174    721
  1179    721
  1180    721
  1181    721
  1185    721
  1186    721
  1187    721
  1188    721
  1189    721
  1190    721
  1154    722
  1155    722
  1156    722
  1157    722
  1158    722
  1159    722
  1160    722
  1161    722
  1162    722
  1166    722
  1167    722
  1173    722
  1174    722
  1175    722
  1176    722
  1177    722
  1178    722
  1179    722
  1137    723
  1138    723
  1139    723
  1140    723
  1141    723
  1142    723
  1149    723
  1150    723
  1151    723
  1152    723
  1153    723
  1154    723
  1155    723
  1156    723
  1157    723
  1158    723
  1159    723
  1130    724
  1131    724
  1132    724
  1133    724
  1134    724
  1135    724
  1136    724
  1139    724
  1140    724
  1141    724
  1142    724
  1143    724
  1144    724
  1147    724
  1148    724
  1149    724
  1150    724
  1151    724
  1152    724
  1153    724
  1154    724
  1155    724
  1156    724
  1157    724
  1158    724
  1159    724
  1123    725
  1124    725
  1125    725
  1126    725
  1127    725
  1128    725
  1129    725
  1130    725
  1131    725
  1132    725
  1133    725
  1134    725
  1135    725
  1136    725
  1137    725
  1138    725
  1139    725
  1140    725
  1141    725
  1142    725
  1143    725
  1144    725
  1145    725
  1146    725
  1147    725
  1155    725
  1156    725
  1157    725
  1115    726
  1116    726
  1117    726
  1118    726
  1119    726
  1120    726
  1121    726
  1122    726
  1123    726
  1124    726
  1125    726
  1126    726
  1127    726
  1128    726
  1129    726
  1130    726
  1131    726
  1132    726
  1133    726
  1134    726
  1135    726
  1136    726
  1137    726
  1138    726
  1139    726
  1140    726
  1148    726
  1149    726
  1109    727
  1110    727
  1111    727
  1112    727
  1117    727
  1118    727
  1119    727
  1120    727
  1121    727
  1122    727
  1123    727
  1124    727
  1125    727
  1126    727
  1127    727
  1128    727
  1129    727
  1132    727
  1133    727
  1134    727
  1135    727
  1136    727
  1101    728
  1102    728
  1103    728
  1104    728
  1105    728
  1106    728
  1107    728
  1108    728
  1109    728
  1110    728
  1111    728
  1112    728
  1115    728
  1116    728
  1117    728
  1122    728
  1123    728
  1124    728
  1125    728
  1126    728
  1127    728
  1128    728
  1129    728
  1130    728
  1102    729
  1103    729
  1104    729
  1105    729
  1106    729
  1111    729
  1112    729
  1118    729
  1119    729
  1131    729
  1103    730
  1104    730
  1105    730
  1106    730
  1107    730
  1108    730
  1109    730
  1110    730
  1111    730
  1112    730
  1085    731
  1086    731
  1087    731
  1088    731
  1089    731
  1090    731
  1098    731
  1099    731
  1100    731
  1101    731
  1102    731
  1103    731
  1104    731
  1105    731
  1106    731
  1079    732
  1080    732
  1081    732
  1082    732
  1083    732
  1085    732
  1086    732
  1087    732
  1088    732
  1092    732
  1093    732
  1094    732
  1097    732
  1098    732
  1099    732
  1100    732
  1101    732
  1106    732
  1107    732
  1108    732
  1074    733
  1075    733
  1076    733
  1077    733
  1078    733
  1079    733
  1080    733
  1081    733
  1082    733
  1088    733
  1089    733
  1090    733
  1091    733
  1092    733
  1093    733
  1094    733
  1095    733
  1096    733
  1101    733
  1102    733
  1103    733
  1107    733
  1108    733
  1109    733
  1110    733
  1069    734
  1070    734
  1071    734
  1072    734
  1073    734
  1074    734
  1075    734
  1076    734
  1077    734
  1078    734
  1083    734
  1084    734
  1085    734
  1086    734
  1087    734
  1088    734
  1089    734
  1090    734
  1096    734
  1097    734
  1098    734
  1099    734
  1101    734
  1102    734
  1103    734
  1104    734
  1064    735
  1065    735
  1066    735
  1067    735
  1068    735
  1069    735
  1070    735
  1071    735
  1072    735
  1073    735
  1079    735
  1080    735
  1081    735
  1082    735
  1083    735
  1084    735
  1085    735
  1091    735
  1092    735
  1093    735
  1094    735
  1097    735
  1098    735
  1099    735
  1100    735
  1060    736
  1061    736
  1062    736
  1063    736
  1064    736
  1065    736
  1066    736
  1067    736
  1068    736
  1069    736
  1074    736
  1075    736
  1076    736
  1078    736
  1079    736
  1080    736
  1081    736
  1082    736
  1087    736
  1088    736
  1089    736
  1094    736
  1095    736
  1096    736
  1054    737
  1055    737
  1056    737
  1057    737
  1058    737
  1059    737
  1060    737
  1061    737
  1062    737
  1063    737
  1064    737
  1069    737
  1070    737
  1071    737
  1072    737
  1083    737
  1084    737
  1085    737
  1090    737
  1091    737
  1050    738
  1051    738
  1052    738
  1053    738
  1054    738
  1055    738
  1056    738
  1057    738
  1058    738
  1059    738
  1060    738
  1065    738
  1066    738
  1067    738
  1068    738
  1069    738
  1070    738
  1071    738
  1072    738
  1073    738
  1079    738
  1080    738
  1081    738
  1082    738
  1086    738
  1087    738
  1061    739
  1062    739
  1063    739
  1064    739
  1065    739
  1066    739
  1067    739
  1068    739
  1069    739
  1079    739
  1080    739
  1081    739
  1082    739
  1083    739
  1057    740
  1058    740
  1059    740
  1060    740
  1061    740
  1062    740
  1063    740
  1064    740
  1052    741
  1053    741
  1054    741
  1055    741
  1056    741
  1057    741
  1058    741
  1059    741
  1060    741
  1061    741
  1034    742
  1035    742
  1036    742
  1037    742
  1038    742
  1041    742
  1042    742
  1043    742
  1044    742
  1049    742
  1050    742
  1051    742
  1052    742
  1053    742
  1054    742
  1055    742
  1056    742
  1057    742
  1063    742
  1064    742
  1065    742
  1030    743
  1031    743
  1032    743
  1033    743
  1034    743
  1035    743
  1036    743
  1037    743
  1038    743
  1039    743
  1045    743
  1046    743
  1047    743
  1048    743
  1049    743
  1050    743
  1051    743
  1052    743
  1053    743
  1059    743
  1060    743
  1061    743
  1062    743
  1025    744
  1026    744
  1027    744
  1028    744
  1029    744
  1030    744
  1031    744
  1032    744
  1033    744
  1034    744
  1035    744
  1041    744
  1042    744
  1043    744
  1044    744
  1045    744
  1047    744
  1048    744
  1049    744
  1050    744
  1056    744
  1057    744
  1058    744
  1062    744
  1063    744
  1064    744
  1065    744
  1022    745
  1023    745
  1024    745
  1025    745
  1026    745
  1027    745
  1028    745
  1029    745
  1030    745
  1031    745
  1038    745
  1039    745
  1040    745
  1041    745
  1042    745
  1043    745
  1044    745
  1045    745
  1046    745
  1047    745
  1052    745
  1053    745
  1054    745
  1055    745
  1056    745
  1058    745
  1059    745
  1060    745
  1018    746
  1019    746
  1020    746
  1021    746
  1022    746
  1023    746
  1024    746
  1025    746
  1026    746
  1027    746
  1028    746
  1034    746
  1035    746
  1036    746
  1037    746
  1038    746
  1039    746
  1040    746
  1041    746
  1042    746
  1043    746
  1048    746
  1049    746
  1050    746
  1051    746
  1052    746
  1053    746
  1054    746
  1055    746
  1056    746
  1057    746
  1015    747
  1016    747
  1017    747
  1018    747
  1020    747
  1021    747
  1022    747
  1023    747
  1024    747
  1031    747
  1032    747
  1033    747
  1034    747
  1036    747
  1037    747
  1038    747
  1039    747
  1040    747
  1045    747
  1046    747
  1047    747
  1048    747
  1052    747
  1053    747
  1054    747
  1055    747
  1011    748
  1012    748
  1013    748
  1014    748
  1015    748
  1016    748
  1017    748
  1018    748
  1019    748
  1020    748
  1021    748
  1028    748
  1029    748
  1030    748
  1034    748
  1035    748
  1036    748
  1042    748
  1043    748
  1044    748
  1045    748
  1048    748
  1049    748
  1050    748
  1051    748
  1008    749
  1009    749
  1010    749
  1011    749
  1012    749
  1013    749
  1014    749
  1015    749
  1016    749
  1017    749
  1018    749
  1024    749
  1025    749
  1026    749
  1027    749
  1032    749
  1033    749
  1039    749
  1040    749
  1041    749
  1042    749
  1046    749
  1047    749
  1048    749
  1010    750
  1011    750
  1012    750
  1013    750
  1014    750
  1015    750
  1022    750
  1023    750
  1024    750
  1029    750
  1030    750
  1036    750
  1037    750
  1038    750
  1039    750
  1043    750
  1044    750
  1045    750
  1018    751
  1019    751
  1020    751
  1021    751
  1022    751
  1023    751
  1024    751
  1025    751
  1026    751
  1037    751
  1038    751
  1039    751
  1040    751
  1041    751
  1042    751
  1014    752
  1015    752
  1016    752
  1017    752
  1018    752
  1019    752
  1021    752
  1022    752
  1023    752
  1024    752
  1012    753
  1013    753
  1014    753
  1015    753
  1017    753
  1018    753
  1019    753
  1020    753
  1021    753
  1009    754
  1010    754
  1011    754
  1012    754
  1015    754
  1016    754
  1017    754
   988    755
   989    755
   990    755
  1006    755
  1007    755
  1008    755
  1009    755
  1012    755
  1013    755
  1014    755
  1015    755
  1022    755
  1023    755
  1024    755
  1025    755
   986    756
   987    756
   994    756
   995    756
   996    756
  1004    756
  1005    756
  1006    756
  1010    756
  1011    756
  1012    756
  1019    756
  1020    756
  1021    756
   982    757
   983    757
   984    757
   985    757
   986    757
   990    757
   991    757
   992    757
  1001    757
  1002    757
  1006    757
  1007    757
  1008    757
  1009    757
  1017    757
  1018    757
  1019    757
  1020    757
  1026    757
   979    758
   980    758
   981    758
   982    758
   983    758
   984    758
   987    758
   988    758
   989    758
  1004    758
  1005    758
  1006    758
  1014    758
  1015    758
  1016    758
  1017    758
  1018    758
  1019    758
  1020    758
  1021    758
  1022    758
  1023    758
  1024    758
   977    759
   978    759
   979    759
   980    759
   981    759
   984    759
   985    759
   986    759
   987    759
  1003    759
  1012    759
  1013    759
  1014    759
  1015    759
  1016    759
  1017    759
  1020    759
  1021    759
   974    760
   975    760
   976    760
   977    760
   979    760
   980    760
   981    760
   982    760
   983    760
   984    760
   993    760
   994    760
  1000    760
  1001    760
  1010    760
  1011    760
  1012    760
  1013    760
  1014    760
  1015    760
  1018    760
  1019    760
  1020    760
   972    761
   973    761
   974    761
   975    761
   976    761
   977    761
   978    761
   979    761
   980    761
   981    761
   998    761
   999    761
  1007    761
  1008    761
  1009    761
  1010    761
  1011    761
  1012    761
  1013    761
  1015    761
  1016    761
  1017    761
   970    762
   971    762
   972    762
   973    762
   974    762
   975    762
   976    762
   977    762
   978    762
   979    762
   995    762
   996    762
   997    762
  1006    762
  1007    762
  1008    762
  1009    762
  1010    762
  1011    762
  1012    762
  1013    762
  1014    762
  1015    762
  1016    762
   967    763
   968    763
   969    763
   970    763
   971    763
   972    763
   973    763
   974    763
   975    763
   976    763
   977    763
   993    763
   994    763
   995    763
  1004    763
  1005    763
  1006    763
  1007    763
  1008    763
  1009    763
  1010    763
  1011    763
  1012    763
  1013    763
   964    764
   965    764
   966    764
   967    764
   968    764
   969    764
   970    764
   971    764
   972    764
   973    764
   974    764
   975    764
   983    764
   984    764
  1003    764
  1004    764
  1005    764
  1006    764
  1007    764
  1008    764
  1009    764
  1010    764
  1011    764
   962    765
   963    765
   964    765
   965    765
   966    765
   967    765
   968    765
   969    765
   970    765
   971    765
   972    765
   973    765
   980    765
   981    765
   982    765
   983    765
   984    765
  1001    765
  1002    765
  1003    765
  1004    765
  1005    765
  1006    765
  1007    765
  1008    765
  1009    765
  1010    765
   960    766
   961    766
   962    766
   963    766
   964    766
   965    766
   966    766
   967    766
   968    766
   969    766
   970    766
   971    766
   980    766
   981    766
   982    766
   983    766
   984    766
  1002    766
  1003    766
  1004    766
  1005    766
  1006    766
  1007    766
  1008    766
   962    767
   963    767
   964    767
   965    767
   966    767
   967    767
   968    767
   969    767
   978    767
   979    767
   980    767
   981    767
   982    767
   983    767
  1003    767
  1004    767
  1005    767
  1006    767
  1007    767
   976    768
   977    768
   978    768
   979    768
   980    768
   981    768
   982    768
   983    768
  1004    768
  1005    768
   974    769
   975    769
   976    769
   977    769
   978    769
   979    769
   980    769
   981    769
   982    769
   972    770
   973    770
   974    770
   975    770
   976    770
   977    770
   978    770
   979    770
   980    770
   981    770
   971    771
   972    771
   973    771
   974    771
   975    771
   976    771
   977    771
   979    771
   980    771
   969    772
   970    772
   971    772
   972    772
   973    772
   974    772
   975    772
   976    772
   946    773
   947    773
   948    773
   949    773
   950    773
   951    773
   952    773
   967    773
   968    773
   969    773
   970    773
   971    773
   972    773
   973    773
   974    773
   975    773
   976    773
   945    774
   946    774
   947    774
   948    774
   949    774
   950    774
   951    774
   952    774
   966    774
   967    774
   968    774
   969    774
   970    774
   971    774
   972    774
   973    774
   974    774
   986    774
   987    774
   988    774
   989    774
   990    774
   991    774
   992    774
   993    774
   994    774
   995    774
   944    775
   945    775
   946    775
   947    775
   948    775
   949    775
   950    775
   951    775
   952    775
   965    775
   966    775
   967    775
   968    775
   969    775
   970    775
   971    775
   972    775
   973    775
   974    775
   975    775
   984    775
   985    775
   986    775
   987    775
   988    775
   989    775
   990    775
   991    775
   992    775
   942    776
   943    776
   944    776
   945    776
   946    776
   947    776
   948    776
   949    776
   950    776
   951    776
   952    776
   964    776
   965    776
   966    776
   967    776
   968    776
   969    776
   970    776
   971    776
   972    776
   973    776
   983    776
   984    776
   985    776
   986    776
   987    776
   988    776
   989    776
   990    776
   991    776
   992    776
   940    777
   941    777
   942    777
   943    777
   944    777
   945    777
   946    777
   947    777
   948    777
   949    777
   950    777
   951    777
   963    777
   964    777
   965    777
   966    777
   967    777
   968    777
   969    777
   970    777
   971    777
   981    777
   982    777
   983    777
   984    777
   985    777
   986    777
   987    777
   988    777
   989    777
   990    777
   991    777
   992    777
   939    778
   940    778
   941    778
   942    778
   943    778
   944    778
   945    778
   946    778
   947    778
   948    778
   949    778
   950    778
   951    778
   962    778
   963    778
   964    778
   965    778
   966    778
   967    778
   968    778
   969    778
   970    778
   981    778
   982    778
   983    778
   984    778
   985    778
   986    778
   987    778
   988    778
   989    778
   990    778
   991    778
   992    778
   938    779
   939    779
   940    779
   941    779
   942    779
   943    779
   944    779
   945    779
   946    779
   947    779
   948    779
   949    779
   950    779
   961    779
   962    779
   963    779
   964    779
   965    779
   966    779
   967    779
   968    779
   969    779
   980    779
   981    779
   982    779
   983    779
   984    779
   985    779
   986    779
   987    779
   988    779
   989    779
   990    779
   991    779
   992    779
   937    780
   938    780
   939    780
   940    780
   941    780
   942    780
   943    780
   944    780
   945    780
   946    780
   947    780
   948    780
   949    780
   960    780
   961    780
   962    780
   963    780
   964    780
   965    780
   966    780
   967    780
   968    780
   979    780
   980    780
   981    780
   982    780
   983    780
   984    780
   985    780
   986    780
   987    780
   988    780
   989    780
   990    780
   991    780
   992    780
   936    781
   937    781
   938    781
   939    781
   940    781
   941    781
   942    781
   943    781
   944    781
   945    781
   946    781
   947    781
   948    781
   958    781
   959    781
   960    781
   961    781
   962    781
   963    781
   964    781
   965    781
   966    781
   967    781
   978    781
   979    781
   980    781
   981    781
   982    781
   983    781
   984    781
   985    781
   986    781
   987    781
   988    781
   989    781
   990    781
   991    781
   935    782
   936    782
   937    782
   938    782
   939    782
   940    782
   941    782
   942    782
   943    782
   944    782
   945    782
   946    782
   947    782
   957    782
   958    782
   959    782
   960    782
   961    782
   962    782
   963    782
   964    782
   965    782
   966    782
   967    782
   978    782
   979    782
   980    782
   981    782
   982    782
   983    782
   984    782
   985    782
   986    782
   987    782
   988    782
   989    782
   990    782
   934    783
   935    783
   936    783
   937    783
   938    783
   939    783
   940    783
   941    783
   942    783
   943    783
   944    783
   945    783
   956    783
   957    783
   958    783
   959    783
   960    783
   961    783
   962    783
   963    783
   964    783
   965    783
   966    783
   967    783
   977    783
   978    783
   979    783
   980    783
   981    783
   982    783
   983    783
   984    783
   985    783
   986    783
   987    783
   988    783
   933    784
   934    784
   935    784
   936    784
   937    784
   938    784
   939    784
   940    784
   941    784
   942    784
   943    784
   944    784
   955    784
   956    784
   957    784
   958    784
   959    784
   960    784
   961    784
   962    784
   963    784
   964    784
   965    784
   976    784
   977    784
   978    784
   979    784
   980    784
   981    784
   982    784
   983    784
   984    784
   985    784
   986    784
   987    784
   932    785
   933    785
   934    785
   935    785
   936    785
   937    785
   938    785
   939    785
   940    785
   941    785
   942    785
   943    785
   954    785
   955    785
   956    785
   957    785
   958    785
   959    785
   960    785
   961    785
   962    785
   963    785
   964    785
   975    785
   976    785
   977    785
   978    785
   979    785
   980    785
   981    785
   982    785
   983    785
   984    785
   985    785
   986    785
   931    786
   933    786
   934    786
   935    786
   936    786
   937    786
   938    786
   939    786
   940    786
   941    786
   942    786
   943    786
   954    786
   955    786
   956    786
   957    786
   958    786
   959    786
   960    786
   961    786
   962    786
   963    786
   976    786
   977    786
   978    786
   979    786
   980    786
   981    786
   982    786
   983    786
   984    786
   985    786
   986    786
   987    786
   932    787
   935    787
   936    787
   937    787
   938    787
   939    787
   940    787
   941    787
   942    787
   953    787
   954    787
   955    787
   956    787
   957    787
   958    787
   959    787
   960    787
   961    787
   962    787
   976    787
   977    787
   978    787
   979    787
   980    787
   981    787
   982    787
   983    787
   984    787
   985    787
   986    787
   952    788
   953    788
   954    788
   955    788
   956    788
   957    788
   958    788
   959    788
   960    788
   961    788
   962    788
   963    788
   951    789
   952    789
   953    789
   954    789
   955    789
   956    789
   957    789
   958    789
   959    789
   960    789
   950    790
   951    790
   952    790
   953    790
   954    790
   955    790
   956    790
   957    790
   958    790
   959    790
   960    790
   949    791
   950    791
   951    791
   952    791
   953    791
   954    791
   955    791
   956    791
   957    791
   958    791
   959    791
   949    792
   950    792
   951    792
   952    792
   953    792
   954    792
   955    792
   956    792
   957    792
   958    792
   959    792
