  1220    713
  1221    713
  1222    713
  1228    713
  1229    713
  1232    713
  1233    713
  1198    714
  1199    714
  1200    714
  1201    714
  1202    714
  1203    714
  1204    714
  1205    714
  1206    714
  1207    714
  1208    714
  1209    714
  1210    714
  1211    714
  1212    714
  1213    714
  1226    714
  1227    714
  1228    714
  1229    714
  1230    714
  1181    715
  1182    715
  1183    715
  1184    715
  1185    715
  1186    715
  1187    715
  1188    715
  1189    715
  1190    715
  1191    715
  1192    715
  1203    715
  1204    715
  1205    715
  1206    715
  1207    715
  1208    715
  1236    715
  1237    715
  1176    716
  1177    716
  1178    716
  1179    716
  1180    716
  1181    716
  1182    716
  1183    716
  1184    716
  1185    716
  1186    716
  1187    716
  1188    716
  1203    716
  1204    716
  1205    716
  1206    716
  1207    716
  1226    716
  1227    716
  1149    717
  1150    717
  1151    717
  1152    717
  1153    717
  1154    717
  1155    717
  1156    717
  1157    717
  1158    717
  1159    717
  1160    717
  1161    717
  1162    717
  1163    717
  1164    717
  1165    717
  1166    717
  1167    717
  1168    717
  1169    717
  1170    717
  1171    717
  1172    717
  1173    717
  1174    717
  1175    717
  1176    717
  1177    717
  1178    717
  1198    717
  1199    717
  1200    717
  1201    717
  1202    717
  1203    717
  1206    717
  1207    717
  1208    717
  1137    718
  1152    718
  1153    718
  1154    718
  1155    718
  1156    718
  1157    718
  1158    718
  1159    718
  1160    718
  1161    718
  1162    718
  1163    718
  1164    718
  1165    718
  1166    718
  1177    718
  1178    718
  1179    718
  1180    718
  1181    718
  1182    718
  1183    718
  1184    718
  1185    718
  1186    718
  1187    718
  1188    718
  1189    718
  1190    718
  1191    718
  1192    718
  1193    718
  1194    718
  1195    718
  1205    718
  1206    718
  1207    718
  1208    718
  1146    719
  1147    719
  1148    719
  1149    719
  1150    719
  1151    719
  1166    719
  1167    719
  1168    719
  1169    719
  1170    719
  1171    719
  1172    719
  1173    719
  1174    719
  1175    719
  1176    719
  1177    719
  1178    719
  1179    719
  1180    719
  1181    719
  1182    719
  1183    719
  1184    719
  1185    719
  1186    719
  1187    719
  1188    719
  1189    719
  1190    719
  1196    719
  1197    719
  1198    719
  1199    719
  1128    720
  1129    720
  1130    720
  1131    720
  1132    720
  1154    720
  1155    720
  1156    720
  1157    720
  1158    720
  1159    720
  1169    720
  1170    720
  1171    720
  1172    720
  1173    720
  1174    720
  1175    720
  1176    720
  1177    720
  1178    720
  1179    720
  1180    720
  1188    720
  1189    720
  1190    720
  1151    721
  1152    721
  1153    721
  1154    721
  1155    721
  1156    721
  1157    721
  1167    721
  1168    721
  1169    721
  1170    721
  1175    721
  1176    721
  1177    721
  1178    721
  1179    721
  1180    721
  1181    721
  1150    722
  1151    722
  1152    722
  1153    722
  1154    722
  1155    722
  1156    722
  1130    723
  1131    723
  1132    723
  1133    723
  1134    723
  1135    723
  1136    723
  1138    723
  1139    723
  1140    723
  1143    723
  1144    723
  1145    723
  1146    723
  1149    723
  1150    723
  1151    723
  1152    723
  1153    723
  1154    723
  1155    723
  1156    723
  1157    723
  1123    724
  1124    724
  1125    724
  1126    724
  1127    724
  1128    724
  1129    724
  1130    724
  1131    724
  1132    724
  1133    724
  1134    724
  1135    724
  1136    724
  1137    724
  1138    724
  1139    724
  1140    724
  1141    724
  1142    724
  1143    724
  1144    724
  1145    724
  1146    724
  1147    724
  1116    725
  1117    725
  1118    725
  1119    725
  1120    725
  1121    725
  1122    725
  1123    725
  1124    725
  1125    725
  1126    725
  1127    725
  1128    725
  1129    725
  1130    725
  1131    725
  1132    725
  1133    725
  1134    725
  1135    725
  1136    725
  1137    725
  1138    725
  1139    725
  1140    725
  1141    725
  1148    725
  1149    725
  1150    725
  1108    726
  1109    726
  1110    726
  1111    726
  1112    726
  1116    726
  1117    726
  1118    726
  1119    726
  1120    726
  1121    726
  1122    726
  1123    726
  1124    726
  1125    726
  1126    726
  1127    726
  1128    726
  1129    726
  1130    726
  1131    726
  1132    726
  1133    726
  1134    726
  1135    726
  1136    726
  1142    726
  1143    726
  1144    726
  1101    727
  1102    727
  1103    727
  1104    727
  1105    727
  1106    727
  1107    727
  1108    727
  1109    727
  1110    727
  1111    727
  1115    727
  1116    727
  1120    727
  1121    727
  1122    727
  1123    727
  1124    727
  1125    727
  1126    727
  1127    727
  1128    727
  1129    727
  1130    727
  1131    727
  1134    727
  1135    727
  1136    727
  1137    727
  1098    728
  1099    728
  1100    728
  1101    728
  1102    728
  1103    728
  1104    728
  1105    728
  1106    728
  1109    728
  1110    728
  1111    728
  1121    728
  1122    728
  1123    728
  1129    728
  1130    728
  1131    728
  1102    729
  1103    729
  1104    729
  1105    729
  1106    729
  1107    729
  1108    729
  1109    729
  1110    729
  1111    729
  1112    729
  1120    729
  1121    729
  1122    729
  1123    729
  1124    729
  1096    730
  1097    730
  1098    730
  1099    730
  1100    730
  1101    730
  1102    730
  1103    730
  1104    730
  1105    730
  1078    731
  1079    731
  1080    731
  1081    731
  1084    731
  1085    731
  1086    731
  1087    731
  1091    731
  1092    731
  1093    731
  1094    731
  1095    731
  1096    731
  1097    731
  1098    731
  1099    731
  1103    731
  1104    731
  1105    731
  1106    731
  1107    731
  1108    731
  1072    732
  1073    732
  1074    732
  1075    732
  1078    732
  1079    732
  1080    732
  1081    732
  1082    732
  1086    732
  1087    732
  1088    732
  1089    732
  1090    732
  1091    732
  1092    732
  1093    732
  1094    732
  1100    732
  1101    732
  1106    732
  1107    732
  1108    732
  1068    733
  1069    733
  1070    733
  1071    733
  1072    733
  1073    733
  1074    733
  1075    733
  1076    733
  1081    733
  1082    733
  1083    733
  1084    733
  1085    733
  1086    733
  1087    733
  1088    733
  1089    733
  1094    733
  1095    733
  1096    733
  1101    733
  1102    733
  1103    733
  1063    734
  1064    734
  1065    734
  1066    734
  1067    734
  1068    734
  1069    734
  1070    734
  1071    734
  1072    734
  1076    734
  1077    734
  1078    734
  1079    734
  1080    734
  1081    734
  1082    734
  1083    734
  1084    734
  1089    734
  1090    734
  1091    734
  1092    734
  1096    734
  1097    734
  1057    735
  1058    735
  1059    735
  1060    735
  1061    735
  1062    735
  1063    735
  1064    735
  1065    735
  1066    735
  1067    735
  1072    735
  1073    735
  1074    735
  1075    735
  1076    735
  1077    735
  1078    735
  1079    735
  1080    735
  1085    735
  1086    735
  1087    735
  1088    735
  1091    735
  1092    735
  1093    735
  1053    736
  1054    736
  1055    736
  1056    736
  1057    736
  1058    736
  1059    736
  1060    736
  1061    736
  1062    736
  1063    736
  1068    736
  1069    736
  1070    736
  1073    736
  1074    736
  1075    736
  1080    736
  1081    736
  1082    736
  1083    736
  1086    736
  1087    736
  1088    736
  1089    736
  1051    737
  1052    737
  1053    737
  1054    737
  1055    737
  1056    737
  1057    737
  1058    737
  1063    737
  1064    737
  1065    737
  1066    737
  1076    737
  1077    737
  1078    737
  1083    737
  1084    737
  1085    737
  1059    738
  1060    738
  1061    738
  1062    738
  1063    738
  1064    738
  1065    738
  1066    738
  1067    738
  1075    738
  1076    738
  1078    738
  1079    738
  1080    738
  1056    739
  1057    739
  1058    739
  1059    739
  1060    739
  1061    739
  1062    739
  1063    739
  1038    740
  1039    740
  1040    740
  1050    740
  1051    740
  1052    740
  1053    740
  1054    740
  1055    740
  1056    740
  1057    740
  1058    740
  1059    740
  1032    741
  1033    741
  1034    741
  1035    741
  1036    741
  1037    741
  1038    741
  1039    741
  1040    741
  1041    741
  1042    741
  1046    741
  1047    741
  1048    741
  1049    741
  1050    741
  1051    741
  1052    741
  1053    741
  1054    741
  1055    741
  1060    741
  1061    741
  1062    741
  1063    741
  1064    741
  1028    742
  1029    742
  1030    742
  1031    742
  1032    742
  1033    742
  1034    742
  1035    742
  1036    742
  1037    742
  1043    742
  1044    742
  1045    742
  1046    742
  1047    742
  1048    742
  1049    742
  1050    742
  1051    742
  1057    742
  1058    742
  1059    742
  1060    742
  1061    742
  1023    743
  1024    743
  1025    743
  1026    743
  1027    743
  1028    743
  1029    743
  1030    743
  1031    743
  1032    743
  1033    743
  1039    743
  1040    743
  1041    743
  1042    743
  1043    743
  1044    743
  1045    743
  1046    743
  1047    743
  1052    743
  1053    743
  1054    743
  1055    743
  1056    743
  1059    743
  1060    743
  1061    743
  1019    744
  1020    744
  1021    744
  1022    744
  1023    744
  1024    744
  1025    744
  1026    744
  1027    744
  1028    744
  1029    744
  1035    744
  1036    744
  1037    744
  1038    744
  1039    744
  1040    744
  1041    744
  1042    744
  1043    744
  1044    744
  1049    744
  1050    744
  1051    744
  1052    744
  1053    744
  1056    744
  1057    744
  1058    744
  1016    745
  1017    745
  1018    745
  1019    745
  1020    745
  1021    745
  1022    745
  1023    745
  1024    745
  1025    745
  1032    745
  1033    745
  1034    745
  1035    745
  1036    745
  1037    745
  1038    745
  1039    745
  1040    745
  1045    745
  1046    745
  1047    745
  1048    745
  1049    745
  1050    745
  1052    745
  1053    745
  1054    745
  1055    745
  1012    746
  1013    746
  1014    746
  1015    746
  1016    746
  1017    746
  1018    746
  1019    746
  1020    746
  1021    746
  1028    746
  1029    746
  1030    746
  1031    746
  1032    746
  1033    746
  1034    746
  1035    746
  1036    746
  1037    746
  1042    746
  1043    746
  1044    746
  1045    746
  1046    746
  1047    746
  1049    746
  1050    746
  1051    746
  1008    747
  1009    747
  1010    747
  1011    747
  1012    747
  1015    747
  1016    747
  1017    747
  1018    747
  1019    747
  1025    747
  1026    747
  1027    747
  1028    747
  1031    747
  1032    747
  1033    747
  1039    747
  1040    747
  1041    747
  1042    747
  1043    747
  1045    747
  1046    747
  1047    747
  1048    747
  1005    748
  1006    748
  1007    748
  1008    748
  1009    748
  1011    748
  1012    748
  1013    748
  1014    748
  1015    748
  1021    748
  1022    748
  1023    748
  1024    748
  1036    748
  1037    748
  1038    748
  1039    748
  1043    748
  1044    748
  1045    748
  1007    749
  1008    749
  1009    749
  1010    749
  1011    749
  1018    749
  1019    749
  1020    749
  1021    749
  1022    749
  1034    749
  1035    749
  1040    749
  1041    749
  1042    749
  1015    750
  1016    750
  1017    750
  1018    750
  1019    750
  1020    750
  1021    750
  1022    750
  1023    750
  1024    750
  1036    750
  1037    750
  1038    750
  1012    751
  1013    751
  1014    751
  1015    751
  1016    751
  1017    751
  1018    751
  1019    751
  1020    751
  1021    751
  1009    752
  1010    752
  1011    752
  1012    752
  1013    752
  1014    752
  1015    752
  1016    752
  1017    752
   991    753
   992    753
  1006    753
  1007    753
  1008    753
  1009    753
  1010    753
  1011    753
  1012    753
  1013    753
  1014    753
  1015    753
   985    754
   986    754
   987    754
   988    754
  1003    754
  1004    754
  1005    754
  1007    754
  1008    754
  1009    754
  1010    754
  1011    754
  1018    754
  1019    754
  1020    754
  1021    754
  1022    754
   982    755
   983    755
   984    755
   990    755
   991    755
   992    755
   993    755
  1006    755
  1007    755
  1008    755
  1009    755
  1016    755
  1017    755
  1018    755
  1019    755
   980    756
   981    756
   987    756
   988    756
   989    756
   998    756
   999    756
  1004    756
  1005    756
  1006    756
  1013    756
  1014    756
  1015    756
  1016    756
  1017    756
  1020    756
  1021    756
  1022    756
  1023    756
   976    757
   977    757
   978    757
   979    757
   983    757
   984    757
   985    757
   986    757
   995    757
   996    757
  1002    757
  1003    757
  1004    757
  1011    757
  1012    757
  1013    757
  1014    757
  1015    757
  1016    757
  1018    757
  1019    757
  1020    757
   974    758
   975    758
   976    758
   977    758
   982    758
   983    758
   984    758
   992    758
   993    758
   994    758
   999    758
  1000    758
  1009    758
  1010    758
  1011    758
  1016    758
  1017    758
  1018    758
   971    759
   972    759
   973    759
   974    759
   975    759
   979    759
   980    759
   981    759
   990    759
   991    759
   997    759
   998    759
  1006    759
  1007    759
  1008    759
  1009    759
  1015    759
  1016    759
   969    760
   970    760
   971    760
   972    760
   973    760
   974    760
   975    760
   976    760
   977    760
   978    760
   987    760
   988    760
   989    760
  1004    760
  1005    760
  1006    760
  1007    760
  1008    760
  1013    760
  1014    760
   967    761
   968    761
   969    761
   970    761
   971    761
   972    761
   973    761
   974    761
   975    761
   976    761
   985    761
   986    761
  1002    761
  1003    761
  1004    761
  1005    761
  1006    761
  1007    761
   964    762
   965    762
   966    762
   967    762
   968    762
   969    762
   970    762
   972    762
   973    762
   974    762
   983    762
   984    762
  1000    762
  1001    762
  1002    762
  1003    762
  1004    762
  1005    762
  1006    762
  1007    762
   962    763
   963    763
   964    763
   965    763
   966    763
   967    763
   968    763
   969    763
   970    763
   971    763
   972    763
  1001    763
  1002    763
  1003    763
  1004    763
  1005    763
  1006    763
  1007    763
  1008    763
   960    764
   961    764
   962    764
   963    764
   964    764
   965    764
   966    764
   967    764
   968    764
   969    764
   970    764
  1004    764
  1005    764
  1006    764
  1007    764
   966    765
   967    765
   968    765
   976    765
  1003    765
  1004    765
  1005    765
   960    766
   961    766
   962    766
   963    766
   964    766
   965    766
   974    766
   975    766
  1002    766
  1003    766
   973    767
   974    767
   975    767
   970    768
   971    768
   972    768
   973    768
   974    768
   975    768
   976    768
   968    769
   969    769
   970    769
   971    769
   972    769
   973    769
   974    769
   975    769
   968    770
   969    770
   970    770
   971    770
   972    770
   973    770
   974    770
   945    771
   946    771
   947    771
   948    771
   949    771
   950    771
   951    771
   952    771
   966    771
   967    771
   968    771
   969    771
   970    771
   971    771
   972    771
   973    771
   944    772
   945    772
   946    772
   947    772
   948    772
   949    772
   950    772
   951    772
   965    772
   966    772
   967    772
   968    772
   969    772
   970    772
   971    772
   972    772
   973    772
   984    772
   985    772
   986    772
   987    772
   988    772
   989    772
   990    772
   991    772
   943    773
   944    773
   945    773
   946    773
   947    773
   948    773
   949    773
   950    773
   951    773
   964    773
   965    773
   966    773
   967    773
   968    773
   969    773
   970    773
   971    773
   972    773
   983    773
   984    773
   985    773
   986    773
   987    773
   988    773
   989    773
   990    773
   991    773
   941    774
   942    774
   943    774
   944    774
   945    774
   946    774
   947    774
   948    774
   949    774
   950    774
   951    774
   962    774
   963    774
   964    774
   965    774
   966    774
   967    774
   968    774
   969    774
   970    774
   971    774
   981    774
   982    774
   983    774
   984    774
   985    774
   986    774
   987    774
   988    774
   989    774
   990    774
   991    774
   992    774
   939    775
   940    775
   941    775
   942    775
   943    775
   944    775
   945    775
   946    775
   947    775
   948    775
   949    775
   961    775
   962    775
   963    775
   964    775
   965    775
   966    775
   967    775
   968    775
   969    775
   970    775
   971    775
   980    775
   981    775
   982    775
   983    775
   984    775
   985    775
   986    775
   987    775
   988    775
   989    775
   990    775
   991    775
   992    775
   938    776
   939    776
   940    776
   941    776
   942    776
   943    776
   944    776
   945    776
   946    776
   947    776
   948    776
   960    776
   961    776
   962    776
   963    776
   964    776
   965    776
   966    776
   967    776
   968    776
   969    776
   970    776
   979    776
   980    776
   981    776
   982    776
   983    776
   984    776
   985    776
   986    776
   987    776
   988    776
   989    776
   990    776
   991    776
   937    777
   938    777
   939    777
   940    777
   941    777
   942    777
   943    777
   944    777
   945    777
   946    777
   947    777
   948    777
   949    777
   959    777
   960    777
   961    777
   962    777
   963    777
   964    777
   965    777
   966    777
   967    777
   968    777
   969    777
   978    777
   979    777
   980    777
   981    777
   982    777
   983    777
   984    777
   985    777
   986    777
   987    777
   988    777
   935    778
   936    778
   937    778
   938    778
   939    778
   940    778
   941    778
   942    778
   943    778
   944    778
   945    778
   946    778
   947    778
   948    778
   958    778
   959    778
   960    778
   961    778
   962    778
   963    778
   964    778
   965    778
   966    778
   967    778
   968    778
   977    778
   978    778
   979    778
   980    778
   981    778
   982    778
   983    778
   984    778
   985    778
   986    778
   987    778
   935    779
   936    779
   937    779
   938    779
   939    779
   940    779
   941    779
   942    779
   943    779
   944    779
   945    779
   946    779
   957    779
   958    779
   959    779
   960    779
   961    779
   962    779
   963    779
   964    779
   965    779
   966    779
   976    779
   977    779
   978    779
   979    779
   980    779
   981    779
   982    779
   983    779
   984    779
   985    779
   986    779
   987    779
   933    780
   934    780
   935    780
   936    780
   937    780
   938    780
   939    780
   940    780
   941    780
   942    780
   943    780
   944    780
   945    780
   946    780
   956    780
   957    780
   958    780
   959    780
   960    780
   961    780
   962    780
   963    780
   964    780
   975    780
   976    780
   977    780
   978    780
   979    780
   980    780
   981    780
   982    780
   983    780
   984    780
   985    780
   986    780
   987    780
   932    781
   933    781
   934    781
   935    781
   936    781
   937    781
   938    781
   939    781
   940    781
   941    781
   942    781
   943    781
   944    781
   945    781
   955    781
   956    781
   957    781
   958    781
   959    781
   960    781
   961    781
   962    781
   963    781
   964    781
   974    781
   975    781
   976    781
   977    781
   978    781
   979    781
   980    781
   981    781
   982    781
   983    781
   984    781
   985    781
   986    781
   987    781
   932    782
   933    782
   934    782
   935    782
   936    782
   937    782
   938    782
   939    782
   940    782
   941    782
   942    782
   954    782
   955    782
   956    782
   957    782
   958    782
   959    782
   960    782
   961    782
   962    782
   963    782
   974    782
   975    782
   976    782
   977    782
   978    782
   979    782
   980    782
   981    782
   982    782
   983    782
   984    782
   985    782
   986    782
   930    783
   931    783
   932    783
   933    783
   934    783
   935    783
   936    783
   937    783
   938    783
   939    783
   940    783
   953    783
   954    783
   955    783
   956    783
   957    783
   958    783
   959    783
   960    783
   961    783
   962    783
   963    783
   975    783
   976    783
   977    783
   978    783
   979    783
   980    783
   981    783
   982    783
   983    783
   984    783
   985    783
   986    783
   931    784
   932    784
   933    784
   934    784
   935    784
   936    784
   937    784
   938    784
   939    784
   951    784
   952    784
   953    784
   954    784
   955    784
   956    784
   957    784
   958    784
   959    784
   960    784
   961    784
   951    785
   952    785
   953    785
   954    785
   955    785
   956    785
   957    785
   958    785
   959    785
   960    785
   978    785
   979    785
   980    785
   981    785
   950    786
   951    786
   952    786
   953    786
   954    786
   955    786
   956    786
   957    786
   958    786
   959    786
   960    786
   949    787
   950    787
   951    787
   952    787
   953    787
   954    787
   955    787
   956    787
   957    787
   958    787
   959    787
   948    788
   949    788
   950    788
   951    788
   952    788
   953    788
   954    788
   955    788
   956    788
   957    788
   958    788
   959    788
   948    789
   949    789
   950    789
   951    789
   952    789
   953    789
   954    789
   955    789
   956    789
   947    790
   948    790
   949    790
   950    790
   951    790
   952    790
   953    790
   954    790
   955    790
   956    790
   946    791
   947    791
   948    791
   949    791
   950    791
   951    791
   952    791
   953    791
   954    791
   955    791
   945    792
   946    792
   947    792
   948    792
   949    792
   950    792
   951    792
   952    792
   953    792
   954    792
   955    792
