  1129    724
  1130    724
  1131    724
  1132    724
  1122    725
  1123    725
  1124    725
  1125    725
  1126    725
  1127    725
  1129    725
  1130    725
  1131    725
  1132    725
  1114    726
  1115    726
  1116    726
  1117    726
  1118    726
  1120    726
  1121    726
  1122    726
  1124    726
  1125    726
  1126    726
  1127    726
  1128    726
  1129    726
  1130    726
  1131    726
  1107    727
  1108    727
  1109    727
  1110    727
  1115    727
  1116    727
  1117    727
  1120    727
  1121    727
  1122    727
  1126    727
  1127    727
  1102    728
  1103    728
  1104    728
  1105    728
  1106    728
  1107    728
  1108    728
  1109    728
  1110    728
  1111    728
  1107    729
  1108    729
  1109    729
  1110    729
  1111    729
  1102    730
  1103    730
  1104    730
  1105    730
  1106    730
  1107    730
  1108    730
  1109    730
  1083    731
  1084    731
  1085    731
  1086    731
  1087    731
  1088    731
  1089    731
  1090    731
  1096    731
  1097    731
  1098    731
  1099    731
  1100    731
  1101    731
  1102    731
  1103    731
  1104    731
  1078    732
  1079    732
  1080    732
  1081    732
  1082    732
  1083    732
  1084    732
  1085    732
  1090    732
  1091    732
  1092    732
  1093    732
  1094    732
  1095    732
  1096    732
  1097    732
  1098    732
  1105    732
  1106    732
  1107    732
  1072    733
  1073    733
  1074    733
  1075    733
  1076    733
  1077    733
  1078    733
  1079    733
  1080    733
  1081    733
  1086    733
  1087    733
  1088    733
  1089    733
  1090    733
  1091    733
  1092    733
  1093    733
  1099    733
  1100    733
  1101    733
  1102    733
  1105    733
  1106    733
  1107    733
  1067    734
  1068    734
  1069    734
  1070    734
  1071    734
  1072    734
  1073    734
  1074    734
  1075    734
  1076    734
  1077    734
  1082    734
  1083    734
  1084    734
  1085    734
  1086    734
  1087    734
  1088    734
  1089    734
  1094    734
  1095    734
  1096    734
  1097    734
  1100    734
  1101    734
  1102    734
  1063    735
  1064    735
  1065    735
  1066    735
  1067    735
  1068    735
  1069    735
  1070    735
  1071    735
  1078    735
  1079    735
  1080    735
  1081    735
  1082    735
  1083    735
  1084    735
  1089    735
  1090    735
  1091    735
  1092    735
  1096    735
  1097    735
  1059    736
  1060    736
  1061    736
  1062    736
  1063    736
  1064    736
  1065    736
  1066    736
  1067    736
  1072    736
  1073    736
  1074    736
  1075    736
  1078    736
  1079    736
  1086    736
  1087    736
  1053    737
  1054    737
  1055    737
  1056    737
  1057    737
  1058    737
  1059    737
  1060    737
  1061    737
  1062    737
  1063    737
  1068    737
  1069    737
  1070    737
  1074    737
  1075    737
  1082    737
  1083    737
  1084    737
  1085    737
  1088    737
  1089    737
  1050    738
  1051    738
  1052    738
  1053    738
  1054    738
  1055    738
  1056    738
  1057    738
  1064    738
  1065    738
  1066    738
  1067    738
  1068    738
  1069    738
  1070    738
  1071    738
  1072    738
  1083    738
  1084    738
  1085    738
  1086    738
  1060    739
  1061    739
  1062    739
  1063    739
  1064    739
  1065    739
  1066    739
  1067    739
  1056    740
  1057    740
  1058    740
  1059    740
  1060    740
  1061    740
  1062    740
  1063    740
  1037    741
  1038    741
  1039    741
  1040    741
  1041    741
  1042    741
  1052    741
  1053    741
  1054    741
  1055    741
  1056    741
  1057    741
  1058    741
  1059    741
  1060    741
  1032    742
  1033    742
  1034    742
  1035    742
  1036    742
  1037    742
  1038    742
  1039    742
  1040    742
  1041    742
  1048    742
  1049    742
  1050    742
  1051    742
  1052    742
  1053    742
  1054    742
  1055    742
  1056    742
  1061    742
  1062    742
  1063    742
  1064    742
  1065    742
  1028    743
  1029    743
  1030    743
  1031    743
  1032    743
  1033    743
  1034    743
  1035    743
  1036    743
  1037    743
  1038    743
  1044    743
  1045    743
  1046    743
  1047    743
  1048    743
  1049    743
  1050    743
  1051    743
  1057    743
  1058    743
  1059    743
  1060    743
  1061    743
  1063    743
  1064    743
  1065    743
  1066    743
  1024    744
  1025    744
  1026    744
  1027    744
  1028    744
  1030    744
  1031    744
  1032    744
  1033    744
  1034    744
  1040    744
  1041    744
  1042    744
  1043    744
  1044    744
  1045    744
  1046    744
  1047    744
  1048    744
  1054    744
  1055    744
  1056    744
  1057    744
  1060    744
  1061    744
  1062    744
  1020    745
  1021    745
  1022    745
  1023    745
  1024    745
  1025    745
  1026    745
  1027    745
  1028    745
  1029    745
  1030    745
  1036    745
  1037    745
  1038    745
  1039    745
  1040    745
  1041    745
  1042    745
  1043    745
  1044    745
  1050    745
  1051    745
  1052    745
  1053    745
  1054    745
  1057    745
  1058    745
  1059    745
  1017    746
  1018    746
  1019    746
  1020    746
  1021    746
  1022    746
  1023    746
  1024    746
  1025    746
  1026    746
  1033    746
  1034    746
  1035    746
  1036    746
  1037    746
  1038    746
  1039    746
  1040    746
  1041    746
  1042    746
  1047    746
  1048    746
  1049    746
  1050    746
  1051    746
  1053    746
  1054    746
  1055    746
  1056    746
  1013    747
  1014    747
  1015    747
  1016    747
  1017    747
  1018    747
  1019    747
  1020    747
  1021    747
  1022    747
  1023    747
  1030    747
  1031    747
  1032    747
  1034    747
  1035    747
  1036    747
  1037    747
  1038    747
  1044    747
  1045    747
  1046    747
  1047    747
  1048    747
  1051    747
  1052    747
  1053    747
  1010    748
  1011    748
  1012    748
  1013    748
  1014    748
  1015    748
  1016    748
  1017    748
  1018    748
  1019    748
  1026    748
  1027    748
  1028    748
  1029    748
  1033    748
  1034    748
  1035    748
  1040    748
  1041    748
  1042    748
  1043    748
  1044    748
  1045    748
  1047    748
  1048    748
  1049    748
  1050    748
  1007    749
  1008    749
  1010    749
  1011    749
  1012    749
  1013    749
  1014    749
  1015    749
  1016    749
  1023    749
  1024    749
  1025    749
  1038    749
  1039    749
  1040    749
  1044    749
  1045    749
  1046    749
  1008    750
  1009    750
  1010    750
  1011    750
  1012    750
  1013    750
  1020    750
  1021    750
  1022    750
  1023    750
  1027    750
  1042    750
  1043    750
  1016    751
  1017    751
  1018    751
  1019    751
  1020    751
  1021    751
  1022    751
  1023    751
  1024    751
  1025    751
  1013    752
  1014    752
  1015    752
  1016    752
  1017    752
  1018    752
  1019    752
  1020    752
  1021    752
  1022    752
  1011    753
  1012    753
  1013    753
  1014    753
  1015    753
  1016    753
  1017    753
  1018    753
  1007    754
  1008    754
  1009    754
  1013    754
  1014    754
  1015    754
  1016    754
   987    755
   988    755
   989    755
  1005    755
  1006    755
  1007    755
  1011    755
  1012    755
  1013    755
  1020    755
  1021    755
  1022    755
  1023    755
   983    756
   984    756
   985    756
   986    756
  1002    756
  1003    756
  1004    756
  1005    756
  1009    756
  1010    756
  1018    756
  1019    756
  1020    756
  1021    756
   981    757
   982    757
   983    757
   984    757
   985    757
   988    757
   989    757
   990    757
   991    757
   999    757
  1000    757
  1001    757
  1002    757
  1006    757
  1007    757
  1008    757
  1016    757
  1017    757
  1018    757
  1019    757
   978    758
   979    758
   980    758
   981    758
   982    758
   983    758
   984    758
   985    758
   986    758
   987    758
   988    758
   997    758
   998    758
  1003    758
  1004    758
  1005    758
  1013    758
  1014    758
  1015    758
  1016    758
  1017    758
  1021    758
  1022    758
  1023    758
   976    759
   977    759
   978    759
   980    759
   981    759
   982    759
   983    759
   984    759
   985    759
   995    759
  1001    759
  1002    759
  1011    759
  1012    759
  1013    759
  1014    759
  1019    759
   973    760
   974    760
   975    760
   976    760
   980    760
   981    760
   982    760
   991    760
   992    760
   993    760
  1008    760
  1009    760
  1010    760
  1011    760
  1012    760
  1013    760
   971    761
   972    761
   973    761
   974    761
   975    761
   976    761
   977    761
   978    761
   979    761
   980    761
  1006    761
  1007    761
  1008    761
  1009    761
  1010    761
  1011    761
   968    762
   969    762
   970    762
   971    762
   972    762
   973    762
   974    762
   975    762
   976    762
   977    762
   978    762
  1005    762
  1006    762
  1007    762
  1008    762
  1009    762
  1010    762
  1013    762
  1014    762
   966    763
   967    763
   968    763
   969    763
   970    763
   971    763
   972    763
   973    763
   974    763
   975    763
   976    763
  1003    763
  1004    763
  1005    763
  1006    763
  1007    763
  1008    763
  1011    763
  1012    763
   963    764
   964    764
   965    764
   966    764
   967    764
   968    764
   969    764
   970    764
   971    764
   972    764
   973    764
   974    764
  1001    764
  1002    764
  1003    764
  1004    764
  1005    764
  1006    764
  1007    764
  1008    764
   961    765
   962    765
   963    765
   964    765
   965    765
   966    765
   967    765
   968    765
   969    765
   970    765
   971    765
   972    765
   980    765
   981    765
   982    765
  1001    765
  1002    765
  1003    765
  1004    765
  1005    765
  1006    765
  1007    765
  1008    765
   960    766
   961    766
   964    766
   965    766
   966    766
   967    766
   968    766
   969    766
   970    766
   979    766
   980    766
   981    766
   982    766
   963    767
   964    767
   965    767
   966    767
   967    767
   977    767
   978    767
   979    767
   980    767
   981    767
   982    767
   975    768
   976    768
   977    768
   978    768
   979    768
   980    768
   973    769
   974    769
   975    769
   976    769
   977    769
   978    769
   971    770
   972    770
   973    770
   974    770
   975    770
   976    770
   970    771
   971    771
   972    771
   973    771
   974    771
   975    771
   976    771
   968    772
   969    772
   970    772
   971    772
   972    772
   973    772
   974    772
   975    772
   976    772
   945    773
   946    773
   947    773
   948    773
   949    773
   950    773
   951    773
   967    773
   968    773
   969    773
   970    773
   971    773
   972    773
   973    773
   974    773
   975    773
   976    773
   944    774
   945    774
   946    774
   947    774
   948    774
   949    774
   950    774
   951    774
   952    774
   965    774
   966    774
   967    774
   968    774
   969    774
   970    774
   971    774
   972    774
   973    774
   974    774
   975    774
   985    774
   986    774
   987    774
   988    774
   989    774
   990    774
   991    774
   992    774
   943    775
   944    775
   945    775
   946    775
   947    775
   948    775
   949    775
   950    775
   951    775
   952    775
   964    775
   965    775
   966    775
   967    775
   968    775
   969    775
   970    775
   971    775
   972    775
   973    775
   974    775
   984    775
   985    775
   986    775
   987    775
   988    775
   989    775
   990    775
   991    775
   992    775
   941    776
   942    776
   943    776
   944    776
   945    776
   946    776
   947    776
   948    776
   949    776
   950    776
   951    776
   963    776
   964    776
   965    776
   966    776
   967    776
   968    776
   969    776
   970    776
   971    776
   972    776
   973    776
   982    776
   983    776
   984    776
   985    776
   986    776
   987    776
   988    776
   989    776
   990    776
   991    776
   992    776
   940    777
   941    777
   942    777
   943    777
   944    777
   945    777
   946    777
   947    777
   948    777
   949    777
   950    777
   951    777
   962    777
   963    777
   964    777
   965    777
   966    777
   967    777
   968    777
   969    777
   970    777
   971    777
   972    777
   981    777
   982    777
   983    777
   984    777
   985    777
   986    777
   987    777
   988    777
   989    777
   990    777
   991    777
   992    777
   938    778
   939    778
   940    778
   941    778
   942    778
   943    778
   944    778
   945    778
   946    778
   947    778
   948    778
   949    778
   950    778
   961    778
   962    778
   963    778
   964    778
   965    778
   966    778
   967    778
   968    778
   969    778
   970    778
   980    778
   981    778
   982    778
   983    778
   984    778
   985    778
   986    778
   987    778
   988    778
   989    778
   990    778
   991    778
   992    778
   937    779
   938    779
   939    779
   940    779
   941    779
   942    779
   943    779
   944    779
   945    779
   946    779
   947    779
   948    779
   949    779
   960    779
   961    779
   962    779
   963    779
   964    779
   965    779
   966    779
   967    779
   968    779
   969    779
   979    779
   980    779
   981    779
   982    779
   983    779
   984    779
   985    779
   986    779
   987    779
   988    779
   989    779
   990    779
   991    779
   936    780
   937    780
   938    780
   939    780
   940    780
   941    780
   942    780
   943    780
   944    780
   945    780
   946    780
   947    780
   948    780
   958    780
   959    780
   960    780
   961    780
   962    780
   963    780
   964    780
   965    780
   966    780
   967    780
   968    780
   979    780
   980    780
   981    780
   982    780
   983    780
   984    780
   985    780
   986    780
   987    780
   988    780
   989    780
   990    780
   935    781
   936    781
   937    781
   938    781
   939    781
   940    781
   941    781
   942    781
   943    781
   944    781
   945    781
   946    781
   947    781
   958    781
   959    781
   960    781
   961    781
   962    781
   963    781
   964    781
   965    781
   966    781
   967    781
   978    781
   979    781
   980    781
   981    781
   982    781
   983    781
   984    781
   985    781
   986    781
   987    781
   988    781
   989    781
   990    781
   934    782
   935    782
   936    782
   937    782
   938    782
   939    782
   940    782
   941    782
   942    782
   943    782
   944    782
   957    782
   958    782
   959    782
   960    782
   961    782
   962    782
   963    782
   964    782
   965    782
   966    782
   967    782
   977    782
   978    782
   979    782
   980    782
   981    782
   982    782
   983    782
   984    782
   985    782
   986    782
   987    782
   988    782
   989    782
   933    783
   934    783
   935    783
   936    783
   937    783
   938    783
   939    783
   940    783
   941    783
   942    783
   943    783
   944    783
   956    783
   957    783
   958    783
   959    783
   960    783
   961    783
   962    783
   963    783
   964    783
   965    783
   966    783
   976    783
   977    783
   978    783
   979    783
   980    783
   981    783
   982    783
   983    783
   984    783
   985    783
   986    783
   987    783
   988    783
   932    784
   933    784
   934    784
   935    784
   936    784
   937    784
   938    784
   939    784
   940    784
   941    784
   942    784
   943    784
   944    784
   954    784
   955    784
   956    784
   957    784
   958    784
   959    784
   960    784
   961    784
   962    784
   963    784
   964    784
   965    784
   975    784
   976    784
   977    784
   978    784
   979    784
   980    784
   981    784
   982    784
   983    784
   984    784
   985    784
   986    784
   931    785
   932    785
   933    785
   934    785
   935    785
   936    785
   937    785
   938    785
   939    785
   940    785
   941    785
   942    785
   943    785
   954    785
   955    785
   956    785
   957    785
   958    785
   959    785
   960    785
   961    785
   962    785
   963    785
   964    785
   975    785
   976    785
   977    785
   978    785
   979    785
   980    785
   981    785
   982    785
   983    785
   984    785
   985    785
   932    786
   933    786
   934    786
   935    786
   936    786
   937    786
   938    786
   939    786
   953    786
   954    786
   955    786
   956    786
   957    786
   958    786
   959    786
   960    786
   961    786
   962    786
   963    786
   976    786
   977    786
   978    786
   979    786
   980    786
   981    786
   982    786
   983    786
   984    786
   952    787
   953    787
   954    787
   955    787
   956    787
   957    787
   958    787
   959    787
   960    787
   961    787
   962    787
   976    787
   977    787
   978    787
   979    787
   980    787
   981    787
   982    787
   983    787
   984    787
   985    787
   951    788
   952    788
   953    788
   954    788
   955    788
   956    788
   957    788
   958    788
   959    788
   960    788
   961    788
   962    788
   950    789
   951    789
   952    789
   953    789
   954    789
   955    789
   956    789
   957    789
   958    789
   959    789
   960    789
   961    789
   949    790
   950    790
   951    790
   952    790
   953    790
   954    790
   955    790
   956    790
   957    790
   958    790
   959    790
   960    790
   949    791
   950    791
   951    791
   952    791
   953    791
   954    791
   955    791
   956    791
   957    791
   958    791
   959    791
   948    792
   949    792
   950    792
   951    792
   952    792
   953    792
   954    792
   955    792
   956    792
   957    792
   958    792
   959    792
