  1268    709
  1269    709
  1270    709
  1271    709
  1292    709
  1293    709
  1294    709
  1253    710
  1254    710
  1255    710
  1248    711
  1249    711
  1250    711
  1227    712
  1228    712
  1229    712
  1239    712
  1241    712
  1242    712
  1215    713
  1216    713
  1217    713
  1218    713
  1219    713
  1220    713
  1221    713
  1222    713
  1223    713
  1224    713
  1225    713
  1226    713
  1227    713
  1228    713
  1229    713
  1230    713
  1231    713
  1232    713
  1233    713
  1234    713
  1193    714
  1194    714
  1195    714
  1196    714
  1197    714
  1198    714
  1199    714
  1200    714
  1201    714
  1202    714
  1203    714
  1204    714
  1205    714
  1206    714
  1207    714
  1208    714
  1219    714
  1220    714
  1221    714
  1222    714
  1223    714
  1224    714
  1225    714
  1226    714
  1227    714
  1228    714
  1179    715
  1180    715
  1181    715
  1182    715
  1183    715
  1184    715
  1185    715
  1196    715
  1197    715
  1198    715
  1199    715
  1200    715
  1201    715
  1202    715
  1203    715
  1216    715
  1217    715
  1218    715
  1219    715
  1220    715
  1232    715
  1233    715
  1173    716
  1174    716
  1175    716
  1176    716
  1177    716
  1178    716
  1179    716
  1180    716
  1181    716
  1201    716
  1202    716
  1203    716
  1219    716
  1220    716
  1221    716
  1145    717
  1146    717
  1147    717
  1148    717
  1149    717
  1150    717
  1151    717
  1152    717
  1153    717
  1154    717
  1155    717
  1156    717
  1157    717
  1158    717
  1159    717
  1160    717
  1161    717
  1162    717
  1163    717
  1164    717
  1165    717
  1166    717
  1167    717
  1168    717
  1169    717
  1170    717
  1171    717
  1172    717
  1173    717
  1174    717
  1184    717
  1185    717
  1186    717
  1187    717
  1188    717
  1189    717
  1190    717
  1191    717
  1192    717
  1193    717
  1194    717
  1195    717
  1196    717
  1197    717
  1198    717
  1199    717
  1131    718
  1132    718
  1133    718
  1134    718
  1148    718
  1149    718
  1150    718
  1151    718
  1152    718
  1153    718
  1154    718
  1155    718
  1156    718
  1157    718
  1158    718
  1172    718
  1173    718
  1174    718
  1175    718
  1176    718
  1177    718
  1178    718
  1179    718
  1180    718
  1181    718
  1182    718
  1183    718
  1184    718
  1185    718
  1186    718
  1187    718
  1188    718
  1189    718
  1190    718
  1199    718
  1200    718
  1201    718
  1202    718
  1203    718
  1137    719
  1138    719
  1139    719
  1140    719
  1141    719
  1142    719
  1143    719
  1144    719
  1145    719
  1146    719
  1161    719
  1162    719
  1163    719
  1164    719
  1165    719
  1166    719
  1167    719
  1168    719
  1169    719
  1170    719
  1171    719
  1172    719
  1173    719
  1174    719
  1175    719
  1176    719
  1177    719
  1178    719
  1179    719
  1180    719
  1181    719
  1182    719
  1183    719
  1184    719
  1185    719
  1186    719
  1187    719
  1188    719
  1189    719
  1190    719
  1191    719
  1192    719
  1193    719
  1194    719
  1119    720
  1125    720
  1151    720
  1152    720
  1153    720
  1154    720
  1155    720
  1156    720
  1157    720
  1158    720
  1164    720
  1165    720
  1166    720
  1167    720
  1168    720
  1169    720
  1170    720
  1171    720
  1172    720
  1173    720
  1174    720
  1175    720
  1176    720
  1177    720
  1181    720
  1182    720
  1183    720
  1184    720
  1185    720
  1149    721
  1150    721
  1151    721
  1152    721
  1153    721
  1154    721
  1155    721
  1156    721
  1162    721
  1163    721
  1164    721
  1165    721
  1166    721
  1167    721
  1168    721
  1172    721
  1173    721
  1174    721
  1175    721
  1176    721
  1177    721
  1135    722
  1145    722
  1146    722
  1147    722
  1148    722
  1149    722
  1150    722
  1151    722
  1152    722
  1153    722
  1127    723
  1128    723
  1129    723
  1130    723
  1131    723
  1133    723
  1134    723
  1135    723
  1136    723
  1137    723
  1138    723
  1139    723
  1140    723
  1141    723
  1142    723
  1143    723
  1144    723
  1145    723
  1146    723
  1147    723
  1148    723
  1149    723
  1150    723
  1151    723
  1152    723
  1153    723
  1154    723
  1119    724
  1120    724
  1121    724
  1122    724
  1123    724
  1125    724
  1126    724
  1127    724
  1128    724
  1129    724
  1130    724
  1131    724
  1132    724
  1133    724
  1134    724
  1135    724
  1136    724
  1137    724
  1138    724
  1139    724
  1140    724
  1141    724
  1142    724
  1143    724
  1149    724
  1150    724
  1151    724
  1152    724
  1110    725
  1111    725
  1112    725
  1113    725
  1116    725
  1117    725
  1118    725
  1119    725
  1122    725
  1123    725
  1124    725
  1125    725
  1126    725
  1127    725
  1128    725
  1129    725
  1130    725
  1132    725
  1133    725
  1134    725
  1135    725
  1136    725
  1137    725
  1138    725
  1139    725
  1140    725
  1141    725
  1142    725
  1143    725
  1144    725
  1145    725
  1146    725
  1104    726
  1105    726
  1106    726
  1107    726
  1108    726
  1109    726
  1111    726
  1112    726
  1113    726
  1114    726
  1117    726
  1118    726
  1119    726
  1120    726
  1121    726
  1122    726
  1123    726
  1124    726
  1125    726
  1126    726
  1127    726
  1128    726
  1129    726
  1130    726
  1131    726
  1132    726
  1133    726
  1136    726
  1137    726
  1138    726
  1139    726
  1097    727
  1098    727
  1099    727
  1100    727
  1101    727
  1102    727
  1103    727
  1104    727
  1105    727
  1106    727
  1107    727
  1108    727
  1109    727
  1110    727
  1111    727
  1112    727
  1113    727
  1118    727
  1119    727
  1121    727
  1122    727
  1123    727
  1124    727
  1125    727
  1126    727
  1127    727
  1128    727
  1129    727
  1131    727
  1132    727
  1133    727
  1098    728
  1099    728
  1100    728
  1101    728
  1102    728
  1103    728
  1105    728
  1106    728
  1107    728
  1108    728
  1109    728
  1111    728
  1113    728
  1114    728
  1124    728
  1125    728
  1126    728
  1097    729
  1098    729
  1099    729
  1100    729
  1101    729
  1102    729
  1103    729
  1104    729
  1105    729
  1080    730
  1081    730
  1082    730
  1083    730
  1084    730
  1085    730
  1092    730
  1093    730
  1098    730
  1099    730
  1100    730
  1074    731
  1075    731
  1076    731
  1077    731
  1078    731
  1079    731
  1080    731
  1081    731
  1082    731
  1083    731
  1086    731
  1087    731
  1088    731
  1092    731
  1093    731
  1094    731
  1095    731
  1100    731
  1101    731
  1102    731
  1103    731
  1104    731
  1105    731
  1106    731
  1107    731
  1108    731
  1109    731
  1067    732
  1068    732
  1069    732
  1070    732
  1071    732
  1072    732
  1073    732
  1074    732
  1075    732
  1076    732
  1077    732
  1082    732
  1083    732
  1084    732
  1085    732
  1086    732
  1087    732
  1088    732
  1089    732
  1090    732
  1095    732
  1096    732
  1100    732
  1101    732
  1102    732
  1103    732
  1104    732
  1063    733
  1064    733
  1065    733
  1066    733
  1067    733
  1068    733
  1069    733
  1070    733
  1071    733
  1072    733
  1076    733
  1077    733
  1078    733
  1079    733
  1080    733
  1081    733
  1082    733
  1083    733
  1084    733
  1089    733
  1090    733
  1091    733
  1092    733
  1097    733
  1098    733
  1058    734
  1059    734
  1060    734
  1061    734
  1062    734
  1063    734
  1064    734
  1065    734
  1066    734
  1067    734
  1072    734
  1073    734
  1074    734
  1075    734
  1076    734
  1077    734
  1078    734
  1079    734
  1085    734
  1086    734
  1087    734
  1088    734
  1089    734
  1090    734
  1091    734
  1092    734
  1093    734
  1053    735
  1054    735
  1055    735
  1056    735
  1057    735
  1058    735
  1059    735
  1060    735
  1061    735
  1062    735
  1068    735
  1069    735
  1070    735
  1072    735
  1073    735
  1074    735
  1075    735
  1080    735
  1081    735
  1082    735
  1083    735
  1084    735
  1085    735
  1086    735
  1087    735
  1088    735
  1089    735
  1048    736
  1049    736
  1050    736
  1051    736
  1052    736
  1053    736
  1054    736
  1055    736
  1056    736
  1057    736
  1063    736
  1064    736
  1065    736
  1066    736
  1070    736
  1076    736
  1077    736
  1078    736
  1082    736
  1083    736
  1084    736
  1085    736
  1047    737
  1048    737
  1049    737
  1050    737
  1051    737
  1052    737
  1053    737
  1059    737
  1060    737
  1061    737
  1062    737
  1063    737
  1064    737
  1065    737
  1066    737
  1079    737
  1080    737
  1055    738
  1056    738
  1057    738
  1058    738
  1059    738
  1060    738
  1061    738
  1062    738
  1050    739
  1051    739
  1052    739
  1053    739
  1054    739
  1055    739
  1056    739
  1057    739
  1032    740
  1033    740
  1034    740
  1035    740
  1036    740
  1039    740
  1040    740
  1045    740
  1046    740
  1047    740
  1048    740
  1049    740
  1050    740
  1051    740
  1052    740
  1053    740
  1054    740
  1060    740
  1061    740
  1062    740
  1063    740
  1064    740
  1028    741
  1029    741
  1030    741
  1031    741
  1032    741
  1033    741
  1034    741
  1035    741
  1036    741
  1037    741
  1042    741
  1043    741
  1044    741
  1045    741
  1046    741
  1047    741
  1048    741
  1049    741
  1050    741
  1056    741
  1057    741
  1058    741
  1059    741
  1060    741
  1023    742
  1024    742
  1025    742
  1026    742
  1027    742
  1028    742
  1029    742
  1030    742
  1031    742
  1032    742
  1033    742
  1039    742
  1040    742
  1041    742
  1042    742
  1043    742
  1044    742
  1045    742
  1046    742
  1047    742
  1052    742
  1053    742
  1054    742
  1055    742
  1056    742
  1058    742
  1059    742
  1060    742
  1019    743
  1020    743
  1021    743
  1022    743
  1023    743
  1024    743
  1025    743
  1026    743
  1027    743
  1028    743
  1029    743
  1035    743
  1036    743
  1037    743
  1038    743
  1039    743
  1040    743
  1041    743
  1042    743
  1043    743
  1048    743
  1049    743
  1050    743
  1051    743
  1053    743
  1054    743
  1055    743
  1056    743
  1057    743
  1015    744
  1016    744
  1017    744
  1018    744
  1019    744
  1021    744
  1022    744
  1023    744
  1024    744
  1025    744
  1031    744
  1032    744
  1033    744
  1034    744
  1035    744
  1036    744
  1037    744
  1038    744
  1039    744
  1044    744
  1045    744
  1046    744
  1047    744
  1048    744
  1051    744
  1052    744
  1053    744
  1012    745
  1013    745
  1014    745
  1015    745
  1016    745
  1017    745
  1018    745
  1019    745
  1020    745
  1021    745
  1027    745
  1028    745
  1029    745
  1030    745
  1031    745
  1032    745
  1033    745
  1034    745
  1035    745
  1036    745
  1041    745
  1042    745
  1043    745
  1044    745
  1045    745
  1048    745
  1049    745
  1050    745
  1008    746
  1009    746
  1010    746
  1011    746
  1012    746
  1013    746
  1014    746
  1015    746
  1016    746
  1017    746
  1024    746
  1025    746
  1026    746
  1027    746
  1030    746
  1031    746
  1032    746
  1038    746
  1039    746
  1040    746
  1041    746
  1044    746
  1045    746
  1046    746
  1047    746
  1004    747
  1005    747
  1006    747
  1007    747
  1008    747
  1009    747
  1010    747
  1011    747
  1012    747
  1013    747
  1014    747
  1020    747
  1021    747
  1022    747
  1023    747
  1028    747
  1029    747
  1035    747
  1036    747
  1037    747
  1038    747
  1040    747
  1041    747
  1042    747
  1043    747
  1005    748
  1006    748
  1007    748
  1008    748
  1009    748
  1010    748
  1017    748
  1018    748
  1019    748
  1020    748
  1024    748
  1025    748
  1031    748
  1032    748
  1033    748
  1038    748
  1039    748
  1040    748
  1014    749
  1015    749
  1016    749
  1017    749
  1021    749
  1022    749
  1034    749
  1035    749
  1036    749
  1037    749
  1010    750
  1011    750
  1012    750
  1013    750
  1014    750
  1016    750
  1017    750
  1018    750
  1019    750
  1007    751
  1008    751
  1009    751
  1010    751
  1011    751
  1012    751
  1013    751
  1014    751
  1015    751
  1016    751
   987    752
   988    752
   989    752
   990    752
   991    752
  1004    752
  1005    752
  1006    752
  1007    752
  1008    752
  1009    752
  1010    752
  1011    752
  1012    752
  1013    752
   983    753
   984    753
   985    753
   986    753
   987    753
   988    753
   993    753
   994    753
   995    753
  1002    753
  1003    753
  1004    753
  1006    753
  1007    753
  1008    753
  1009    753
  1010    753
  1017    753
  1018    753
  1019    753
  1020    753
   981    754
   982    754
   983    754
   984    754
   988    754
   989    754
   990    754
   991    754
  1005    754
  1006    754
  1007    754
  1014    754
  1015    754
  1016    754
  1017    754
   978    755
   979    755
   980    755
   981    755
   985    755
   986    755
   987    755
   988    755
  1002    755
  1003    755
  1004    755
  1011    755
  1012    755
  1013    755
  1014    755
  1015    755
  1020    755
   975    756
   976    756
   977    756
   978    756
   979    756
   983    756
   984    756
   985    756
   994    756
  1000    756
  1001    756
  1009    756
  1010    756
  1011    756
  1012    756
  1013    756
  1014    756
   973    757
   974    757
   975    757
   976    757
   978    757
   979    757
   980    757
   981    757
   982    757
   991    757
   992    757
   998    757
  1007    757
  1008    757
  1009    757
  1010    757
  1011    757
  1012    757
  1015    757
  1016    757
   970    758
   971    758
   972    758
   973    758
   975    758
   976    758
   977    758
   978    758
   979    758
   988    758
   989    758
   990    758
   995    758
   996    758
  1004    758
  1005    758
  1006    758
  1007    758
  1008    758
  1009    758
  1010    758
  1012    758
  1013    758
  1014    758
   968    759
   969    759
   970    759
   971    759
   972    759
   974    759
   975    759
   976    759
   977    759
   985    759
   986    759
   987    759
   992    759
   993    759
   994    759
  1002    759
  1003    759
  1004    759
  1005    759
  1006    759
  1007    759
  1010    759
  1011    759
  1012    759
   965    760
   966    760
   967    760
   968    760
   969    760
   970    760
   971    760
   973    760
   974    760
   983    760
   984    760
  1000    760
  1001    760
  1002    760
  1003    760
  1004    760
  1005    760
  1006    760
   962    761
   963    761
   964    761
   965    761
   966    761
   967    761
   968    761
   969    761
   970    761
   971    761
   972    761
   980    761
   981    761
   982    761
   998    761
   999    761
  1000    761
  1001    761
  1002    761
  1003    761
  1004    761
  1005    761
  1006    761
  1007    761
   960    762
   961    762
   962    762
   963    762
   964    762
   965    762
   966    762
   967    762
   968    762
   969    762
   970    762
   978    762
   979    762
   980    762
   997    762
   998    762
   999    762
  1000    762
  1001    762
  1002    762
  1003    762
  1004    762
  1005    762
   959    763
   960    763
   961    763
   962    763
   963    763
   964    763
   965    763
   966    763
   967    763
   968    763
   976    763
   977    763
   978    763
   999    763
  1000    763
  1001    763
  1002    763
  1003    763
  1004    763
   963    764
   964    764
   965    764
   966    764
   974    764
   975    764
   973    765
   974    765
   971    766
   972    766
   973    766
   974    766
   975    766
   976    766
   969    767
   970    767
   971    767
   967    768
   968    768
   969    768
   970    768
   971    768
   972    768
   965    769
   966    769
   967    769
   968    769
   969    769
   970    769
   971    769
   972    769
   943    770
   944    770
   945    770
   946    770
   947    770
   948    770
   949    770
   964    770
   965    770
   966    770
   967    770
   968    770
   969    770
   970    770
   971    770
   972    770
   942    771
   943    771
   944    771
   945    771
   946    771
   947    771
   948    771
   949    771
   963    771
   964    771
   965    771
   966    771
   967    771
   968    771
   969    771
   970    771
   971    771
   972    771
   982    771
   983    771
   984    771
   985    771
   986    771
   987    771
   941    772
   942    772
   943    772
   944    772
   945    772
   946    772
   947    772
   948    772
   949    772
   962    772
   963    772
   964    772
   965    772
   966    772
   967    772
   968    772
   969    772
   970    772
   971    772
   980    772
   981    772
   982    772
   983    772
   984    772
   985    772
   986    772
   987    772
   988    772
   940    773
   941    773
   942    773
   943    773
   944    773
   945    773
   946    773
   947    773
   948    773
   961    773
   962    773
   963    773
   964    773
   965    773
   966    773
   967    773
   968    773
   969    773
   970    773
   979    773
   980    773
   981    773
   982    773
   983    773
   984    773
   985    773
   986    773
   987    773
   988    773
   938    774
   939    774
   940    774
   941    774
   942    774
   943    774
   944    774
   945    774
   946    774
   947    774
   948    774
   949    774
   960    774
   961    774
   962    774
   963    774
   964    774
   965    774
   966    774
   967    774
   968    774
   969    774
   978    774
   979    774
   980    774
   981    774
   982    774
   983    774
   984    774
   985    774
   986    774
   987    774
   988    774
   989    774
   990    774
   936    775
   937    775
   938    775
   939    775
   940    775
   941    775
   942    775
   943    775
   944    775
   945    775
   946    775
   947    775
   948    775
   958    775
   959    775
   960    775
   961    775
   962    775
   963    775
   964    775
   965    775
   966    775
   967    775
   968    775
   977    775
   978    775
   979    775
   980    775
   981    775
   982    775
   983    775
   984    775
   985    775
   986    775
   987    775
   988    775
   989    775
   935    776
   936    776
   937    776
   938    776
   939    776
   940    776
   941    776
   942    776
   943    776
   944    776
   945    776
   946    776
   947    776
   957    776
   958    776
   959    776
   960    776
   961    776
   962    776
   963    776
   964    776
   965    776
   966    776
   976    776
   977    776
   978    776
   979    776
   980    776
   981    776
   982    776
   983    776
   984    776
   985    776
   986    776
   987    776
   988    776
   934    777
   935    777
   936    777
   937    777
   938    777
   939    777
   940    777
   941    777
   942    777
   943    777
   944    777
   945    777
   946    777
   956    777
   957    777
   958    777
   959    777
   960    777
   961    777
   962    777
   963    777
   964    777
   965    777
   966    777
   975    777
   976    777
   977    777
   978    777
   979    777
   980    777
   981    777
   982    777
   983    777
   984    777
   985    777
   986    777
   987    777
   933    778
   934    778
   935    778
   936    778
   937    778
   938    778
   939    778
   940    778
   941    778
   942    778
   943    778
   944    778
   955    778
   956    778
   957    778
   958    778
   959    778
   960    778
   961    778
   962    778
   963    778
   964    778
   965    778
   974    778
   975    778
   976    778
   977    778
   978    778
   979    778
   980    778
   981    778
   982    778
   983    778
   984    778
   985    778
   986    778
   932    779
   933    779
   934    779
   935    779
   936    779
   937    779
   938    779
   939    779
   940    779
   941    779
   942    779
   943    779
   944    779
   954    779
   955    779
   956    779
   957    779
   958    779
   959    779
   960    779
   961    779
   962    779
   963    779
   964    779
   973    779
   974    779
   975    779
   976    779
   977    779
   978    779
   979    779
   980    779
   981    779
   982    779
   983    779
   984    779
   985    779
   931    780
   932    780
   933    780
   934    780
   935    780
   936    780
   937    780
   938    780
   939    780
   940    780
   941    780
   942    780
   943    780
   953    780
   954    780
   955    780
   956    780
   957    780
   958    780
   959    780
   960    780
   961    780
   962    780
   963    780
   972    780
   973    780
   974    780
   975    780
   976    780
   977    780
   978    780
   979    780
   980    780
   981    780
   982    780
   983    780
   930    781
   931    781
   932    781
   933    781
   934    781
   935    781
   936    781
   937    781
   938    781
   939    781
   940    781
   941    781
   942    781
   951    781
   952    781
   953    781
   954    781
   955    781
   956    781
   957    781
   958    781
   959    781
   960    781
   972    781
   973    781
   974    781
   975    781
   976    781
   977    781
   978    781
   979    781
   980    781
   981    781
   982    781
   929    782
   930    782
   931    782
   932    782
   933    782
   934    782
   935    782
   936    782
   937    782
   938    782
   939    782
   951    782
   952    782
   953    782
   954    782
   955    782
   956    782
   957    782
   958    782
   959    782
   960    782
   973    782
   974    782
   975    782
   976    782
   977    782
   978    782
   979    782
   980    782
   950    783
   951    783
   952    783
   953    783
   954    783
   955    783
   956    783
   957    783
   958    783
   959    783
   972    783
   973    783
   974    783
   975    783
   976    783
   977    783
   978    783
   979    783
   980    783
   981    783
   949    784
   950    784
   951    784
   952    784
   953    784
   954    784
   955    784
   956    784
   957    784
   958    784
   959    784
   960    784
   948    785
   949    785
   950    785
   951    785
   952    785
   953    785
   954    785
   955    785
   956    785
   957    785
   947    786
   948    786
   949    786
   950    786
   951    786
   952    786
   953    786
   954    786
   955    786
   956    786
   946    787
   947    787
   948    787
   949    787
   950    787
   951    787
   952    787
   953    787
   954    787
   955    787
   945    788
   946    788
   947    788
   948    788
   949    788
   950    788
   951    788
   952    788
   953    788
   954    788
   945    789
   946    789
   947    789
   948    789
   949    789
   950    789
   951    789
   952    789
   953    789
   954    789
   944    790
   945    790
   946    790
   947    790
   948    790
   949    790
   950    790
   951    790
   952    790
   953    790
   943    791
   944    791
   945    791
   946    791
   947    791
   948    791
   949    791
   950    791
   951    791
   952    791
   943    792
   944    792
   945    792
   946    792
   947    792
   948    792
   949    792
   950    792
   951    792
   952    792
