  1263    711
  1264    711
  1265    711
  1267    711
  1259    712
  1260    712
  1261    712
  1262    712
  1263    712
  1264    712
  1236    713
  1237    713
  1238    713
  1250    713
  1251    713
  1252    713
  1253    713
  1254    713
  1255    713
  1256    713
  1257    713
  1223    714
  1224    714
  1225    714
  1226    714
  1227    714
  1228    714
  1229    714
  1230    714
  1231    714
  1232    714
  1233    714
  1234    714
  1235    714
  1236    714
  1206    715
  1207    715
  1208    715
  1210    715
  1211    715
  1212    715
  1213    715
  1214    715
  1215    715
  1216    715
  1217    715
  1218    715
  1219    715
  1220    715
  1221    715
  1222    715
  1223    715
  1238    715
  1239    715
  1253    715
  1254    715
  1255    715
  1256    715
  1190    716
  1191    716
  1192    716
  1193    716
  1194    716
  1195    716
  1196    716
  1197    716
  1198    716
  1199    716
  1200    716
  1201    716
  1211    716
  1212    716
  1213    716
  1214    716
  1215    716
  1216    716
  1217    716
  1218    716
  1219    716
  1186    717
  1187    717
  1188    717
  1189    717
  1190    717
  1191    717
  1192    717
  1193    717
  1194    717
  1195    717
  1196    717
  1197    717
  1198    717
  1199    717
  1203    717
  1204    717
  1205    717
  1206    717
  1213    717
  1214    717
  1215    717
  1216    717
  1217    717
  1218    717
  1219    717
  1220    717
  1221    717
  1224    717
  1225    717
  1226    717
  1230    717
  1231    717
  1160    718
  1161    718
  1162    718
  1163    718
  1164    718
  1165    718
  1166    718
  1167    718
  1168    718
  1169    718
  1170    718
  1171    718
  1172    718
  1173    718
  1174    718
  1175    718
  1176    718
  1177    718
  1178    718
  1179    718
  1180    718
  1181    718
  1182    718
  1183    718
  1184    718
  1185    718
  1186    718
  1209    718
  1210    718
  1211    718
  1212    718
  1213    718
  1214    718
  1215    718
  1216    718
  1217    718
  1218    718
  1165    719
  1166    719
  1173    719
  1174    719
  1175    719
  1176    719
  1177    719
  1186    719
  1187    719
  1188    719
  1189    719
  1190    719
  1191    719
  1192    719
  1193    719
  1194    719
  1195    719
  1196    719
  1197    719
  1198    719
  1199    719
  1200    719
  1201    719
  1202    719
  1203    719
  1204    719
  1205    719
  1212    719
  1213    719
  1214    719
  1215    719
  1216    719
  1217    719
  1128    720
  1129    720
  1130    720
  1131    720
  1132    720
  1157    720
  1158    720
  1159    720
  1160    720
  1161    720
  1178    720
  1179    720
  1180    720
  1181    720
  1182    720
  1183    720
  1184    720
  1185    720
  1186    720
  1187    720
  1188    720
  1189    720
  1190    720
  1191    720
  1192    720
  1193    720
  1194    720
  1195    720
  1196    720
  1197    720
  1198    720
  1199    720
  1200    720
  1130    721
  1131    721
  1132    721
  1133    721
  1134    721
  1135    721
  1136    721
  1137    721
  1138    721
  1139    721
  1140    721
  1141    721
  1142    721
  1143    721
  1165    721
  1166    721
  1167    721
  1168    721
  1169    721
  1170    721
  1171    721
  1172    721
  1173    721
  1179    721
  1180    721
  1181    721
  1182    721
  1183    721
  1184    721
  1185    721
  1186    721
  1187    721
  1188    721
  1189    721
  1190    721
  1191    721
  1192    721
  1193    721
  1194    721
  1196    721
  1200    721
  1201    721
  1113    722
  1114    722
  1115    722
  1116    722
  1117    722
  1160    722
  1161    722
  1162    722
  1163    722
  1164    722
  1165    722
  1166    722
  1167    722
  1182    722
  1183    722
  1184    722
  1185    722
  1186    722
  1187    722
  1188    722
  1189    722
  1190    722
  1191    722
  1192    722
  1193    722
  1194    722
  1160    723
  1161    723
  1162    723
  1163    723
  1164    723
  1165    723
  1166    723
  1167    723
  1168    723
  1179    723
  1182    723
  1183    723
  1184    723
  1142    724
  1143    724
  1144    724
  1145    724
  1146    724
  1147    724
  1156    724
  1157    724
  1158    724
  1159    724
  1160    724
  1161    724
  1162    724
  1163    724
  1164    724
  1165    724
  1135    725
  1136    725
  1137    725
  1143    725
  1144    725
  1145    725
  1146    725
  1147    725
  1148    725
  1149    725
  1150    725
  1151    725
  1154    725
  1155    725
  1156    725
  1157    725
  1158    725
  1159    725
  1160    725
  1161    725
  1129    726
  1130    726
  1131    726
  1132    726
  1133    726
  1134    726
  1135    726
  1136    726
  1137    726
  1138    726
  1139    726
  1140    726
  1141    726
  1142    726
  1143    726
  1144    726
  1145    726
  1146    726
  1147    726
  1148    726
  1149    726
  1152    726
  1153    726
  1154    726
  1161    726
  1162    726
  1120    727
  1121    727
  1122    727
  1123    727
  1124    727
  1127    727
  1128    727
  1129    727
  1130    727
  1131    727
  1132    727
  1133    727
  1134    727
  1135    727
  1136    727
  1137    727
  1138    727
  1139    727
  1140    727
  1141    727
  1142    727
  1143    727
  1144    727
  1147    727
  1148    727
  1149    727
  1154    727
  1155    727
  1156    727
  1114    728
  1115    728
  1116    728
  1117    728
  1122    728
  1123    728
  1124    728
  1125    728
  1126    728
  1127    728
  1128    728
  1129    728
  1130    728
  1131    728
  1132    728
  1133    728
  1134    728
  1135    728
  1136    728
  1137    728
  1139    728
  1140    728
  1141    728
  1142    728
  1143    728
  1144    728
  1148    728
  1149    728
  1150    728
  1107    729
  1108    729
  1109    729
  1110    729
  1111    729
  1112    729
  1113    729
  1114    729
  1115    729
  1116    729
  1117    729
  1122    729
  1123    729
  1124    729
  1128    729
  1129    729
  1130    729
  1134    729
  1135    729
  1136    729
  1141    729
  1142    729
  1143    729
  1104    730
  1105    730
  1106    730
  1107    730
  1108    730
  1109    730
  1110    730
  1111    730
  1115    730
  1116    730
  1117    730
  1118    730
  1119    730
  1129    730
  1130    730
  1131    730
  1133    730
  1134    730
  1135    730
  1136    730
  1137    730
  1138    730
  1110    731
  1111    731
  1112    731
  1113    731
  1114    731
  1115    731
  1116    731
  1117    731
  1118    731
  1104    732
  1105    732
  1106    732
  1107    732
  1108    732
  1109    732
  1110    732
  1111    732
  1112    732
  1085    733
  1086    733
  1087    733
  1088    733
  1089    733
  1090    733
  1091    733
  1092    733
  1093    733
  1094    733
  1095    733
  1099    733
  1100    733
  1101    733
  1102    733
  1103    733
  1104    733
  1105    733
  1106    733
  1107    733
  1113    733
  1114    733
  1115    733
  1118    733
  1119    733
  1081    734
  1082    734
  1083    734
  1084    734
  1085    734
  1086    734
  1087    734
  1088    734
  1089    734
  1090    734
  1094    734
  1095    734
  1096    734
  1097    734
  1098    734
  1099    734
  1100    734
  1101    734
  1102    734
  1107    734
  1108    734
  1109    734
  1110    734
  1113    734
  1114    734
  1115    734
  1116    734
  1117    734
  1118    734
  1075    735
  1076    735
  1077    735
  1078    735
  1079    735
  1080    735
  1081    735
  1082    735
  1083    735
  1084    735
  1085    735
  1090    735
  1091    735
  1092    735
  1093    735
  1094    735
  1095    735
  1096    735
  1097    735
  1102    735
  1103    735
  1104    735
  1105    735
  1106    735
  1109    735
  1110    735
  1111    735
  1071    736
  1072    736
  1073    736
  1074    736
  1075    736
  1076    736
  1077    736
  1078    736
  1079    736
  1080    736
  1086    736
  1087    736
  1088    736
  1089    736
  1090    736
  1091    736
  1092    736
  1093    736
  1098    736
  1099    736
  1100    736
  1101    736
  1105    736
  1106    736
  1107    736
  1066    737
  1067    737
  1068    737
  1069    737
  1070    737
  1071    737
  1072    737
  1073    737
  1074    737
  1075    737
  1081    737
  1082    737
  1083    737
  1084    737
  1085    737
  1086    737
  1087    737
  1088    737
  1089    737
  1094    737
  1095    737
  1096    737
  1097    737
  1101    737
  1102    737
  1061    738
  1062    738
  1063    738
  1064    738
  1065    738
  1066    738
  1067    738
  1068    738
  1069    738
  1070    738
  1071    738
  1076    738
  1077    738
  1078    738
  1079    738
  1080    738
  1082    738
  1083    738
  1084    738
  1090    738
  1091    738
  1092    738
  1093    738
  1094    738
  1095    738
  1096    738
  1097    738
  1098    738
  1056    739
  1057    739
  1058    739
  1059    739
  1060    739
  1061    739
  1062    739
  1063    739
  1064    739
  1065    739
  1066    739
  1067    739
  1072    739
  1073    739
  1074    739
  1075    739
  1079    739
  1080    739
  1087    739
  1088    739
  1089    739
  1090    739
  1091    739
  1092    739
  1093    739
  1094    739
  1095    739
  1055    740
  1056    740
  1057    740
  1058    740
  1059    740
  1060    740
  1061    740
  1062    740
  1063    740
  1068    740
  1069    740
  1070    740
  1071    740
  1072    740
  1074    740
  1075    740
  1076    740
  1083    740
  1089    740
  1090    740
  1091    740
  1064    741
  1065    741
  1066    741
  1067    741
  1068    741
  1069    741
  1070    741
  1071    741
  1072    741
  1073    741
  1061    742
  1062    742
  1063    742
  1064    742
  1065    742
  1066    742
  1067    742
  1068    742
  1043    743
  1044    743
  1045    743
  1046    743
  1047    743
  1048    743
  1056    743
  1057    743
  1058    743
  1059    743
  1060    743
  1061    743
  1062    743
  1063    743
  1064    743
  1065    743
  1038    744
  1039    744
  1040    744
  1041    744
  1042    744
  1044    744
  1045    744
  1046    744
  1047    744
  1052    744
  1053    744
  1054    744
  1055    744
  1056    744
  1057    744
  1058    744
  1059    744
  1060    744
  1061    744
  1067    744
  1068    744
  1069    744
  1070    744
  1034    745
  1035    745
  1036    745
  1037    745
  1038    745
  1039    745
  1040    745
  1041    745
  1042    745
  1043    745
  1049    745
  1050    745
  1051    745
  1052    745
  1053    745
  1054    745
  1055    745
  1056    745
  1057    745
  1058    745
  1063    745
  1064    745
  1065    745
  1066    745
  1067    745
  1071    745
  1072    745
  1073    745
  1029    746
  1030    746
  1031    746
  1032    746
  1033    746
  1034    746
  1035    746
  1036    746
  1037    746
  1038    746
  1039    746
  1040    746
  1045    746
  1046    746
  1047    746
  1048    746
  1049    746
  1050    746
  1051    746
  1052    746
  1053    746
  1054    746
  1060    746
  1061    746
  1062    746
  1063    746
  1064    746
  1065    746
  1066    746
  1067    746
  1068    746
  1069    746
  1026    747
  1027    747
  1028    747
  1029    747
  1030    747
  1031    747
  1032    747
  1033    747
  1034    747
  1035    747
  1036    747
  1043    747
  1044    747
  1045    747
  1046    747
  1047    747
  1048    747
  1049    747
  1050    747
  1051    747
  1057    747
  1058    747
  1059    747
  1060    747
  1061    747
  1062    747
  1063    747
  1064    747
  1065    747
  1066    747
  1022    748
  1023    748
  1024    748
  1025    748
  1026    748
  1028    748
  1029    748
  1030    748
  1031    748
  1032    748
  1039    748
  1040    748
  1041    748
  1042    748
  1043    748
  1044    748
  1045    748
  1046    748
  1047    748
  1048    748
  1053    748
  1054    748
  1055    748
  1056    748
  1060    748
  1061    748
  1062    748
  1019    749
  1020    749
  1021    749
  1022    749
  1023    749
  1025    749
  1026    749
  1027    749
  1028    749
  1035    749
  1036    749
  1037    749
  1038    749
  1039    749
  1040    749
  1041    749
  1042    749
  1043    749
  1044    749
  1045    749
  1051    749
  1052    749
  1053    749
  1054    749
  1055    749
  1058    749
  1059    749
  1060    749
  1015    750
  1016    750
  1017    750
  1018    750
  1019    750
  1020    750
  1021    750
  1022    750
  1023    750
  1024    750
  1025    750
  1026    750
  1033    750
  1034    750
  1035    750
  1036    750
  1037    750
  1038    750
  1039    750
  1040    750
  1041    750
  1042    750
  1048    750
  1049    750
  1050    750
  1051    750
  1052    750
  1053    750
  1054    750
  1055    750
  1056    750
  1057    750
  1012    751
  1013    751
  1014    751
  1015    751
  1016    751
  1017    751
  1018    751
  1019    751
  1020    751
  1021    751
  1022    751
  1029    751
  1030    751
  1031    751
  1036    751
  1037    751
  1038    751
  1044    751
  1045    751
  1046    751
  1047    751
  1048    751
  1051    751
  1052    751
  1053    751
  1054    751
  1008    752
  1009    752
  1010    752
  1013    752
  1014    752
  1015    752
  1016    752
  1017    752
  1018    752
  1019    752
  1026    752
  1027    752
  1028    752
  1041    752
  1042    752
  1043    752
  1044    752
  1051    752
  1010    753
  1011    753
  1012    753
  1013    753
  1014    753
  1015    753
  1016    753
  1023    753
  1024    753
  1025    753
  1020    754
  1021    754
  1022    754
  1023    754
  1027    754
  1028    754
  1029    754
  1017    755
  1018    755
  1019    755
  1020    755
  1021    755
  1023    755
  1024    755
  1025    755
  1026    755
  1015    756
  1016    756
  1017    756
  1018    756
  1019    756
  1020    756
  1021    756
  1022    756
  1023    756
  1024    756
   994    757
   995    757
   996    757
   997    757
  1012    757
  1013    757
  1014    757
  1015    757
  1016    757
  1017    757
  1018    757
  1019    757
  1020    757
  1021    757
   989    758
   990    758
   991    758
   992    758
  1009    758
  1010    758
  1015    758
  1016    758
  1017    758
  1018    758
  1025    758
  1026    758
  1027    758
  1028    758
   987    759
   988    759
   989    759
   990    759
   996    759
   997    759
   998    759
  1013    759
  1014    759
  1015    759
  1023    759
  1024    759
  1025    759
  1026    759
  1027    759
   976    760
   977    760
   978    760
   979    760
   984    760
   985    760
   986    760
   987    760
   993    760
   994    760
   995    760
  1004    760
  1005    760
  1011    760
  1012    760
  1013    760
  1020    760
  1021    760
  1022    760
  1023    760
  1024    760
  1025    760
  1026    760
  1027    760
  1029    760
  1030    760
   975    761
   976    761
   977    761
   978    761
   982    761
   983    761
   984    761
   991    761
   992    761
  1002    761
  1003    761
  1008    761
  1009    761
  1010    761
  1018    761
  1019    761
  1020    761
  1021    761
  1022    761
  1023    761
  1024    761
  1025    761
  1026    761
  1027    761
  1028    761
   979    762
   980    762
   981    762
   982    762
   983    762
   984    762
   988    762
   989    762
   990    762
   999    762
  1000    762
  1001    762
  1002    762
  1005    762
  1006    762
  1007    762
  1016    762
  1017    762
  1018    762
  1019    762
  1020    762
  1021    762
  1022    762
  1023    762
  1024    762
  1025    762
  1026    762
   977    763
   978    763
   979    763
   980    763
   981    763
   982    763
   986    763
   987    763
   988    763
   997    763
   998    763
   999    763
  1004    763
  1005    763
  1013    763
  1014    763
  1015    763
  1016    763
  1017    763
  1018    763
  1020    763
  1021    763
  1022    763
  1023    763
  1024    763
   968    764
   969    764
   975    764
   976    764
   977    764
   978    764
   979    764
   983    764
   984    764
   985    764
   994    764
   995    764
   996    764
  1002    764
  1003    764
  1011    764
  1012    764
  1013    764
  1014    764
  1015    764
  1016    764
  1020    764
  1021    764
  1022    764
   972    765
   973    765
   974    765
   975    765
   976    765
   977    765
   978    765
   979    765
   980    765
   981    765
   982    765
   991    765
   992    765
   993    765
   994    765
  1000    765
  1010    765
  1011    765
  1012    765
  1013    765
  1014    765
  1015    765
  1016    765
  1019    765
  1020    765
   970    766
   971    766
   972    766
   973    766
   974    766
   975    766
   976    766
   977    766
   979    766
   980    766
   989    766
   990    766
   991    766
   992    766
   997    766
   998    766
   999    766
  1008    766
  1009    766
  1010    766
  1011    766
  1012    766
  1013    766
  1014    766
  1015    766
   968    767
   969    767
   970    767
   971    767
   972    767
   973    767
   974    767
   975    767
   976    767
   977    767
   978    767
   987    767
   988    767
   989    767
   990    767
   995    767
   996    767
   997    767
  1007    767
  1008    767
  1009    767
  1010    767
  1011    767
  1012    767
  1013    767
  1014    767
  1015    767
  1016    767
   966    768
   967    768
   968    768
   969    768
   970    768
   971    768
   972    768
   973    768
   974    768
   975    768
   985    768
   986    768
   987    768
   988    768
   989    768
  1005    768
  1006    768
  1007    768
  1008    768
  1009    768
  1010    768
  1011    768
  1012    768
  1013    768
   964    769
   965    769
   966    769
   967    769
   968    769
   969    769
   970    769
   971    769
   972    769
   973    769
   974    769
   983    769
   984    769
   985    769
   986    769
   987    769
   988    769
   989    769
  1003    769
  1004    769
  1005    769
  1006    769
  1007    769
  1008    769
  1009    769
  1010    769
  1011    769
  1012    769
  1013    769
   965    770
   966    770
   967    770
   968    770
   969    770
   970    770
   971    770
   972    770
   973    770
   982    770
   983    770
   984    770
   985    770
   986    770
   987    770
   991    770
  1004    770
  1005    770
  1006    770
  1007    770
  1008    770
  1009    770
  1010    770
  1011    770
  1012    770
   969    771
   970    771
   971    771
   980    771
   981    771
   982    771
   983    771
   984    771
   985    771
   988    771
   989    771
  1009    771
  1010    771
  1011    771
   978    772
   979    772
   980    772
   981    772
   982    772
   983    772
   984    772
   976    773
   977    773
   978    773
   979    773
   980    773
   981    773
   982    773
   983    773
   975    774
   976    774
   977    774
   978    774
   979    774
   980    774
   981    774
   982    774
   983    774
   973    775
   974    775
   975    775
   976    775
   977    775
   978    775
   979    775
   980    775
   981    775
   982    775
   971    776
   972    776
   973    776
   974    776
   975    776
   976    776
   977    776
   978    776
   979    776
   980    776
   981    776
   971    777
   972    777
   973    777
   974    777
   975    777
   976    777
   977    777
   978    777
   979    777
   980    777
   970    778
   971    778
   972    778
   973    778
   974    778
   975    778
   976    778
   977    778
   978    778
   979    778
   980    778
   990    778
   991    778
   992    778
   993    778
   994    778
   995    778
   996    778
   968    779
   969    779
   970    779
   971    779
   972    779
   973    779
   974    779
   975    779
   976    779
   977    779
   978    779
   979    779
   988    779
   989    779
   990    779
   991    779
   992    779
   993    779
   994    779
   995    779
   996    779
   967    780
   968    780
   969    780
   970    780
   971    780
   972    780
   973    780
   974    780
   975    780
   976    780
   987    780
   988    780
   989    780
   990    780
   991    780
   992    780
   993    780
   994    780
   995    780
   996    780
   997    780
   966    781
   967    781
   968    781
   969    781
   970    781
   971    781
   972    781
   973    781
   974    781
   975    781
   986    781
   987    781
   988    781
   989    781
   990    781
   991    781
   992    781
   993    781
   994    781
   995    781
   996    781
   965    782
   966    782
   967    782
   968    782
   969    782
   970    782
   971    782
   972    782
   973    782
   974    782
   975    782
   985    782
   986    782
   987    782
   988    782
   989    782
   990    782
   991    782
   992    782
   993    782
   994    782
   995    782
   996    782
   965    783
   966    783
   967    783
   968    783
   969    783
   970    783
   971    783
   972    783
   973    783
   974    783
   975    783
   984    783
   985    783
   986    783
   987    783
   988    783
   989    783
   990    783
   991    783
   992    783
   993    783
   994    783
   995    783
   996    783
   997    783
   963    784
   964    784
   965    784
   966    784
   967    784
   968    784
   969    784
   970    784
   971    784
   972    784
   983    784
   984    784
   985    784
   986    784
   987    784
   988    784
   989    784
   990    784
   991    784
   992    784
   993    784
   994    784
   995    784
   962    785
   963    785
   964    785
   965    785
   966    785
   967    785
   968    785
   969    785
   970    785
   971    785
   982    785
   983    785
   984    785
   985    785
   986    785
   987    785
   988    785
   989    785
   990    785
   991    785
   992    785
   993    785
   961    786
   962    786
   963    786
   964    786
   965    786
   966    786
   967    786
   968    786
   969    786
   970    786
   981    786
   982    786
   983    786
   984    786
   985    786
   986    786
   987    786
   988    786
   989    786
   990    786
   991    786
   992    786
   993    786
   960    787
   961    787
   962    787
   963    787
   964    787
   965    787
   966    787
   967    787
   968    787
   969    787
   970    787
   981    787
   982    787
   983    787
   984    787
   985    787
   986    787
   987    787
   988    787
   989    787
   990    787
   991    787
   992    787
   993    787
   994    787
   959    788
   960    788
   961    788
   962    788
   963    788
   964    788
   965    788
   966    788
   967    788
   968    788
   969    788
   980    788
   981    788
   982    788
   983    788
   984    788
   985    788
   986    788
   987    788
   988    788
   989    788
   990    788
   991    788
   992    788
   993    788
   958    789
   959    789
   960    789
   961    789
   962    789
   963    789
   964    789
   965    789
   966    789
   967    789
   968    789
   979    789
   980    789
   981    789
   982    789
   983    789
   984    789
   985    789
   986    789
   987    789
   988    789
   989    789
   990    789
   991    789
   957    790
   958    790
   959    790
   960    790
   961    790
   962    790
   963    790
   964    790
   965    790
   966    790
   979    790
   980    790
   981    790
   982    790
   983    790
   984    790
   985    790
   986    790
   987    790
   988    790
   989    790
   990    790
   991    790
   992    790
   956    791
   957    791
   958    791
   959    791
   960    791
   961    791
   962    791
   963    791
   964    791
   965    791
   966    791
   979    791
   980    791
   981    791
   982    791
   983    791
   984    791
   985    791
   986    791
   987    791
   988    791
   989    791
   990    791
   991    791
   992    791
   956    792
   957    792
   958    792
   959    792
   960    792
   961    792
   962    792
   963    792
   964    792
   965    792
   982    792
   983    792
   984    792
   985    792
   986    792
   987    792
   988    792
   989    792
   990    792
   991    792
