  1230    713
  1231    713
  1232    713
  1233    713
  1234    713
  1235    713
  1243    713
  1216    714
  1217    714
  1218    714
  1219    714
  1220    714
  1221    714
  1222    714
  1223    714
  1224    714
  1225    714
  1226    714
  1227    714
  1228    714
  1229    714
  1230    714
  1231    714
  1232    714
  1233    714
  1234    714
  1239    714
  1240    714
  1198    715
  1199    715
  1200    715
  1206    715
  1207    715
  1208    715
  1209    715
  1210    715
  1211    715
  1212    715
  1213    715
  1214    715
  1215    715
  1216    715
  1217    715
  1218    715
  1227    715
  1228    715
  1229    715
  1230    715
  1231    715
  1232    715
  1185    716
  1186    716
  1187    716
  1188    716
  1189    716
  1190    716
  1191    716
  1192    716
  1193    716
  1194    716
  1195    716
  1196    716
  1197    716
  1198    716
  1199    716
  1205    716
  1206    716
  1207    716
  1208    716
  1209    716
  1210    716
  1211    716
  1212    716
  1213    716
  1214    716
  1215    716
  1216    716
  1225    716
  1175    717
  1176    717
  1177    717
  1178    717
  1179    717
  1180    717
  1181    717
  1182    717
  1183    717
  1184    717
  1185    717
  1209    717
  1210    717
  1211    717
  1212    717
  1213    717
  1214    717
  1215    717
  1216    717
  1217    717
  1218    717
  1228    717
  1152    718
  1153    718
  1154    718
  1167    718
  1171    718
  1172    718
  1173    718
  1174    718
  1175    718
  1176    718
  1177    718
  1178    718
  1179    718
  1180    718
  1188    718
  1189    718
  1190    718
  1191    718
  1192    718
  1193    718
  1194    718
  1195    718
  1196    718
  1197    718
  1198    718
  1199    718
  1200    718
  1201    718
  1202    718
  1203    718
  1204    718
  1205    718
  1206    718
  1207    718
  1208    718
  1211    718
  1212    718
  1213    718
  1214    718
  1215    718
  1134    719
  1135    719
  1136    719
  1137    719
  1158    719
  1159    719
  1160    719
  1161    719
  1162    719
  1163    719
  1164    719
  1165    719
  1166    719
  1179    719
  1180    719
  1181    719
  1182    719
  1183    719
  1184    719
  1185    719
  1186    719
  1187    719
  1188    719
  1189    719
  1190    719
  1191    719
  1192    719
  1193    719
  1194    719
  1195    719
  1196    719
  1197    719
  1198    719
  1199    719
  1200    719
  1208    719
  1209    719
  1210    719
  1211    719
  1141    720
  1142    720
  1143    720
  1169    720
  1170    720
  1171    720
  1172    720
  1173    720
  1174    720
  1175    720
  1176    720
  1177    720
  1178    720
  1179    720
  1180    720
  1181    720
  1182    720
  1183    720
  1184    720
  1185    720
  1186    720
  1187    720
  1188    720
  1189    720
  1190    720
  1191    720
  1192    720
  1193    720
  1194    720
  1199    720
  1200    720
  1201    720
  1202    720
  1203    720
  1128    721
  1129    721
  1158    721
  1159    721
  1160    721
  1161    721
  1162    721
  1163    721
  1164    721
  1165    721
  1175    721
  1176    721
  1177    721
  1178    721
  1179    721
  1180    721
  1181    721
  1182    721
  1183    721
  1184    721
  1185    721
  1187    721
  1188    721
  1189    721
  1190    721
  1191    721
  1192    721
  1193    721
  1194    721
  1158    722
  1159    722
  1160    722
  1161    722
  1162    722
  1163    722
  1164    722
  1165    722
  1166    722
  1172    722
  1173    722
  1174    722
  1175    722
  1176    722
  1177    722
  1178    722
  1180    722
  1181    722
  1182    722
  1183    722
  1184    722
  1185    722
  1155    723
  1156    723
  1157    723
  1158    723
  1159    723
  1160    723
  1161    723
  1162    723
  1163    723
  1164    723
  1135    724
  1136    724
  1137    724
  1138    724
  1139    724
  1140    724
  1141    724
  1142    724
  1143    724
  1144    724
  1145    724
  1147    724
  1148    724
  1149    724
  1155    724
  1156    724
  1157    724
  1158    724
  1159    724
  1160    724
  1161    724
  1162    724
  1128    725
  1129    725
  1130    725
  1131    725
  1132    725
  1134    725
  1135    725
  1136    725
  1137    725
  1138    725
  1139    725
  1140    725
  1141    725
  1142    725
  1143    725
  1144    725
  1148    725
  1149    725
  1150    725
  1153    725
  1154    725
  1160    725
  1161    725
  1120    726
  1121    726
  1122    726
  1123    726
  1124    726
  1125    726
  1126    726
  1127    726
  1128    726
  1129    726
  1130    726
  1131    726
  1132    726
  1133    726
  1134    726
  1135    726
  1136    726
  1137    726
  1138    726
  1139    726
  1140    726
  1141    726
  1142    726
  1143    726
  1144    726
  1145    726
  1146    726
  1147    726
  1148    726
  1149    726
  1155    726
  1156    726
  1113    727
  1114    727
  1115    727
  1116    727
  1122    727
  1123    727
  1124    727
  1126    727
  1127    727
  1128    727
  1129    727
  1130    727
  1131    727
  1132    727
  1133    727
  1134    727
  1135    727
  1136    727
  1137    727
  1138    727
  1139    727
  1140    727
  1141    727
  1147    727
  1148    727
  1107    728
  1108    728
  1109    728
  1110    728
  1111    728
  1112    728
  1113    728
  1114    728
  1115    728
  1116    728
  1117    728
  1122    728
  1123    728
  1127    728
  1128    728
  1129    728
  1130    728
  1131    728
  1132    728
  1133    728
  1134    728
  1135    728
  1136    728
  1137    728
  1140    728
  1141    728
  1142    728
  1102    729
  1103    729
  1104    729
  1105    729
  1106    729
  1107    729
  1108    729
  1109    729
  1114    729
  1115    729
  1116    729
  1117    729
  1118    729
  1119    729
  1122    729
  1123    729
  1124    729
  1125    729
  1127    729
  1128    729
  1129    729
  1130    729
  1134    729
  1135    729
  1136    729
  1137    729
  1109    730
  1110    730
  1111    730
  1112    730
  1113    730
  1114    730
  1115    730
  1116    730
  1117    730
  1118    730
  1129    730
  1130    730
  1103    731
  1104    731
  1105    731
  1106    731
  1107    731
  1108    731
  1109    731
  1110    731
  1111    731
  1084    732
  1085    732
  1086    732
  1087    732
  1088    732
  1089    732
  1090    732
  1091    732
  1092    732
  1097    732
  1098    732
  1099    732
  1100    732
  1101    732
  1102    732
  1103    732
  1104    732
  1105    732
  1106    732
  1111    732
  1112    732
  1113    732
  1114    732
  1115    732
  1116    732
  1079    733
  1080    733
  1081    733
  1082    733
  1083    733
  1084    733
  1085    733
  1086    733
  1087    733
  1088    733
  1092    733
  1093    733
  1094    733
  1095    733
  1096    733
  1097    733
  1098    733
  1099    733
  1100    733
  1106    733
  1107    733
  1108    733
  1109    733
  1113    733
  1114    733
  1115    733
  1073    734
  1074    734
  1075    734
  1076    734
  1077    734
  1078    734
  1079    734
  1080    734
  1081    734
  1082    734
  1083    734
  1088    734
  1089    734
  1090    734
  1091    734
  1092    734
  1093    734
  1094    734
  1095    734
  1096    734
  1101    734
  1102    734
  1103    734
  1104    734
  1107    734
  1108    734
  1109    734
  1069    735
  1070    735
  1071    735
  1072    735
  1073    735
  1074    735
  1075    735
  1076    735
  1077    735
  1078    735
  1083    735
  1084    735
  1085    735
  1086    735
  1087    735
  1088    735
  1089    735
  1090    735
  1096    735
  1097    735
  1098    735
  1099    735
  1101    735
  1102    735
  1103    735
  1104    735
  1064    736
  1065    736
  1066    736
  1067    736
  1068    736
  1069    736
  1070    736
  1071    736
  1072    736
  1073    736
  1079    736
  1080    736
  1081    736
  1082    736
  1083    736
  1084    736
  1085    736
  1086    736
  1091    736
  1092    736
  1093    736
  1094    736
  1095    736
  1098    736
  1099    736
  1100    736
  1060    737
  1061    737
  1062    737
  1063    737
  1064    737
  1065    737
  1066    737
  1067    737
  1068    737
  1069    737
  1074    737
  1075    737
  1076    737
  1080    737
  1081    737
  1082    737
  1087    737
  1088    737
  1089    737
  1090    737
  1091    737
  1094    737
  1095    737
  1096    737
  1054    738
  1055    738
  1056    738
  1057    738
  1058    738
  1059    738
  1060    738
  1061    738
  1062    738
  1063    738
  1064    738
  1069    738
  1070    738
  1071    738
  1072    738
  1084    738
  1085    738
  1086    738
  1087    738
  1088    738
  1089    738
  1090    738
  1091    738
  1092    738
  1056    739
  1057    739
  1058    739
  1059    739
  1060    739
  1065    739
  1066    739
  1067    739
  1068    739
  1069    739
  1070    739
  1071    739
  1072    739
  1073    739
  1074    739
  1086    739
  1087    739
  1088    739
  1062    740
  1063    740
  1064    740
  1065    740
  1066    740
  1067    740
  1068    740
  1069    740
  1070    740
  1059    741
  1060    741
  1061    741
  1062    741
  1063    741
  1064    741
  1065    741
  1066    741
  1040    742
  1041    742
  1042    742
  1044    742
  1045    742
  1046    742
  1053    742
  1054    742
  1055    742
  1056    742
  1057    742
  1058    742
  1059    742
  1060    742
  1061    742
  1062    742
  1063    742
  1034    743
  1035    743
  1036    743
  1037    743
  1038    743
  1039    743
  1040    743
  1041    743
  1042    743
  1043    743
  1044    743
  1049    743
  1050    743
  1051    743
  1052    743
  1053    743
  1054    743
  1055    743
  1056    743
  1057    743
  1058    743
  1064    743
  1065    743
  1066    743
  1067    743
  1031    744
  1032    744
  1033    744
  1034    744
  1035    744
  1036    744
  1037    744
  1038    744
  1039    744
  1040    744
  1046    744
  1047    744
  1048    744
  1049    744
  1050    744
  1051    744
  1052    744
  1053    744
  1054    744
  1055    744
  1060    744
  1061    744
  1062    744
  1063    744
  1064    744
  1068    744
  1069    744
  1026    745
  1027    745
  1028    745
  1029    745
  1030    745
  1031    745
  1032    745
  1033    745
  1034    745
  1035    745
  1036    745
  1037    745
  1043    745
  1044    745
  1045    745
  1046    745
  1047    745
  1048    745
  1049    745
  1050    745
  1051    745
  1056    745
  1057    745
  1058    745
  1059    745
  1060    745
  1062    745
  1063    745
  1064    745
  1065    745
  1024    746
  1025    746
  1026    746
  1027    746
  1028    746
  1029    746
  1030    746
  1031    746
  1032    746
  1033    746
  1039    746
  1040    746
  1041    746
  1042    746
  1043    746
  1044    746
  1045    746
  1046    746
  1047    746
  1048    746
  1053    746
  1054    746
  1055    746
  1056    746
  1057    746
  1060    746
  1061    746
  1062    746
  1019    747
  1020    747
  1021    747
  1022    747
  1023    747
  1024    747
  1025    747
  1026    747
  1027    747
  1028    747
  1029    747
  1036    747
  1037    747
  1038    747
  1039    747
  1040    747
  1041    747
  1042    747
  1043    747
  1044    747
  1050    747
  1051    747
  1052    747
  1053    747
  1054    747
  1055    747
  1057    747
  1058    747
  1059    747
  1015    748
  1016    748
  1017    748
  1018    748
  1019    748
  1020    748
  1022    748
  1023    748
  1024    748
  1025    748
  1032    748
  1033    748
  1034    748
  1035    748
  1038    748
  1039    748
  1040    748
  1041    748
  1047    748
  1048    748
  1049    748
  1050    748
  1051    748
  1053    748
  1054    748
  1055    748
  1056    748
  1013    749
  1014    749
  1015    749
  1016    749
  1017    749
  1018    749
  1019    749
  1020    749
  1021    749
  1022    749
  1023    749
  1029    749
  1030    749
  1031    749
  1032    749
  1035    749
  1036    749
  1037    749
  1038    749
  1044    749
  1045    749
  1046    749
  1047    749
  1048    749
  1049    749
  1050    749
  1051    749
  1052    749
  1053    749
  1008    750
  1009    750
  1010    750
  1011    750
  1012    750
  1013    750
  1014    750
  1015    750
  1016    750
  1017    750
  1018    750
  1019    750
  1026    750
  1027    750
  1028    750
  1033    750
  1034    750
  1040    750
  1041    750
  1042    750
  1043    750
  1047    750
  1048    750
  1049    750
  1050    750
  1009    751
  1010    751
  1011    751
  1012    751
  1013    751
  1014    751
  1015    751
  1016    751
  1022    751
  1023    751
  1024    751
  1025    751
  1030    751
  1031    751
  1038    751
  1039    751
  1045    751
  1046    751
  1047    751
  1019    752
  1020    752
  1021    752
  1022    752
  1023    752
  1027    752
  1028    752
  1017    753
  1018    753
  1019    753
  1020    753
  1021    753
  1022    753
  1023    753
  1024    753
  1025    753
  1014    754
  1015    754
  1016    754
  1017    754
  1018    754
  1019    754
  1020    754
  1021    754
  1022    754
  1023    754
  1011    755
  1012    755
  1013    755
  1016    755
  1017    755
  1018    755
  1019    755
  1020    755
   990    756
   991    756
   992    756
  1008    756
  1009    756
  1010    756
  1014    756
  1015    756
  1016    756
  1017    756
  1025    756
  1026    756
  1027    756
   987    757
   988    757
   989    757
   996    757
   997    757
  1005    757
  1006    757
  1007    757
  1008    757
  1011    757
  1012    757
  1013    757
  1014    757
  1021    757
  1022    757
  1023    757
  1024    757
  1025    757
   984    758
   985    758
   986    758
   987    758
   988    758
   990    758
   991    758
   992    758
   993    758
   994    758
  1002    758
  1003    758
  1009    758
  1010    758
  1011    758
  1012    758
  1019    758
  1020    758
  1021    758
  1022    758
  1023    758
  1024    758
  1028    758
  1029    758
   981    759
   982    759
   983    759
   986    759
   987    759
   988    759
   989    759
   990    759
   991    759
  1000    759
  1001    759
  1006    759
  1007    759
  1008    759
  1009    759
  1016    759
  1017    759
  1018    759
  1019    759
  1020    759
  1021    759
  1022    759
  1023    759
  1025    759
  1026    759
   978    760
   979    760
   980    760
   983    760
   984    760
   985    760
   986    760
   987    760
   988    760
   989    760
   998    760
   999    760
  1000    760
  1001    760
  1005    760
  1006    760
  1014    760
  1015    760
  1016    760
  1022    760
  1023    760
  1024    760
   975    761
   976    761
   977    761
   978    761
   982    761
   983    761
   984    761
   985    761
   986    761
   995    761
   996    761
   997    761
   998    761
  1001    761
  1002    761
  1003    761
  1004    761
  1012    761
  1013    761
  1014    761
  1020    761
  1021    761
  1022    761
   973    762
   974    762
   975    762
   976    762
   981    762
   982    762
   983    762
   984    762
   993    762
   994    762
   999    762
  1000    762
  1001    762
  1002    762
  1010    762
  1011    762
  1012    762
  1013    762
  1014    762
  1018    762
  1019    762
  1020    762
   971    763
   972    763
   973    763
   974    763
   975    763
   976    763
   979    763
   980    763
   981    763
   982    763
   991    763
   992    763
   993    763
   998    763
   999    763
  1008    763
  1009    763
  1010    763
  1011    763
  1012    763
  1013    763
  1014    763
  1016    763
  1017    763
  1018    763
   969    764
   970    764
   971    764
   972    764
   973    764
   974    764
   975    764
   978    764
   979    764
   980    764
   989    764
   990    764
  1006    764
  1007    764
  1008    764
  1009    764
  1010    764
  1011    764
  1012    764
  1013    764
  1014    764
  1015    764
  1016    764
   967    765
   968    765
   969    765
   970    765
   971    765
   972    765
   973    765
   974    765
   975    765
   976    765
   977    765
   978    765
   987    765
   988    765
  1004    765
  1005    765
  1006    765
  1007    765
  1008    765
  1009    765
  1010    765
  1011    765
  1012    765
  1013    765
  1014    765
   964    766
   965    766
   966    766
   967    766
   968    766
   969    766
   970    766
   971    766
   972    766
   973    766
   974    766
   975    766
   976    766
   984    766
   985    766
   986    766
   988    766
   989    766
   992    766
   993    766
  1002    766
  1003    766
  1004    766
  1005    766
  1006    766
  1007    766
  1008    766
  1009    766
  1011    766
  1012    766
   962    767
   963    767
   964    767
   965    767
   966    767
   967    767
   968    767
   969    767
   970    767
   971    767
   972    767
   973    767
   974    767
   983    767
   984    767
   985    767
   990    767
   991    767
  1002    767
  1003    767
  1004    767
  1005    767
  1006    767
  1007    767
   961    768
   962    768
   967    768
   968    768
   970    768
   971    768
   972    768
   980    768
   981    768
   982    768
   983    768
   984    768
   965    769
   966    769
   967    769
   968    769
   969    769
   977    769
   978    769
   979    769
   980    769
   981    769
   982    769
   983    769
   976    770
   977    770
   978    770
   979    770
   980    770
   981    770
   982    770
   975    771
   976    771
   977    771
   978    771
   979    771
   980    771
   981    771
   973    772
   974    772
   975    772
   976    772
   977    772
   978    772
   979    772
   980    772
   971    773
   972    773
   973    773
   974    773
   975    773
   976    773
   977    773
   978    773
   970    774
   971    774
   972    774
   973    774
   974    774
   975    774
   976    774
   977    774
   978    774
   979    774
   980    774
   968    775
   969    775
   970    775
   971    775
   972    775
   973    775
   974    775
   975    775
   976    775
   977    775
   978    775
   967    776
   968    776
   969    776
   970    776
   971    776
   972    776
   973    776
   974    776
   975    776
   976    776
   987    776
   988    776
   989    776
   990    776
   991    776
   992    776
   993    776
   994    776
   966    777
   967    777
   968    777
   969    777
   970    777
   971    777
   972    777
   973    777
   974    777
   975    777
   976    777
   986    777
   987    777
   988    777
   989    777
   990    777
   991    777
   992    777
   993    777
   994    777
   995    777
   965    778
   966    778
   967    778
   968    778
   969    778
   970    778
   971    778
   972    778
   973    778
   974    778
   975    778
   985    778
   986    778
   987    778
   988    778
   989    778
   990    778
   991    778
   992    778
   993    778
   994    778
   995    778
   996    778
   964    779
   965    779
   966    779
   967    779
   968    779
   969    779
   970    779
   971    779
   972    779
   973    779
   984    779
   985    779
   986    779
   987    779
   988    779
   989    779
   990    779
   991    779
   992    779
   993    779
   994    779
   995    779
   996    779
   963    780
   964    780
   965    780
   966    780
   967    780
   968    780
   969    780
   970    780
   971    780
   982    780
   983    780
   984    780
   985    780
   986    780
   987    780
   988    780
   989    780
   990    780
   991    780
   992    780
   993    780
   994    780
   995    780
   962    781
   963    781
   964    781
   965    781
   966    781
   967    781
   968    781
   969    781
   970    781
   981    781
   982    781
   983    781
   984    781
   985    781
   986    781
   987    781
   988    781
   989    781
   990    781
   991    781
   992    781
   993    781
   994    781
   961    782
   962    782
   963    782
   964    782
   965    782
   966    782
   967    782
   968    782
   969    782
   970    782
   980    782
   981    782
   982    782
   983    782
   984    782
   985    782
   986    782
   987    782
   988    782
   989    782
   990    782
   991    782
   992    782
   959    783
   960    783
   961    783
   962    783
   963    783
   964    783
   965    783
   966    783
   967    783
   968    783
   969    783
   980    783
   981    783
   982    783
   983    783
   984    783
   985    783
   986    783
   987    783
   988    783
   989    783
   990    783
   991    783
   992    783
   959    784
   960    784
   961    784
   962    784
   963    784
   964    784
   965    784
   966    784
   967    784
   979    784
   980    784
   981    784
   982    784
   983    784
   984    784
   985    784
   986    784
   987    784
   988    784
   989    784
   990    784
   991    784
   958    785
   959    785
   960    785
   961    785
   962    785
   963    785
   964    785
   965    785
   966    785
   967    785
   978    785
   979    785
   980    785
   981    785
   982    785
   983    785
   984    785
   985    785
   986    785
   987    785
   988    785
   989    785
   957    786
   958    786
   959    786
   960    786
   961    786
   962    786
   963    786
   964    786
   965    786
   966    786
   978    786
   979    786
   980    786
   981    786
   982    786
   983    786
   984    786
   985    786
   986    786
   987    786
   988    786
   989    786
   956    787
   957    787
   958    787
   959    787
   960    787
   961    787
   962    787
   963    787
   964    787
   965    787
   966    787
   977    787
   978    787
   979    787
   980    787
   981    787
   982    787
   983    787
   984    787
   985    787
   986    787
   987    787
   988    787
   955    788
   956    788
   957    788
   958    788
   959    788
   960    788
   961    788
   962    788
   963    788
   964    788
   965    788
   976    788
   977    788
   978    788
   979    788
   980    788
   981    788
   982    788
   983    788
   984    788
   985    788
   986    788
   987    788
   988    788
   989    788
   954    789
   955    789
   956    789
   957    789
   958    789
   959    789
   960    789
   961    789
   962    789
   963    789
   964    789
   978    789
   979    789
   980    789
   981    789
   982    789
   983    789
   984    789
   985    789
   986    789
   987    789
   988    789
   953    790
   954    790
   955    790
   956    790
   957    790
   958    790
   959    790
   960    790
   961    790
   962    790
   963    790
   964    790
   981    790
   982    790
   983    790
   984    790
   985    790
   986    790
   987    790
   952    791
   953    791
   954    791
   955    791
   956    791
   957    791
   958    791
   959    791
   960    791
   961    791
   962    791
   963    791
   952    792
   953    792
   954    792
   955    792
   956    792
   957    792
   958    792
   959    792
   960    792
   961    792
