  1264    711
  1265    711
  1267    711
  1268    711
  1269    711
  1270    711
  1258    712
  1259    712
  1260    712
  1261    712
  1262    712
  1263    712
  1239    713
  1240    713
  1241    713
  1242    713
  1243    713
  1244    713
  1245    713
  1246    713
  1247    713
  1248    713
  1249    713
  1250    713
  1251    713
  1253    713
  1254    713
  1255    713
  1256    713
  1257    713
  1258    713
  1259    713
  1228    714
  1229    714
  1230    714
  1231    714
  1232    714
  1233    714
  1234    714
  1235    714
  1236    714
  1237    714
  1238    714
  1239    714
  1240    714
  1241    714
  1242    714
  1245    714
  1246    714
  1247    714
  1248    714
  1197    715
  1198    715
  1207    715
  1208    715
  1209    715
  1210    715
  1211    715
  1212    715
  1213    715
  1214    715
  1215    715
  1216    715
  1217    715
  1218    715
  1219    715
  1220    715
  1221    715
  1222    715
  1223    715
  1224    715
  1225    715
  1226    715
  1227    715
  1232    715
  1233    715
  1234    715
  1235    715
  1236    715
  1237    715
  1238    715
  1239    715
  1240    715
  1241    715
  1242    715
  1243    715
  1244    715
  1258    715
  1259    715
  1260    715
  1190    716
  1191    716
  1192    716
  1194    716
  1195    716
  1196    716
  1197    716
  1198    716
  1199    716
  1200    716
  1201    716
  1215    716
  1216    716
  1217    716
  1218    716
  1219    716
  1220    716
  1221    716
  1231    716
  1232    716
  1233    716
  1234    716
  1235    716
  1189    717
  1190    717
  1191    717
  1192    717
  1193    717
  1194    717
  1195    717
  1196    717
  1197    717
  1198    717
  1199    717
  1200    717
  1201    717
  1202    717
  1203    717
  1204    717
  1205    717
  1206    717
  1207    717
  1208    717
  1214    717
  1215    717
  1216    717
  1217    717
  1218    717
  1219    717
  1220    717
  1225    717
  1226    717
  1227    717
  1228    717
  1229    717
  1230    717
  1231    717
  1232    717
  1233    717
  1234    717
  1238    717
  1165    718
  1166    718
  1167    718
  1168    718
  1169    718
  1170    718
  1171    718
  1172    718
  1175    718
  1176    718
  1177    718
  1180    718
  1181    718
  1187    718
  1188    718
  1189    718
  1211    718
  1212    718
  1213    718
  1214    718
  1215    718
  1216    718
  1217    718
  1218    718
  1219    718
  1220    718
  1221    718
  1147    719
  1148    719
  1152    719
  1153    719
  1154    719
  1166    719
  1167    719
  1168    719
  1169    719
  1170    719
  1174    719
  1175    719
  1176    719
  1177    719
  1178    719
  1179    719
  1180    719
  1181    719
  1191    719
  1192    719
  1193    719
  1194    719
  1195    719
  1196    719
  1197    719
  1198    719
  1199    719
  1200    719
  1201    719
  1202    719
  1203    719
  1204    719
  1205    719
  1206    719
  1207    719
  1216    719
  1217    719
  1218    719
  1219    719
  1220    719
  1125    720
  1126    720
  1127    720
  1128    720
  1129    720
  1130    720
  1131    720
  1133    720
  1134    720
  1135    720
  1136    720
  1137    720
  1138    720
  1159    720
  1160    720
  1161    720
  1162    720
  1163    720
  1164    720
  1179    720
  1180    720
  1181    720
  1182    720
  1183    720
  1184    720
  1185    720
  1186    720
  1187    720
  1188    720
  1189    720
  1190    720
  1191    720
  1192    720
  1193    720
  1194    720
  1195    720
  1196    720
  1197    720
  1198    720
  1199    720
  1200    720
  1201    720
  1202    720
  1203    720
  1210    720
  1211    720
  1212    720
  1112    721
  1113    721
  1134    721
  1135    721
  1136    721
  1137    721
  1138    721
  1139    721
  1141    721
  1142    721
  1143    721
  1144    721
  1145    721
  1146    721
  1147    721
  1169    721
  1170    721
  1171    721
  1172    721
  1173    721
  1174    721
  1175    721
  1176    721
  1177    721
  1178    721
  1179    721
  1180    721
  1181    721
  1182    721
  1183    721
  1184    721
  1185    721
  1186    721
  1187    721
  1188    721
  1189    721
  1190    721
  1191    721
  1192    721
  1193    721
  1194    721
  1195    721
  1196    721
  1197    721
  1198    721
  1199    721
  1201    721
  1202    721
  1203    721
  1204    721
  1123    722
  1124    722
  1125    722
  1126    722
  1127    722
  1128    722
  1129    722
  1130    722
  1131    722
  1132    722
  1133    722
  1161    722
  1162    722
  1163    722
  1164    722
  1165    722
  1166    722
  1167    722
  1168    722
  1169    722
  1170    722
  1171    722
  1172    722
  1179    722
  1180    722
  1181    722
  1182    722
  1183    722
  1184    722
  1185    722
  1186    722
  1187    722
  1188    722
  1189    722
  1192    722
  1193    722
  1194    722
  1195    722
  1196    722
  1197    722
  1162    723
  1163    723
  1164    723
  1165    723
  1166    723
  1167    723
  1168    723
  1169    723
  1170    723
  1175    723
  1176    723
  1177    723
  1179    723
  1180    723
  1181    723
  1185    723
  1186    723
  1187    723
  1147    724
  1157    724
  1158    724
  1159    724
  1160    724
  1161    724
  1162    724
  1163    724
  1164    724
  1165    724
  1166    724
  1167    724
  1138    725
  1139    725
  1140    725
  1141    725
  1146    725
  1147    725
  1148    725
  1149    725
  1150    725
  1151    725
  1152    725
  1153    725
  1154    725
  1155    725
  1156    725
  1157    725
  1158    725
  1159    725
  1160    725
  1161    725
  1162    725
  1163    725
  1164    725
  1165    725
  1166    725
  1167    725
  1130    726
  1131    726
  1132    726
  1133    726
  1134    726
  1135    726
  1136    726
  1137    726
  1138    726
  1139    726
  1140    726
  1141    726
  1142    726
  1143    726
  1144    726
  1145    726
  1146    726
  1147    726
  1148    726
  1151    726
  1152    726
  1153    726
  1154    726
  1157    726
  1158    726
  1164    726
  1165    726
  1166    726
  1124    727
  1125    727
  1126    727
  1127    727
  1131    727
  1132    727
  1133    727
  1134    727
  1135    727
  1136    727
  1137    727
  1138    727
  1139    727
  1140    727
  1141    727
  1142    727
  1143    727
  1144    727
  1145    727
  1146    727
  1147    727
  1148    727
  1149    727
  1150    727
  1151    727
  1152    727
  1153    727
  1157    727
  1158    727
  1159    727
  1117    728
  1118    728
  1119    728
  1120    728
  1126    728
  1127    728
  1128    728
  1131    728
  1132    728
  1133    728
  1134    728
  1135    728
  1136    728
  1137    728
  1138    728
  1139    728
  1140    728
  1141    728
  1142    728
  1143    728
  1144    728
  1145    728
  1146    728
  1150    728
  1151    728
  1152    728
  1153    728
  1109    729
  1110    729
  1111    729
  1112    729
  1113    729
  1114    729
  1115    729
  1116    729
  1117    729
  1118    729
  1119    729
  1120    729
  1121    729
  1122    729
  1126    729
  1127    729
  1128    729
  1129    729
  1130    729
  1131    729
  1132    729
  1133    729
  1134    729
  1137    729
  1138    729
  1139    729
  1140    729
  1144    729
  1145    729
  1146    729
  1147    729
  1106    730
  1107    730
  1108    730
  1109    730
  1110    730
  1111    730
  1112    730
  1113    730
  1114    730
  1115    730
  1116    730
  1118    730
  1119    730
  1120    730
  1121    730
  1122    730
  1126    730
  1127    730
  1128    730
  1132    730
  1133    730
  1134    730
  1139    730
  1140    730
  1141    730
  1113    731
  1114    731
  1115    731
  1116    731
  1117    731
  1118    731
  1119    731
  1120    731
  1121    731
  1130    731
  1131    731
  1132    731
  1133    731
  1134    731
  1107    732
  1108    732
  1109    732
  1110    732
  1111    732
  1112    732
  1113    732
  1114    732
  1115    732
  1116    732
  1089    733
  1090    733
  1091    733
  1092    733
  1093    733
  1094    733
  1095    733
  1096    733
  1097    733
  1102    733
  1103    733
  1104    733
  1105    733
  1106    733
  1107    733
  1108    733
  1109    733
  1110    733
  1111    733
  1116    733
  1117    733
  1118    733
  1119    733
  1120    733
  1083    734
  1084    734
  1085    734
  1086    734
  1087    734
  1088    734
  1089    734
  1090    734
  1091    734
  1092    734
  1096    734
  1097    734
  1098    734
  1099    734
  1100    734
  1101    734
  1102    734
  1103    734
  1104    734
  1105    734
  1106    734
  1110    734
  1111    734
  1112    734
  1113    734
  1114    734
  1078    735
  1079    735
  1080    735
  1081    735
  1082    735
  1083    735
  1084    735
  1085    735
  1086    735
  1087    735
  1088    735
  1092    735
  1093    735
  1094    735
  1095    735
  1096    735
  1097    735
  1098    735
  1099    735
  1100    735
  1105    735
  1106    735
  1107    735
  1108    735
  1109    735
  1110    735
  1111    735
  1112    735
  1113    735
  1114    735
  1115    735
  1074    736
  1075    736
  1076    736
  1077    736
  1078    736
  1079    736
  1080    736
  1081    736
  1082    736
  1083    736
  1088    736
  1089    736
  1090    736
  1091    736
  1092    736
  1093    736
  1094    736
  1095    736
  1096    736
  1101    736
  1102    736
  1103    736
  1104    736
  1107    736
  1108    736
  1109    736
  1068    737
  1069    737
  1070    737
  1071    737
  1072    737
  1073    737
  1074    737
  1075    737
  1076    737
  1077    737
  1078    737
  1079    737
  1084    737
  1085    737
  1086    737
  1087    737
  1088    737
  1089    737
  1090    737
  1091    737
  1097    737
  1098    737
  1099    737
  1100    737
  1103    737
  1104    737
  1105    737
  1065    738
  1066    738
  1067    738
  1068    738
  1069    738
  1070    738
  1071    738
  1072    738
  1073    738
  1074    738
  1079    738
  1080    738
  1081    738
  1082    738
  1084    738
  1085    738
  1086    738
  1087    738
  1092    738
  1093    738
  1094    738
  1095    738
  1096    738
  1097    738
  1098    738
  1099    738
  1100    738
  1101    738
  1102    738
  1060    739
  1061    739
  1062    739
  1063    739
  1064    739
  1065    739
  1066    739
  1067    739
  1068    739
  1069    739
  1070    739
  1075    739
  1076    739
  1077    739
  1078    739
  1081    739
  1082    739
  1083    739
  1089    739
  1090    739
  1091    739
  1092    739
  1095    739
  1096    739
  1097    739
  1098    739
  1056    740
  1057    740
  1058    740
  1060    740
  1061    740
  1062    740
  1063    740
  1064    740
  1065    740
  1066    740
  1071    740
  1072    740
  1073    740
  1074    740
  1075    740
  1078    740
  1079    740
  1085    740
  1086    740
  1087    740
  1092    740
  1093    740
  1094    740
  1067    741
  1068    741
  1069    741
  1070    741
  1071    741
  1072    741
  1073    741
  1074    741
  1075    741
  1076    741
  1088    741
  1089    741
  1090    741
  1064    742
  1065    742
  1066    742
  1067    742
  1068    742
  1069    742
  1070    742
  1071    742
  1059    743
  1060    743
  1061    743
  1062    743
  1063    743
  1064    743
  1065    743
  1066    743
  1067    743
  1068    743
  1040    744
  1041    744
  1042    744
  1043    744
  1044    744
  1048    744
  1049    744
  1050    744
  1056    744
  1057    744
  1058    744
  1059    744
  1060    744
  1061    744
  1062    744
  1063    744
  1064    744
  1070    744
  1071    744
  1072    744
  1073    744
  1036    745
  1037    745
  1038    745
  1039    745
  1040    745
  1041    745
  1042    745
  1043    745
  1044    745
  1045    745
  1046    745
  1052    745
  1053    745
  1054    745
  1055    745
  1057    745
  1058    745
  1059    745
  1060    745
  1061    745
  1066    745
  1067    745
  1068    745
  1069    745
  1070    745
  1032    746
  1033    746
  1034    746
  1035    746
  1036    746
  1037    746
  1038    746
  1039    746
  1040    746
  1041    746
  1042    746
  1048    746
  1049    746
  1050    746
  1051    746
  1052    746
  1053    746
  1055    746
  1056    746
  1057    746
  1062    746
  1063    746
  1064    746
  1065    746
  1066    746
  1069    746
  1070    746
  1071    746
  1072    746
  1029    747
  1030    747
  1031    747
  1032    747
  1034    747
  1035    747
  1036    747
  1037    747
  1038    747
  1039    747
  1045    747
  1046    747
  1047    747
  1048    747
  1051    747
  1052    747
  1053    747
  1054    747
  1060    747
  1061    747
  1062    747
  1063    747
  1064    747
  1066    747
  1067    747
  1068    747
  1069    747
  1024    748
  1025    748
  1026    748
  1027    748
  1028    748
  1029    748
  1031    748
  1032    748
  1033    748
  1034    748
  1035    748
  1041    748
  1042    748
  1043    748
  1044    748
  1047    748
  1048    748
  1049    748
  1050    748
  1056    748
  1057    748
  1058    748
  1063    748
  1064    748
  1065    748
  1066    748
  1021    749
  1022    749
  1023    749
  1024    749
  1025    749
  1026    749
  1027    749
  1028    749
  1029    749
  1030    749
  1031    749
  1032    749
  1038    749
  1039    749
  1040    749
  1041    749
  1042    749
  1043    749
  1044    749
  1045    749
  1046    749
  1047    749
  1053    749
  1054    749
  1055    749
  1056    749
  1060    749
  1061    749
  1062    749
  1018    750
  1019    750
  1020    750
  1021    750
  1022    750
  1023    750
  1024    750
  1025    750
  1026    750
  1027    750
  1028    750
  1035    750
  1036    750
  1037    750
  1038    750
  1039    750
  1040    750
  1041    750
  1042    750
  1043    750
  1044    750
  1050    750
  1051    750
  1052    750
  1053    750
  1057    750
  1058    750
  1059    750
  1060    750
  1014    751
  1015    751
  1016    751
  1017    751
  1018    751
  1019    751
  1020    751
  1021    751
  1022    751
  1023    751
  1024    751
  1025    751
  1026    751
  1032    751
  1033    751
  1034    751
  1035    751
  1038    751
  1039    751
  1040    751
  1041    751
  1047    751
  1048    751
  1049    751
  1050    751
  1054    751
  1055    751
  1056    751
  1012    752
  1013    752
  1014    752
  1018    752
  1019    752
  1020    752
  1021    752
  1022    752
  1029    752
  1030    752
  1031    752
  1037    752
  1038    752
  1044    752
  1045    752
  1046    752
  1047    752
  1052    752
  1053    752
  1015    753
  1016    753
  1017    753
  1018    753
  1019    753
  1026    753
  1027    753
  1028    753
  1049    753
  1050    753
  1051    753
  1023    754
  1024    754
  1025    754
  1026    754
  1031    754
  1032    754
  1045    754
  1046    754
  1047    754
  1020    755
  1021    755
  1022    755
  1023    755
  1026    755
  1027    755
  1028    755
  1017    756
  1018    756
  1019    756
  1020    756
  1021    756
  1022    756
  1023    756
  1024    756
  1025    756
  1026    756
  1015    757
  1016    757
  1017    757
  1018    757
  1019    757
  1021    757
  1022    757
  1023    757
  1024    757
   993    758
   994    758
   995    758
  1012    758
  1013    758
  1014    758
  1015    758
  1016    758
  1017    758
  1018    758
  1019    758
  1020    758
  1028    758
  1029    758
  1030    758
  1031    758
  1032    758
  1033    758
   990    759
   991    759
   992    759
  1014    759
  1015    759
  1016    759
  1017    759
  1018    759
  1019    759
  1025    759
  1026    759
  1027    759
  1028    759
  1029    759
  1030    759
   987    760
   988    760
   989    760
   990    760
   991    760
   992    760
   995    760
   996    760
   997    760
   998    760
  1007    760
  1013    760
  1014    760
  1015    760
  1016    760
  1023    760
  1024    760
  1025    760
  1026    760
  1027    760
  1028    760
  1029    760
   980    761
   981    761
   985    761
   986    761
   987    761
   988    761
   989    761
   990    761
   991    761
   992    761
   993    761
   994    761
   995    761
  1004    761
  1005    761
  1006    761
  1011    761
  1012    761
  1013    761
  1020    761
  1021    761
  1022    761
  1023    761
  1024    761
  1025    761
  1026    761
  1027    761
  1028    761
  1029    761
  1030    761
   975    762
   976    762
   977    762
   978    762
   981    762
   982    762
   983    762
   984    762
   985    762
   986    762
   987    762
   988    762
   989    762
   990    762
   991    762
   992    762
  1001    762
  1002    762
  1003    762
  1004    762
  1008    762
  1009    762
  1010    762
  1018    762
  1019    762
  1020    762
  1021    762
  1022    762
  1023    762
  1024    762
  1025    762
  1026    762
  1027    762
  1028    762
  1029    762
   979    763
   980    763
   981    763
   982    763
   983    763
   985    763
   987    763
   988    763
   989    763
   990    763
   999    763
  1000    763
  1001    763
  1005    763
  1006    763
  1007    763
  1008    763
  1016    763
  1017    763
  1018    763
  1019    763
  1020    763
  1021    763
  1022    763
  1023    763
  1024    763
  1025    763
  1026    763
   977    764
   978    764
   979    764
   980    764
   981    764
   985    764
   986    764
   987    764
   997    764
   998    764
  1004    764
  1005    764
  1014    764
  1015    764
  1016    764
  1017    764
  1018    764
  1019    764
  1022    764
  1023    764
  1024    764
   975    765
   976    765
   977    765
   978    765
   979    765
   980    765
   981    765
   983    765
   984    765
   985    765
   994    765
   995    765
   996    765
  1002    765
  1003    765
  1012    765
  1013    765
  1014    765
  1015    765
  1016    765
  1020    765
  1021    765
  1022    765
   972    766
   973    766
   974    766
   975    766
   976    766
   977    766
   978    766
   979    766
   980    766
   981    766
   982    766
   983    766
   992    766
   993    766
   994    766
   995    766
  1010    766
  1011    766
  1012    766
  1013    766
  1014    766
  1015    766
  1020    766
   970    767
   971    767
   972    767
   973    767
   974    767
   975    767
   976    767
   977    767
   978    767
   979    767
   980    767
   981    767
   990    767
   991    767
   998    767
   999    767
  1009    767
  1010    767
  1011    767
  1012    767
  1013    767
  1014    767
  1015    767
   968    768
   969    768
   970    768
   971    768
   972    768
   973    768
   974    768
   975    768
   976    768
   977    768
   978    768
   979    768
   987    768
   988    768
   989    768
   990    768
   991    768
  1007    768
  1008    768
  1009    768
  1010    768
  1011    768
  1012    768
  1013    768
  1014    768
  1015    768
  1016    768
  1017    768
   966    769
   967    769
   968    769
   969    769
   970    769
   971    769
   972    769
   973    769
   974    769
   975    769
   976    769
   977    769
   986    769
   987    769
   988    769
   989    769
   990    769
   991    769
  1005    769
  1006    769
  1007    769
  1008    769
  1009    769
  1010    769
  1011    769
  1012    769
  1013    769
  1014    769
  1015    769
   965    770
   966    770
   967    770
   968    770
   969    770
   970    770
   971    770
   972    770
   973    770
   974    770
   975    770
   984    770
   985    770
   986    770
   987    770
   988    770
   989    770
   990    770
  1005    770
  1006    770
  1007    770
  1008    770
  1009    770
  1010    770
  1011    770
  1012    770
  1013    770
  1014    770
   971    771
   972    771
   973    771
   974    771
   982    771
   983    771
   984    771
   985    771
   986    771
   987    771
   988    771
  1009    771
  1010    771
  1011    771
  1012    771
  1013    771
   967    772
   968    772
   969    772
   970    772
   971    772
   980    772
   981    772
   982    772
   983    772
   984    772
   985    772
   986    772
   987    772
   979    773
   980    773
   981    773
   982    773
   983    773
   984    773
   985    773
   986    773
   987    773
   988    773
   978    774
   979    774
   980    774
   981    774
   982    774
   983    774
   984    774
   985    774
   986    774
   987    774
   976    775
   977    775
   978    775
   979    775
   980    775
   981    775
   982    775
   983    775
   984    775
   985    775
   974    776
   975    776
   976    776
   977    776
   978    776
   979    776
   980    776
   981    776
   982    776
   983    776
   973    777
   974    777
   975    777
   976    777
   977    777
   978    777
   979    777
   980    777
   981    777
   971    778
   972    778
   973    778
   974    778
   975    778
   976    778
   977    778
   978    778
   979    778
   980    778
   981    778
   982    778
   970    779
   971    779
   972    779
   973    779
   974    779
   975    779
   976    779
   977    779
   978    779
   979    779
   980    779
   990    779
   991    779
   992    779
   993    779
   994    779
   995    779
   996    779
   997    779
   998    779
   999    779
  1000    779
   969    780
   970    780
   971    780
   972    780
   973    780
   974    780
   975    780
   976    780
   977    780
   978    780
   979    780
   989    780
   990    780
   991    780
   992    780
   993    780
   994    780
   995    780
   996    780
   997    780
   998    780
   968    781
   969    781
   970    781
   971    781
   972    781
   973    781
   974    781
   975    781
   976    781
   977    781
   989    781
   990    781
   991    781
   992    781
   993    781
   994    781
   995    781
   996    781
   997    781
   998    781
   999    781
   967    782
   968    782
   969    782
   970    782
   971    782
   972    782
   973    782
   974    782
   975    782
   976    782
   987    782
   988    782
   989    782
   990    782
   991    782
   992    782
   993    782
   994    782
   995    782
   996    782
   997    782
   998    782
   999    782
  1000    782
   966    783
   967    783
   968    783
   969    783
   970    783
   971    783
   972    783
   973    783
   974    783
   975    783
   986    783
   987    783
   988    783
   989    783
   990    783
   991    783
   992    783
   993    783
   994    783
   995    783
   996    783
   997    783
   998    783
   999    783
   965    784
   966    784
   967    784
   968    784
   969    784
   970    784
   971    784
   972    784
   973    784
   974    784
   985    784
   986    784
   987    784
   988    784
   989    784
   990    784
   991    784
   992    784
   993    784
   994    784
   995    784
   996    784
   964    785
   965    785
   966    785
   967    785
   968    785
   969    785
   970    785
   971    785
   972    785
   973    785
   984    785
   985    785
   986    785
   987    785
   988    785
   989    785
   990    785
   991    785
   992    785
   993    785
   994    785
   995    785
   996    785
   963    786
   964    786
   965    786
   966    786
   967    786
   968    786
   969    786
   970    786
   971    786
   972    786
   983    786
   984    786
   985    786
   986    786
   987    786
   988    786
   989    786
   990    786
   991    786
   992    786
   993    786
   994    786
   995    786
   996    786
   961    787
   962    787
   963    787
   964    787
   965    787
   966    787
   967    787
   968    787
   969    787
   970    787
   971    787
   983    787
   984    787
   985    787
   986    787
   987    787
   988    787
   989    787
   990    787
   991    787
   992    787
   993    787
   994    787
   995    787
   961    788
   962    788
   963    788
   964    788
   965    788
   966    788
   967    788
   968    788
   969    788
   970    788
   982    788
   983    788
   984    788
   985    788
   986    788
   987    788
   988    788
   989    788
   990    788
   991    788
   992    788
   993    788
   994    788
   995    788
   960    789
   961    789
   962    789
   963    789
   964    789
   965    789
   966    789
   967    789
   968    789
   969    789
   981    789
   982    789
   983    789
   984    789
   985    789
   986    789
   987    789
   988    789
   989    789
   990    789
   991    789
   992    789
   993    789
   994    789
   959    790
   960    790
   961    790
   962    790
   963    790
   964    790
   965    790
   966    790
   967    790
   968    790
   969    790
   980    790
   981    790
   982    790
   983    790
   984    790
   985    790
   986    790
   987    790
   988    790
   989    790
   990    790
   991    790
   992    790
   993    790
   958    791
   959    791
   960    791
   961    791
   962    791
   963    791
   964    791
   965    791
   966    791
   967    791
   980    791
   981    791
   982    791
   983    791
   984    791
   985    791
   986    791
   987    791
   988    791
   989    791
   990    791
   991    791
   992    791
   957    792
   958    792
   959    792
   960    792
   961    792
   962    792
   963    792
   964    792
   965    792
   966    792
   981    792
   982    792
   983    792
   984    792
   985    792
   986    792
   987    792
   988    792
   989    792
   990    792
   991    792
   992    792
