   945    779
   946    779
   944    780
   945    780
   946    780
   949    780
   950    780
   951    780
   952    780
   953    780
   954    780
   955    780
   956    780
   948    781
   949    781
   950    781
   951    781
   952    781
   953    781
   954    781
   955    781
   956    781
   957    781
   947    782
   948    782
   949    782
   950    782
   951    782
   952    782
   953    782
   954    782
   955    782
   956    782
   957    782
   946    783
   947    783
   948    783
   949    783
   950    783
   951    783
   952    783
   953    783
   954    783
   955    783
   956    783
   957    783
   958    783
   944    784
   945    784
   946    784
   947    784
   948    784
   949    784
   950    784
   951    784
   952    784
   953    784
   954    784
   955    784
   943    785
   944    785
   945    785
   946    785
   947    785
   948    785
   949    785
   950    785
   951    785
   952    785
   953    785
   954    785
   955    785
   942    786
   943    786
   944    786
   945    786
   946    786
   947    786
   948    786
   949    786
   950    786
   951    786
   952    786
   953    786
   954    786
   941    787
   942    787
   943    787
   944    787
   945    787
   946    787
   947    787
   948    787
   949    787
   950    787
   951    787
   952    787
   953    787
   939    788
   940    788
   941    788
   942    788
   943    788
   944    788
   945    788
   946    788
   947    788
   948    788
   949    788
   950    788
   951    788
   952    788
   938    789
   939    789
   940    789
   941    789
   942    789
   943    789
   944    789
   945    789
   946    789
   947    789
   948    789
   949    789
   950    789
   951    789
   952    789
   938    790
   939    790
   940    790
   941    790
   942    790
   943    790
   944    790
   945    790
   946    790
   947    790
   948    790
   949    790
   950    790
   951    790
   937    791
   938    791
   939    791
   940    791
   941    791
   942    791
   943    791
   944    791
   945    791
   946    791
   947    791
   948    791
   949    791
   950    791
   939    792
   940    792
   941    792
   942    792
   943    792
   944    792
   945    792
   946    792
   947    792
   948    792
   949    792
