  1262    712
  1263    712
  1264    712
  1265    712
  1266    712
  1261    713
  1264    713
  1265    713
  1231    714
  1232    714
  1233    714
  1234    714
  1235    714
  1236    714
  1237    714
  1238    714
  1239    714
  1240    714
  1241    714
  1242    714
  1243    714
  1244    714
  1245    714
  1246    714
  1247    714
  1212    715
  1213    715
  1214    715
  1215    715
  1219    715
  1220    715
  1221    715
  1222    715
  1223    715
  1224    715
  1225    715
  1226    715
  1227    715
  1228    715
  1233    715
  1234    715
  1235    715
  1236    715
  1237    715
  1238    715
  1239    715
  1240    715
  1244    715
  1245    715
  1246    715
  1247    715
  1259    715
  1260    715
  1261    715
  1197    716
  1198    716
  1199    716
  1200    716
  1201    716
  1213    716
  1214    716
  1215    716
  1216    716
  1217    716
  1218    716
  1219    716
  1220    716
  1221    716
  1234    716
  1235    716
  1236    716
  1191    717
  1192    717
  1193    717
  1195    717
  1196    717
  1197    717
  1198    717
  1199    717
  1204    717
  1205    717
  1206    717
  1209    717
  1210    717
  1211    717
  1212    717
  1213    717
  1214    717
  1215    717
  1216    717
  1217    717
  1218    717
  1219    717
  1220    717
  1221    717
  1222    717
  1228    717
  1229    717
  1230    717
  1232    717
  1233    717
  1234    717
  1241    717
  1242    717
  1243    717
  1171    718
  1172    718
  1173    718
  1174    718
  1179    718
  1180    718
  1181    718
  1182    718
  1183    718
  1184    718
  1185    718
  1186    718
  1188    718
  1189    718
  1190    718
  1191    718
  1214    718
  1215    718
  1216    718
  1217    718
  1218    718
  1219    718
  1220    718
  1221    718
  1222    718
  1158    719
  1159    719
  1160    719
  1161    719
  1167    719
  1168    719
  1169    719
  1170    719
  1171    719
  1174    719
  1175    719
  1177    719
  1178    719
  1179    719
  1180    719
  1181    719
  1193    719
  1194    719
  1195    719
  1196    719
  1197    719
  1198    719
  1199    719
  1200    719
  1201    719
  1202    719
  1203    719
  1204    719
  1205    719
  1206    719
  1207    719
  1208    719
  1209    719
  1210    719
  1211    719
  1212    719
  1213    719
  1214    719
  1215    719
  1220    719
  1221    719
  1136    720
  1137    720
  1138    720
  1139    720
  1140    720
  1141    720
  1142    720
  1163    720
  1164    720
  1165    720
  1166    720
  1167    720
  1168    720
  1169    720
  1184    720
  1185    720
  1186    720
  1187    720
  1188    720
  1189    720
  1190    720
  1191    720
  1192    720
  1193    720
  1194    720
  1195    720
  1196    720
  1197    720
  1198    720
  1199    720
  1200    720
  1201    720
  1202    720
  1203    720
  1211    720
  1212    720
  1213    720
  1214    720
  1215    720
  1175    721
  1176    721
  1177    721
  1178    721
  1179    721
  1181    721
  1182    721
  1183    721
  1184    721
  1185    721
  1186    721
  1187    721
  1188    721
  1189    721
  1190    721
  1191    721
  1192    721
  1193    721
  1194    721
  1195    721
  1196    721
  1197    721
  1198    721
  1199    721
  1204    721
  1205    721
  1206    721
  1127    722
  1128    722
  1129    722
  1130    722
  1135    722
  1136    722
  1137    722
  1165    722
  1166    722
  1167    722
  1168    722
  1169    722
  1170    722
  1181    722
  1182    722
  1183    722
  1184    722
  1185    722
  1186    722
  1187    722
  1188    722
  1189    722
  1190    722
  1191    722
  1192    722
  1193    722
  1194    722
  1196    722
  1197    722
  1198    722
  1199    722
  1200    722
  1201    722
  1163    723
  1164    723
  1165    723
  1166    723
  1167    723
  1168    723
  1177    723
  1178    723
  1179    723
  1180    723
  1181    723
  1187    723
  1188    723
  1189    723
  1190    723
  1191    723
  1192    723
  1161    724
  1162    724
  1163    724
  1164    724
  1165    724
  1166    724
  1167    724
  1168    724
  1142    725
  1143    725
  1144    725
  1145    725
  1146    725
  1147    725
  1148    725
  1149    725
  1150    725
  1151    725
  1153    725
  1154    725
  1155    725
  1156    725
  1162    725
  1163    725
  1164    725
  1165    725
  1166    725
  1167    725
  1168    725
  1169    725
  1134    726
  1135    726
  1136    726
  1137    726
  1138    726
  1139    726
  1140    726
  1141    726
  1142    726
  1143    726
  1144    726
  1145    726
  1146    726
  1147    726
  1148    726
  1149    726
  1150    726
  1151    726
  1152    726
  1153    726
  1154    726
  1155    726
  1156    726
  1157    726
  1158    726
  1159    726
  1160    726
  1161    726
  1165    726
  1166    726
  1167    726
  1168    726
  1127    727
  1128    727
  1129    727
  1130    727
  1131    727
  1132    727
  1133    727
  1134    727
  1135    727
  1136    727
  1137    727
  1138    727
  1139    727
  1140    727
  1141    727
  1142    727
  1143    727
  1144    727
  1145    727
  1146    727
  1147    727
  1148    727
  1149    727
  1150    727
  1151    727
  1152    727
  1153    727
  1154    727
  1161    727
  1162    727
  1121    728
  1122    728
  1123    728
  1129    728
  1130    728
  1131    728
  1132    728
  1133    728
  1134    728
  1135    728
  1136    728
  1137    728
  1138    728
  1139    728
  1140    728
  1141    728
  1142    728
  1143    728
  1144    728
  1147    728
  1148    728
  1155    728
  1156    728
  1114    729
  1115    729
  1116    729
  1117    729
  1118    729
  1119    729
  1120    729
  1121    729
  1122    729
  1123    729
  1124    729
  1125    729
  1130    729
  1131    729
  1132    729
  1133    729
  1134    729
  1135    729
  1136    729
  1137    729
  1138    729
  1139    729
  1140    729
  1141    729
  1142    729
  1143    729
  1148    729
  1149    729
  1108    730
  1109    730
  1110    730
  1111    730
  1112    730
  1113    730
  1114    730
  1115    730
  1116    730
  1117    730
  1122    730
  1123    730
  1124    730
  1129    730
  1130    730
  1131    730
  1134    730
  1135    730
  1136    730
  1137    730
  1141    730
  1142    730
  1143    730
  1144    730
  1108    731
  1109    731
  1110    731
  1111    731
  1116    731
  1117    731
  1118    731
  1119    731
  1120    731
  1123    731
  1124    731
  1125    731
  1131    731
  1132    731
  1133    731
  1111    732
  1112    732
  1113    732
  1114    732
  1115    732
  1116    732
  1117    732
  1118    732
  1119    732
  1092    733
  1093    733
  1094    733
  1095    733
  1096    733
  1097    733
  1098    733
  1105    733
  1106    733
  1107    733
  1108    733
  1109    733
  1110    733
  1111    733
  1112    733
  1113    733
  1086    734
  1087    734
  1088    734
  1089    734
  1090    734
  1091    734
  1092    734
  1093    734
  1094    734
  1095    734
  1099    734
  1100    734
  1101    734
  1102    734
  1103    734
  1104    734
  1105    734
  1106    734
  1107    734
  1108    734
  1113    734
  1114    734
  1115    734
  1116    734
  1117    734
  1122    734
  1081    735
  1082    735
  1083    735
  1084    735
  1085    735
  1086    735
  1087    735
  1088    735
  1089    735
  1090    735
  1095    735
  1096    735
  1097    735
  1098    735
  1099    735
  1100    735
  1101    735
  1102    735
  1103    735
  1109    735
  1110    735
  1111    735
  1112    735
  1115    735
  1116    735
  1117    735
  1077    736
  1078    736
  1079    736
  1080    736
  1081    736
  1082    736
  1083    736
  1084    736
  1085    736
  1086    736
  1091    736
  1092    736
  1093    736
  1094    736
  1095    736
  1096    736
  1097    736
  1098    736
  1099    736
  1104    736
  1105    736
  1106    736
  1111    736
  1112    736
  1072    737
  1073    737
  1074    737
  1075    737
  1076    737
  1077    737
  1078    737
  1079    737
  1080    737
  1081    737
  1087    737
  1088    737
  1089    737
  1090    737
  1091    737
  1092    737
  1093    737
  1094    737
  1099    737
  1100    737
  1101    737
  1102    737
  1106    737
  1107    737
  1108    737
  1067    738
  1068    738
  1069    738
  1070    738
  1071    738
  1072    738
  1073    738
  1074    738
  1075    738
  1076    738
  1081    738
  1082    738
  1083    738
  1084    738
  1085    738
  1086    738
  1087    738
  1088    738
  1089    738
  1090    738
  1095    738
  1096    738
  1097    738
  1098    738
  1099    738
  1102    738
  1103    738
  1104    738
  1063    739
  1064    739
  1065    739
  1066    739
  1067    739
  1068    739
  1069    739
  1070    739
  1071    739
  1072    739
  1078    739
  1079    739
  1080    739
  1083    739
  1084    739
  1085    739
  1086    739
  1092    739
  1093    739
  1094    739
  1095    739
  1096    739
  1098    739
  1099    739
  1100    739
  1064    740
  1065    740
  1066    740
  1067    740
  1068    740
  1074    740
  1075    740
  1076    740
  1080    740
  1081    740
  1088    740
  1089    740
  1090    740
  1094    740
  1095    740
  1096    740
  1097    740
  1059    741
  1060    741
  1061    741
  1062    741
  1063    741
  1064    741
  1069    741
  1070    741
  1071    741
  1072    741
  1073    741
  1074    741
  1075    741
  1076    741
  1077    741
  1078    741
  1092    741
  1093    741
  1066    742
  1067    742
  1068    742
  1069    742
  1070    742
  1071    742
  1072    742
  1073    742
  1074    742
  1075    742
  1062    743
  1063    743
  1064    743
  1065    743
  1066    743
  1067    743
  1068    743
  1069    743
  1070    743
  1071    743
  1044    744
  1045    744
  1046    744
  1047    744
  1048    744
  1050    744
  1051    744
  1058    744
  1059    744
  1060    744
  1061    744
  1062    744
  1063    744
  1064    744
  1065    744
  1066    744
  1067    744
  1039    745
  1040    745
  1041    745
  1042    745
  1043    745
  1047    745
  1048    745
  1049    745
  1055    745
  1056    745
  1057    745
  1058    745
  1059    745
  1060    745
  1061    745
  1062    745
  1063    745
  1069    745
  1070    745
  1071    745
  1072    745
  1035    746
  1036    746
  1037    746
  1038    746
  1039    746
  1040    746
  1041    746
  1042    746
  1043    746
  1044    746
  1052    746
  1053    746
  1054    746
  1055    746
  1056    746
  1057    746
  1058    746
  1059    746
  1060    746
  1065    746
  1066    746
  1067    746
  1068    746
  1069    746
  1073    746
  1074    746
  1075    746
  1032    747
  1033    747
  1034    747
  1035    747
  1036    747
  1037    747
  1038    747
  1039    747
  1040    747
  1041    747
  1042    747
  1048    747
  1049    747
  1050    747
  1051    747
  1053    747
  1054    747
  1055    747
  1056    747
  1062    747
  1063    747
  1064    747
  1065    747
  1066    747
  1070    747
  1071    747
  1027    748
  1028    748
  1029    748
  1030    748
  1031    748
  1032    748
  1033    748
  1034    748
  1035    748
  1036    748
  1037    748
  1038    748
  1044    748
  1045    748
  1046    748
  1047    748
  1050    748
  1051    748
  1052    748
  1053    748
  1058    748
  1059    748
  1060    748
  1061    748
  1062    748
  1065    748
  1066    748
  1067    748
  1068    748
  1024    749
  1025    749
  1026    749
  1027    749
  1028    749
  1031    749
  1032    749
  1033    749
  1034    749
  1042    749
  1043    749
  1044    749
  1047    749
  1048    749
  1049    749
  1050    749
  1056    749
  1057    749
  1058    749
  1059    749
  1060    749
  1063    749
  1064    749
  1065    749
  1020    750
  1021    750
  1022    750
  1023    750
  1024    750
  1025    750
  1026    750
  1027    750
  1028    750
  1029    750
  1030    750
  1031    750
  1038    750
  1039    750
  1040    750
  1041    750
  1045    750
  1046    750
  1047    750
  1052    750
  1053    750
  1054    750
  1055    750
  1056    750
  1057    750
  1058    750
  1060    750
  1061    750
  1062    750
  1018    751
  1019    751
  1020    751
  1021    751
  1022    751
  1023    751
  1024    751
  1025    751
  1026    751
  1027    751
  1034    751
  1035    751
  1036    751
  1037    751
  1042    751
  1043    751
  1044    751
  1049    751
  1050    751
  1051    751
  1052    751
  1053    751
  1057    751
  1058    751
  1059    751
  1060    751
  1014    752
  1015    752
  1016    752
  1017    752
  1018    752
  1019    752
  1020    752
  1021    752
  1022    752
  1023    752
  1024    752
  1032    752
  1033    752
  1034    752
  1039    752
  1040    752
  1041    752
  1047    752
  1048    752
  1049    752
  1054    752
  1055    752
  1056    752
  1012    753
  1013    753
  1014    753
  1015    753
  1017    753
  1018    753
  1019    753
  1020    753
  1021    753
  1028    753
  1029    753
  1030    753
  1031    753
  1044    753
  1045    753
  1046    753
  1051    753
  1052    753
  1053    753
  1013    754
  1014    754
  1015    754
  1016    754
  1017    754
  1018    754
  1019    754
  1026    754
  1027    754
  1028    754
  1049    754
  1050    754
  1051    754
  1023    755
  1024    755
  1025    755
  1031    755
  1020    756
  1021    756
  1022    756
  1027    756
  1028    756
  1017    757
  1018    757
  1019    757
  1020    757
  1021    757
  1024    757
  1025    757
  1026    757
   997    758
   998    758
   999    758
  1014    758
  1015    758
  1016    758
  1017    758
  1018    758
  1020    758
  1021    758
  1022    758
  1023    758
   993    759
   994    759
   995    759
  1012    759
  1013    759
  1014    759
  1018    759
  1019    759
  1020    759
  1028    759
  1029    759
  1030    759
  1031    759
  1032    759
   983    760
   984    760
   990    760
   991    760
   992    760
   993    760
   994    760
  1000    760
  1009    760
  1010    760
  1011    760
  1016    760
  1017    760
  1018    760
  1026    760
  1027    760
  1028    760
  1029    760
  1030    760
  1031    760
   982    761
   988    761
   989    761
   990    761
   991    761
   996    761
   997    761
   998    761
  1006    761
  1007    761
  1008    761
  1014    761
  1015    761
  1016    761
  1023    761
  1024    761
  1025    761
  1026    761
  1027    761
  1028    761
  1029    761
  1030    761
  1031    761
  1032    761
  1033    761
   985    762
   986    762
   987    762
   988    762
   994    762
   995    762
  1004    762
  1005    762
  1006    762
  1007    762
  1012    762
  1013    762
  1021    762
  1022    762
  1023    762
  1024    762
  1025    762
  1026    762
  1027    762
  1028    762
  1029    762
  1030    762
  1031    762
   976    763
   977    763
   983    763
   984    763
   985    763
   986    763
   987    763
   992    763
  1002    763
  1003    763
  1004    763
  1005    763
  1006    763
  1009    763
  1010    763
  1019    763
  1020    763
  1021    763
  1022    763
  1023    763
  1024    763
  1025    763
  1026    763
  1027    763
  1028    763
  1029    763
   980    764
   981    764
   982    764
   983    764
   984    764
   985    764
   986    764
   988    764
   989    764
   990    764
   999    764
  1000    764
  1001    764
  1006    764
  1007    764
  1008    764
  1016    764
  1017    764
  1018    764
  1019    764
  1020    764
  1021    764
  1022    764
  1023    764
  1025    764
  1026    764
  1027    764
   977    765
   978    765
   979    765
   980    765
   981    765
   982    765
   983    765
   984    765
   986    765
   987    765
   997    765
   998    765
   999    765
  1005    765
  1015    765
  1016    765
  1017    765
  1018    765
  1019    765
  1020    765
  1021    765
  1022    765
  1024    765
   975    766
   976    766
   977    766
   978    766
   979    766
   980    766
   981    766
   982    766
   983    766
   984    766
   985    766
   995    766
   996    766
   997    766
   998    766
   999    766
  1002    766
  1003    766
  1004    766
  1012    766
  1013    766
  1014    766
  1015    766
  1016    766
  1017    766
  1018    766
  1019    766
  1020    766
  1022    766
  1023    766
   972    767
   973    767
   974    767
   975    767
   976    767
   977    767
   978    767
   979    767
   980    767
   981    767
   982    767
   983    767
   993    767
   994    767
   995    767
   996    767
   997    767
   998    767
   999    767
  1000    767
  1001    767
  1011    767
  1012    767
  1013    767
  1014    767
  1015    767
  1016    767
  1017    767
  1018    767
  1019    767
  1020    767
  1021    767
   970    768
   971    768
   972    768
   973    768
   974    768
   975    768
   976    768
   977    768
   978    768
   991    768
   992    768
   993    768
   994    768
   995    768
  1009    768
  1010    768
  1011    768
  1012    768
  1013    768
  1014    768
  1015    768
  1016    768
  1017    768
  1018    768
  1019    768
  1020    768
   968    769
   969    769
   970    769
   971    769
   972    769
   973    769
   974    769
   975    769
   976    769
   977    769
   978    769
   979    769
   988    769
   989    769
   990    769
   991    769
   992    769
   993    769
   994    769
   995    769
  1008    769
  1009    769
  1010    769
  1011    769
  1012    769
  1013    769
  1014    769
  1015    769
  1016    769
  1017    769
   966    770
   967    770
   968    770
   969    770
   970    770
   971    770
   972    770
   973    770
   974    770
   975    770
   976    770
   977    770
   978    770
   987    770
   988    770
   989    770
   990    770
   991    770
   992    770
   993    770
  1007    770
  1008    770
  1009    770
  1010    770
  1011    770
  1012    770
  1013    770
  1014    770
  1015    770
  1016    770
   965    771
   966    771
   967    771
   968    771
   969    771
   970    771
   971    771
   972    771
   973    771
   974    771
   975    771
   976    771
   985    771
   986    771
   987    771
   988    771
   989    771
   990    771
  1006    771
  1007    771
  1008    771
  1009    771
  1010    771
  1011    771
  1012    771
  1013    771
  1014    771
  1015    771
   968    772
   969    772
   970    772
   973    772
   974    772
   983    772
   984    772
   985    772
   986    772
   987    772
   988    772
   989    772
  1012    772
  1013    772
   966    773
   967    773
   968    773
   969    773
   970    773
   971    773
   981    773
   982    773
   983    773
   984    773
   985    773
   986    773
   987    773
   990    773
   991    773
   979    774
   980    774
   981    774
   982    774
   983    774
   984    774
   985    774
   986    774
   987    774
   989    774
   978    775
   979    775
   980    775
   981    775
   982    775
   983    775
   984    775
   985    775
   986    775
   976    776
   977    776
   978    776
   979    776
   980    776
   981    776
   982    776
   983    776
   984    776
   975    777
   976    777
   977    777
   978    777
   979    777
   980    777
   981    777
   982    777
   983    777
   973    778
   974    778
   975    778
   976    778
   977    778
   978    778
   979    778
   980    778
   981    778
   982    778
   972    779
   973    779
   974    779
   975    779
   976    779
   977    779
   978    779
   979    779
   980    779
   981    779
   982    779
   970    780
   971    780
   972    780
   973    780
   974    780
   975    780
   976    780
   977    780
   978    780
   979    780
   980    780
   981    780
   992    780
   993    780
   994    780
   995    780
   996    780
   997    780
   998    780
   999    780
  1000    780
   969    781
   970    781
   971    781
   972    781
   973    781
   974    781
   975    781
   976    781
   977    781
   978    781
   979    781
   980    781
   991    781
   992    781
   993    781
   994    781
   995    781
   996    781
   997    781
   998    781
   969    782
   970    782
   971    782
   972    782
   973    782
   974    782
   975    782
   976    782
   977    782
   989    782
   990    782
   991    782
   992    782
   993    782
   994    782
   995    782
   996    782
   997    782
   998    782
   999    782
   968    783
   969    783
   970    783
   971    783
   972    783
   973    783
   974    783
   975    783
   976    783
   988    783
   989    783
   990    783
   991    783
   992    783
   993    783
   994    783
   995    783
   996    783
   997    783
   998    783
   999    783
   967    784
   968    784
   969    784
   970    784
   971    784
   972    784
   973    784
   974    784
   975    784
   987    784
   988    784
   989    784
   990    784
   991    784
   992    784
   993    784
   994    784
   995    784
   996    784
   997    784
   998    784
   965    785
   966    785
   967    785
   968    785
   969    785
   970    785
   971    785
   972    785
   973    785
   974    785
   986    785
   987    785
   988    785
   989    785
   990    785
   991    785
   992    785
   993    785
   994    785
   995    785
   996    785
   997    785
   998    785
   964    786
   965    786
   966    786
   967    786
   968    786
   969    786
   970    786
   971    786
   972    786
   973    786
   974    786
   985    786
   986    786
   987    786
   988    786
   989    786
   990    786
   991    786
   992    786
   993    786
   994    786
   995    786
   996    786
   997    786
   998    786
   963    787
   964    787
   965    787
   966    787
   967    787
   968    787
   969    787
   970    787
   971    787
   972    787
   973    787
   984    787
   985    787
   986    787
   987    787
   988    787
   989    787
   990    787
   991    787
   992    787
   993    787
   994    787
   995    787
   996    787
   997    787
   963    788
   964    788
   965    788
   966    788
   967    788
   968    788
   969    788
   970    788
   971    788
   972    788
   983    788
   984    788
   985    788
   986    788
   987    788
   988    788
   989    788
   990    788
   991    788
   992    788
   993    788
   994    788
   995    788
   962    789
   963    789
   964    789
   965    789
   966    789
   967    789
   968    789
   969    789
   970    789
   971    789
   982    789
   983    789
   984    789
   985    789
   986    789
   987    789
   988    789
   989    789
   990    789
   991    789
   992    789
   993    789
   994    789
   960    790
   961    790
   962    790
   963    790
   964    790
   965    790
   966    790
   967    790
   968    790
   969    790
   970    790
   982    790
   983    790
   984    790
   985    790
   986    790
   987    790
   988    790
   989    790
   990    790
   991    790
   992    790
   993    790
   994    790
   959    791
   960    791
   961    791
   962    791
   963    791
   964    791
   965    791
   966    791
   967    791
   968    791
   969    791
   981    791
   982    791
   983    791
   984    791
   985    791
   986    791
   987    791
   988    791
   989    791
   990    791
   991    791
   992    791
   993    791
   994    791
   959    792
   960    792
   961    792
   962    792
   963    792
   964    792
   965    792
   966    792
   967    792
   968    792
   969    792
   981    792
   982    792
   983    792
   984    792
   985    792
   986    792
   987    792
   988    792
   989    792
   990    792
   991    792
   992    792
   993    792
