  1267    712
  1268    712
  1269    712
  1270    712
  1271    712
  1272    712
  1273    712
  1246    713
  1247    713
  1248    713
  1251    713
  1261    713
  1262    713
  1263    713
  1269    713
  1270    713
  1271    713
  1272    713
  1273    713
  1279    713
  1239    714
  1240    714
  1241    714
  1242    714
  1243    714
  1244    714
  1245    714
  1246    714
  1247    714
  1248    714
  1249    714
  1251    714
  1253    714
  1254    714
  1255    714
  1256    714
  1257    714
  1258    714
  1275    714
  1276    714
  1277    714
  1226    715
  1227    715
  1228    715
  1229    715
  1230    715
  1231    715
  1232    715
  1233    715
  1234    715
  1235    715
  1236    715
  1237    715
  1238    715
  1239    715
  1240    715
  1241    715
  1242    715
  1243    715
  1244    715
  1249    715
  1250    715
  1251    715
  1252    715
  1268    715
  1200    716
  1201    716
  1202    716
  1203    716
  1204    716
  1205    716
  1206    716
  1207    716
  1208    716
  1209    716
  1210    716
  1211    716
  1212    716
  1213    716
  1214    716
  1215    716
  1216    716
  1217    716
  1218    716
  1219    716
  1220    716
  1221    716
  1222    716
  1223    716
  1224    716
  1225    716
  1226    716
  1227    716
  1237    716
  1238    716
  1239    716
  1240    716
  1241    716
  1242    716
  1195    717
  1196    717
  1197    717
  1198    717
  1199    717
  1200    717
  1201    717
  1202    717
  1203    717
  1204    717
  1205    717
  1206    717
  1207    717
  1208    717
  1209    717
  1210    717
  1211    717
  1212    717
  1213    717
  1214    717
  1215    717
  1216    717
  1217    717
  1218    717
  1219    717
  1220    717
  1221    717
  1222    717
  1223    717
  1224    717
  1225    717
  1226    717
  1227    717
  1228    717
  1233    717
  1234    717
  1235    717
  1236    717
  1237    717
  1238    717
  1239    717
  1240    717
  1248    717
  1249    717
  1250    717
  1184    718
  1185    718
  1186    718
  1187    718
  1188    718
  1189    718
  1190    718
  1191    718
  1192    718
  1193    718
  1194    718
  1195    718
  1196    718
  1197    718
  1198    718
  1199    718
  1220    718
  1221    718
  1222    718
  1223    718
  1224    718
  1225    718
  1226    718
  1227    718
  1228    718
  1229    718
  1163    719
  1164    719
  1165    719
  1166    719
  1167    719
  1168    719
  1169    719
  1170    719
  1171    719
  1172    719
  1173    719
  1174    719
  1175    719
  1176    719
  1177    719
  1178    719
  1179    719
  1185    719
  1186    719
  1187    719
  1188    719
  1189    719
  1190    719
  1200    719
  1201    719
  1202    719
  1203    719
  1204    719
  1205    719
  1206    719
  1207    719
  1208    719
  1209    719
  1212    719
  1213    719
  1214    719
  1215    719
  1216    719
  1217    719
  1218    719
  1219    719
  1220    719
  1221    719
  1222    719
  1223    719
  1224    719
  1225    719
  1226    719
  1144    720
  1145    720
  1146    720
  1147    720
  1148    720
  1166    720
  1167    720
  1168    720
  1169    720
  1170    720
  1171    720
  1172    720
  1173    720
  1174    720
  1175    720
  1176    720
  1177    720
  1178    720
  1179    720
  1190    720
  1191    720
  1192    720
  1193    720
  1194    720
  1195    720
  1196    720
  1197    720
  1198    720
  1199    720
  1200    720
  1201    720
  1202    720
  1203    720
  1204    720
  1205    720
  1206    720
  1207    720
  1208    720
  1209    720
  1210    720
  1211    720
  1213    720
  1214    720
  1221    720
  1222    720
  1126    721
  1127    721
  1128    721
  1129    721
  1130    721
  1131    721
  1161    721
  1162    721
  1163    721
  1164    721
  1182    721
  1183    721
  1184    721
  1185    721
  1186    721
  1187    721
  1188    721
  1189    721
  1190    721
  1191    721
  1192    721
  1193    721
  1194    721
  1195    721
  1196    721
  1197    721
  1198    721
  1199    721
  1200    721
  1201    721
  1202    721
  1203    721
  1204    721
  1205    721
  1210    721
  1211    721
  1212    721
  1213    721
  1214    721
  1142    722
  1143    722
  1144    722
  1145    722
  1146    722
  1147    722
  1170    722
  1171    722
  1172    722
  1173    722
  1174    722
  1175    722
  1176    722
  1177    722
  1178    722
  1179    722
  1185    722
  1186    722
  1187    722
  1188    722
  1189    722
  1190    722
  1191    722
  1192    722
  1193    722
  1194    722
  1195    722
  1196    722
  1197    722
  1198    722
  1199    722
  1200    722
  1201    722
  1202    722
  1203    722
  1204    722
  1205    722
  1206    722
  1207    722
  1166    723
  1167    723
  1168    723
  1169    723
  1170    723
  1171    723
  1172    723
  1173    723
  1174    723
  1175    723
  1176    723
  1188    723
  1189    723
  1195    723
  1196    723
  1197    723
  1198    723
  1199    723
  1169    724
  1170    724
  1171    724
  1172    724
  1173    724
  1177    724
  1178    724
  1187    724
  1188    724
  1189    724
  1190    724
  1146    725
  1147    725
  1148    725
  1149    725
  1150    725
  1151    725
  1152    725
  1153    725
  1154    725
  1162    725
  1163    725
  1164    725
  1167    725
  1168    725
  1169    725
  1170    725
  1171    725
  1142    726
  1143    726
  1144    726
  1145    726
  1146    726
  1147    726
  1148    726
  1149    726
  1150    726
  1151    726
  1152    726
  1153    726
  1154    726
  1155    726
  1156    726
  1160    726
  1161    726
  1162    726
  1163    726
  1164    726
  1165    726
  1166    726
  1167    726
  1168    726
  1169    726
  1171    726
  1172    726
  1173    726
  1174    726
  1135    727
  1136    727
  1137    727
  1138    727
  1139    727
  1140    727
  1141    727
  1142    727
  1143    727
  1144    727
  1145    727
  1146    727
  1148    727
  1149    727
  1150    727
  1151    727
  1152    727
  1153    727
  1154    727
  1155    727
  1156    727
  1160    727
  1161    727
  1167    727
  1168    727
  1169    727
  1127    728
  1128    728
  1129    728
  1130    728
  1135    728
  1136    728
  1137    728
  1138    728
  1139    728
  1140    728
  1141    728
  1142    728
  1143    728
  1144    728
  1145    728
  1146    728
  1147    728
  1148    728
  1149    728
  1150    728
  1151    728
  1154    728
  1155    728
  1156    728
  1121    729
  1122    729
  1123    729
  1124    729
  1129    729
  1130    729
  1131    729
  1132    729
  1133    729
  1134    729
  1135    729
  1136    729
  1137    729
  1138    729
  1139    729
  1140    729
  1141    729
  1142    729
  1143    729
  1146    729
  1147    729
  1148    729
  1149    729
  1150    729
  1151    729
  1155    729
  1156    729
  1157    729
  1115    730
  1116    730
  1117    730
  1118    730
  1119    730
  1120    730
  1121    730
  1122    730
  1123    730
  1124    730
  1125    730
  1130    730
  1134    730
  1135    730
  1136    730
  1141    730
  1142    730
  1143    730
  1149    730
  1150    730
  1110    731
  1111    731
  1112    731
  1113    731
  1114    731
  1115    731
  1116    731
  1117    731
  1118    731
  1119    731
  1124    731
  1125    731
  1126    731
  1136    731
  1137    731
  1138    731
  1139    731
  1144    731
  1145    731
  1117    732
  1118    732
  1119    732
  1120    732
  1121    732
  1122    732
  1123    732
  1124    732
  1125    732
  1126    732
  1127    732
  1135    732
  1136    732
  1137    732
  1138    732
  1139    732
  1140    732
  1112    733
  1113    733
  1114    733
  1115    733
  1116    733
  1117    733
  1118    733
  1119    733
  1120    733
  1093    734
  1094    734
  1095    734
  1096    734
  1097    734
  1098    734
  1099    734
  1100    734
  1101    734
  1102    734
  1107    734
  1108    734
  1109    734
  1110    734
  1111    734
  1112    734
  1113    734
  1114    734
  1115    734
  1116    734
  1121    734
  1122    734
  1123    734
  1124    734
  1126    734
  1127    734
  1088    735
  1089    735
  1090    735
  1091    735
  1092    735
  1093    735
  1094    735
  1095    735
  1096    735
  1097    735
  1101    735
  1102    735
  1103    735
  1104    735
  1105    735
  1106    735
  1107    735
  1108    735
  1109    735
  1110    735
  1111    735
  1116    735
  1117    735
  1118    735
  1119    735
  1083    736
  1084    736
  1085    736
  1086    736
  1087    736
  1088    736
  1089    736
  1090    736
  1091    736
  1092    736
  1093    736
  1097    736
  1098    736
  1099    736
  1100    736
  1101    736
  1102    736
  1103    736
  1104    736
  1105    736
  1111    736
  1112    736
  1113    736
  1079    737
  1080    737
  1081    737
  1082    737
  1083    737
  1084    737
  1085    737
  1086    737
  1087    737
  1088    737
  1093    737
  1094    737
  1095    737
  1096    737
  1097    737
  1098    737
  1099    737
  1100    737
  1101    737
  1106    737
  1107    737
  1108    737
  1109    737
  1074    738
  1075    738
  1076    738
  1077    738
  1078    738
  1079    738
  1080    738
  1081    738
  1082    738
  1083    738
  1089    738
  1090    738
  1091    738
  1092    738
  1093    738
  1094    738
  1095    738
  1096    738
  1097    738
  1102    738
  1103    738
  1104    738
  1105    738
  1108    738
  1109    738
  1110    738
  1111    738
  1069    739
  1070    739
  1071    739
  1072    739
  1073    739
  1074    739
  1075    739
  1076    739
  1077    739
  1078    739
  1079    739
  1084    739
  1085    739
  1086    739
  1087    739
  1088    739
  1089    739
  1090    739
  1091    739
  1092    739
  1098    739
  1099    739
  1100    739
  1101    739
  1102    739
  1104    739
  1105    739
  1106    739
  1107    739
  1065    740
  1066    740
  1067    740
  1068    740
  1069    740
  1070    740
  1071    740
  1072    740
  1073    740
  1074    740
  1075    740
  1080    740
  1081    740
  1082    740
  1083    740
  1084    740
  1086    740
  1087    740
  1088    740
  1095    740
  1096    740
  1097    740
  1098    740
  1101    740
  1102    740
  1103    740
  1104    740
  1062    741
  1063    741
  1064    741
  1065    741
  1066    741
  1067    741
  1068    741
  1069    741
  1070    741
  1071    741
  1072    741
  1077    741
  1078    741
  1079    741
  1080    741
  1084    741
  1085    741
  1091    741
  1092    741
  1093    741
  1094    741
  1095    741
  1097    741
  1098    741
  1099    741
  1100    741
  1062    742
  1063    742
  1064    742
  1065    742
  1066    742
  1073    742
  1074    742
  1075    742
  1076    742
  1077    742
  1078    742
  1079    742
  1080    742
  1081    742
  1094    742
  1095    742
  1096    742
  1070    743
  1071    743
  1072    743
  1073    743
  1074    743
  1075    743
  1076    743
  1077    743
  1078    743
  1065    744
  1066    744
  1067    744
  1068    744
  1069    744
  1070    744
  1071    744
  1072    744
  1073    744
  1074    744
  1046    745
  1047    745
  1048    745
  1049    745
  1050    745
  1051    745
  1052    745
  1053    745
  1054    745
  1061    745
  1062    745
  1063    745
  1064    745
  1065    745
  1066    745
  1067    745
  1068    745
  1069    745
  1070    745
  1071    745
  1077    745
  1043    746
  1044    746
  1045    746
  1046    746
  1047    746
  1048    746
  1049    746
  1050    746
  1051    746
  1052    746
  1058    746
  1059    746
  1060    746
  1061    746
  1062    746
  1063    746
  1064    746
  1065    746
  1066    746
  1073    746
  1074    746
  1075    746
  1076    746
  1039    747
  1040    747
  1041    747
  1042    747
  1043    747
  1044    747
  1045    747
  1046    747
  1047    747
  1048    747
  1055    747
  1056    747
  1057    747
  1058    747
  1059    747
  1060    747
  1061    747
  1062    747
  1063    747
  1064    747
  1070    747
  1071    747
  1072    747
  1073    747
  1074    747
  1076    747
  1077    747
  1078    747
  1079    747
  1034    748
  1035    748
  1036    748
  1037    748
  1038    748
  1039    748
  1040    748
  1041    748
  1042    748
  1043    748
  1044    748
  1045    748
  1051    748
  1052    748
  1053    748
  1056    748
  1057    748
  1058    748
  1059    748
  1060    748
  1066    748
  1067    748
  1068    748
  1069    748
  1072    748
  1073    748
  1074    748
  1075    748
  1031    749
  1032    749
  1033    749
  1034    749
  1035    749
  1036    749
  1037    749
  1038    749
  1039    749
  1040    749
  1041    749
  1042    749
  1048    749
  1049    749
  1050    749
  1051    749
  1053    749
  1054    749
  1055    749
  1056    749
  1057    749
  1063    749
  1064    749
  1065    749
  1066    749
  1070    749
  1071    749
  1072    749
  1028    750
  1029    750
  1030    750
  1031    750
  1032    750
  1033    750
  1034    750
  1035    750
  1036    750
  1037    750
  1038    750
  1045    750
  1046    750
  1047    750
  1048    750
  1049    750
  1051    750
  1052    750
  1053    750
  1054    750
  1059    750
  1060    750
  1061    750
  1062    750
  1063    750
  1064    750
  1066    750
  1067    750
  1068    750
  1069    750
  1070    750
  1024    751
  1025    751
  1026    751
  1027    751
  1028    751
  1029    751
  1030    751
  1031    751
  1032    751
  1033    751
  1034    751
  1042    751
  1043    751
  1044    751
  1045    751
  1046    751
  1047    751
  1048    751
  1049    751
  1050    751
  1051    751
  1057    751
  1058    751
  1059    751
  1060    751
  1061    751
  1062    751
  1063    751
  1064    751
  1065    751
  1066    751
  1067    751
  1021    752
  1022    752
  1023    752
  1024    752
  1025    752
  1026    752
  1027    752
  1028    752
  1029    752
  1030    752
  1031    752
  1032    752
  1039    752
  1040    752
  1041    752
  1042    752
  1044    752
  1045    752
  1046    752
  1047    752
  1048    752
  1054    752
  1055    752
  1056    752
  1057    752
  1062    752
  1063    752
  1018    753
  1019    753
  1020    753
  1021    753
  1022    753
  1023    753
  1024    753
  1025    753
  1026    753
  1027    753
  1028    753
  1035    753
  1036    753
  1037    753
  1038    753
  1043    753
  1044    753
  1051    753
  1052    753
  1053    753
  1054    753
  1058    753
  1059    753
  1060    753
  1061    753
  1015    754
  1016    754
  1017    754
  1018    754
  1019    754
  1020    754
  1021    754
  1022    754
  1023    754
  1024    754
  1025    754
  1026    754
  1032    754
  1033    754
  1034    754
  1035    754
  1036    754
  1048    754
  1049    754
  1050    754
  1051    754
  1055    754
  1056    754
  1057    754
  1058    754
  1017    755
  1018    755
  1019    755
  1020    755
  1021    755
  1022    755
  1029    755
  1030    755
  1031    755
  1032    755
  1038    755
  1046    755
  1053    755
  1054    755
  1055    755
  1027    756
  1028    756
  1029    756
  1033    756
  1034    756
  1035    756
  1036    756
  1050    756
  1051    756
  1052    756
  1024    757
  1025    757
  1026    757
  1027    757
  1028    757
  1031    757
  1032    757
  1033    757
  1021    758
  1022    758
  1023    758
  1024    758
  1025    758
  1027    758
  1028    758
  1029    758
  1030    758
  1031    758
  1019    759
  1020    759
  1021    759
  1022    759
  1023    759
  1024    759
  1025    759
  1026    759
  1027    759
  1028    759
   997    760
   998    760
   999    760
  1000    760
  1016    760
  1017    760
  1018    760
  1019    760
  1020    760
  1022    760
  1023    760
  1024    760
  1025    760
   994    761
   995    761
   996    761
   997    761
   998    761
  1013    761
  1014    761
  1015    761
  1019    761
  1020    761
  1021    761
  1022    761
  1023    761
  1030    761
  1031    761
  1032    761
  1033    761
  1034    761
  1035    761
   991    762
   992    762
   993    762
   994    762
   995    762
   996    762
   997    762
   998    762
   999    762
  1000    762
  1001    762
  1002    762
  1011    762
  1012    762
  1013    762
  1016    762
  1017    762
  1018    762
  1019    762
  1020    762
  1021    762
  1028    762
  1029    762
  1030    762
  1031    762
  1032    762
  1033    762
  1034    762
   988    763
   989    763
   990    763
   991    763
   992    763
   995    763
   996    763
   997    763
   998    763
   999    763
  1009    763
  1010    763
  1011    763
  1014    763
  1015    763
  1016    763
  1017    763
  1018    763
  1026    763
  1027    763
  1028    763
  1029    763
  1030    763
  1031    763
  1032    763
  1033    763
  1034    763
  1035    763
  1036    763
   987    764
   988    764
   989    764
   990    764
   995    764
   996    764
   997    764
  1006    764
  1007    764
  1008    764
  1009    764
  1013    764
  1014    764
  1015    764
  1023    764
  1024    764
  1025    764
  1026    764
  1027    764
  1028    764
  1029    764
  1030    764
  1031    764
  1032    764
  1033    764
   984    765
   985    765
   986    765
   987    765
   988    765
   989    765
   993    765
   994    765
  1004    765
  1005    765
  1006    765
  1007    765
  1008    765
  1009    765
  1011    765
  1012    765
  1021    765
  1022    765
  1023    765
  1024    765
  1025    765
  1026    765
  1027    765
  1028    765
  1029    765
  1030    765
  1031    765
  1032    765
   981    766
   982    766
   983    766
   984    766
   985    766
   986    766
   991    766
   992    766
  1002    766
  1003    766
  1004    766
  1005    766
  1006    766
  1007    766
  1009    766
  1010    766
  1019    766
  1020    766
  1021    766
  1022    766
  1023    766
  1024    766
  1025    766
  1026    766
  1027    766
  1028    766
  1029    766
  1030    766
   979    767
   980    767
   981    767
   982    767
   983    767
   984    767
   985    767
   999    767
  1000    767
  1001    767
  1005    767
  1006    767
  1007    767
  1008    767
  1017    767
  1018    767
  1019    767
  1020    767
  1021    767
  1022    767
  1023    767
  1024    767
  1025    767
  1026    767
  1027    767
  1028    767
   977    768
   978    768
   979    768
   980    768
   981    768
   982    768
   983    768
   997    768
   998    768
   999    768
  1000    768
  1001    768
  1005    768
  1006    768
  1015    768
  1016    768
  1017    768
  1018    768
  1019    768
  1020    768
  1021    768
  1022    768
  1023    768
  1024    768
   975    769
   976    769
   977    769
   978    769
   979    769
   980    769
   981    769
   982    769
   983    769
   984    769
   985    769
   994    769
   995    769
   996    769
   997    769
   998    769
   999    769
  1000    769
  1014    769
  1015    769
  1016    769
  1017    769
  1018    769
  1019    769
  1020    769
  1021    769
  1022    769
  1023    769
  1024    769
   972    770
   973    770
   974    770
   975    770
   976    770
   977    770
   978    770
   979    770
   980    770
   981    770
   982    770
   983    770
   993    770
   994    770
   995    770
   996    770
   997    770
   998    770
   999    770
  1012    770
  1013    770
  1014    770
  1015    770
  1016    770
  1017    770
  1018    770
  1019    770
  1020    770
  1021    770
  1022    770
  1023    770
   970    771
   971    771
   972    771
   973    771
   974    771
   975    771
   976    771
   977    771
   978    771
   979    771
   980    771
   981    771
   982    771
   991    771
   992    771
   993    771
   994    771
   995    771
   996    771
   997    771
   998    771
  1000    771
  1011    771
  1012    771
  1013    771
  1014    771
  1015    771
  1016    771
  1017    771
  1018    771
  1019    771
  1020    771
  1021    771
   968    772
   969    772
   970    772
   971    772
   972    772
   973    772
   974    772
   975    772
   976    772
   977    772
   978    772
   979    772
   980    772
   989    772
   990    772
   991    772
   992    772
   993    772
   994    772
   995    772
   996    772
   997    772
   998    772
   999    772
  1009    772
  1010    772
  1011    772
  1012    772
  1013    772
  1014    772
  1015    772
  1016    772
  1017    772
  1018    772
  1019    772
  1020    772
   967    773
   968    773
   969    773
   970    773
   971    773
   972    773
   973    773
   974    773
   975    773
   976    773
   977    773
   978    773
   987    773
   988    773
   989    773
   990    773
   991    773
   992    773
   993    773
   994    773
  1008    773
  1009    773
  1010    773
  1011    773
  1012    773
  1013    773
  1014    773
  1015    773
  1016    773
  1017    773
  1018    773
   969    774
   970    774
   971    774
   972    774
   973    774
   974    774
   975    774
   976    774
   985    774
   986    774
   987    774
   988    774
   989    774
   990    774
   991    774
   992    774
   993    774
  1008    774
  1009    774
  1010    774
  1011    774
  1012    774
  1013    774
  1014    774
  1015    774
  1016    774
  1017    774
   967    775
   968    775
   969    775
   970    775
   971    775
   972    775
   973    775
   974    775
   975    775
   983    775
   984    775
   985    775
   986    775
   987    775
   988    775
   989    775
   990    775
   991    775
   992    775
  1015    775
  1016    775
   982    776
   983    776
   984    776
   985    776
   986    776
   987    776
   988    776
   989    776
   990    776
   980    777
   981    777
   982    777
   983    777
   984    777
   985    777
   986    777
   987    777
   988    777
   979    778
   980    778
   981    778
   982    778
   983    778
   984    778
   985    778
   986    778
   987    778
   988    778
   978    779
   979    779
   980    779
   981    779
   982    779
   983    779
   984    779
   985    779
   986    779
   987    779
   988    779
   976    780
   977    780
   978    780
   979    780
   980    780
   981    780
   982    780
   983    780
   984    780
   985    780
   986    780
   975    781
   976    781
   977    781
   978    781
   979    781
   980    781
   981    781
   982    781
   983    781
   984    781
   974    782
   975    782
   976    782
   977    782
   978    782
   979    782
   980    782
   981    782
   982    782
   983    782
   972    783
   973    783
   974    783
   975    783
   976    783
   977    783
   978    783
   979    783
   980    783
   981    783
   982    783
   971    784
   972    784
   973    784
   974    784
   975    784
   976    784
   977    784
   978    784
   979    784
   980    784
   981    784
   970    785
   971    785
   972    785
   973    785
   974    785
   975    785
   976    785
   977    785
   978    785
   979    785
   980    785
   969    786
   970    786
   971    786
   972    786
   973    786
   974    786
   975    786
   976    786
   977    786
   978    786
   979    786
   969    787
   970    787
   971    787
   972    787
   973    787
   974    787
   975    787
   976    787
   977    787
   978    787
   979    787
   968    788
   969    788
   970    788
   971    788
   972    788
   973    788
   974    788
   975    788
   976    788
   977    788
   967    789
   968    789
   969    789
   970    789
   971    789
   972    789
   973    789
   974    789
   975    789
   976    789
   966    790
   967    790
   968    790
   969    790
   970    790
   971    790
   972    790
   973    790
   974    790
   975    790
   965    791
   966    791
   967    791
   968    791
   969    791
   970    791
   971    791
   972    791
   973    791
   974    791
   964    792
   965    792
   966    792
   967    792
   968    792
   969    792
   970    792
   971    792
   972    792
   973    792
   974    792
