  1272    712
  1273    712
  1274    712
  1275    712
  1276    712
  1277    712
  1278    712
  1269    713
  1270    713
  1271    713
  1272    713
  1273    713
  1274    713
  1275    713
  1276    713
  1277    713
  1283    713
  1284    713
  1245    714
  1246    714
  1247    714
  1248    714
  1249    714
  1250    714
  1251    714
  1252    714
  1253    714
  1254    714
  1255    714
  1256    714
  1260    714
  1261    714
  1262    714
  1263    714
  1264    714
  1279    714
  1280    714
  1281    714
  1234    715
  1235    715
  1236    715
  1237    715
  1238    715
  1239    715
  1240    715
  1241    715
  1242    715
  1243    715
  1244    715
  1245    715
  1246    715
  1247    715
  1248    715
  1254    715
  1255    715
  1256    715
  1257    715
  1270    715
  1271    715
  1272    715
  1273    715
  1274    715
  1212    716
  1213    716
  1214    716
  1215    716
  1216    716
  1217    716
  1218    716
  1219    716
  1220    716
  1221    716
  1222    716
  1223    716
  1224    716
  1225    716
  1226    716
  1227    716
  1228    716
  1229    716
  1230    716
  1231    716
  1232    716
  1233    716
  1242    716
  1243    716
  1244    716
  1245    716
  1246    716
  1247    716
  1248    716
  1263    716
  1200    717
  1201    717
  1202    717
  1203    717
  1204    717
  1215    717
  1216    717
  1217    717
  1218    717
  1219    717
  1220    717
  1221    717
  1222    717
  1223    717
  1224    717
  1225    717
  1226    717
  1227    717
  1228    717
  1229    717
  1230    717
  1231    717
  1232    717
  1236    717
  1237    717
  1238    717
  1239    717
  1240    717
  1241    717
  1242    717
  1243    717
  1244    717
  1245    717
  1246    717
  1195    718
  1196    718
  1197    718
  1198    718
  1199    718
  1200    718
  1201    718
  1202    718
  1203    718
  1223    718
  1224    718
  1225    718
  1226    718
  1227    718
  1228    718
  1229    718
  1230    718
  1231    718
  1232    718
  1233    718
  1234    718
  1242    718
  1243    718
  1246    718
  1168    719
  1169    719
  1170    719
  1171    719
  1172    719
  1173    719
  1174    719
  1175    719
  1176    719
  1177    719
  1178    719
  1179    719
  1180    719
  1181    719
  1182    719
  1183    719
  1184    719
  1185    719
  1186    719
  1187    719
  1188    719
  1189    719
  1190    719
  1191    719
  1192    719
  1193    719
  1194    719
  1195    719
  1196    719
  1218    719
  1219    719
  1220    719
  1221    719
  1222    719
  1223    719
  1224    719
  1225    719
  1226    719
  1227    719
  1228    719
  1229    719
  1151    720
  1152    720
  1153    720
  1154    720
  1155    720
  1156    720
  1171    720
  1172    720
  1173    720
  1174    720
  1175    720
  1176    720
  1177    720
  1178    720
  1179    720
  1180    720
  1181    720
  1182    720
  1183    720
  1184    720
  1185    720
  1198    720
  1199    720
  1200    720
  1201    720
  1202    720
  1203    720
  1204    720
  1205    720
  1206    720
  1207    720
  1208    720
  1209    720
  1210    720
  1211    720
  1212    720
  1213    720
  1214    720
  1215    720
  1216    720
  1217    720
  1218    720
  1226    720
  1227    720
  1228    720
  1136    721
  1137    721
  1138    721
  1139    721
  1140    721
  1141    721
  1142    721
  1143    721
  1144    721
  1153    721
  1165    721
  1167    721
  1168    721
  1169    721
  1170    721
  1187    721
  1188    721
  1189    721
  1190    721
  1191    721
  1192    721
  1193    721
  1194    721
  1195    721
  1196    721
  1197    721
  1198    721
  1199    721
  1200    721
  1201    721
  1202    721
  1203    721
  1204    721
  1205    721
  1206    721
  1207    721
  1208    721
  1209    721
  1210    721
  1211    721
  1212    721
  1213    721
  1214    721
  1217    721
  1218    721
  1219    721
  1220    721
  1221    721
  1148    722
  1149    722
  1150    722
  1151    722
  1152    722
  1153    722
  1154    722
  1179    722
  1180    722
  1181    722
  1182    722
  1183    722
  1185    722
  1186    722
  1187    722
  1188    722
  1189    722
  1190    722
  1191    722
  1192    722
  1193    722
  1194    722
  1195    722
  1196    722
  1197    722
  1198    722
  1199    722
  1200    722
  1201    722
  1202    722
  1203    722
  1204    722
  1205    722
  1208    722
  1209    722
  1210    722
  1211    722
  1212    722
  1117    723
  1118    723
  1119    723
  1125    723
  1126    723
  1136    723
  1137    723
  1171    723
  1172    723
  1173    723
  1174    723
  1175    723
  1176    723
  1177    723
  1179    723
  1180    723
  1181    723
  1182    723
  1183    723
  1184    723
  1185    723
  1186    723
  1187    723
  1188    723
  1189    723
  1190    723
  1191    723
  1192    723
  1193    723
  1194    723
  1195    723
  1196    723
  1197    723
  1198    723
  1202    723
  1203    723
  1204    723
  1205    723
  1172    724
  1173    724
  1174    724
  1175    724
  1176    724
  1177    724
  1178    724
  1182    724
  1183    724
  1184    724
  1185    724
  1189    724
  1190    724
  1191    724
  1192    724
  1193    724
  1194    724
  1195    724
  1196    724
  1197    724
  1167    725
  1168    725
  1169    725
  1170    725
  1171    725
  1172    725
  1173    725
  1174    725
  1148    726
  1149    726
  1150    726
  1151    726
  1152    726
  1153    726
  1154    726
  1155    726
  1156    726
  1157    726
  1158    726
  1161    726
  1162    726
  1163    726
  1164    726
  1165    726
  1166    726
  1167    726
  1168    726
  1169    726
  1170    726
  1172    726
  1173    726
  1174    726
  1175    726
  1176    726
  1177    726
  1178    726
  1141    727
  1142    727
  1143    727
  1144    727
  1145    727
  1146    727
  1147    727
  1148    727
  1149    727
  1150    727
  1151    727
  1152    727
  1153    727
  1154    727
  1155    727
  1156    727
  1157    727
  1158    727
  1159    727
  1160    727
  1161    727
  1162    727
  1163    727
  1164    727
  1165    727
  1166    727
  1167    727
  1168    727
  1169    727
  1171    727
  1172    727
  1173    727
  1174    727
  1175    727
  1176    727
  1177    727
  1178    727
  1135    728
  1136    728
  1137    728
  1138    728
  1139    728
  1140    728
  1141    728
  1142    728
  1143    728
  1147    728
  1148    728
  1149    728
  1150    728
  1151    728
  1152    728
  1153    728
  1154    728
  1155    728
  1159    728
  1160    728
  1161    728
  1162    728
  1163    728
  1167    728
  1168    728
  1169    728
  1170    728
  1128    729
  1129    729
  1130    729
  1135    729
  1136    729
  1137    729
  1138    729
  1142    729
  1143    729
  1144    729
  1145    729
  1146    729
  1147    729
  1148    729
  1149    729
  1150    729
  1154    729
  1155    729
  1156    729
  1161    729
  1162    729
  1122    730
  1123    730
  1124    730
  1125    730
  1126    730
  1127    730
  1128    730
  1129    730
  1130    730
  1131    730
  1132    730
  1137    730
  1138    730
  1139    730
  1140    730
  1141    730
  1142    730
  1143    730
  1144    730
  1145    730
  1149    730
  1150    730
  1151    730
  1156    730
  1157    730
  1114    731
  1115    731
  1116    731
  1117    731
  1118    731
  1119    731
  1120    731
  1121    731
  1122    731
  1123    731
  1124    731
  1125    731
  1130    731
  1131    731
  1132    731
  1136    731
  1137    731
  1138    731
  1141    731
  1142    731
  1143    731
  1144    731
  1145    731
  1146    731
  1149    731
  1150    731
  1151    731
  1152    731
  1116    732
  1117    732
  1118    732
  1124    732
  1125    732
  1126    732
  1127    732
  1128    732
  1131    732
  1132    732
  1133    732
  1138    732
  1139    732
  1140    732
  1143    732
  1144    732
  1145    732
  1119    733
  1120    733
  1121    733
  1122    733
  1123    733
  1124    733
  1125    733
  1126    733
  1127    733
  1128    733
  1100    734
  1101    734
  1102    734
  1103    734
  1104    734
  1112    734
  1113    734
  1114    734
  1115    734
  1116    734
  1117    734
  1118    734
  1119    734
  1120    734
  1121    734
  1122    734
  1095    735
  1096    735
  1097    735
  1098    735
  1099    735
  1100    735
  1101    735
  1102    735
  1103    735
  1104    735
  1108    735
  1109    735
  1110    735
  1111    735
  1112    735
  1113    735
  1114    735
  1115    735
  1116    735
  1122    735
  1123    735
  1124    735
  1125    735
  1126    735
  1127    735
  1128    735
  1129    735
  1130    735
  1090    736
  1091    736
  1092    736
  1093    736
  1094    736
  1095    736
  1096    736
  1097    736
  1098    736
  1099    736
  1104    736
  1105    736
  1106    736
  1107    736
  1108    736
  1109    736
  1110    736
  1111    736
  1112    736
  1117    736
  1118    736
  1119    736
  1120    736
  1121    736
  1126    736
  1127    736
  1084    737
  1085    737
  1086    737
  1087    737
  1088    737
  1089    737
  1090    737
  1091    737
  1092    737
  1093    737
  1094    737
  1100    737
  1101    737
  1102    737
  1103    737
  1104    737
  1105    737
  1106    737
  1107    737
  1108    737
  1113    737
  1114    737
  1115    737
  1116    737
  1117    737
  1118    737
  1119    737
  1120    737
  1121    737
  1081    738
  1082    738
  1083    738
  1084    738
  1085    738
  1086    738
  1087    738
  1088    738
  1089    738
  1090    738
  1095    738
  1096    738
  1097    738
  1098    738
  1099    738
  1100    738
  1101    738
  1102    738
  1103    738
  1108    738
  1109    738
  1110    738
  1111    738
  1112    738
  1114    738
  1115    738
  1116    738
  1117    738
  1077    739
  1078    739
  1079    739
  1080    739
  1081    739
  1082    739
  1083    739
  1084    739
  1085    739
  1091    739
  1092    739
  1093    739
  1094    739
  1095    739
  1096    739
  1097    739
  1098    739
  1099    739
  1104    739
  1105    739
  1106    739
  1107    739
  1108    739
  1111    739
  1112    739
  1113    739
  1072    740
  1073    740
  1074    740
  1075    740
  1076    740
  1077    740
  1078    740
  1079    740
  1080    740
  1081    740
  1087    740
  1088    740
  1089    740
  1092    740
  1093    740
  1094    740
  1095    740
  1101    740
  1102    740
  1103    740
  1104    740
  1105    740
  1107    740
  1108    740
  1109    740
  1069    741
  1070    741
  1071    741
  1073    741
  1074    741
  1075    741
  1076    741
  1077    741
  1083    741
  1084    741
  1085    741
  1086    741
  1087    741
  1088    741
  1089    741
  1090    741
  1091    741
  1097    741
  1098    741
  1099    741
  1100    741
  1101    741
  1102    741
  1103    741
  1104    741
  1105    741
  1106    741
  1070    742
  1071    742
  1072    742
  1073    742
  1079    742
  1080    742
  1081    742
  1082    742
  1083    742
  1084    742
  1085    742
  1086    742
  1087    742
  1094    742
  1095    742
  1096    742
  1100    742
  1101    742
  1102    742
  1103    742
  1075    743
  1076    743
  1077    743
  1078    743
  1079    743
  1080    743
  1081    743
  1082    743
  1083    743
  1084    743
  1096    743
  1097    743
  1098    743
  1073    744
  1074    744
  1075    744
  1076    744
  1077    744
  1078    744
  1079    744
  1080    744
  1069    745
  1070    745
  1071    745
  1072    745
  1073    745
  1074    745
  1075    745
  1076    745
  1077    745
  1065    746
  1066    746
  1067    746
  1068    746
  1069    746
  1070    746
  1071    746
  1072    746
  1073    746
  1080    746
  1081    746
  1082    746
  1083    746
  1084    746
  1062    747
  1063    747
  1064    747
  1065    747
  1066    747
  1067    747
  1068    747
  1069    747
  1076    747
  1077    747
  1078    747
  1079    747
  1080    747
  1063    748
  1064    748
  1065    748
  1066    748
  1072    748
  1073    748
  1074    748
  1075    748
  1076    748
  1079    748
  1080    748
  1081    748
  1082    748
  1060    749
  1061    749
  1062    749
  1070    749
  1071    749
  1072    749
  1073    749
  1076    749
  1077    749
  1078    749
  1079    749
  1057    750
  1058    750
  1059    750
  1066    750
  1067    750
  1068    750
  1069    750
  1070    750
  1071    750
  1073    750
  1074    750
  1075    750
  1076    750
  1063    751
  1064    751
  1065    751
  1066    751
  1067    751
  1071    751
  1072    751
  1060    752
  1061    752
  1062    752
  1063    752
  1064    752
  1068    752
  1069    752
  1058    753
  1059    753
  1060    753
  1061    753
  1062    753
  1063    753
  1065    753
  1066    753
  1067    753
  1055    754
  1056    754
  1057    754
  1058    754
  1059    754
  1060    754
  1062    754
  1063    754
  1064    754
  1055    755
  1060    755
  1061    755
  1062    755
  1054    756
  1058    756
  1059    756
  1055    757
  1056    757
