  1269    712
  1270    712
  1271    712
  1272    712
  1273    712
  1274    712
  1261    713
  1262    713
  1263    713
  1264    713
  1265    713
  1266    713
  1267    713
  1268    713
  1269    713
  1270    713
  1271    713
  1272    713
  1273    713
  1274    713
  1241    714
  1242    714
  1243    714
  1244    714
  1245    714
  1246    714
  1247    714
  1248    714
  1254    714
  1255    714
  1256    714
  1257    714
  1258    714
  1259    714
  1260    714
  1261    714
  1264    714
  1265    714
  1230    715
  1231    715
  1232    715
  1233    715
  1234    715
  1235    715
  1236    715
  1237    715
  1238    715
  1239    715
  1240    715
  1241    715
  1242    715
  1243    715
  1244    715
  1245    715
  1246    715
  1252    715
  1253    715
  1254    715
  1265    715
  1266    715
  1267    715
  1268    715
  1269    715
  1208    716
  1209    716
  1210    716
  1211    716
  1212    716
  1213    716
  1214    716
  1215    716
  1216    716
  1217    716
  1218    716
  1219    716
  1220    716
  1221    716
  1222    716
  1223    716
  1224    716
  1225    716
  1226    716
  1227    716
  1228    716
  1229    716
  1230    716
  1231    716
  1238    716
  1239    716
  1240    716
  1241    716
  1242    716
  1243    716
  1244    716
  1245    716
  1246    716
  1247    716
  1197    717
  1198    717
  1203    717
  1208    717
  1209    717
  1210    717
  1211    717
  1212    717
  1213    717
  1214    717
  1215    717
  1216    717
  1217    717
  1218    717
  1219    717
  1220    717
  1221    717
  1222    717
  1223    717
  1224    717
  1225    717
  1226    717
  1227    717
  1228    717
  1229    717
  1230    717
  1232    717
  1233    717
  1234    717
  1235    717
  1236    717
  1237    717
  1238    717
  1239    717
  1240    717
  1241    717
  1187    718
  1188    718
  1189    718
  1190    718
  1191    718
  1192    718
  1193    718
  1194    718
  1195    718
  1196    718
  1197    718
  1222    718
  1223    718
  1224    718
  1225    718
  1226    718
  1227    718
  1228    718
  1229    718
  1230    718
  1240    718
  1241    718
  1164    719
  1165    719
  1166    719
  1167    719
  1168    719
  1169    719
  1170    719
  1171    719
  1172    719
  1173    719
  1174    719
  1175    719
  1176    719
  1177    719
  1178    719
  1179    719
  1180    719
  1181    719
  1182    719
  1183    719
  1184    719
  1185    719
  1186    719
  1187    719
  1188    719
  1189    719
  1190    719
  1191    719
  1192    719
  1203    719
  1204    719
  1205    719
  1206    719
  1207    719
  1208    719
  1212    719
  1213    719
  1214    719
  1215    719
  1216    719
  1217    719
  1218    719
  1219    719
  1220    719
  1221    719
  1222    719
  1223    719
  1224    719
  1225    719
  1226    719
  1227    719
  1147    720
  1148    720
  1149    720
  1150    720
  1151    720
  1168    720
  1169    720
  1170    720
  1171    720
  1172    720
  1173    720
  1174    720
  1175    720
  1176    720
  1177    720
  1178    720
  1179    720
  1193    720
  1194    720
  1195    720
  1196    720
  1197    720
  1198    720
  1199    720
  1200    720
  1201    720
  1202    720
  1203    720
  1204    720
  1205    720
  1206    720
  1210    720
  1211    720
  1212    720
  1213    720
  1214    720
  1215    720
  1142    721
  1143    721
  1160    721
  1161    721
  1162    721
  1163    721
  1164    721
  1183    721
  1184    721
  1185    721
  1186    721
  1187    721
  1188    721
  1189    721
  1190    721
  1191    721
  1192    721
  1193    721
  1194    721
  1195    721
  1196    721
  1197    721
  1198    721
  1199    721
  1200    721
  1201    721
  1202    721
  1203    721
  1204    721
  1205    721
  1206    721
  1207    721
  1208    721
  1209    721
  1210    721
  1211    721
  1212    721
  1213    721
  1214    721
  1215    721
  1140    722
  1141    722
  1142    722
  1143    722
  1144    722
  1145    722
  1146    722
  1147    722
  1173    722
  1174    722
  1175    722
  1176    722
  1177    722
  1178    722
  1179    722
  1180    722
  1181    722
  1183    722
  1184    722
  1185    722
  1186    722
  1187    722
  1188    722
  1189    722
  1190    722
  1191    722
  1192    722
  1193    722
  1194    722
  1195    722
  1196    722
  1197    722
  1198    722
  1199    722
  1200    722
  1205    722
  1206    722
  1207    722
  1168    723
  1169    723
  1170    723
  1171    723
  1172    723
  1173    723
  1174    723
  1175    723
  1176    723
  1177    723
  1178    723
  1196    723
  1197    723
  1198    723
  1199    723
  1167    724
  1168    724
  1169    724
  1170    724
  1171    724
  1172    724
  1173    724
  1174    724
  1175    724
  1176    724
  1177    724
  1191    724
  1150    725
  1151    725
  1152    725
  1153    725
  1154    725
  1155    725
  1156    725
  1161    725
  1162    725
  1163    725
  1164    725
  1165    725
  1167    725
  1168    725
  1169    725
  1170    725
  1171    725
  1144    726
  1145    726
  1146    726
  1147    726
  1148    726
  1149    726
  1150    726
  1151    726
  1152    726
  1153    726
  1154    726
  1155    726
  1156    726
  1157    726
  1158    726
  1159    726
  1163    726
  1164    726
  1165    726
  1167    726
  1168    726
  1169    726
  1170    726
  1171    726
  1173    726
  1174    726
  1175    726
  1137    727
  1138    727
  1139    727
  1140    727
  1141    727
  1142    727
  1143    727
  1144    727
  1145    727
  1146    727
  1147    727
  1150    727
  1151    727
  1152    727
  1153    727
  1154    727
  1155    727
  1156    727
  1157    727
  1158    727
  1159    727
  1163    727
  1164    727
  1165    727
  1170    727
  1171    727
  1172    727
  1129    728
  1130    728
  1131    728
  1132    728
  1133    728
  1134    728
  1136    728
  1137    728
  1138    728
  1139    728
  1140    728
  1141    728
  1142    728
  1143    728
  1144    728
  1145    728
  1146    728
  1147    728
  1148    728
  1149    728
  1150    728
  1155    728
  1156    728
  1157    728
  1158    728
  1164    728
  1165    728
  1166    728
  1123    729
  1124    729
  1125    729
  1126    729
  1127    729
  1128    729
  1129    729
  1130    729
  1131    729
  1132    729
  1133    729
  1138    729
  1139    729
  1140    729
  1141    729
  1142    729
  1143    729
  1144    729
  1145    729
  1149    729
  1150    729
  1151    729
  1152    729
  1153    729
  1156    729
  1157    729
  1158    729
  1118    730
  1119    730
  1120    730
  1121    730
  1122    730
  1123    730
  1124    730
  1125    730
  1126    730
  1127    730
  1132    730
  1133    730
  1136    730
  1137    730
  1138    730
  1139    730
  1140    730
  1144    730
  1145    730
  1146    730
  1151    730
  1152    730
  1153    730
  1112    731
  1113    731
  1114    731
  1115    731
  1116    731
  1117    731
  1118    731
  1119    731
  1120    731
  1126    731
  1127    731
  1128    731
  1129    731
  1134    731
  1135    731
  1138    731
  1139    731
  1140    731
  1141    731
  1142    731
  1146    731
  1147    731
  1148    731
  1120    732
  1121    732
  1122    732
  1123    732
  1124    732
  1126    732
  1127    732
  1138    732
  1139    732
  1140    732
  1141    732
  1114    733
  1115    733
  1116    733
  1117    733
  1118    733
  1119    733
  1120    733
  1121    733
  1122    733
  1095    734
  1096    734
  1097    734
  1098    734
  1099    734
  1100    734
  1101    734
  1102    734
  1103    734
  1109    734
  1110    734
  1111    734
  1112    734
  1113    734
  1114    734
  1115    734
  1116    734
  1117    734
  1118    734
  1125    734
  1126    734
  1127    734
  1128    734
  1090    735
  1091    735
  1092    735
  1093    735
  1094    735
  1095    735
  1096    735
  1097    735
  1098    735
  1099    735
  1104    735
  1105    735
  1106    735
  1107    735
  1108    735
  1109    735
  1110    735
  1111    735
  1112    735
  1117    735
  1118    735
  1119    735
  1120    735
  1121    735
  1086    736
  1087    736
  1088    736
  1089    736
  1090    736
  1091    736
  1092    736
  1093    736
  1094    736
  1099    736
  1100    736
  1101    736
  1102    736
  1103    736
  1104    736
  1105    736
  1106    736
  1107    736
  1108    736
  1113    736
  1114    736
  1115    736
  1116    736
  1117    736
  1120    736
  1121    736
  1122    736
  1081    737
  1082    737
  1083    737
  1084    737
  1085    737
  1086    737
  1087    737
  1088    737
  1089    737
  1090    737
  1095    737
  1096    737
  1097    737
  1098    737
  1099    737
  1100    737
  1101    737
  1102    737
  1103    737
  1109    737
  1110    737
  1111    737
  1112    737
  1115    737
  1116    737
  1117    737
  1076    738
  1077    738
  1078    738
  1079    738
  1080    738
  1081    738
  1082    738
  1083    738
  1084    738
  1085    738
  1091    738
  1092    738
  1093    738
  1094    738
  1095    738
  1096    738
  1097    738
  1098    738
  1099    738
  1104    738
  1105    738
  1106    738
  1107    738
  1110    738
  1111    738
  1112    738
  1113    738
  1072    739
  1073    739
  1074    739
  1075    739
  1076    739
  1077    739
  1078    739
  1079    739
  1080    739
  1081    739
  1087    739
  1088    739
  1089    739
  1090    739
  1091    739
  1092    739
  1093    739
  1094    739
  1095    739
  1100    739
  1101    739
  1102    739
  1103    739
  1104    739
  1106    739
  1107    739
  1108    739
  1109    739
  1110    739
  1068    740
  1069    740
  1070    740
  1071    740
  1072    740
  1073    740
  1074    740
  1075    740
  1076    740
  1077    740
  1083    740
  1084    740
  1085    740
  1088    740
  1089    740
  1090    740
  1091    740
  1097    740
  1098    740
  1099    740
  1100    740
  1101    740
  1102    740
  1103    740
  1104    740
  1105    740
  1063    741
  1064    741
  1065    741
  1066    741
  1067    741
  1068    741
  1069    741
  1070    741
  1071    741
  1072    741
  1073    741
  1074    741
  1079    741
  1080    741
  1081    741
  1082    741
  1086    741
  1087    741
  1093    741
  1094    741
  1095    741
  1096    741
  1097    741
  1099    741
  1100    741
  1101    741
  1102    741
  1064    742
  1065    742
  1066    742
  1067    742
  1068    742
  1069    742
  1075    742
  1076    742
  1077    742
  1078    742
  1079    742
  1080    742
  1081    742
  1082    742
  1083    742
  1084    742
  1090    742
  1091    742
  1092    742
  1096    742
  1097    742
  1098    742
  1072    743
  1073    743
  1074    743
  1075    743
  1076    743
  1077    743
  1078    743
  1079    743
  1080    743
  1068    744
  1069    744
  1070    744
  1071    744
  1072    744
  1073    744
  1074    744
  1075    744
  1076    744
  1050    745
  1051    745
  1052    745
  1054    745
  1064    745
  1065    745
  1066    745
  1067    745
  1068    745
  1069    745
  1070    745
  1071    745
  1072    745
  1073    745
  1045    746
  1046    746
  1047    746
  1048    746
  1049    746
  1050    746
  1051    746
  1053    746
  1054    746
  1055    746
  1060    746
  1061    746
  1062    746
  1063    746
  1064    746
  1065    746
  1066    746
  1067    746
  1068    746
  1069    746
  1075    746
  1076    746
  1077    746
  1078    746
  1079    746
  1041    747
  1042    747
  1043    747
  1044    747
  1045    747
  1046    747
  1047    747
  1048    747
  1049    747
  1050    747
  1051    747
  1057    747
  1058    747
  1059    747
  1060    747
  1062    747
  1063    747
  1064    747
  1065    747
  1066    747
  1071    747
  1072    747
  1073    747
  1074    747
  1075    747
  1079    747
  1080    747
  1081    747
  1038    748
  1039    748
  1040    748
  1041    748
  1043    748
  1044    748
  1045    748
  1046    748
  1047    748
  1054    748
  1055    748
  1056    748
  1057    748
  1058    748
  1059    748
  1060    748
  1061    748
  1062    748
  1068    748
  1069    748
  1070    748
  1071    748
  1072    748
  1073    748
  1075    748
  1076    748
  1077    748
  1078    748
  1034    749
  1035    749
  1036    749
  1037    749
  1038    749
  1039    749
  1040    749
  1041    749
  1042    749
  1043    749
  1051    749
  1052    749
  1053    749
  1054    749
  1055    749
  1056    749
  1057    749
  1058    749
  1059    749
  1060    749
  1065    749
  1066    749
  1067    749
  1068    749
  1072    749
  1073    749
  1074    749
  1030    750
  1031    750
  1032    750
  1033    750
  1034    750
  1035    750
  1036    750
  1037    750
  1038    750
  1039    750
  1040    750
  1047    750
  1048    750
  1049    750
  1050    750
  1051    750
  1052    750
  1053    750
  1054    750
  1055    750
  1056    750
  1062    750
  1063    750
  1064    750
  1065    750
  1066    750
  1070    750
  1071    750
  1027    751
  1028    751
  1029    751
  1030    751
  1031    751
  1032    751
  1033    751
  1034    751
  1035    751
  1036    751
  1037    751
  1044    751
  1045    751
  1046    751
  1047    751
  1048    751
  1049    751
  1050    751
  1051    751
  1052    751
  1053    751
  1059    751
  1060    751
  1061    751
  1062    751
  1063    751
  1064    751
  1065    751
  1066    751
  1067    751
  1068    751
  1023    752
  1024    752
  1025    752
  1026    752
  1027    752
  1028    752
  1031    752
  1032    752
  1033    752
  1041    752
  1042    752
  1043    752
  1044    752
  1047    752
  1048    752
  1049    752
  1050    752
  1056    752
  1057    752
  1058    752
  1059    752
  1060    752
  1061    752
  1062    752
  1064    752
  1065    752
  1066    752
  1020    753
  1021    753
  1022    753
  1023    753
  1024    753
  1025    753
  1026    753
  1027    753
  1028    753
  1029    753
  1030    753
  1031    753
  1038    753
  1039    753
  1040    753
  1041    753
  1045    753
  1046    753
  1047    753
  1053    753
  1054    753
  1055    753
  1056    753
  1057    753
  1058    753
  1059    753
  1060    753
  1061    753
  1062    753
  1063    753
  1017    754
  1018    754
  1019    754
  1020    754
  1021    754
  1022    754
  1023    754
  1024    754
  1025    754
  1026    754
  1027    754
  1035    754
  1036    754
  1037    754
  1038    754
  1050    754
  1051    754
  1052    754
  1053    754
  1054    754
  1057    754
  1058    754
  1059    754
  1060    754
  1020    755
  1021    755
  1022    755
  1023    755
  1024    755
  1025    755
  1032    755
  1033    755
  1034    755
  1035    755
  1049    755
  1051    755
  1052    755
  1055    755
  1056    755
  1057    755
  1016    756
  1017    756
  1018    756
  1019    756
  1020    756
  1021    756
  1029    756
  1030    756
  1031    756
  1032    756
  1037    756
  1038    756
  1053    756
  1054    756
  1055    756
  1026    757
  1027    757
  1028    757
  1029    757
  1033    757
  1034    757
  1035    757
  1024    758
  1025    758
  1026    758
  1030    758
  1031    758
  1032    758
  1033    758
  1021    759
  1022    759
  1023    759
  1028    759
  1029    759
  1030    759
  1000    760
  1001    760
  1002    760
  1019    760
  1020    760
  1025    760
  1026    760
  1027    760
   996    761
   997    761
   998    761
   999    761
  1000    761
  1016    761
  1017    761
  1018    761
  1023    761
  1024    761
  1025    761
  1033    761
  1034    761
  1035    761
  1036    761
  1037    761
  1038    761
   985    762
   986    762
   987    762
   993    762
   994    762
   995    762
   996    762
   997    762
   998    762
   999    762
  1003    762
  1013    762
  1014    762
  1015    762
  1020    762
  1021    762
  1022    762
  1023    762
  1030    762
  1031    762
  1032    762
  1033    762
  1034    762
  1035    762
  1036    762
  1037    762
   983    763
   984    763
   985    763
   986    763
   991    763
   992    763
   993    763
   994    763
   995    763
   996    763
   997    763
   998    763
   999    763
  1000    763
  1001    763
  1002    763
  1011    763
  1012    763
  1013    763
  1017    763
  1018    763
  1019    763
  1020    763
  1028    763
  1029    763
  1030    763
  1031    763
  1032    763
  1033    763
  1034    763
  1035    763
  1036    763
  1037    763
  1038    763
  1039    763
   989    764
   990    764
   991    764
   992    764
   993    764
   994    764
   995    764
   996    764
   997    764
   998    764
   999    764
  1009    764
  1010    764
  1015    764
  1016    764
  1017    764
  1026    764
  1027    764
  1028    764
  1029    764
  1030    764
  1031    764
  1032    764
  1033    764
  1034    764
  1035    764
  1036    764
   979    765
   980    765
   981    765
   986    765
   987    765
   988    765
   989    765
   990    765
   991    765
   992    765
   993    765
   994    765
   995    765
   996    765
  1006    765
  1007    765
  1008    765
  1009    765
  1012    765
  1013    765
  1014    765
  1015    765
  1023    765
  1024    765
  1025    765
  1026    765
  1027    765
  1028    765
  1029    765
  1030    765
  1031    765
  1032    765
  1033    765
  1034    765
   984    766
   985    766
   986    766
   987    766
   988    766
   989    766
   990    766
   991    766
   992    766
   993    766
   994    766
  1004    766
  1005    766
  1006    766
  1007    766
  1008    766
  1010    766
  1011    766
  1012    766
  1013    766
  1022    766
  1023    766
  1024    766
  1025    766
  1026    766
  1027    766
  1028    766
  1029    766
  1030    766
  1031    766
  1032    766
   981    767
   982    767
   983    767
   984    767
   985    767
   986    767
   987    767
   988    767
   989    767
   990    767
   991    767
   992    767
  1002    767
  1003    767
  1004    767
  1005    767
  1006    767
  1007    767
  1019    767
  1020    767
  1021    767
  1022    767
  1023    767
  1024    767
  1025    767
  1026    767
  1027    767
  1028    767
  1029    767
  1030    767
   979    768
   980    768
   981    768
   982    768
   983    768
   984    768
   985    768
   986    768
   987    768
   988    768
   989    768
  1000    768
  1001    768
  1002    768
  1017    768
  1018    768
  1019    768
  1020    768
  1021    768
  1022    768
  1023    768
  1024    768
  1025    768
  1026    768
  1027    768
  1028    768
   977    769
   978    769
   979    769
   980    769
   981    769
   982    769
   983    769
   984    769
   985    769
   986    769
   987    769
   997    769
   998    769
   999    769
  1000    769
  1001    769
  1002    769
  1003    769
  1016    769
  1017    769
  1018    769
  1019    769
  1020    769
  1021    769
  1022    769
  1023    769
  1024    769
  1025    769
  1026    769
   974    770
   975    770
   976    770
   977    770
   978    770
   979    770
   980    770
   981    770
   982    770
   983    770
   984    770
   985    770
   995    770
   996    770
   997    770
   998    770
   999    770
  1000    770
  1001    770
  1002    770
  1015    770
  1016    770
  1017    770
  1018    770
  1019    770
  1020    770
  1021    770
  1022    770
  1023    770
  1024    770
  1025    770
   972    771
   973    771
   974    771
   975    771
   976    771
   977    771
   978    771
   979    771
   980    771
   981    771
   982    771
   983    771
   984    771
   993    771
   994    771
   995    771
   996    771
   997    771
   998    771
   999    771
  1000    771
  1001    771
  1002    771
  1003    771
  1013    771
  1014    771
  1015    771
  1016    771
  1017    771
  1018    771
  1019    771
  1020    771
  1021    771
  1022    771
  1023    771
   970    772
   971    772
   972    772
   973    772
   974    772
   975    772
   976    772
   977    772
   978    772
   979    772
   980    772
   981    772
   982    772
   992    772
   993    772
   994    772
   995    772
   996    772
   997    772
   998    772
  1000    772
  1001    772
  1011    772
  1012    772
  1013    772
  1014    772
  1015    772
  1016    772
  1017    772
  1018    772
  1019    772
  1020    772
   969    773
   970    773
   971    773
   972    773
   973    773
   974    773
   975    773
   976    773
   977    773
   978    773
   979    773
   980    773
   989    773
   990    773
   991    773
   992    773
   993    773
   994    773
   995    773
   996    773
   997    773
  1010    773
  1011    773
  1012    773
  1013    773
  1014    773
  1015    773
  1016    773
  1017    773
  1018    773
   967    774
   968    774
   969    774
   970    774
   971    774
   972    774
   973    774
   974    774
   975    774
   976    774
   977    774
   978    774
   988    774
   989    774
   990    774
   991    774
   992    774
   993    774
   994    774
   995    774
  1008    774
  1009    774
  1010    774
  1011    774
  1012    774
  1013    774
  1014    774
  1015    774
  1016    774
  1017    774
  1018    774
   971    775
   972    775
   973    775
   974    775
   975    775
   976    775
   977    775
   985    775
   986    775
   987    775
   988    775
   989    775
   990    775
   991    775
   992    775
   993    775
   994    775
   995    775
  1010    775
  1011    775
  1012    775
  1013    775
  1014    775
  1015    775
  1016    775
  1017    775
   969    776
   970    776
   971    776
   972    776
   973    776
   974    776
   984    776
   985    776
   986    776
   987    776
   988    776
   989    776
   990    776
   991    776
   992    776
  1015    776
  1016    776
   983    777
   984    777
   985    777
   986    777
   987    777
   988    777
   989    777
   990    777
   981    778
   982    778
   983    778
   984    778
   985    778
   986    778
   987    778
   988    778
   989    778
   980    779
   981    779
   982    779
   983    779
   984    779
   985    779
   986    779
   987    779
   988    779
   978    780
   979    780
   980    780
   981    780
   982    780
   983    780
   984    780
   985    780
   986    780
   977    781
   978    781
   979    781
   980    781
   981    781
   982    781
   983    781
   984    781
   985    781
   975    782
   976    782
   977    782
   978    782
   979    782
   980    782
   981    782
   982    782
   983    782
   984    782
   985    782
   974    783
   975    783
   976    783
   977    783
   978    783
   979    783
   980    783
   981    783
   982    783
   983    783
   984    783
   985    783
   973    784
   974    784
   975    784
   976    784
   977    784
   978    784
   979    784
   980    784
   981    784
   982    784
   983    784
   995    784
   996    784
   997    784
   998    784
   999    784
  1000    784
  1001    784
  1002    784
  1003    784
  1004    784
   972    785
   973    785
   974    785
   975    785
   976    785
   977    785
   978    785
   979    785
   980    785
   981    785
   982    785
   994    785
   995    785
   996    785
   997    785
   998    785
   999    785
  1000    785
  1001    785
  1002    785
  1003    785
  1004    785
   972    786
   973    786
   974    786
   975    786
   976    786
   977    786
   978    786
   979    786
   980    786
   981    786
   982    786
   992    786
   993    786
   994    786
   995    786
   996    786
   997    786
   998    786
   999    786
  1000    786
  1001    786
  1002    786
  1003    786
  1004    786
   971    787
   972    787
   973    787
   974    787
   975    787
   976    787
   977    787
   978    787
   979    787
   980    787
   981    787
   991    787
   992    787
   993    787
   994    787
   995    787
   996    787
   997    787
   998    787
   999    787
  1000    787
  1001    787
  1002    787
  1003    787
  1004    787
   970    788
   971    788
   972    788
   973    788
   974    788
   975    788
   976    788
   977    788
   978    788
   979    788
   980    788
   990    788
   991    788
   992    788
   993    788
   994    788
   995    788
   996    788
   997    788
   998    788
   999    788
  1000    788
  1001    788
  1002    788
  1003    788
  1004    788
   969    789
   970    789
   971    789
   972    789
   973    789
   974    789
   975    789
   976    789
   977    789
   978    789
   979    789
   989    789
   990    789
   991    789
   992    789
   993    789
   994    789
   995    789
   996    789
   997    789
   998    789
   999    789
  1000    789
  1001    789
  1002    789
  1003    789
   967    790
   968    790
   969    790
   970    790
   971    790
   972    790
   973    790
   974    790
   975    790
   976    790
   977    790
   978    790
   989    790
   990    790
   991    790
   992    790
   993    790
   994    790
   995    790
   996    790
   997    790
   998    790
   999    790
  1000    790
  1001    790
  1002    790
   966    791
   967    791
   968    791
   969    791
   970    791
   971    791
   972    791
   973    791
   974    791
   975    791
   976    791
   988    791
   989    791
   990    791
   991    791
   992    791
   993    791
   994    791
   995    791
   996    791
   997    791
   998    791
   999    791
  1000    791
  1001    791
  1002    791
   966    792
   967    792
   968    792
   969    792
   970    792
   971    792
   972    792
   973    792
   974    792
   975    792
   976    792
   988    792
   989    792
   990    792
   991    792
   992    792
   993    792
   994    792
   995    792
   996    792
   997    792
   998    792
   999    792
  1000    792
  1001    792
