  1281    712
  1282    712
  1283    712
  1284    712
  1285    712
  1275    713
  1276    713
  1277    713
  1278    713
  1254    714
  1255    714
  1256    714
  1257    714
  1258    714
  1269    714
  1270    714
  1271    714
  1272    714
  1273    714
  1274    714
  1275    714
  1247    715
  1248    715
  1249    715
  1250    715
  1251    715
  1252    715
  1253    715
  1254    715
  1255    715
  1256    715
  1257    715
  1261    715
  1262    715
  1263    715
  1264    715
  1230    716
  1231    716
  1232    716
  1233    716
  1234    716
  1235    716
  1236    716
  1237    716
  1238    716
  1239    716
  1240    716
  1241    716
  1247    716
  1248    716
  1249    716
  1250    716
  1251    716
  1252    716
  1253    716
  1258    716
  1259    716
  1260    716
  1261    716
  1262    716
  1273    716
  1213    717
  1214    717
  1215    717
  1216    717
  1217    717
  1218    717
  1219    717
  1220    717
  1221    717
  1225    717
  1226    717
  1227    717
  1228    717
  1229    717
  1230    717
  1231    717
  1232    717
  1233    717
  1234    717
  1235    717
  1236    717
  1237    717
  1238    717
  1247    717
  1248    717
  1249    717
  1250    717
  1251    717
  1252    717
  1202    718
  1203    718
  1204    718
  1210    718
  1211    718
  1212    718
  1213    718
  1214    718
  1215    718
  1216    718
  1217    718
  1218    718
  1219    718
  1220    718
  1221    718
  1222    718
  1223    718
  1224    718
  1225    718
  1226    718
  1227    718
  1228    718
  1229    718
  1230    718
  1231    718
  1232    718
  1233    718
  1234    718
  1235    718
  1236    718
  1237    718
  1238    718
  1243    718
  1244    718
  1245    718
  1246    718
  1247    718
  1248    718
  1195    719
  1196    719
  1197    719
  1198    719
  1199    719
  1200    719
  1201    719
  1202    719
  1203    719
  1228    719
  1229    719
  1230    719
  1231    719
  1232    719
  1233    719
  1234    719
  1235    719
  1236    719
  1177    720
  1178    720
  1179    720
  1180    720
  1183    720
  1184    720
  1185    720
  1186    720
  1187    720
  1188    720
  1189    720
  1190    720
  1191    720
  1192    720
  1193    720
  1194    720
  1195    720
  1196    720
  1197    720
  1198    720
  1209    720
  1210    720
  1211    720
  1212    720
  1213    720
  1214    720
  1215    720
  1216    720
  1219    720
  1220    720
  1221    720
  1222    720
  1223    720
  1224    720
  1225    720
  1226    720
  1227    720
  1228    720
  1233    720
  1234    720
  1151    721
  1154    721
  1155    721
  1156    721
  1157    721
  1158    721
  1159    721
  1160    721
  1161    721
  1162    721
  1176    721
  1177    721
  1178    721
  1179    721
  1180    721
  1181    721
  1182    721
  1183    721
  1184    721
  1200    721
  1201    721
  1202    721
  1203    721
  1204    721
  1205    721
  1206    721
  1207    721
  1208    721
  1209    721
  1210    721
  1211    721
  1212    721
  1213    721
  1214    721
  1215    721
  1216    721
  1217    721
  1218    721
  1219    721
  1228    721
  1229    721
  1230    721
  1231    721
  1167    722
  1168    722
  1190    722
  1191    722
  1192    722
  1193    722
  1194    722
  1195    722
  1196    722
  1197    722
  1198    722
  1199    722
  1200    722
  1201    722
  1202    722
  1203    722
  1204    722
  1205    722
  1206    722
  1207    722
  1208    722
  1209    722
  1210    722
  1211    722
  1212    722
  1213    722
  1214    722
  1215    722
  1217    722
  1218    722
  1219    722
  1220    722
  1221    722
  1222    722
  1150    723
  1151    723
  1152    723
  1153    723
  1154    723
  1181    723
  1182    723
  1183    723
  1184    723
  1192    723
  1193    723
  1194    723
  1195    723
  1196    723
  1197    723
  1198    723
  1199    723
  1200    723
  1201    723
  1202    723
  1203    723
  1204    723
  1205    723
  1206    723
  1207    723
  1208    723
  1213    723
  1214    723
  1215    723
  1216    723
  1174    724
  1175    724
  1176    724
  1177    724
  1178    724
  1179    724
  1180    724
  1181    724
  1182    724
  1183    724
  1195    724
  1196    724
  1197    724
  1198    724
  1199    724
  1200    724
  1205    724
  1206    724
  1207    724
  1175    725
  1176    725
  1177    725
  1178    725
  1179    725
  1180    725
  1181    725
  1182    725
  1183    725
  1194    725
  1195    725
  1196    725
  1197    725
  1198    725
  1199    725
  1200    725
  1158    726
  1159    726
  1160    726
  1161    726
  1162    726
  1170    726
  1171    726
  1172    726
  1173    726
  1174    726
  1175    726
  1176    726
  1177    726
  1178    726
  1179    726
  1152    727
  1153    727
  1154    727
  1155    727
  1156    727
  1157    727
  1158    727
  1159    727
  1160    727
  1161    727
  1162    727
  1164    727
  1165    727
  1168    727
  1169    727
  1170    727
  1171    727
  1172    727
  1173    727
  1174    727
  1175    727
  1176    727
  1177    727
  1178    727
  1179    727
  1180    727
  1181    727
  1182    727
  1183    727
  1145    728
  1146    728
  1147    728
  1148    728
  1149    728
  1150    728
  1151    728
  1152    728
  1153    728
  1154    728
  1155    728
  1156    728
  1158    728
  1159    728
  1160    728
  1161    728
  1162    728
  1163    728
  1164    728
  1165    728
  1166    728
  1167    728
  1168    728
  1172    728
  1173    728
  1174    728
  1178    728
  1179    728
  1180    728
  1181    728
  1182    728
  1137    729
  1138    729
  1139    729
  1140    729
  1141    729
  1142    729
  1143    729
  1144    729
  1145    729
  1146    729
  1147    729
  1150    729
  1151    729
  1152    729
  1153    729
  1154    729
  1155    729
  1156    729
  1157    729
  1158    729
  1159    729
  1164    729
  1165    729
  1166    729
  1167    729
  1172    729
  1173    729
  1174    729
  1132    730
  1133    730
  1134    730
  1135    730
  1139    730
  1140    730
  1141    730
  1146    730
  1147    730
  1148    730
  1149    730
  1150    730
  1151    730
  1152    730
  1153    730
  1158    730
  1159    730
  1160    730
  1161    730
  1166    730
  1167    730
  1168    730
  1126    731
  1127    731
  1128    731
  1129    731
  1130    731
  1131    731
  1132    731
  1133    731
  1134    731
  1135    731
  1136    731
  1141    731
  1142    731
  1146    731
  1147    731
  1148    731
  1153    731
  1154    731
  1155    731
  1160    731
  1161    731
  1118    732
  1119    732
  1120    732
  1121    732
  1122    732
  1123    732
  1124    732
  1125    732
  1126    732
  1127    732
  1128    732
  1129    732
  1130    732
  1135    732
  1136    732
  1137    732
  1148    732
  1149    732
  1150    732
  1155    732
  1156    732
  1118    733
  1119    733
  1120    733
  1121    733
  1122    733
  1128    733
  1129    733
  1130    733
  1131    733
  1132    733
  1133    733
  1135    733
  1136    733
  1137    733
  1148    733
  1149    733
  1150    733
  1123    734
  1124    734
  1125    734
  1126    734
  1127    734
  1128    734
  1129    734
  1130    734
  1131    734
  1118    735
  1119    735
  1120    735
  1121    735
  1122    735
  1123    735
  1124    735
  1125    735
  1126    735
  1099    736
  1100    736
  1101    736
  1102    736
  1106    736
  1107    736
  1108    736
  1113    736
  1114    736
  1115    736
  1116    736
  1117    736
  1118    736
  1119    736
  1120    736
  1121    736
  1122    736
  1128    736
  1129    736
  1130    736
  1094    737
  1095    737
  1096    737
  1097    737
  1098    737
  1099    737
  1100    737
  1101    737
  1102    737
  1103    737
  1108    737
  1109    737
  1110    737
  1111    737
  1112    737
  1113    737
  1114    737
  1115    737
  1116    737
  1117    737
  1122    737
  1123    737
  1124    737
  1125    737
  1130    737
  1131    737
  1090    738
  1091    738
  1092    738
  1093    738
  1094    738
  1095    738
  1096    738
  1097    738
  1098    738
  1104    738
  1105    738
  1106    738
  1107    738
  1108    738
  1109    738
  1110    738
  1111    738
  1118    738
  1119    738
  1120    738
  1121    738
  1122    738
  1123    738
  1124    738
  1125    738
  1126    738
  1086    739
  1087    739
  1088    739
  1089    739
  1090    739
  1091    739
  1092    739
  1093    739
  1094    739
  1095    739
  1100    739
  1101    739
  1102    739
  1103    739
  1104    739
  1105    739
  1106    739
  1107    739
  1108    739
  1114    739
  1115    739
  1116    739
  1117    739
  1118    739
  1119    739
  1120    739
  1121    739
  1122    739
  1123    739
  1081    740
  1082    740
  1083    740
  1084    740
  1085    740
  1086    740
  1087    740
  1088    740
  1089    740
  1090    740
  1091    740
  1096    740
  1097    740
  1098    740
  1099    740
  1100    740
  1101    740
  1102    740
  1103    740
  1104    740
  1109    740
  1110    740
  1111    740
  1112    740
  1113    740
  1116    740
  1117    740
  1118    740
  1119    740
  1077    741
  1078    741
  1079    741
  1080    741
  1081    741
  1082    741
  1083    741
  1084    741
  1085    741
  1086    741
  1087    741
  1092    741
  1093    741
  1094    741
  1095    741
  1096    741
  1097    741
  1098    741
  1099    741
  1100    741
  1106    741
  1107    741
  1108    741
  1109    741
  1110    741
  1113    741
  1114    741
  1115    741
  1073    742
  1074    742
  1075    742
  1076    742
  1077    742
  1078    742
  1079    742
  1080    742
  1081    742
  1082    742
  1088    742
  1089    742
  1090    742
  1091    742
  1094    742
  1095    742
  1096    742
  1103    742
  1104    742
  1105    742
  1106    742
  1110    742
  1111    742
  1112    742
  1068    743
  1069    743
  1070    743
  1071    743
  1072    743
  1073    743
  1074    743
  1075    743
  1076    743
  1077    743
  1078    743
  1079    743
  1084    743
  1085    743
  1086    743
  1087    743
  1088    743
  1091    743
  1092    743
  1099    743
  1100    743
  1101    743
  1102    743
  1103    743
  1107    743
  1108    743
  1069    744
  1070    744
  1071    744
  1072    744
  1073    744
  1074    744
  1075    744
  1081    744
  1082    744
  1083    744
  1084    744
  1085    744
  1086    744
  1087    744
  1088    744
  1089    744
  1102    744
  1103    744
  1104    744
  1078    745
  1079    745
  1080    745
  1081    745
  1082    745
  1083    745
  1084    745
  1085    745
  1086    745
  1074    746
  1075    746
  1076    746
  1077    746
  1078    746
  1079    746
  1080    746
  1081    746
  1082    746
  1070    747
  1071    747
  1072    747
  1073    747
  1074    747
  1075    747
  1076    747
  1077    747
  1078    747
  1079    747
  1051    748
  1052    748
  1053    748
  1054    748
  1055    748
  1058    748
  1059    748
  1060    748
  1067    748
  1068    748
  1069    748
  1071    748
  1072    748
  1073    748
  1074    748
  1075    748
  1081    748
  1082    748
  1083    748
  1084    748
  1085    748
  1086    748
  1047    749
  1048    749
  1049    749
  1050    749
  1051    749
  1053    749
  1054    749
  1055    749
  1056    749
  1057    749
  1064    749
  1065    749
  1066    749
  1067    749
  1068    749
  1069    749
  1070    749
  1071    749
  1072    749
  1078    749
  1079    749
  1080    749
  1081    749
  1082    749
  1043    750
  1044    750
  1045    750
  1046    750
  1047    750
  1048    750
  1049    750
  1050    750
  1051    750
  1052    750
  1053    750
  1054    750
  1060    750
  1061    750
  1062    750
  1063    750
  1064    750
  1065    750
  1066    750
  1067    750
  1068    750
  1069    750
  1075    750
  1076    750
  1077    750
  1078    750
  1079    750
  1080    750
  1083    750
  1084    750
  1085    750
  1040    751
  1041    751
  1042    751
  1043    751
  1044    751
  1045    751
  1046    751
  1047    751
  1048    751
  1049    751
  1050    751
  1051    751
  1057    751
  1058    751
  1059    751
  1060    751
  1061    751
  1062    751
  1063    751
  1064    751
  1065    751
  1066    751
  1072    751
  1073    751
  1074    751
  1075    751
  1076    751
  1079    751
  1080    751
  1081    751
  1037    752
  1038    752
  1039    752
  1040    752
  1042    752
  1043    752
  1044    752
  1045    752
  1046    752
  1047    752
  1054    752
  1055    752
  1056    752
  1057    752
  1058    752
  1059    752
  1060    752
  1061    752
  1062    752
  1063    752
  1069    752
  1070    752
  1071    752
  1072    752
  1077    752
  1078    752
  1079    752
  1033    753
  1034    753
  1035    753
  1036    753
  1037    753
  1038    753
  1039    753
  1040    753
  1041    753
  1042    753
  1043    753
  1050    753
  1051    753
  1052    753
  1053    753
  1054    753
  1055    753
  1056    753
  1057    753
  1058    753
  1059    753
  1060    753
  1061    753
  1066    753
  1067    753
  1068    753
  1069    753
  1070    753
  1073    753
  1074    753
  1075    753
  1076    753
  1031    754
  1032    754
  1033    754
  1034    754
  1035    754
  1036    754
  1037    754
  1038    754
  1039    754
  1040    754
  1048    754
  1049    754
  1054    754
  1055    754
  1056    754
  1057    754
  1064    754
  1065    754
  1066    754
  1067    754
  1071    754
  1072    754
  1073    754
  1027    755
  1028    755
  1029    755
  1030    755
  1031    755
  1032    755
  1033    755
  1034    755
  1035    755
  1036    755
  1037    755
  1045    755
  1046    755
  1047    755
  1048    755
  1053    755
  1054    755
  1061    755
  1062    755
  1063    755
  1064    755
  1065    755
  1069    755
  1070    755
  1023    756
  1024    756
  1025    756
  1026    756
  1027    756
  1028    756
  1029    756
  1030    756
  1031    756
  1032    756
  1033    756
  1034    756
  1035    756
  1042    756
  1043    756
  1044    756
  1045    756
  1046    756
  1051    756
  1058    756
  1059    756
  1060    756
  1061    756
  1062    756
  1063    756
  1066    756
  1067    756
  1068    756
  1021    757
  1022    757
  1023    757
  1024    757
  1025    757
  1026    757
  1027    757
  1028    757
  1029    757
  1030    757
  1031    757
  1039    757
  1040    757
  1041    757
  1042    757
  1043    757
  1044    757
  1045    757
  1046    757
  1048    757
  1055    757
  1056    757
  1057    757
  1058    757
  1059    757
  1060    757
  1064    757
  1065    757
  1024    758
  1025    758
  1026    758
  1027    758
  1028    758
  1029    758
  1036    758
  1037    758
  1038    758
  1039    758
  1040    758
  1041    758
  1042    758
  1043    758
  1044    758
  1045    758
  1061    758
  1062    758
  1022    759
  1023    759
  1024    759
  1025    759
  1034    759
  1035    759
  1036    759
  1037    759
  1038    759
  1040    759
  1041    759
  1042    759
  1043    759
  1059    759
  1060    759
  1031    760
  1032    760
  1033    760
  1034    760
  1035    760
  1036    760
  1037    760
  1038    760
  1039    760
  1040    760
  1041    760
  1029    761
  1030    761
  1031    761
  1032    761
  1033    761
  1034    761
  1035    761
  1036    761
  1037    761
  1038    761
  1026    762
  1027    762
  1028    762
  1029    762
  1030    762
  1032    762
  1033    762
  1034    762
  1035    762
  1036    762
  1024    763
  1025    763
  1026    763
  1027    763
  1028    763
  1030    763
  1031    763
  1032    763
  1033    763
  1001    764
  1002    764
  1003    764
  1004    764
  1022    764
  1023    764
  1028    764
  1029    764
  1030    764
  1039    764
  1040    764
  1041    764
  1042    764
  1043    764
  1044    764
   998    765
   999    765
  1000    765
  1001    765
  1002    765
  1003    765
  1018    765
  1019    765
  1020    765
  1021    765
  1026    765
  1027    765
  1028    765
  1036    765
  1037    765
  1038    765
  1039    765
  1040    765
   996    766
   997    766
   998    766
   999    766
  1000    766
  1001    766
  1002    766
  1003    766
  1004    766
  1016    766
  1017    766
  1018    766
  1019    766
  1020    766
  1025    766
  1026    766
  1034    766
  1035    766
  1036    766
  1037    766
  1038    766
  1039    766
  1040    766
  1041    766
  1042    766
  1043    766
  1044    766
   993    767
   994    767
   995    767
   996    767
   997    767
   998    767
   999    767
  1000    767
  1001    767
  1002    767
  1003    767
  1004    767
  1005    767
  1014    767
  1015    767
  1016    767
  1017    767
  1018    767
  1019    767
  1020    767
  1021    767
  1022    767
  1023    767
  1032    767
  1033    767
  1034    767
  1035    767
  1036    767
  1037    767
  1038    767
  1039    767
  1040    767
  1041    767
  1042    767
   991    768
   992    768
   993    768
   994    768
   995    768
   996    768
   997    768
  1000    768
  1001    768
  1012    768
  1013    768
  1014    768
  1015    768
  1016    768
  1017    768
  1018    768
  1019    768
  1020    768
  1021    768
  1030    768
  1031    768
  1032    768
  1033    768
  1034    768
  1035    768
  1036    768
  1037    768
  1038    768
  1039    768
  1040    768
  1041    768
   989    769
   990    769
   991    769
   992    769
   993    769
   994    769
   995    769
   996    769
  1009    769
  1010    769
  1011    769
  1012    769
  1013    769
  1014    769
  1015    769
  1016    769
  1017    769
  1018    769
  1027    769
  1028    769
  1029    769
  1030    769
  1031    769
  1032    769
  1033    769
  1034    769
  1035    769
  1036    769
  1037    769
  1038    769
  1039    769
   987    770
   988    770
   989    770
   990    770
   991    770
   992    770
   993    770
   994    770
  1008    770
  1009    770
  1010    770
  1011    770
  1012    770
  1015    770
  1016    770
  1026    770
  1027    770
  1028    770
  1029    770
  1030    770
  1031    770
  1032    770
  1033    770
  1034    770
  1035    770
  1036    770
  1037    770
   984    771
   985    771
   986    771
   987    771
   988    771
   989    771
   990    771
   991    771
   992    771
   993    771
   994    771
   995    771
  1005    771
  1006    771
  1007    771
  1008    771
  1009    771
  1024    771
  1025    771
  1026    771
  1027    771
  1028    771
  1029    771
  1030    771
  1031    771
  1032    771
  1033    771
  1034    771
  1035    771
   982    772
   983    772
   984    772
   985    772
   986    772
   987    772
   988    772
   989    772
   990    772
   991    772
   992    772
   993    772
  1004    772
  1005    772
  1006    772
  1007    772
  1008    772
  1009    772
  1022    772
  1023    772
  1024    772
  1025    772
  1026    772
  1027    772
  1028    772
  1029    772
  1030    772
  1031    772
  1032    772
  1033    772
  1034    772
   980    773
   981    773
   982    773
   983    773
   984    773
   985    773
   986    773
   987    773
   988    773
   989    773
   990    773
   991    773
  1002    773
  1003    773
  1004    773
  1005    773
  1006    773
  1007    773
  1008    773
  1021    773
  1022    773
  1023    773
  1024    773
  1025    773
  1026    773
  1027    773
  1028    773
  1029    773
  1030    773
  1031    773
  1032    773
   978    774
   979    774
   980    774
   981    774
   982    774
   983    774
   984    774
   985    774
   986    774
   987    774
   988    774
   989    774
  1000    774
  1001    774
  1002    774
  1003    774
  1004    774
  1005    774
  1006    774
  1007    774
  1008    774
  1019    774
  1020    774
  1021    774
  1022    774
  1023    774
  1024    774
  1025    774
  1026    774
  1027    774
  1028    774
  1029    774
  1030    774
   976    775
   977    775
   978    775
   979    775
   980    775
   981    775
   982    775
   983    775
   984    775
   985    775
   986    775
   987    775
   988    775
   998    775
   999    775
  1000    775
  1001    775
  1002    775
  1003    775
  1004    775
  1006    775
  1007    775
  1017    775
  1018    775
  1019    775
  1020    775
  1021    775
  1022    775
  1023    775
  1024    775
  1025    775
  1026    775
  1027    775
  1028    775
  1029    775
   975    776
   976    776
   977    776
   978    776
   979    776
   980    776
   981    776
   982    776
   983    776
   984    776
   985    776
   986    776
   995    776
   996    776
   997    776
   998    776
   999    776
  1000    776
  1001    776
  1002    776
  1003    776
  1017    776
  1018    776
  1019    776
  1020    776
  1021    776
  1022    776
  1023    776
  1024    776
  1025    776
  1026    776
  1027    776
   972    777
   973    777
   974    777
   975    777
   976    777
   977    777
   978    777
   979    777
   980    777
   981    777
   982    777
   983    777
   984    777
   993    777
   994    777
   995    777
   996    777
   997    777
   998    777
   999    777
  1000    777
  1001    777
  1015    777
  1016    777
  1017    777
  1018    777
  1019    777
  1020    777
  1021    777
  1022    777
  1023    777
  1024    777
  1025    777
   971    778
   972    778
   973    778
   974    778
   975    778
   976    778
   977    778
   978    778
   979    778
   980    778
   981    778
   982    778
   992    778
   993    778
   994    778
   995    778
   996    778
   997    778
   998    778
   999    778
  1000    778
  1014    778
  1015    778
  1016    778
  1017    778
  1018    778
  1019    778
  1020    778
  1021    778
  1022    778
  1023    778
  1024    778
   970    779
   971    779
   972    779
   973    779
   974    779
   975    779
   976    779
   977    779
   978    779
   979    779
   980    779
   981    779
   990    779
   991    779
   992    779
   993    779
   994    779
   995    779
   996    779
   997    779
   998    779
  1014    779
  1015    779
  1016    779
  1017    779
  1018    779
  1019    779
  1020    779
  1021    779
  1022    779
   971    780
   972    780
   973    780
   974    780
   975    780
   976    780
   977    780
   978    780
   979    780
   989    780
   990    780
   991    780
   992    780
   993    780
   994    780
   995    780
   996    780
   997    780
   987    781
   988    781
   989    781
   990    781
   991    781
   992    781
   993    781
   994    781
   995    781
   996    781
   997    781
   998    781
   986    782
   987    782
   988    782
   989    782
   990    782
   991    782
   992    782
   993    782
   994    782
   995    782
   996    782
   985    783
   986    783
   987    783
   988    783
   989    783
   990    783
   991    783
   992    783
   993    783
   994    783
   995    783
   983    784
   984    784
   985    784
   986    784
   987    784
   988    784
   989    784
   990    784
   991    784
   992    784
   993    784
   982    785
   983    785
   984    785
   985    785
   986    785
   987    785
   988    785
   989    785
   990    785
   991    785
   992    785
   981    786
   982    786
   983    786
   984    786
   985    786
   986    786
   987    786
   988    786
   989    786
   990    786
   991    786
   980    787
   981    787
   982    787
   983    787
   984    787
   985    787
   986    787
   987    787
   988    787
   989    787
   990    787
   979    788
   980    788
   981    788
   982    788
   983    788
   984    788
   985    788
   986    788
   987    788
   988    788
   989    788
   977    789
   978    789
   979    789
   980    789
   981    789
   982    789
   983    789
   984    789
   985    789
   986    789
   987    789
   976    790
   977    790
   978    790
   979    790
   980    790
   981    790
   982    790
   983    790
   984    790
   985    790
   986    790
   975    791
   976    791
   977    791
   978    791
   979    791
   980    791
   981    791
   982    791
   983    791
   984    791
   985    791
   975    792
   976    792
   977    792
   978    792
   979    792
   980    792
   981    792
   982    792
   983    792
   984    792
   985    792
