  1249    714
  1250    714
  1251    714
  1252    714
  1239    715
  1240    715
  1241    715
  1242    715
  1243    715
  1244    715
  1245    715
  1246    715
  1247    715
  1248    715
  1249    715
  1250    715
  1251    715
  1252    715
  1222    716
  1223    716
  1224    716
  1225    716
  1226    716
  1227    716
  1228    716
  1229    716
  1230    716
  1231    716
  1232    716
  1233    716
  1234    716
  1235    716
  1236    716
  1237    716
  1238    716
  1242    716
  1243    716
  1244    716
  1245    716
  1246    716
  1247    716
  1248    716
  1249    716
  1250    716
  1251    716
  1252    716
  1204    717
  1205    717
  1206    717
  1223    717
  1224    717
  1225    717
  1226    717
  1227    717
  1228    717
  1229    717
  1230    717
  1231    717
  1243    717
  1244    717
  1245    717
  1246    717
  1247    717
  1206    718
  1207    718
  1208    718
  1209    718
  1219    718
  1226    718
  1227    718
  1228    718
  1229    718
  1230    718
  1231    718
  1232    718
  1233    718
  1234    718
  1235    718
  1236    718
  1237    718
  1244    718
  1245    718
  1176    719
  1177    719
  1178    719
  1179    719
  1180    719
  1181    719
  1183    719
  1186    719
  1187    719
  1188    719
  1189    719
  1190    719
  1191    719
  1192    719
  1193    719
  1194    719
  1196    719
  1197    719
  1198    719
  1199    719
  1223    719
  1224    719
  1225    719
  1226    719
  1227    719
  1228    719
  1229    719
  1230    719
  1231    719
  1232    719
  1233    719
  1174    720
  1175    720
  1176    720
  1177    720
  1178    720
  1184    720
  1185    720
  1186    720
  1187    720
  1188    720
  1189    720
  1190    720
  1191    720
  1192    720
  1202    720
  1203    720
  1204    720
  1205    720
  1206    720
  1207    720
  1208    720
  1209    720
  1210    720
  1211    720
  1212    720
  1213    720
  1214    720
  1215    720
  1216    720
  1217    720
  1218    720
  1219    720
  1220    720
  1221    720
  1230    720
  1231    720
  1171    721
  1172    721
  1173    721
  1174    721
  1175    721
  1192    721
  1193    721
  1194    721
  1195    721
  1196    721
  1197    721
  1198    721
  1199    721
  1200    721
  1201    721
  1202    721
  1203    721
  1204    721
  1205    721
  1206    721
  1207    721
  1208    721
  1209    721
  1210    721
  1211    721
  1212    721
  1213    721
  1214    721
  1215    721
  1216    721
  1217    721
  1218    721
  1224    721
  1225    721
  1151    722
  1152    722
  1153    722
  1154    722
  1155    722
  1156    722
  1157    722
  1158    722
  1159    722
  1183    722
  1184    722
  1185    722
  1186    722
  1187    722
  1188    722
  1189    722
  1190    722
  1191    722
  1192    722
  1193    722
  1194    722
  1195    722
  1196    722
  1197    722
  1198    722
  1199    722
  1200    722
  1201    722
  1202    722
  1203    722
  1204    722
  1205    722
  1206    722
  1207    722
  1208    722
  1209    722
  1210    722
  1213    722
  1214    722
  1215    722
  1216    722
  1217    722
  1218    722
  1140    723
  1141    723
  1142    723
  1143    723
  1174    723
  1175    723
  1176    723
  1177    723
  1178    723
  1187    723
  1188    723
  1189    723
  1190    723
  1191    723
  1192    723
  1193    723
  1194    723
  1195    723
  1196    723
  1197    723
  1198    723
  1199    723
  1203    723
  1204    723
  1205    723
  1206    723
  1207    723
  1208    723
  1209    723
  1172    724
  1173    724
  1174    724
  1175    724
  1176    724
  1177    724
  1178    724
  1179    724
  1180    724
  1181    724
  1188    724
  1189    724
  1190    724
  1191    724
  1192    724
  1193    724
  1194    724
  1197    724
  1198    724
  1199    724
  1200    724
  1201    724
  1172    725
  1173    725
  1174    725
  1175    725
  1176    725
  1177    725
  1178    725
  1179    725
  1180    725
  1152    726
  1153    726
  1154    726
  1155    726
  1156    726
  1157    726
  1158    726
  1159    726
  1160    726
  1165    726
  1166    726
  1167    726
  1168    726
  1169    726
  1170    726
  1171    726
  1172    726
  1173    726
  1174    726
  1175    726
  1176    726
  1177    726
  1178    726
  1179    726
  1145    727
  1146    727
  1147    727
  1148    727
  1149    727
  1150    727
  1151    727
  1152    727
  1153    727
  1154    727
  1155    727
  1156    727
  1157    727
  1158    727
  1159    727
  1160    727
  1161    727
  1162    727
  1163    727
  1164    727
  1165    727
  1166    727
  1167    727
  1168    727
  1171    727
  1172    727
  1173    727
  1174    727
  1139    728
  1140    728
  1141    728
  1142    728
  1143    728
  1144    728
  1145    728
  1146    728
  1147    728
  1148    728
  1152    728
  1153    728
  1154    728
  1155    728
  1156    728
  1157    728
  1158    728
  1159    728
  1160    728
  1163    728
  1164    728
  1165    728
  1166    728
  1167    728
  1168    728
  1172    728
  1173    728
  1174    728
  1132    729
  1133    729
  1134    729
  1135    729
  1137    729
  1138    729
  1139    729
  1140    729
  1141    729
  1142    729
  1146    729
  1147    729
  1148    729
  1149    729
  1150    729
  1151    729
  1152    729
  1153    729
  1154    729
  1159    729
  1160    729
  1161    729
  1166    729
  1167    729
  1168    729
  1125    730
  1126    730
  1127    730
  1128    730
  1129    730
  1132    730
  1133    730
  1134    730
  1135    730
  1141    730
  1142    730
  1143    730
  1144    730
  1145    730
  1146    730
  1147    730
  1148    730
  1149    730
  1153    730
  1154    730
  1155    730
  1156    730
  1160    730
  1161    730
  1162    730
  1120    731
  1121    731
  1122    731
  1126    731
  1127    731
  1128    731
  1129    731
  1134    731
  1135    731
  1140    731
  1141    731
  1147    731
  1148    731
  1149    731
  1150    731
  1154    731
  1155    731
  1156    731
  1116    732
  1117    732
  1118    732
  1119    732
  1120    732
  1121    732
  1122    732
  1123    732
  1124    732
  1129    732
  1130    732
  1131    732
  1141    732
  1142    732
  1149    732
  1150    732
  1151    732
  1124    733
  1125    733
  1126    733
  1127    733
  1128    733
  1129    733
  1130    733
  1131    733
  1143    733
  1144    733
  1145    733
  1118    734
  1119    734
  1120    734
  1121    734
  1122    734
  1123    734
  1124    734
  1125    734
  1126    734
  1098    735
  1099    735
  1100    735
  1101    735
  1102    735
  1103    735
  1104    735
  1105    735
  1112    735
  1113    735
  1114    735
  1115    735
  1116    735
  1117    735
  1118    735
  1119    735
  1120    735
  1121    735
  1126    735
  1127    735
  1128    735
  1129    735
  1130    735
  1094    736
  1095    736
  1096    736
  1097    736
  1098    736
  1099    736
  1100    736
  1101    736
  1102    736
  1103    736
  1104    736
  1108    736
  1109    736
  1110    736
  1111    736
  1112    736
  1113    736
  1114    736
  1115    736
  1116    736
  1121    736
  1122    736
  1123    736
  1124    736
  1089    737
  1090    737
  1091    737
  1092    737
  1093    737
  1094    737
  1095    737
  1096    737
  1097    737
  1098    737
  1104    737
  1105    737
  1106    737
  1107    737
  1108    737
  1109    737
  1110    737
  1111    737
  1112    737
  1118    737
  1119    737
  1120    737
  1125    737
  1084    738
  1085    738
  1086    738
  1087    738
  1088    738
  1089    738
  1090    738
  1091    738
  1092    738
  1093    738
  1094    738
  1099    738
  1100    738
  1101    738
  1102    738
  1103    738
  1104    738
  1105    738
  1106    738
  1107    738
  1112    738
  1113    738
  1114    738
  1115    738
  1116    738
  1119    738
  1120    738
  1121    738
  1080    739
  1081    739
  1082    739
  1083    739
  1084    739
  1085    739
  1086    739
  1087    739
  1088    739
  1089    739
  1090    739
  1095    739
  1096    739
  1097    739
  1098    739
  1099    739
  1100    739
  1101    739
  1102    739
  1103    739
  1108    739
  1109    739
  1110    739
  1111    739
  1115    739
  1116    739
  1117    739
  1118    739
  1076    740
  1077    740
  1078    740
  1079    740
  1080    740
  1081    740
  1082    740
  1083    740
  1084    740
  1085    740
  1092    740
  1093    740
  1094    740
  1095    740
  1096    740
  1097    740
  1098    740
  1099    740
  1105    740
  1106    740
  1107    740
  1112    740
  1113    740
  1072    741
  1073    741
  1074    741
  1075    741
  1076    741
  1077    741
  1078    741
  1079    741
  1080    741
  1081    741
  1087    741
  1088    741
  1089    741
  1090    741
  1092    741
  1093    741
  1094    741
  1095    741
  1101    741
  1102    741
  1103    741
  1104    741
  1108    741
  1109    741
  1068    742
  1069    742
  1070    742
  1071    742
  1073    742
  1074    742
  1075    742
  1076    742
  1077    742
  1084    742
  1085    742
  1086    742
  1087    742
  1090    742
  1091    742
  1098    742
  1099    742
  1100    742
  1101    742
  1105    742
  1106    742
  1107    742
  1068    743
  1069    743
  1070    743
  1071    743
  1072    743
  1073    743
  1079    743
  1080    743
  1081    743
  1082    743
  1083    743
  1084    743
  1085    743
  1086    743
  1087    743
  1088    743
  1101    743
  1102    743
  1103    743
  1076    744
  1077    744
  1078    744
  1079    744
  1080    744
  1081    744
  1082    744
  1083    744
  1084    744
  1073    745
  1074    745
  1075    745
  1076    745
  1077    745
  1078    745
  1079    745
  1080    745
  1081    745
  1069    746
  1070    746
  1071    746
  1072    746
  1073    746
  1074    746
  1075    746
  1076    746
  1077    746
  1051    747
  1052    747
  1057    747
  1058    747
  1059    747
  1065    747
  1066    747
  1067    747
  1068    747
  1069    747
  1070    747
  1071    747
  1072    747
  1073    747
  1074    747
  1080    747
  1081    747
  1082    747
  1083    747
  1084    747
  1045    748
  1046    748
  1047    748
  1048    748
  1049    748
  1053    748
  1054    748
  1055    748
  1056    748
  1062    748
  1063    748
  1064    748
  1067    748
  1068    748
  1069    748
  1070    748
  1071    748
  1076    748
  1077    748
  1078    748
  1079    748
  1080    748
  1042    749
  1043    749
  1044    749
  1045    749
  1046    749
  1049    749
  1050    749
  1051    749
  1052    749
  1059    749
  1060    749
  1061    749
  1062    749
  1064    749
  1065    749
  1066    749
  1067    749
  1073    749
  1074    749
  1075    749
  1076    749
  1077    749
  1080    749
  1081    749
  1082    749
  1083    749
  1038    750
  1039    750
  1040    750
  1041    750
  1042    750
  1043    750
  1044    750
  1045    750
  1046    750
  1047    750
  1048    750
  1056    750
  1057    750
  1058    750
  1059    750
  1060    750
  1061    750
  1062    750
  1063    750
  1064    750
  1071    750
  1072    750
  1073    750
  1074    750
  1075    750
  1077    750
  1078    750
  1079    750
  1080    750
  1035    751
  1036    751
  1037    751
  1038    751
  1039    751
  1040    751
  1041    751
  1042    751
  1043    751
  1044    751
  1045    751
  1053    751
  1054    751
  1055    751
  1056    751
  1057    751
  1058    751
  1059    751
  1060    751
  1061    751
  1067    751
  1068    751
  1069    751
  1070    751
  1071    751
  1072    751
  1074    751
  1075    751
  1076    751
  1077    751
  1032    752
  1033    752
  1034    752
  1035    752
  1036    752
  1037    752
  1038    752
  1039    752
  1040    752
  1041    752
  1042    752
  1049    752
  1050    752
  1051    752
  1052    752
  1053    752
  1054    752
  1055    752
  1056    752
  1057    752
  1058    752
  1064    752
  1065    752
  1066    752
  1067    752
  1072    752
  1073    752
  1074    752
  1028    753
  1029    753
  1030    753
  1031    753
  1032    753
  1033    753
  1034    753
  1035    753
  1036    753
  1037    753
  1038    753
  1046    753
  1047    753
  1048    753
  1049    753
  1050    753
  1051    753
  1052    753
  1053    753
  1054    753
  1055    753
  1056    753
  1062    753
  1063    753
  1064    753
  1070    753
  1071    753
  1025    754
  1026    754
  1027    754
  1028    754
  1029    754
  1030    754
  1031    754
  1032    754
  1033    754
  1034    754
  1035    754
  1036    754
  1043    754
  1044    754
  1045    754
  1049    754
  1050    754
  1051    754
  1052    754
  1059    754
  1060    754
  1061    754
  1062    754
  1063    754
  1067    754
  1068    754
  1022    755
  1023    755
  1024    755
  1025    755
  1026    755
  1027    755
  1028    755
  1029    755
  1030    755
  1031    755
  1032    755
  1040    755
  1041    755
  1042    755
  1048    755
  1049    755
  1056    755
  1057    755
  1058    755
  1059    755
  1060    755
  1063    755
  1064    755
  1065    755
  1066    755
  1020    756
  1021    756
  1022    756
  1023    756
  1024    756
  1025    756
  1026    756
  1027    756
  1028    756
  1029    756
  1030    756
  1037    756
  1038    756
  1039    756
  1054    756
  1055    756
  1056    756
  1057    756
  1058    756
  1059    756
  1060    756
  1061    756
  1062    756
  1063    756
  1021    757
  1022    757
  1023    757
  1024    757
  1025    757
  1026    757
  1027    757
  1034    757
  1035    757
  1036    757
  1037    757
  1050    757
  1051    757
  1052    757
  1058    757
  1059    757
  1060    757
  1032    758
  1033    758
  1034    758
  1035    758
  1040    758
  1041    758
  1056    758
  1057    758
  1058    758
  1029    759
  1030    759
  1031    759
  1032    759
  1036    759
  1037    759
  1038    759
  1027    760
  1028    760
  1029    760
  1033    760
  1034    760
  1035    760
  1036    760
  1024    761
  1025    761
  1026    761
  1027    761
  1031    761
  1032    761
  1033    761
  1021    762
  1022    762
  1023    762
  1024    762
  1028    762
  1029    762
  1030    762
  1031    762
   999    763
  1000    763
  1001    763
  1002    763
  1019    763
  1020    763
  1021    763
  1022    763
  1023    763
  1026    763
  1027    763
  1028    763
  1036    763
  1037    763
  1038    763
  1039    763
   996    764
   997    764
   998    764
   999    764
  1000    764
  1001    764
  1017    764
  1018    764
  1019    764
  1025    764
  1026    764
  1034    764
  1035    764
  1036    764
  1037    764
  1038    764
  1039    764
   987    765
   988    765
   994    765
   995    765
   996    765
   997    765
   998    765
   999    765
  1000    765
  1003    765
  1004    765
  1005    765
  1014    765
  1015    765
  1016    765
  1021    765
  1022    765
  1023    765
  1024    765
  1032    765
  1033    765
  1034    765
  1035    765
  1036    765
  1037    765
  1038    765
  1039    765
   992    766
   993    766
   994    766
   995    766
   996    766
   997    766
   998    766
   999    766
  1000    766
  1001    766
  1002    766
  1012    766
  1013    766
  1014    766
  1019    766
  1020    766
  1021    766
  1029    766
  1030    766
  1031    766
  1032    766
  1033    766
  1034    766
  1035    766
  1036    766
  1037    766
  1038    766
  1039    766
  1040    766
   990    767
   991    767
   992    767
   993    767
   994    767
   995    767
   996    767
   997    767
   998    767
   999    767
  1000    767
  1010    767
  1011    767
  1012    767
  1013    767
  1017    767
  1018    767
  1027    767
  1028    767
  1029    767
  1030    767
  1031    767
  1032    767
  1033    767
  1034    767
  1035    767
  1036    767
  1037    767
  1038    767
   987    768
   988    768
   989    768
   990    768
   991    768
   992    768
   993    768
   994    768
   997    768
  1008    768
  1009    768
  1015    768
  1016    768
  1025    768
  1026    768
  1027    768
  1028    768
  1029    768
  1030    768
  1031    768
  1032    768
  1033    768
  1034    768
  1035    768
  1036    768
   984    769
   985    769
   986    769
   987    769
   988    769
   989    769
   990    769
   991    769
   992    769
   993    769
   994    769
   995    769
  1005    769
  1006    769
  1007    769
  1008    769
  1012    769
  1013    769
  1014    769
  1024    769
  1025    769
  1026    769
  1027    769
  1028    769
  1029    769
  1030    769
  1031    769
  1032    769
  1033    769
  1034    769
   982    770
   983    770
   984    770
   985    770
   986    770
   987    770
   988    770
   989    770
   990    770
   991    770
   992    770
   993    770
  1003    770
  1004    770
  1005    770
  1006    770
  1007    770
  1022    770
  1023    770
  1024    770
  1025    770
  1026    770
  1027    770
  1028    770
  1029    770
  1030    770
  1031    770
  1032    770
   980    771
   981    771
   982    771
   983    771
   984    771
   985    771
   986    771
   987    771
   988    771
   989    771
   990    771
  1001    771
  1002    771
  1003    771
  1004    771
  1005    771
  1006    771
  1007    771
  1020    771
  1021    771
  1022    771
  1023    771
  1024    771
  1025    771
  1026    771
  1027    771
  1028    771
  1029    771
  1030    771
  1031    771
   978    772
   979    772
   980    772
   981    772
   982    772
   983    772
   984    772
   985    772
   986    772
   987    772
   988    772
   989    772
   999    772
  1000    772
  1001    772
  1002    772
  1003    772
  1004    772
  1005    772
  1018    772
  1019    772
  1020    772
  1021    772
  1022    772
  1023    772
  1024    772
  1025    772
  1028    772
  1029    772
   976    773
   977    773
   978    773
   979    773
   980    773
   981    773
   982    773
   983    773
   984    773
   985    773
   986    773
   987    773
   997    773
   998    773
   999    773
  1000    773
  1001    773
  1002    773
  1003    773
  1004    773
  1005    773
  1006    773
  1016    773
  1017    773
  1018    773
  1019    773
  1020    773
  1021    773
  1022    773
  1023    773
  1024    773
  1025    773
   974    774
   975    774
   976    774
   977    774
   978    774
   979    774
   980    774
   981    774
   982    774
   983    774
   984    774
   985    774
   995    774
   996    774
   997    774
   998    774
   999    774
  1000    774
  1001    774
  1002    774
  1003    774
  1015    774
  1016    774
  1017    774
  1018    774
  1019    774
  1020    774
  1021    774
  1022    774
  1023    774
  1024    774
   972    775
   973    775
   974    775
   975    775
   976    775
   977    775
   978    775
   979    775
   980    775
   981    775
   982    775
   983    775
   993    775
   994    775
   995    775
   996    775
   997    775
   998    775
   999    775
  1000    775
  1001    775
  1002    775
  1014    775
  1015    775
  1016    775
  1017    775
  1018    775
  1019    775
  1020    775
  1021    775
  1022    775
  1023    775
  1024    775
   970    776
   971    776
   972    776
   973    776
   974    776
   975    776
   976    776
   977    776
   978    776
   979    776
   992    776
   993    776
   994    776
   995    776
   996    776
   997    776
   998    776
   999    776
  1000    776
  1013    776
  1014    776
  1015    776
  1016    776
  1017    776
  1018    776
  1019    776
  1020    776
  1021    776
  1022    776
   968    777
   969    777
   970    777
   971    777
   972    777
   973    777
   974    777
   975    777
   976    777
   977    777
   978    777
   979    777
   980    777
   990    777
   991    777
   992    777
   993    777
   994    777
   995    777
   996    777
   997    777
   998    777
   999    777
  1000    777
  1013    777
  1014    777
  1015    777
  1016    777
  1017    777
  1018    777
  1019    777
  1020    777
   971    778
   972    778
   973    778
   974    778
   975    778
   976    778
   977    778
   978    778
   988    778
   989    778
   990    778
   991    778
   992    778
   993    778
   994    778
   995    778
   996    778
   987    779
   988    779
   989    779
   990    779
   991    779
   992    779
   993    779
   994    779
   995    779
   996    779
   985    780
   986    780
   987    780
   988    780
   989    780
   990    780
   991    780
   992    780
   993    780
   994    780
   984    781
   985    781
   986    781
   987    781
   988    781
   989    781
   990    781
   991    781
   992    781
   993    781
   994    781
   982    782
   983    782
   984    782
   985    782
   986    782
   987    782
   988    782
   989    782
   990    782
   991    782
   992    782
   993    782
   981    783
   982    783
   983    783
   984    783
   985    783
   986    783
   987    783
   988    783
   989    783
   990    783
   991    783
   979    784
   980    784
   981    784
   982    784
   983    784
   984    784
   985    784
   986    784
   987    784
   988    784
   979    785
   980    785
   981    785
   982    785
   983    785
   984    785
   985    785
   986    785
   987    785
   988    785
   977    786
   978    786
   979    786
   980    786
   981    786
   982    786
   983    786
   984    786
   985    786
   986    786
   987    786
   976    787
   977    787
   978    787
   979    787
   980    787
   981    787
   982    787
   983    787
   984    787
   985    787
   986    787
   987    787
   975    788
   976    788
   977    788
   978    788
   979    788
   980    788
   981    788
   982    788
   983    788
   984    788
   985    788
   974    789
   975    789
   976    789
   977    789
   978    789
   979    789
   980    789
   981    789
   982    789
   983    789
   984    789
   973    790
   974    790
   975    790
   976    790
   977    790
   978    790
   979    790
   980    790
   981    790
   982    790
   983    790
   972    791
   973    791
   974    791
   975    791
   976    791
   977    791
   978    791
   979    791
   980    791
   981    791
   982    791
   983    791
   972    792
   973    792
   974    792
   975    792
   976    792
   977    792
   978    792
   979    792
   980    792
   981    792
   982    792
   983    792
