  1252    715
  1253    715
  1254    715
  1255    715
  1256    715
  1257    715
  1258    715
  1259    715
  1260    715
  1261    715
  1262    715
  1263    715
  1264    715
  1237    716
  1238    716
  1239    716
  1240    716
  1241    716
  1242    716
  1243    716
  1244    716
  1245    716
  1246    716
  1247    716
  1248    716
  1249    716
  1250    716
  1251    716
  1252    716
  1253    716
  1254    716
  1255    716
  1256    716
  1257    716
  1263    716
  1221    717
  1222    717
  1223    717
  1224    717
  1225    717
  1226    717
  1227    717
  1228    717
  1229    717
  1230    717
  1231    717
  1232    717
  1233    717
  1234    717
  1235    717
  1236    717
  1237    717
  1238    717
  1239    717
  1240    717
  1241    717
  1242    717
  1250    717
  1251    717
  1252    717
  1253    717
  1254    717
  1255    717
  1256    717
  1257    717
  1258    717
  1259    717
  1211    718
  1212    718
  1213    718
  1227    718
  1228    718
  1229    718
  1230    718
  1231    718
  1232    718
  1233    718
  1234    718
  1235    718
  1236    718
  1237    718
  1238    718
  1239    718
  1240    718
  1241    718
  1242    718
  1246    718
  1247    718
  1248    718
  1249    718
  1250    718
  1251    718
  1252    718
  1253    718
  1254    718
  1201    719
  1202    719
  1203    719
  1204    719
  1205    719
  1206    719
  1207    719
  1208    719
  1209    719
  1210    719
  1211    719
  1212    719
  1213    719
  1214    719
  1232    719
  1233    719
  1234    719
  1235    719
  1236    719
  1237    719
  1238    719
  1239    719
  1240    719
  1241    719
  1242    719
  1243    719
  1244    719
  1245    719
  1251    719
  1252    719
  1253    719
  1254    719
  1255    719
  1256    719
  1178    720
  1179    720
  1180    720
  1181    720
  1182    720
  1183    720
  1184    720
  1185    720
  1186    720
  1187    720
  1188    720
  1189    720
  1190    720
  1191    720
  1192    720
  1193    720
  1196    720
  1197    720
  1200    720
  1201    720
  1202    720
  1203    720
  1204    720
  1205    720
  1216    720
  1217    720
  1218    720
  1228    720
  1229    720
  1230    720
  1231    720
  1232    720
  1233    720
  1234    720
  1235    720
  1236    720
  1237    720
  1238    720
  1163    721
  1167    721
  1168    721
  1169    721
  1183    721
  1184    721
  1185    721
  1186    721
  1187    721
  1188    721
  1189    721
  1190    721
  1191    721
  1192    721
  1193    721
  1194    721
  1206    721
  1207    721
  1208    721
  1209    721
  1210    721
  1211    721
  1212    721
  1213    721
  1214    721
  1215    721
  1216    721
  1217    721
  1218    721
  1219    721
  1220    721
  1221    721
  1222    721
  1223    721
  1230    721
  1231    721
  1236    721
  1237    721
  1238    721
  1146    722
  1147    722
  1148    722
  1149    722
  1176    722
  1177    722
  1178    722
  1179    722
  1196    722
  1197    722
  1198    722
  1199    722
  1200    722
  1201    722
  1202    722
  1203    722
  1204    722
  1205    722
  1206    722
  1207    722
  1208    722
  1209    722
  1210    722
  1211    722
  1212    722
  1213    722
  1214    722
  1215    722
  1216    722
  1217    722
  1218    722
  1219    722
  1220    722
  1221    722
  1222    722
  1229    722
  1230    722
  1231    722
  1160    723
  1161    723
  1188    723
  1189    723
  1190    723
  1191    723
  1193    723
  1200    723
  1201    723
  1202    723
  1203    723
  1204    723
  1205    723
  1206    723
  1207    723
  1208    723
  1209    723
  1210    723
  1211    723
  1212    723
  1213    723
  1214    723
  1215    723
  1216    723
  1217    723
  1221    723
  1222    723
  1146    724
  1179    724
  1180    724
  1181    724
  1182    724
  1183    724
  1184    724
  1185    724
  1201    724
  1202    724
  1203    724
  1204    724
  1214    724
  1215    724
  1216    724
  1217    724
  1178    725
  1179    725
  1180    725
  1181    725
  1182    725
  1183    725
  1184    725
  1185    725
  1186    725
  1187    725
  1188    725
  1206    725
  1207    725
  1178    726
  1179    726
  1180    726
  1181    726
  1182    726
  1183    726
  1184    726
  1185    726
  1186    726
  1187    726
  1188    726
  1158    727
  1159    727
  1160    727
  1161    727
  1164    727
  1165    727
  1166    727
  1171    727
  1172    727
  1178    727
  1179    727
  1180    727
  1181    727
  1182    727
  1183    727
  1152    728
  1153    728
  1154    728
  1155    728
  1156    728
  1157    728
  1158    728
  1159    728
  1160    728
  1161    728
  1162    728
  1163    728
  1164    728
  1165    728
  1166    728
  1167    728
  1168    728
  1172    728
  1173    728
  1174    728
  1178    728
  1179    728
  1180    728
  1145    729
  1146    729
  1147    729
  1148    729
  1149    729
  1150    729
  1151    729
  1152    729
  1153    729
  1154    729
  1155    729
  1159    729
  1160    729
  1161    729
  1162    729
  1163    729
  1164    729
  1165    729
  1166    729
  1167    729
  1168    729
  1169    729
  1173    729
  1174    729
  1175    729
  1139    730
  1140    730
  1141    730
  1142    730
  1143    730
  1144    730
  1145    730
  1146    730
  1147    730
  1148    730
  1149    730
  1153    730
  1154    730
  1155    730
  1156    730
  1157    730
  1158    730
  1159    730
  1160    730
  1161    730
  1166    730
  1167    730
  1168    730
  1169    730
  1170    730
  1174    730
  1175    730
  1176    730
  1133    731
  1134    731
  1135    731
  1136    731
  1137    731
  1138    731
  1139    731
  1140    731
  1141    731
  1142    731
  1143    731
  1148    731
  1149    731
  1150    731
  1151    731
  1152    731
  1153    731
  1154    731
  1155    731
  1161    731
  1162    731
  1163    731
  1164    731
  1168    731
  1169    731
  1126    732
  1127    732
  1128    732
  1129    732
  1130    732
  1131    732
  1132    732
  1133    732
  1134    732
  1135    732
  1136    732
  1142    732
  1143    732
  1144    732
  1145    732
  1146    732
  1147    732
  1148    732
  1149    732
  1150    732
  1156    732
  1157    732
  1158    732
  1162    732
  1163    732
  1164    732
  1121    733
  1122    733
  1123    733
  1124    733
  1125    733
  1126    733
  1127    733
  1128    733
  1129    733
  1130    733
  1131    733
  1136    733
  1137    733
  1138    733
  1144    733
  1149    733
  1150    733
  1151    733
  1152    733
  1157    733
  1158    733
  1159    733
  1131    734
  1132    734
  1133    734
  1134    734
  1135    734
  1136    734
  1138    734
  1139    734
  1152    734
  1153    734
  1154    734
  1126    735
  1127    735
  1128    735
  1129    735
  1130    735
  1131    735
  1132    735
  1133    735
  1134    735
  1107    736
  1108    736
  1109    736
  1110    736
  1111    736
  1112    736
  1120    736
  1121    736
  1122    736
  1123    736
  1124    736
  1125    736
  1126    736
  1127    736
  1128    736
  1102    737
  1103    737
  1104    737
  1105    737
  1106    737
  1107    737
  1108    737
  1109    737
  1110    737
  1111    737
  1112    737
  1116    737
  1117    737
  1120    737
  1121    737
  1122    737
  1123    737
  1124    737
  1130    737
  1131    737
  1132    737
  1133    737
  1134    737
  1135    737
  1098    738
  1099    738
  1100    738
  1101    738
  1102    738
  1103    738
  1104    738
  1105    738
  1106    738
  1107    738
  1112    738
  1113    738
  1114    738
  1117    738
  1118    738
  1119    738
  1120    738
  1126    738
  1127    738
  1128    738
  1133    738
  1134    738
  1135    738
  1136    738
  1092    739
  1093    739
  1094    739
  1095    739
  1096    739
  1097    739
  1098    739
  1099    739
  1100    739
  1101    739
  1102    739
  1107    739
  1108    739
  1109    739
  1110    739
  1111    739
  1112    739
  1113    739
  1114    739
  1115    739
  1116    739
  1122    739
  1123    739
  1124    739
  1125    739
  1128    739
  1129    739
  1130    739
  1089    740
  1090    740
  1091    740
  1092    740
  1093    740
  1094    740
  1095    740
  1096    740
  1097    740
  1104    740
  1105    740
  1106    740
  1107    740
  1108    740
  1109    740
  1110    740
  1111    740
  1112    740
  1117    740
  1118    740
  1119    740
  1120    740
  1121    740
  1124    740
  1125    740
  1126    740
  1084    741
  1085    741
  1086    741
  1087    741
  1088    741
  1089    741
  1090    741
  1091    741
  1092    741
  1093    741
  1094    741
  1100    741
  1101    741
  1102    741
  1103    741
  1104    741
  1105    741
  1106    741
  1107    741
  1108    741
  1114    741
  1115    741
  1116    741
  1117    741
  1120    741
  1121    741
  1122    741
  1081    742
  1082    742
  1083    742
  1084    742
  1085    742
  1086    742
  1087    742
  1088    742
  1089    742
  1090    742
  1095    742
  1096    742
  1097    742
  1098    742
  1101    742
  1102    742
  1103    742
  1104    742
  1110    742
  1111    742
  1112    742
  1113    742
  1116    742
  1117    742
  1118    742
  1119    742
  1076    743
  1077    743
  1078    743
  1079    743
  1080    743
  1081    743
  1082    743
  1083    743
  1084    743
  1085    743
  1086    743
  1092    743
  1093    743
  1094    743
  1099    743
  1100    743
  1106    743
  1107    743
  1108    743
  1109    743
  1110    743
  1114    743
  1115    743
  1116    743
  1077    744
  1078    744
  1079    744
  1080    744
  1081    744
  1082    744
  1088    744
  1089    744
  1090    744
  1091    744
  1103    744
  1104    744
  1105    744
  1106    744
  1107    744
  1109    744
  1110    744
  1111    744
  1112    744
  1074    745
  1075    745
  1076    745
  1077    745
  1078    745
  1084    745
  1085    745
  1086    745
  1087    745
  1088    745
  1092    745
  1107    745
  1108    745
  1109    745
  1082    746
  1083    746
  1084    746
  1085    746
  1086    746
  1087    746
  1088    746
  1089    746
  1090    746
  1104    746
  1079    747
  1080    747
  1081    747
  1082    747
  1083    747
  1084    747
  1085    747
  1086    747
  1075    748
  1076    748
  1077    748
  1078    748
  1079    748
  1080    748
  1081    748
  1082    748
  1083    748
  1056    749
  1057    749
  1058    749
  1059    749
  1060    749
  1061    749
  1063    749
  1064    749
  1071    749
  1072    749
  1073    749
  1074    749
  1076    749
  1077    749
  1078    749
  1079    749
  1080    749
  1087    749
  1088    749
  1089    749
  1090    749
  1091    749
  1051    750
  1052    750
  1053    750
  1054    750
  1055    750
  1056    750
  1057    750
  1058    750
  1059    750
  1060    750
  1061    750
  1062    750
  1067    750
  1068    750
  1069    750
  1070    750
  1074    750
  1075    750
  1076    750
  1083    750
  1084    750
  1085    750
  1086    750
  1087    750
  1048    751
  1049    751
  1050    751
  1051    751
  1052    751
  1053    751
  1054    751
  1055    751
  1056    751
  1057    751
  1065    751
  1066    751
  1067    751
  1068    751
  1069    751
  1070    751
  1071    751
  1072    751
  1073    751
  1080    751
  1081    751
  1082    751
  1083    751
  1084    751
  1088    751
  1089    751
  1090    751
  1044    752
  1045    752
  1046    752
  1047    752
  1048    752
  1049    752
  1050    752
  1051    752
  1052    752
  1053    752
  1054    752
  1062    752
  1063    752
  1064    752
  1065    752
  1066    752
  1067    752
  1068    752
  1069    752
  1070    752
  1071    752
  1077    752
  1078    752
  1079    752
  1080    752
  1081    752
  1085    752
  1086    752
  1087    752
  1041    753
  1042    753
  1043    753
  1044    753
  1045    753
  1046    753
  1047    753
  1048    753
  1049    753
  1050    753
  1051    753
  1059    753
  1060    753
  1061    753
  1062    753
  1063    753
  1064    753
  1065    753
  1066    753
  1067    753
  1068    753
  1074    753
  1075    753
  1076    753
  1077    753
  1078    753
  1082    753
  1083    753
  1084    753
  1038    754
  1039    754
  1040    754
  1041    754
  1042    754
  1043    754
  1044    754
  1045    754
  1046    754
  1047    754
  1048    754
  1049    754
  1056    754
  1057    754
  1058    754
  1059    754
  1060    754
  1061    754
  1062    754
  1063    754
  1064    754
  1065    754
  1071    754
  1072    754
  1073    754
  1074    754
  1075    754
  1079    754
  1080    754
  1081    754
  1035    755
  1036    755
  1037    755
  1038    755
  1039    755
  1041    755
  1042    755
  1043    755
  1044    755
  1045    755
  1053    755
  1054    755
  1055    755
  1056    755
  1058    755
  1059    755
  1060    755
  1061    755
  1062    755
  1069    755
  1070    755
  1071    755
  1072    755
  1073    755
  1074    755
  1076    755
  1077    755
  1078    755
  1079    755
  1032    756
  1033    756
  1034    756
  1035    756
  1036    756
  1037    756
  1038    756
  1039    756
  1040    756
  1041    756
  1042    756
  1050    756
  1051    756
  1052    756
  1056    756
  1057    756
  1058    756
  1059    756
  1066    756
  1067    756
  1068    756
  1069    756
  1070    756
  1071    756
  1072    756
  1073    756
  1074    756
  1075    756
  1076    756
  1028    757
  1029    757
  1030    757
  1031    757
  1032    757
  1033    757
  1034    757
  1035    757
  1036    757
  1037    757
  1038    757
  1039    757
  1047    757
  1048    757
  1049    757
  1050    757
  1054    757
  1055    757
  1056    757
  1063    757
  1064    757
  1065    757
  1066    757
  1067    757
  1070    757
  1071    757
  1072    757
  1073    757
  1026    758
  1027    758
  1028    758
  1029    758
  1030    758
  1031    758
  1032    758
  1033    758
  1034    758
  1035    758
  1036    758
  1037    758
  1044    758
  1045    758
  1046    758
  1047    758
  1053    758
  1061    758
  1062    758
  1063    758
  1064    758
  1068    758
  1069    758
  1070    758
  1071    758
  1024    759
  1025    759
  1026    759
  1027    759
  1028    759
  1029    759
  1030    759
  1031    759
  1032    759
  1033    759
  1034    759
  1042    759
  1043    759
  1044    759
  1045    759
  1058    759
  1059    759
  1060    759
  1067    759
  1068    759
  1028    760
  1029    760
  1030    760
  1031    760
  1039    760
  1040    760
  1041    760
  1042    760
  1056    760
  1064    760
  1065    760
  1066    760
  1037    761
  1038    761
  1039    761
  1040    761
  1044    761
  1045    761
  1046    761
  1063    761
  1033    762
  1034    762
  1035    762
  1036    762
  1037    762
  1042    762
  1043    762
  1031    763
  1032    763
  1033    763
  1034    763
  1035    763
  1037    763
  1038    763
  1039    763
  1040    763
  1041    763
  1029    764
  1030    764
  1031    764
  1032    764
  1033    764
  1036    764
  1037    764
  1038    764
  1026    765
  1027    765
  1028    765
  1029    765
  1030    765
  1031    765
  1032    765
  1033    765
  1034    765
  1035    765
  1036    765
  1003    766
  1004    766
  1005    766
  1006    766
  1007    766
  1008    766
  1024    766
  1025    766
  1026    766
  1027    766
  1028    766
  1029    766
  1030    766
  1031    766
  1032    766
  1033    766
  1034    766
  1042    766
  1043    766
  1044    766
  1045    766
  1046    766
  1047    766
  1001    767
  1002    767
  1003    767
  1004    767
  1005    767
  1006    767
  1007    767
  1008    767
  1022    767
  1023    767
  1024    767
  1025    767
  1026    767
  1027    767
  1028    767
  1029    767
  1030    767
  1031    767
  1040    767
  1041    767
  1042    767
  1043    767
  1044    767
  1045    767
   999    768
  1000    768
  1001    768
  1002    768
  1003    768
  1004    768
  1005    768
  1006    768
  1007    768
  1019    768
  1020    768
  1021    768
  1022    768
  1023    768
  1028    768
  1029    768
  1030    768
  1038    768
  1039    768
  1040    768
  1041    768
  1042    768
  1043    768
  1044    768
  1045    768
   996    769
   997    769
   998    769
   999    769
  1000    769
  1001    769
  1002    769
  1003    769
  1004    769
  1005    769
  1006    769
  1007    769
  1017    769
  1018    769
  1019    769
  1020    769
  1021    769
  1022    769
  1023    769
  1026    769
  1027    769
  1035    769
  1036    769
  1037    769
  1038    769
  1039    769
  1040    769
  1041    769
  1042    769
  1043    769
  1044    769
  1045    769
  1046    769
   994    770
   995    770
   996    770
   997    770
   998    770
   999    770
  1000    770
  1001    770
  1002    770
  1003    770
  1004    770
  1005    770
  1015    770
  1016    770
  1017    770
  1018    770
  1019    770
  1020    770
  1021    770
  1022    770
  1024    770
  1034    770
  1035    770
  1036    770
  1037    770
  1038    770
  1039    770
  1040    770
  1041    770
  1042    770
  1043    770
  1044    770
   991    771
   992    771
   993    771
   994    771
   995    771
   996    771
   997    771
   998    771
   999    771
  1000    771
  1001    771
  1002    771
  1003    771
  1013    771
  1014    771
  1015    771
  1016    771
  1017    771
  1018    771
  1019    771
  1020    771
  1022    771
  1032    771
  1033    771
  1034    771
  1035    771
  1036    771
  1037    771
  1038    771
  1039    771
  1040    771
  1041    771
  1042    771
  1043    771
   989    772
   990    772
   991    772
   992    772
   993    772
   994    772
   995    772
   996    772
   997    772
   998    772
   999    772
  1000    772
  1001    772
  1012    772
  1013    772
  1014    772
  1015    772
  1016    772
  1017    772
  1030    772
  1031    772
  1032    772
  1033    772
  1034    772
  1035    772
  1036    772
  1037    772
  1038    772
  1039    772
  1040    772
  1041    772
   987    773
   988    773
   989    773
   990    773
   991    773
   992    773
   993    773
   994    773
   995    773
   996    773
   997    773
   998    773
  1009    773
  1010    773
  1011    773
  1012    773
  1013    773
  1014    773
  1015    773
  1016    773
  1028    773
  1029    773
  1030    773
  1031    773
  1032    773
  1033    773
  1034    773
  1035    773
  1036    773
  1037    773
  1038    773
  1039    773
  1040    773
   985    774
   986    774
   987    774
   988    774
   989    774
   990    774
   991    774
   992    774
   993    774
   994    774
   995    774
   996    774
  1007    774
  1008    774
  1009    774
  1010    774
  1011    774
  1012    774
  1013    774
  1026    774
  1027    774
  1028    774
  1029    774
  1030    774
  1031    774
  1032    774
  1033    774
  1034    774
  1035    774
  1036    774
  1037    774
   983    775
   984    775
   985    775
   986    775
   987    775
   988    775
   989    775
   990    775
   991    775
   992    775
   993    775
   994    775
  1005    775
  1006    775
  1007    775
  1008    775
  1009    775
  1010    775
  1011    775
  1025    775
  1026    775
  1027    775
  1028    775
  1029    775
  1030    775
  1031    775
  1032    775
  1033    775
  1034    775
  1035    775
  1036    775
   981    776
   982    776
   983    776
   984    776
   985    776
   986    776
   987    776
   988    776
   989    776
   990    776
   991    776
   992    776
   993    776
  1003    776
  1004    776
  1005    776
  1006    776
  1007    776
  1008    776
  1009    776
  1023    776
  1024    776
  1025    776
  1026    776
  1027    776
  1028    776
  1029    776
  1030    776
  1031    776
  1032    776
  1033    776
  1034    776
  1035    776
   979    777
   980    777
   981    777
   982    777
   983    777
   984    777
   985    777
   986    777
   987    777
   988    777
   989    777
   990    777
   991    777
  1001    777
  1002    777
  1003    777
  1004    777
  1005    777
  1006    777
  1007    777
  1008    777
  1022    777
  1023    777
  1024    777
  1025    777
  1026    777
  1027    777
  1028    777
  1029    777
  1030    777
  1031    777
  1032    777
  1033    777
   977    778
   978    778
   979    778
   980    778
   981    778
   982    778
   983    778
   984    778
   985    778
   986    778
   987    778
   988    778
   989    778
   999    778
  1000    778
  1001    778
  1002    778
  1003    778
  1004    778
  1005    778
  1006    778
  1007    778
  1008    778
  1009    778
  1021    778
  1022    778
  1023    778
  1024    778
  1025    778
  1026    778
  1027    778
  1028    778
  1029    778
  1030    778
  1031    778
  1032    778
   976    779
   977    779
   978    779
   979    779
   980    779
   981    779
   982    779
   983    779
   984    779
   985    779
   986    779
   987    779
   988    779
   998    779
   999    779
  1000    779
  1001    779
  1002    779
  1003    779
  1004    779
  1005    779
  1006    779
  1007    779
  1008    779
  1019    779
  1020    779
  1021    779
  1022    779
  1023    779
  1024    779
  1025    779
  1026    779
  1027    779
  1028    779
  1029    779
   975    780
   976    780
   977    780
   978    780
   979    780
   980    780
   981    780
   982    780
   983    780
   984    780
   985    780
   986    780
   996    780
   997    780
   998    780
   999    780
  1000    780
  1001    780
  1002    780
  1003    780
  1004    780
  1006    780
  1018    780
  1019    780
  1020    780
  1021    780
  1022    780
  1023    780
  1024    780
  1025    780
  1026    780
  1027    780
  1028    780
  1029    780
   973    781
   974    781
   975    781
   976    781
   977    781
   978    781
   979    781
   980    781
   981    781
   982    781
   983    781
   984    781
   995    781
   996    781
   997    781
   998    781
   999    781
  1000    781
  1001    781
  1002    781
  1017    781
  1018    781
  1019    781
  1020    781
  1021    781
  1022    781
  1023    781
  1024    781
  1025    781
  1026    781
  1027    781
   975    782
   976    782
   977    782
   978    782
   979    782
   980    782
   981    782
   982    782
   983    782
   993    782
   994    782
   995    782
   996    782
   997    782
   998    782
   999    782
  1000    782
  1001    782
  1017    782
  1018    782
  1019    782
  1020    782
  1021    782
  1022    782
  1023    782
  1024    782
  1025    782
   976    783
   977    783
   978    783
   979    783
   980    783
   981    783
   992    783
   993    783
   994    783
   995    783
   996    783
   997    783
   998    783
   999    783
  1000    783
   990    784
   991    784
   992    784
   993    784
   994    784
   995    784
   996    784
   997    784
   998    784
   989    785
   990    785
   991    785
   992    785
   993    785
   994    785
   995    785
   996    785
   997    785
   987    786
   988    786
   989    786
   990    786
   991    786
   992    786
   993    786
   994    786
   995    786
   996    786
   997    786
   986    787
   987    787
   988    787
   989    787
   990    787
   991    787
   992    787
   993    787
   994    787
   995    787
   996    787
   984    788
   985    788
   986    788
   987    788
   988    788
   989    788
   990    788
   991    788
   992    788
   993    788
   994    788
   995    788
   983    789
   984    789
   985    789
   986    789
   987    789
   988    789
   989    789
   990    789
   991    789
   992    789
   993    789
   982    790
   983    790
   984    790
   985    790
   986    790
   987    790
   988    790
   989    790
   990    790
   991    790
   992    790
   981    791
   982    791
   983    791
   984    791
   985    791
   986    791
   987    791
   988    791
   989    791
   990    791
   991    791
   992    791
   981    792
   982    792
   983    792
   984    792
   985    792
   986    792
   987    792
   988    792
   989    792
   990    792
   991    792
