  1260    716
  1261    716
  1262    716
  1263    716
  1264    716
  1265    716
  1266    716
  1241    717
  1242    717
  1243    717
  1244    717
  1245    717
  1246    717
  1247    717
  1248    717
  1249    717
  1250    717
  1251    717
  1252    717
  1253    717
  1254    717
  1255    717
  1256    717
  1257    717
  1258    717
  1259    717
  1260    717
  1261    717
  1262    717
  1263    717
  1264    717
  1265    717
  1227    718
  1228    718
  1229    718
  1230    718
  1231    718
  1232    718
  1233    718
  1234    718
  1235    718
  1236    718
  1237    718
  1238    718
  1239    718
  1240    718
  1241    718
  1242    718
  1243    718
  1244    718
  1245    718
  1246    718
  1247    718
  1248    718
  1249    718
  1250    718
  1251    718
  1252    718
  1253    718
  1259    718
  1260    718
  1261    718
  1262    718
  1263    718
  1264    718
  1265    718
  1216    719
  1217    719
  1227    719
  1228    719
  1229    719
  1230    719
  1236    719
  1237    719
  1238    719
  1239    719
  1240    719
  1241    719
  1242    719
  1243    719
  1244    719
  1245    719
  1246    719
  1247    719
  1248    719
  1249    719
  1255    719
  1256    719
  1257    719
  1258    719
  1259    719
  1260    719
  1210    720
  1211    720
  1212    720
  1213    720
  1214    720
  1215    720
  1216    720
  1217    720
  1218    720
  1241    720
  1242    720
  1243    720
  1244    720
  1245    720
  1246    720
  1247    720
  1248    720
  1186    721
  1187    721
  1188    721
  1189    721
  1190    721
  1191    721
  1192    721
  1193    721
  1194    721
  1195    721
  1196    721
  1197    721
  1198    721
  1199    721
  1200    721
  1204    721
  1205    721
  1206    721
  1207    721
  1208    721
  1209    721
  1210    721
  1211    721
  1212    721
  1236    721
  1237    721
  1238    721
  1239    721
  1240    721
  1241    721
  1242    721
  1243    721
  1244    721
  1245    721
  1246    721
  1184    722
  1185    722
  1186    722
  1195    722
  1196    722
  1197    722
  1198    722
  1199    722
  1200    722
  1201    722
  1214    722
  1215    722
  1216    722
  1217    722
  1218    722
  1219    722
  1220    722
  1221    722
  1222    722
  1223    722
  1224    722
  1225    722
  1226    722
  1227    722
  1228    722
  1229    722
  1230    722
  1231    722
  1232    722
  1239    722
  1240    722
  1241    722
  1242    722
  1243    722
  1244    722
  1245    722
  1246    722
  1247    722
  1153    723
  1154    723
  1155    723
  1156    723
  1157    723
  1158    723
  1159    723
  1160    723
  1161    723
  1162    723
  1163    723
  1164    723
  1181    723
  1182    723
  1183    723
  1184    723
  1185    723
  1186    723
  1187    723
  1204    723
  1205    723
  1206    723
  1207    723
  1208    723
  1209    723
  1210    723
  1211    723
  1212    723
  1213    723
  1214    723
  1215    723
  1216    723
  1217    723
  1218    723
  1219    723
  1220    723
  1221    723
  1222    723
  1223    723
  1224    723
  1225    723
  1226    723
  1227    723
  1228    723
  1229    723
  1230    723
  1237    723
  1238    723
  1239    723
  1166    724
  1167    724
  1168    724
  1198    724
  1199    724
  1200    724
  1201    724
  1202    724
  1203    724
  1204    724
  1205    724
  1206    724
  1207    724
  1208    724
  1209    724
  1210    724
  1211    724
  1212    724
  1213    724
  1214    724
  1215    724
  1216    724
  1217    724
  1218    724
  1219    724
  1220    724
  1223    724
  1224    724
  1225    724
  1156    725
  1188    725
  1189    725
  1190    725
  1191    725
  1192    725
  1193    725
  1194    725
  1199    725
  1200    725
  1201    725
  1202    725
  1203    725
  1204    725
  1205    725
  1206    725
  1207    725
  1208    725
  1209    725
  1210    725
  1211    725
  1212    725
  1213    725
  1214    725
  1215    725
  1216    725
  1217    725
  1218    725
  1219    725
  1220    725
  1186    726
  1187    726
  1188    726
  1189    726
  1190    726
  1191    726
  1192    726
  1193    726
  1195    726
  1205    726
  1206    726
  1207    726
  1208    726
  1215    726
  1216    726
  1217    726
  1189    727
  1190    727
  1191    727
  1192    727
  1193    727
  1169    728
  1170    728
  1171    728
  1172    728
  1173    728
  1182    728
  1183    728
  1184    728
  1185    728
  1186    728
  1187    728
  1188    728
  1189    728
  1190    728
  1162    729
  1163    729
  1164    729
  1165    729
  1166    729
  1167    729
  1168    729
  1169    729
  1170    729
  1171    729
  1175    729
  1176    729
  1177    729
  1178    729
  1181    729
  1182    729
  1183    729
  1187    729
  1188    729
  1189    729
  1190    729
  1191    729
  1192    729
  1157    730
  1158    730
  1159    730
  1160    730
  1161    730
  1162    730
  1163    730
  1164    730
  1165    730
  1166    730
  1170    730
  1171    730
  1172    730
  1173    730
  1174    730
  1175    730
  1176    730
  1177    730
  1182    730
  1183    730
  1184    730
  1185    730
  1186    730
  1189    730
  1190    730
  1191    730
  1151    731
  1152    731
  1153    731
  1154    731
  1155    731
  1156    731
  1157    731
  1158    731
  1159    731
  1160    731
  1165    731
  1166    731
  1167    731
  1168    731
  1169    731
  1170    731
  1171    731
  1172    731
  1178    731
  1179    731
  1180    731
  1181    731
  1183    731
  1184    731
  1185    731
  1186    731
  1143    732
  1144    732
  1145    732
  1146    732
  1147    732
  1148    732
  1149    732
  1150    732
  1151    732
  1152    732
  1159    732
  1160    732
  1161    732
  1162    732
  1163    732
  1164    732
  1165    732
  1166    732
  1167    732
  1168    732
  1173    732
  1174    732
  1178    732
  1179    732
  1180    732
  1181    732
  1137    733
  1138    733
  1139    733
  1140    733
  1141    733
  1142    733
  1143    733
  1145    733
  1146    733
  1147    733
  1153    733
  1154    733
  1155    733
  1156    733
  1157    733
  1158    733
  1159    733
  1160    733
  1166    733
  1167    733
  1168    733
  1169    733
  1170    733
  1172    733
  1173    733
  1174    733
  1133    734
  1134    734
  1135    734
  1136    734
  1137    734
  1138    734
  1139    734
  1140    734
  1141    734
  1142    734
  1148    734
  1149    734
  1150    734
  1154    734
  1155    734
  1161    734
  1162    734
  1163    734
  1164    734
  1165    734
  1167    734
  1168    734
  1169    734
  1128    735
  1129    735
  1130    735
  1131    735
  1132    735
  1133    735
  1134    735
  1135    735
  1136    735
  1137    735
  1143    735
  1144    735
  1145    735
  1148    735
  1149    735
  1150    735
  1151    735
  1156    735
  1157    735
  1163    735
  1164    735
  1165    735
  1137    736
  1138    736
  1139    736
  1140    736
  1141    736
  1142    736
  1143    736
  1144    736
  1145    736
  1132    737
  1133    737
  1134    737
  1135    737
  1136    737
  1137    737
  1138    737
  1139    737
  1140    737
  1114    738
  1115    738
  1116    738
  1117    738
  1118    738
  1119    738
  1120    738
  1128    738
  1129    738
  1130    738
  1131    738
  1132    738
  1133    738
  1134    738
  1135    738
  1136    738
  1108    739
  1109    739
  1110    739
  1111    739
  1112    739
  1113    739
  1114    739
  1115    739
  1116    739
  1117    739
  1118    739
  1123    739
  1124    739
  1125    739
  1126    739
  1127    739
  1128    739
  1129    739
  1130    739
  1131    739
  1132    739
  1138    739
  1139    739
  1140    739
  1104    740
  1105    740
  1106    740
  1107    740
  1108    740
  1109    740
  1110    740
  1111    740
  1112    740
  1113    740
  1119    740
  1120    740
  1121    740
  1122    740
  1123    740
  1124    740
  1125    740
  1126    740
  1127    740
  1133    740
  1134    740
  1135    740
  1136    740
  1137    740
  1141    740
  1142    740
  1100    741
  1101    741
  1102    741
  1103    741
  1104    741
  1105    741
  1106    741
  1107    741
  1108    741
  1109    741
  1115    741
  1116    741
  1117    741
  1118    741
  1119    741
  1120    741
  1121    741
  1122    741
  1123    741
  1130    741
  1131    741
  1132    741
  1133    741
  1134    741
  1135    741
  1136    741
  1137    741
  1138    741
  1095    742
  1096    742
  1097    742
  1098    742
  1099    742
  1100    742
  1101    742
  1102    742
  1103    742
  1104    742
  1105    742
  1111    742
  1112    742
  1113    742
  1114    742
  1115    742
  1116    742
  1117    742
  1118    742
  1119    742
  1126    742
  1127    742
  1128    742
  1129    742
  1130    742
  1131    742
  1132    742
  1133    742
  1134    742
  1092    743
  1093    743
  1094    743
  1095    743
  1096    743
  1097    743
  1098    743
  1099    743
  1100    743
  1101    743
  1107    743
  1108    743
  1109    743
  1110    743
  1111    743
  1112    743
  1113    743
  1114    743
  1115    743
  1122    743
  1123    743
  1124    743
  1125    743
  1126    743
  1128    743
  1129    743
  1130    743
  1131    743
  1088    744
  1089    744
  1090    744
  1091    744
  1092    744
  1093    744
  1094    744
  1095    744
  1096    744
  1097    744
  1103    744
  1104    744
  1105    744
  1106    744
  1107    744
  1109    744
  1110    744
  1111    744
  1118    744
  1119    744
  1120    744
  1121    744
  1125    744
  1126    744
  1127    744
  1084    745
  1085    745
  1086    745
  1087    745
  1088    745
  1089    745
  1090    745
  1091    745
  1092    745
  1093    745
  1094    745
  1100    745
  1101    745
  1102    745
  1103    745
  1105    745
  1106    745
  1107    745
  1108    745
  1115    745
  1116    745
  1117    745
  1118    745
  1119    745
  1122    745
  1123    745
  1124    745
  1080    746
  1081    746
  1082    746
  1083    746
  1084    746
  1085    746
  1086    746
  1087    746
  1088    746
  1089    746
  1090    746
  1096    746
  1097    746
  1098    746
  1099    746
  1112    746
  1113    746
  1114    746
  1118    746
  1119    746
  1120    746
  1121    746
  1083    747
  1084    747
  1085    747
  1086    747
  1093    747
  1094    747
  1095    747
  1096    747
  1100    747
  1101    747
  1115    747
  1116    747
  1117    747
  1118    747
  1090    748
  1091    748
  1092    748
  1093    748
  1094    748
  1095    748
  1096    748
  1097    748
  1098    748
  1113    748
  1114    748
  1115    748
  1087    749
  1088    749
  1089    749
  1090    749
  1091    749
  1092    749
  1093    749
  1094    749
  1095    749
  1084    750
  1085    750
  1086    750
  1087    750
  1088    750
  1089    750
  1090    750
  1091    750
  1080    751
  1081    751
  1082    751
  1083    751
  1086    751
  1087    751
  1088    751
  1089    751
  1061    752
  1062    752
  1063    752
  1064    752
  1068    752
  1069    752
  1070    752
  1077    752
  1078    752
  1079    752
  1080    752
  1081    752
  1082    752
  1083    752
  1084    752
  1085    752
  1086    752
  1093    752
  1094    752
  1095    752
  1096    752
  1097    752
  1057    753
  1058    753
  1059    753
  1060    753
  1061    753
  1062    753
  1063    753
  1064    753
  1065    753
  1066    753
  1074    753
  1075    753
  1076    753
  1077    753
  1078    753
  1079    753
  1080    753
  1081    753
  1082    753
  1089    753
  1090    753
  1091    753
  1092    753
  1093    753
  1094    753
  1095    753
  1096    753
  1097    753
  1055    754
  1056    754
  1057    754
  1058    754
  1059    754
  1060    754
  1061    754
  1062    754
  1063    754
  1064    754
  1071    754
  1072    754
  1073    754
  1074    754
  1075    754
  1076    754
  1077    754
  1078    754
  1079    754
  1080    754
  1087    754
  1088    754
  1089    754
  1090    754
  1091    754
  1092    754
  1093    754
  1094    754
  1095    754
  1096    754
  1052    755
  1053    755
  1054    755
  1055    755
  1056    755
  1057    755
  1058    755
  1059    755
  1060    755
  1068    755
  1069    755
  1070    755
  1071    755
  1072    755
  1073    755
  1074    755
  1075    755
  1076    755
  1077    755
  1084    755
  1085    755
  1086    755
  1087    755
  1091    755
  1092    755
  1093    755
  1049    756
  1050    756
  1051    756
  1052    756
  1053    756
  1054    756
  1055    756
  1056    756
  1057    756
  1065    756
  1066    756
  1067    756
  1068    756
  1069    756
  1071    756
  1072    756
  1073    756
  1074    756
  1075    756
  1081    756
  1082    756
  1083    756
  1084    756
  1085    756
  1089    756
  1090    756
  1091    756
  1050    757
  1051    757
  1052    757
  1053    757
  1062    757
  1063    757
  1064    757
  1065    757
  1066    757
  1068    757
  1069    757
  1070    757
  1071    757
  1078    757
  1079    757
  1080    757
  1081    757
  1082    757
  1083    757
  1084    757
  1085    757
  1086    757
  1087    757
  1088    757
  1048    758
  1049    758
  1050    758
  1060    758
  1061    758
  1062    758
  1063    758
  1064    758
  1065    758
  1066    758
  1067    758
  1068    758
  1069    758
  1075    758
  1076    758
  1077    758
  1078    758
  1079    758
  1080    758
  1081    758
  1082    758
  1084    758
  1085    758
  1086    758
  1057    759
  1058    759
  1059    759
  1060    759
  1064    759
  1065    759
  1066    759
  1073    759
  1074    759
  1075    759
  1076    759
  1077    759
  1078    759
  1079    759
  1081    759
  1082    759
  1083    759
  1084    759
  1054    760
  1055    760
  1056    760
  1057    760
  1062    760
  1063    760
  1064    760
  1071    760
  1072    760
  1073    760
  1074    760
  1075    760
  1076    760
  1077    760
  1078    760
  1079    760
  1080    760
  1081    760
  1051    761
  1052    761
  1053    761
  1054    761
  1055    761
  1056    761
  1059    761
  1060    761
  1061    761
  1069    761
  1070    761
  1071    761
  1072    761
  1073    761
  1074    761
  1075    761
  1076    761
  1077    761
  1078    761
  1079    761
  1049    762
  1050    762
  1051    762
  1052    762
  1057    762
  1058    762
  1066    762
  1067    762
  1068    762
  1069    762
  1070    762
  1071    762
  1072    762
  1073    762
  1074    762
  1075    762
  1076    762
  1046    763
  1047    763
  1048    763
  1049    763
  1050    763
  1054    763
  1055    763
  1064    763
  1065    763
  1071    763
  1072    763
  1073    763
  1074    763
  1045    764
  1046    764
  1047    764
  1048    764
  1052    764
  1053    764
  1070    764
  1071    764
  1072    764
  1042    765
  1043    765
  1044    765
  1045    765
  1046    765
  1047    765
  1048    765
  1049    765
  1050    765
  1051    765
  1040    766
  1041    766
  1042    766
  1043    766
  1044    766
  1045    766
  1046    766
  1047    766
  1048    766
  1038    767
  1039    767
  1044    767
  1045    767
  1046    767
  1047    767
  1035    768
  1036    768
  1037    768
  1038    768
  1039    768
  1043    768
  1044    768
  1045    768
  1034    769
  1035    769
  1036    769
  1037    769
  1038    769
  1033    770
  1034    770
  1035    770
  1036    770
  1037    770
  1038    770
  1039    770
  1049    770
  1050    770
  1051    770
  1052    770
  1053    770
  1032    771
  1033    771
  1034    771
  1036    771
  1037    771
  1038    771
  1046    771
  1047    771
  1048    771
  1049    771
  1050    771
  1051    771
  1052    771
  1053    771
  1044    772
  1045    772
  1046    772
  1047    772
  1048    772
  1049    772
  1050    772
  1051    772
  1052    772
  1053    772
  1054    772
  1055    772
  1043    773
  1044    773
  1045    773
  1046    773
  1047    773
  1048    773
  1049    773
  1050    773
  1051    773
  1052    773
  1053    773
  1054    773
  1041    774
  1042    774
  1043    774
  1044    774
  1045    774
  1046    774
  1047    774
  1048    774
  1049    774
  1050    774
  1051    774
  1052    774
  1039    775
  1040    775
  1041    775
  1042    775
  1043    775
  1044    775
  1045    775
  1046    775
  1047    775
  1048    775
  1049    775
  1050    775
  1037    776
  1038    776
  1039    776
  1040    776
  1041    776
  1042    776
  1043    776
  1044    776
  1045    776
  1046    776
  1047    776
  1048    776
  1049    776
  1036    777
  1037    777
  1038    777
  1039    777
  1040    777
  1041    777
  1042    777
  1043    777
  1044    777
  1045    777
  1046    777
  1047    777
  1048    777
  1035    778
  1036    778
  1037    778
  1038    778
  1039    778
  1040    778
  1041    778
  1042    778
  1043    778
  1044    778
  1045    778
  1033    779
  1034    779
  1035    779
  1036    779
  1037    779
  1038    779
  1039    779
  1040    779
  1041    779
  1042    779
  1043    779
  1044    779
  1031    780
  1032    780
  1033    780
  1034    780
  1035    780
  1036    780
  1037    780
  1038    780
  1039    780
  1040    780
  1041    780
  1042    780
  1043    780
  1030    781
  1031    781
  1032    781
  1033    781
  1034    781
  1035    781
  1036    781
  1037    781
  1038    781
  1039    781
  1040    781
  1029    782
  1030    782
  1031    782
  1032    782
  1033    782
  1034    782
  1035    782
  1036    782
  1037    782
  1038    782
  1039    782
  1028    783
  1029    783
  1030    783
  1031    783
  1032    783
  1033    783
  1034    783
  1035    783
  1036    783
  1037    783
  1038    783
  1039    783
  1027    784
  1028    784
  1029    784
  1030    784
  1031    784
  1032    784
  1033    784
  1034    784
  1035    784
  1036    784
  1037    784
  1038    784
  1025    785
  1026    785
  1027    785
  1028    785
  1029    785
  1030    785
  1031    785
  1032    785
  1033    785
  1034    785
  1035    785
  1036    785
  1024    786
  1025    786
  1027    786
  1028    786
  1029    786
  1030    786
  1031    786
  1032    786
  1033    786
  1034    786
  1035    786
  1026    787
  1027    787
  1028    787
  1029    787
  1030    787
  1031    787
  1032    787
  1033    787
  1027    788
  1028    788
  1029    788
  1030    788
  1031    788
  1032    788
