  1290    714
  1291    714
  1292    714
  1293    714
  1294    714
  1295    714
  1296    714
  1283    715
  1284    715
  1289    715
  1290    715
  1291    715
  1292    715
  1293    715
  1294    715
  1295    715
  1261    716
  1262    716
  1263    716
  1264    716
  1265    716
  1266    716
  1267    716
  1268    716
  1269    716
  1283    716
  1284    716
  1285    716
  1251    717
  1252    717
  1253    717
  1254    717
  1255    717
  1256    717
  1257    717
  1258    717
  1259    717
  1260    717
  1261    717
  1262    717
  1263    717
  1264    717
  1265    717
  1266    717
  1267    717
  1268    717
  1232    718
  1233    718
  1234    718
  1235    718
  1236    718
  1237    718
  1238    718
  1239    718
  1240    718
  1241    718
  1242    718
  1243    718
  1244    718
  1245    718
  1246    718
  1247    718
  1248    718
  1249    718
  1250    718
  1251    718
  1252    718
  1253    718
  1254    718
  1255    718
  1256    718
  1257    718
  1258    718
  1259    718
  1260    718
  1261    718
  1262    718
  1263    718
  1264    718
  1265    718
  1266    718
  1267    718
  1268    718
  1269    718
  1270    718
  1271    718
  1272    718
  1218    719
  1219    719
  1220    719
  1237    719
  1238    719
  1239    719
  1240    719
  1241    719
  1242    719
  1243    719
  1244    719
  1245    719
  1246    719
  1247    719
  1248    719
  1249    719
  1250    719
  1251    719
  1252    719
  1253    719
  1254    719
  1255    719
  1256    719
  1257    719
  1258    719
  1259    719
  1260    719
  1261    719
  1262    719
  1263    719
  1264    719
  1265    719
  1276    719
  1277    719
  1215    720
  1216    720
  1217    720
  1218    720
  1219    720
  1220    720
  1221    720
  1222    720
  1223    720
  1224    720
  1225    720
  1244    720
  1245    720
  1246    720
  1247    720
  1248    720
  1249    720
  1250    720
  1251    720
  1252    720
  1253    720
  1190    721
  1191    721
  1192    721
  1193    721
  1194    721
  1195    721
  1196    721
  1197    721
  1198    721
  1201    721
  1202    721
  1203    721
  1204    721
  1205    721
  1206    721
  1212    721
  1213    721
  1214    721
  1215    721
  1216    721
  1217    721
  1240    721
  1241    721
  1242    721
  1243    721
  1244    721
  1245    721
  1246    721
  1247    721
  1248    721
  1249    721
  1250    721
  1190    722
  1191    722
  1192    722
  1193    722
  1194    722
  1195    722
  1199    722
  1200    722
  1201    722
  1202    722
  1203    722
  1204    722
  1205    722
  1206    722
  1207    722
  1219    722
  1220    722
  1221    722
  1222    722
  1223    722
  1224    722
  1225    722
  1226    722
  1227    722
  1228    722
  1229    722
  1230    722
  1231    722
  1232    722
  1233    722
  1234    722
  1235    722
  1236    722
  1237    722
  1238    722
  1239    722
  1240    722
  1241    722
  1242    722
  1243    722
  1244    722
  1246    722
  1247    722
  1248    722
  1249    722
  1250    722
  1162    723
  1163    723
  1164    723
  1165    723
  1166    723
  1167    723
  1168    723
  1187    723
  1188    723
  1189    723
  1190    723
  1191    723
  1192    723
  1193    723
  1194    723
  1195    723
  1211    723
  1212    723
  1213    723
  1214    723
  1215    723
  1216    723
  1217    723
  1218    723
  1219    723
  1220    723
  1221    723
  1222    723
  1223    723
  1224    723
  1225    723
  1226    723
  1227    723
  1228    723
  1229    723
  1230    723
  1231    723
  1232    723
  1233    723
  1234    723
  1242    723
  1243    723
  1244    723
  1176    724
  1177    724
  1178    724
  1202    724
  1203    724
  1204    724
  1205    724
  1206    724
  1207    724
  1208    724
  1209    724
  1210    724
  1211    724
  1212    724
  1213    724
  1214    724
  1215    724
  1216    724
  1217    724
  1218    724
  1219    724
  1220    724
  1221    724
  1222    724
  1223    724
  1224    724
  1225    724
  1226    724
  1227    724
  1228    724
  1229    724
  1236    724
  1148    725
  1149    725
  1150    725
  1159    725
  1160    725
  1161    725
  1162    725
  1163    725
  1194    725
  1195    725
  1196    725
  1197    725
  1198    725
  1201    725
  1202    725
  1203    725
  1204    725
  1205    725
  1206    725
  1207    725
  1208    725
  1209    725
  1210    725
  1211    725
  1212    725
  1213    725
  1214    725
  1215    725
  1216    725
  1217    725
  1218    725
  1219    725
  1220    725
  1221    725
  1222    725
  1223    725
  1224    725
  1225    725
  1226    725
  1227    725
  1228    725
  1229    725
  1188    726
  1189    726
  1190    726
  1191    726
  1192    726
  1193    726
  1195    726
  1196    726
  1197    726
  1198    726
  1201    726
  1202    726
  1203    726
  1209    726
  1210    726
  1211    726
  1212    726
  1213    726
  1214    726
  1220    726
  1221    726
  1222    726
  1190    727
  1191    727
  1192    727
  1193    727
  1194    727
  1195    727
  1196    727
  1197    727
  1214    727
  1215    727
  1185    728
  1186    728
  1187    728
  1188    728
  1189    728
  1190    728
  1191    728
  1192    728
  1193    728
  1166    729
  1167    729
  1168    729
  1169    729
  1172    729
  1173    729
  1174    729
  1175    729
  1176    729
  1180    729
  1181    729
  1182    729
  1183    729
  1184    729
  1185    729
  1186    729
  1187    729
  1188    729
  1189    729
  1193    729
  1194    729
  1195    729
  1161    730
  1162    730
  1163    730
  1164    730
  1165    730
  1166    730
  1167    730
  1168    730
  1169    730
  1170    730
  1171    730
  1174    730
  1175    730
  1176    730
  1177    730
  1178    730
  1179    730
  1180    730
  1181    730
  1182    730
  1183    730
  1188    730
  1189    730
  1190    730
  1154    731
  1155    731
  1156    731
  1157    731
  1158    731
  1159    731
  1160    731
  1161    731
  1162    731
  1163    731
  1164    731
  1168    731
  1169    731
  1170    731
  1171    731
  1172    731
  1173    731
  1174    731
  1175    731
  1176    731
  1182    731
  1183    731
  1184    731
  1185    731
  1186    731
  1187    731
  1188    731
  1189    731
  1190    731
  1191    731
  1148    732
  1149    732
  1150    732
  1151    732
  1152    732
  1153    732
  1154    732
  1155    732
  1156    732
  1157    732
  1158    732
  1163    732
  1164    732
  1165    732
  1166    732
  1167    732
  1168    732
  1169    732
  1170    732
  1176    732
  1177    732
  1178    732
  1179    732
  1182    732
  1183    732
  1184    732
  1142    733
  1143    733
  1144    733
  1145    733
  1146    733
  1147    733
  1148    733
  1149    733
  1150    733
  1151    733
  1152    733
  1153    733
  1158    733
  1159    733
  1160    733
  1161    733
  1162    733
  1163    733
  1164    733
  1165    733
  1166    733
  1171    733
  1172    733
  1173    733
  1178    733
  1179    733
  1136    734
  1137    734
  1138    734
  1139    734
  1140    734
  1141    734
  1142    734
  1143    734
  1144    734
  1145    734
  1146    734
  1152    734
  1153    734
  1154    734
  1158    734
  1159    734
  1166    734
  1167    734
  1168    734
  1169    734
  1173    734
  1174    734
  1131    735
  1132    735
  1133    735
  1134    735
  1135    735
  1136    735
  1137    735
  1138    735
  1139    735
  1140    735
  1141    735
  1146    735
  1147    735
  1148    735
  1149    735
  1150    735
  1160    735
  1161    735
  1162    735
  1163    735
  1167    735
  1168    735
  1169    735
  1170    735
  1131    736
  1132    736
  1133    736
  1134    736
  1135    736
  1136    736
  1142    736
  1143    736
  1144    736
  1145    736
  1146    736
  1163    736
  1164    736
  1137    737
  1138    737
  1139    737
  1140    737
  1141    737
  1142    737
  1143    737
  1144    737
  1145    737
  1131    738
  1132    738
  1133    738
  1134    738
  1135    738
  1136    738
  1137    738
  1138    738
  1139    738
  1140    738
  1141    738
  1112    739
  1113    739
  1114    739
  1115    739
  1116    739
  1117    739
  1118    739
  1119    739
  1120    739
  1121    739
  1122    739
  1127    739
  1128    739
  1129    739
  1130    739
  1131    739
  1132    739
  1133    739
  1134    739
  1135    739
  1136    739
  1142    739
  1143    739
  1144    739
  1145    739
  1146    739
  1108    740
  1109    740
  1110    740
  1111    740
  1112    740
  1113    740
  1114    740
  1115    740
  1116    740
  1117    740
  1123    740
  1124    740
  1125    740
  1127    740
  1128    740
  1129    740
  1130    740
  1131    740
  1137    740
  1138    740
  1139    740
  1140    740
  1141    740
  1104    741
  1105    741
  1106    741
  1107    741
  1108    741
  1109    741
  1110    741
  1111    741
  1112    741
  1113    741
  1119    741
  1120    741
  1121    741
  1122    741
  1123    741
  1124    741
  1125    741
  1126    741
  1127    741
  1128    741
  1134    741
  1135    741
  1136    741
  1137    741
  1139    741
  1140    741
  1141    741
  1142    741
  1143    741
  1100    742
  1101    742
  1102    742
  1103    742
  1104    742
  1105    742
  1106    742
  1107    742
  1108    742
  1109    742
  1115    742
  1116    742
  1117    742
  1118    742
  1119    742
  1120    742
  1121    742
  1122    742
  1123    742
  1130    742
  1131    742
  1132    742
  1133    742
  1134    742
  1135    742
  1136    742
  1137    742
  1138    742
  1139    742
  1095    743
  1096    743
  1097    743
  1098    743
  1099    743
  1100    743
  1101    743
  1102    743
  1103    743
  1104    743
  1105    743
  1106    743
  1111    743
  1112    743
  1113    743
  1114    743
  1115    743
  1116    743
  1117    743
  1118    743
  1119    743
  1120    743
  1125    743
  1126    743
  1127    743
  1128    743
  1129    743
  1130    743
  1131    743
  1132    743
  1133    743
  1134    743
  1135    743
  1092    744
  1093    744
  1094    744
  1095    744
  1096    744
  1097    744
  1098    744
  1099    744
  1100    744
  1101    744
  1102    744
  1107    744
  1108    744
  1109    744
  1110    744
  1112    744
  1113    744
  1114    744
  1115    744
  1116    744
  1122    744
  1123    744
  1124    744
  1125    744
  1126    744
  1127    744
  1128    744
  1129    744
  1130    744
  1131    744
  1132    744
  1088    745
  1089    745
  1090    745
  1091    745
  1092    745
  1093    745
  1094    745
  1095    745
  1096    745
  1097    745
  1098    745
  1104    745
  1105    745
  1106    745
  1107    745
  1110    745
  1111    745
  1112    745
  1119    745
  1120    745
  1121    745
  1122    745
  1126    745
  1127    745
  1128    745
  1084    746
  1085    746
  1086    746
  1087    746
  1088    746
  1089    746
  1090    746
  1091    746
  1092    746
  1093    746
  1094    746
  1100    746
  1101    746
  1102    746
  1103    746
  1104    746
  1107    746
  1108    746
  1109    746
  1116    746
  1117    746
  1118    746
  1119    746
  1120    746
  1123    746
  1124    746
  1125    746
  1080    747
  1081    747
  1082    747
  1085    747
  1086    747
  1087    747
  1088    747
  1089    747
  1090    747
  1091    747
  1097    747
  1098    747
  1099    747
  1100    747
  1104    747
  1105    747
  1106    747
  1113    747
  1114    747
  1115    747
  1116    747
  1117    747
  1118    747
  1119    747
  1120    747
  1121    747
  1122    747
  1082    748
  1083    748
  1084    748
  1085    748
  1086    748
  1087    748
  1094    748
  1095    748
  1096    748
  1097    748
  1098    748
  1100    748
  1101    748
  1102    748
  1116    748
  1117    748
  1118    748
  1119    748
  1091    749
  1092    749
  1093    749
  1094    749
  1095    749
  1096    749
  1097    749
  1098    749
  1099    749
  1113    749
  1114    749
  1115    749
  1087    750
  1088    750
  1089    750
  1090    750
  1091    750
  1092    750
  1093    750
  1094    750
  1095    750
  1096    750
  1084    751
  1085    751
  1086    751
  1087    751
  1088    751
  1089    751
  1090    751
  1091    751
  1092    751
  1065    752
  1066    752
  1067    752
  1068    752
  1069    752
  1070    752
  1071    752
  1072    752
  1081    752
  1082    752
  1083    752
  1084    752
  1085    752
  1086    752
  1087    752
  1088    752
  1089    752
  1090    752
  1091    752
  1062    753
  1063    753
  1064    753
  1065    753
  1066    753
  1067    753
  1068    753
  1069    753
  1070    753
  1071    753
  1072    753
  1078    753
  1079    753
  1080    753
  1081    753
  1082    753
  1083    753
  1084    753
  1085    753
  1086    753
  1087    753
  1094    753
  1095    753
  1096    753
  1097    753
  1098    753
  1058    754
  1059    754
  1060    754
  1061    754
  1062    754
  1063    754
  1064    754
  1065    754
  1066    754
  1067    754
  1068    754
  1075    754
  1076    754
  1077    754
  1078    754
  1079    754
  1080    754
  1081    754
  1082    754
  1083    754
  1084    754
  1091    754
  1092    754
  1093    754
  1094    754
  1095    754
  1096    754
  1100    754
  1101    754
  1054    755
  1055    755
  1056    755
  1057    755
  1058    755
  1059    755
  1060    755
  1061    755
  1062    755
  1063    755
  1064    755
  1065    755
  1072    755
  1073    755
  1074    755
  1075    755
  1077    755
  1078    755
  1079    755
  1080    755
  1081    755
  1088    755
  1089    755
  1090    755
  1091    755
  1092    755
  1093    755
  1094    755
  1095    755
  1096    755
  1097    755
  1098    755
  1051    756
  1052    756
  1053    756
  1054    756
  1055    756
  1056    756
  1057    756
  1058    756
  1059    756
  1060    756
  1061    756
  1069    756
  1070    756
  1071    756
  1072    756
  1076    756
  1077    756
  1078    756
  1079    756
  1086    756
  1087    756
  1088    756
  1089    756
  1090    756
  1091    756
  1092    756
  1093    756
  1094    756
  1095    756
  1048    757
  1049    757
  1050    757
  1051    757
  1052    757
  1053    757
  1054    757
  1055    757
  1056    757
  1057    757
  1058    757
  1059    757
  1067    757
  1068    757
  1069    757
  1070    757
  1071    757
  1073    757
  1074    757
  1075    757
  1076    757
  1082    757
  1083    757
  1084    757
  1085    757
  1086    757
  1087    757
  1088    757
  1089    757
  1090    757
  1091    757
  1092    757
  1093    757
  1045    758
  1046    758
  1047    758
  1048    758
  1049    758
  1050    758
  1051    758
  1052    758
  1053    758
  1054    758
  1055    758
  1064    758
  1065    758
  1066    758
  1067    758
  1068    758
  1069    758
  1070    758
  1071    758
  1072    758
  1073    758
  1080    758
  1081    758
  1082    758
  1083    758
  1084    758
  1085    758
  1086    758
  1087    758
  1088    758
  1089    758
  1090    758
  1042    759
  1043    759
  1044    759
  1045    759
  1046    759
  1047    759
  1048    759
  1049    759
  1050    759
  1051    759
  1052    759
  1053    759
  1061    759
  1062    759
  1063    759
  1064    759
  1065    759
  1066    759
  1067    759
  1068    759
  1069    759
  1070    759
  1071    759
  1078    759
  1079    759
  1080    759
  1081    759
  1082    759
  1083    759
  1084    759
  1085    759
  1086    759
  1087    759
  1088    759
  1039    760
  1040    760
  1041    760
  1042    760
  1043    760
  1044    760
  1045    760
  1046    760
  1047    760
  1048    760
  1049    760
  1050    760
  1058    760
  1059    760
  1060    760
  1061    760
  1062    760
  1064    760
  1065    760
  1066    760
  1067    760
  1068    760
  1075    760
  1076    760
  1077    760
  1078    760
  1079    760
  1080    760
  1081    760
  1083    760
  1084    760
  1085    760
  1086    760
  1037    761
  1038    761
  1039    761
  1040    761
  1041    761
  1042    761
  1043    761
  1044    761
  1045    761
  1046    761
  1047    761
  1056    761
  1057    761
  1058    761
  1059    761
  1060    761
  1063    761
  1064    761
  1065    761
  1073    761
  1074    761
  1075    761
  1076    761
  1077    761
  1078    761
  1079    761
  1081    761
  1082    761
  1083    761
  1034    762
  1035    762
  1036    762
  1037    762
  1038    762
  1039    762
  1040    762
  1041    762
  1042    762
  1043    762
  1044    762
  1045    762
  1053    762
  1054    762
  1055    762
  1056    762
  1057    762
  1062    762
  1063    762
  1070    762
  1071    762
  1072    762
  1073    762
  1074    762
  1075    762
  1076    762
  1077    762
  1079    762
  1080    762
  1081    762
  1032    763
  1033    763
  1034    763
  1035    763
  1036    763
  1037    763
  1038    763
  1039    763
  1040    763
  1041    763
  1042    763
  1051    763
  1052    763
  1053    763
  1068    763
  1069    763
  1070    763
  1071    763
  1072    763
  1073    763
  1076    763
  1077    763
  1078    763
  1035    764
  1036    764
  1037    764
  1038    764
  1039    764
  1048    764
  1049    764
  1050    764
  1051    764
  1071    764
  1074    764
  1075    764
  1076    764
  1034    765
  1035    765
  1036    765
  1037    765
  1046    765
  1047    765
  1048    765
  1049    765
  1050    765
  1054    765
  1073    765
  1074    765
  1044    766
  1045    766
  1046    766
  1047    766
  1048    766
  1049    766
  1052    766
  1053    766
  1041    767
  1042    767
  1043    767
  1044    767
  1045    767
  1046    767
  1047    767
  1048    767
  1049    767
  1050    767
  1051    767
  1039    768
  1040    768
  1041    768
  1042    768
  1043    768
  1044    768
  1045    768
  1046    768
  1047    768
  1048    768
  1036    769
  1037    769
  1038    769
  1039    769
  1040    769
  1041    769
  1042    769
  1043    769
  1044    769
  1045    769
  1046    769
  1034    770
  1035    770
  1036    770
  1037    770
  1038    770
  1039    770
  1040    770
  1041    770
  1042    770
  1043    770
  1044    770
  1011    771
  1012    771
  1013    771
  1014    771
  1033    771
  1034    771
  1035    771
  1036    771
  1037    771
  1038    771
  1039    771
  1040    771
  1041    771
  1042    771
  1051    771
  1052    771
  1053    771
  1054    771
  1055    771
  1056    771
  1057    771
  1008    772
  1009    772
  1010    772
  1011    772
  1012    772
  1013    772
  1014    772
  1015    772
  1030    772
  1031    772
  1032    772
  1033    772
  1034    772
  1035    772
  1036    772
  1037    772
  1038    772
  1039    772
  1040    772
  1049    772
  1050    772
  1051    772
  1052    772
  1053    772
  1054    772
  1055    772
  1056    772
  1006    773
  1007    773
  1008    773
  1009    773
  1010    773
  1011    773
  1012    773
  1013    773
  1014    773
  1028    773
  1029    773
  1030    773
  1031    773
  1032    773
  1033    773
  1034    773
  1035    773
  1036    773
  1037    773
  1038    773
  1047    773
  1048    773
  1049    773
  1050    773
  1051    773
  1052    773
  1053    773
  1054    773
  1055    773
  1056    773
  1004    774
  1005    774
  1006    774
  1007    774
  1008    774
  1009    774
  1010    774
  1011    774
  1012    774
  1013    774
  1014    774
  1015    774
  1026    774
  1027    774
  1028    774
  1029    774
  1030    774
  1031    774
  1032    774
  1033    774
  1034    774
  1035    774
  1036    774
  1045    774
  1046    774
  1047    774
  1048    774
  1049    774
  1050    774
  1051    774
  1052    774
  1053    774
  1054    774
  1055    774
  1056    774
  1002    775
  1003    775
  1004    775
  1005    775
  1006    775
  1007    775
  1008    775
  1009    775
  1010    775
  1011    775
  1012    775
  1013    775
  1024    775
  1025    775
  1026    775
  1027    775
  1028    775
  1029    775
  1030    775
  1031    775
  1032    775
  1033    775
  1034    775
  1044    775
  1045    775
  1046    775
  1047    775
  1048    775
  1049    775
  1050    775
  1051    775
  1052    775
  1053    775
  1054    775
  1055    775
   999    776
  1000    776
  1001    776
  1002    776
  1003    776
  1004    776
  1005    776
  1006    776
  1007    776
  1008    776
  1009    776
  1010    776
  1011    776
  1022    776
  1023    776
  1024    776
  1025    776
  1026    776
  1027    776
  1028    776
  1029    776
  1030    776
  1031    776
  1032    776
  1042    776
  1043    776
  1044    776
  1045    776
  1046    776
  1047    776
  1048    776
  1049    776
  1050    776
  1051    776
  1052    776
  1053    776
   997    777
   998    777
   999    777
  1000    777
  1001    777
  1002    777
  1003    777
  1004    777
  1005    777
  1006    777
  1007    777
  1008    777
  1009    777
  1020    777
  1021    777
  1022    777
  1023    777
  1024    777
  1025    777
  1026    777
  1027    777
  1028    777
  1029    777
  1030    777
  1040    777
  1041    777
  1042    777
  1043    777
  1044    777
  1045    777
  1046    777
  1047    777
  1048    777
  1049    777
  1050    777
  1051    777
  1052    777
   995    778
   996    778
   997    778
   998    778
   999    778
  1000    778
  1001    778
  1002    778
  1003    778
  1004    778
  1005    778
  1006    778
  1007    778
  1018    778
  1019    778
  1020    778
  1021    778
  1022    778
  1023    778
  1024    778
  1025    778
  1026    778
  1027    778
  1028    778
  1039    778
  1040    778
  1041    778
  1042    778
  1043    778
  1044    778
  1045    778
  1046    778
  1047    778
  1048    778
  1049    778
  1050    778
   994    779
   995    779
   996    779
   997    779
   998    779
   999    779
  1000    779
  1001    779
  1002    779
  1003    779
  1004    779
  1016    779
  1017    779
  1018    779
  1019    779
  1020    779
  1021    779
  1022    779
  1023    779
  1024    779
  1025    779
  1026    779
  1037    779
  1038    779
  1039    779
  1040    779
  1041    779
  1042    779
  1043    779
  1044    779
  1045    779
  1046    779
  1047    779
  1048    779
  1049    779
   992    780
   993    780
   994    780
   995    780
   996    780
   997    780
   998    780
   999    780
  1000    780
  1001    780
  1002    780
  1003    780
  1015    780
  1016    780
  1017    780
  1018    780
  1019    780
  1020    780
  1021    780
  1022    780
  1023    780
  1024    780
  1025    780
  1035    780
  1036    780
  1037    780
  1038    780
  1039    780
  1040    780
  1041    780
  1042    780
  1043    780
  1044    780
  1045    780
  1046    780
  1047    780
   990    781
   991    781
   992    781
   993    781
   994    781
   995    781
   996    781
   997    781
   998    781
   999    781
  1000    781
  1001    781
  1013    781
  1014    781
  1015    781
  1016    781
  1017    781
  1018    781
  1019    781
  1020    781
  1021    781
  1022    781
  1023    781
  1034    781
  1035    781
  1036    781
  1037    781
  1038    781
  1039    781
  1040    781
  1041    781
  1042    781
  1043    781
  1044    781
   988    782
   989    782
   990    782
   991    782
   992    782
   993    782
   994    782
   995    782
   996    782
   997    782
   998    782
   999    782
  1011    782
  1012    782
  1013    782
  1014    782
  1015    782
  1016    782
  1017    782
  1018    782
  1019    782
  1020    782
  1021    782
  1033    782
  1034    782
  1035    782
  1036    782
  1037    782
  1038    782
  1039    782
  1040    782
  1041    782
  1042    782
  1043    782
   986    783
   987    783
   988    783
   989    783
   990    783
   991    783
   992    783
   993    783
   994    783
   995    783
   996    783
   997    783
   998    783
  1009    783
  1010    783
  1011    783
  1012    783
  1013    783
  1014    783
  1015    783
  1016    783
  1017    783
  1018    783
  1019    783
  1031    783
  1032    783
  1033    783
  1034    783
  1035    783
  1036    783
  1037    783
  1038    783
  1039    783
  1040    783
  1041    783
  1042    783
   984    784
   985    784
   986    784
   987    784
   988    784
   989    784
   990    784
   991    784
   992    784
   993    784
   994    784
   995    784
   996    784
   997    784
  1008    784
  1009    784
  1010    784
  1011    784
  1012    784
  1013    784
  1014    784
  1015    784
  1016    784
  1017    784
  1018    784
  1030    784
  1031    784
  1032    784
  1033    784
  1034    784
  1035    784
  1036    784
  1037    784
  1038    784
  1039    784
  1040    784
   983    785
   984    785
   985    785
   986    785
   987    785
   988    785
   989    785
   990    785
   991    785
   992    785
   993    785
   994    785
   995    785
  1006    785
  1007    785
  1008    785
  1009    785
  1010    785
  1011    785
  1012    785
  1013    785
  1014    785
  1015    785
  1016    785
  1017    785
  1029    785
  1030    785
  1031    785
  1032    785
  1033    785
  1034    785
  1035    785
  1036    785
  1037    785
  1038    785
  1039    785
  1040    785
   981    786
   982    786
   983    786
   984    786
   985    786
   986    786
   987    786
   988    786
   989    786
   990    786
   991    786
   992    786
   993    786
  1005    786
  1006    786
  1007    786
  1008    786
  1009    786
  1010    786
  1011    786
  1012    786
  1013    786
  1014    786
  1015    786
  1027    786
  1028    786
  1029    786
  1030    786
  1031    786
  1032    786
  1033    786
  1034    786
  1035    786
  1036    786
  1037    786
  1038    786
  1039    786
   980    787
   981    787
   982    787
   983    787
   984    787
   985    787
   986    787
   987    787
   988    787
   989    787
   990    787
   991    787
   992    787
  1003    787
  1004    787
  1005    787
  1006    787
  1007    787
  1008    787
  1009    787
  1010    787
  1011    787
  1012    787
  1013    787
  1014    787
  1026    787
  1027    787
  1028    787
  1029    787
  1030    787
  1031    787
  1032    787
  1033    787
  1034    787
  1035    787
  1036    787
  1037    787
  1038    787
   978    788
   979    788
   980    788
   981    788
   982    788
   983    788
   984    788
   985    788
   986    788
   987    788
   988    788
   989    788
   990    788
   991    788
  1002    788
  1003    788
  1004    788
  1005    788
  1006    788
  1007    788
  1008    788
  1009    788
  1010    788
  1011    788
  1012    788
  1013    788
  1025    788
  1026    788
  1027    788
  1029    788
  1030    788
  1031    788
  1032    788
  1033    788
  1034    788
  1035    788
  1036    788
   977    789
   978    789
   979    789
   980    789
   981    789
   982    789
   983    789
   984    789
   985    789
   986    789
   987    789
   988    789
   989    789
  1000    789
  1001    789
  1002    789
  1003    789
  1004    789
  1005    789
  1006    789
  1007    789
  1008    789
  1009    789
  1010    789
  1011    789
  1024    789
  1025    789
  1026    789
  1027    789
  1028    789
  1029    789
  1030    789
  1031    789
  1032    789
  1033    789
  1034    789
  1035    789
   979    790
   980    790
   981    790
   982    790
   983    790
   984    790
   985    790
   986    790
   987    790
   988    790
   999    790
  1000    790
  1001    790
  1002    790
  1003    790
  1004    790
  1005    790
  1006    790
  1007    790
  1008    790
  1009    790
  1029    790
  1030    790
  1031    790
  1032    790
  1033    790
  1034    790
   998    791
   999    791
  1000    791
  1001    791
  1002    791
  1003    791
  1004    791
  1005    791
  1006    791
  1007    791
  1008    791
  1032    791
   997    792
   998    792
   999    792
  1000    792
  1001    792
  1002    792
  1003    792
  1004    792
  1005    792
  1006    792
  1007    792
