  1286    714
  1287    714
  1288    714
  1262    715
  1263    715
  1264    715
  1279    715
  1280    715
  1281    715
  1282    715
  1283    715
  1284    715
  1248    716
  1249    716
  1250    716
  1251    716
  1252    716
  1253    716
  1254    716
  1255    716
  1256    716
  1257    716
  1258    716
  1259    716
  1260    716
  1261    716
  1262    716
  1263    716
  1264    716
  1265    716
  1267    716
  1268    716
  1292    716
  1232    717
  1233    717
  1234    717
  1235    717
  1236    717
  1237    717
  1238    717
  1239    717
  1240    717
  1241    717
  1242    717
  1243    717
  1244    717
  1245    717
  1246    717
  1247    717
  1248    717
  1249    717
  1250    717
  1251    717
  1252    717
  1254    717
  1255    717
  1256    717
  1257    717
  1258    717
  1259    717
  1260    717
  1261    717
  1262    717
  1263    717
  1264    717
  1267    717
  1268    717
  1282    717
  1217    718
  1218    718
  1219    718
  1220    718
  1221    718
  1222    718
  1226    718
  1227    718
  1228    718
  1230    718
  1231    718
  1233    718
  1234    718
  1235    718
  1236    718
  1237    718
  1238    718
  1239    718
  1240    718
  1241    718
  1242    718
  1243    718
  1244    718
  1245    718
  1246    718
  1247    718
  1248    718
  1249    718
  1250    718
  1251    718
  1252    718
  1253    718
  1254    718
  1255    718
  1256    718
  1257    718
  1258    718
  1259    718
  1260    718
  1261    718
  1262    718
  1263    718
  1211    719
  1212    719
  1213    719
  1221    719
  1222    719
  1223    719
  1224    719
  1225    719
  1226    719
  1227    719
  1228    719
  1229    719
  1230    719
  1231    719
  1232    719
  1233    719
  1234    719
  1235    719
  1236    719
  1237    719
  1238    719
  1239    719
  1240    719
  1241    719
  1242    719
  1243    719
  1244    719
  1245    719
  1246    719
  1247    719
  1248    719
  1249    719
  1250    719
  1251    719
  1252    719
  1253    719
  1254    719
  1255    719
  1256    719
  1257    719
  1258    719
  1259    719
  1264    719
  1265    719
  1266    719
  1189    720
  1200    720
  1201    720
  1202    720
  1203    720
  1208    720
  1209    720
  1210    720
  1211    720
  1212    720
  1213    720
  1239    720
  1240    720
  1241    720
  1242    720
  1243    720
  1244    720
  1245    720
  1246    720
  1247    720
  1176    721
  1177    721
  1178    721
  1179    721
  1180    721
  1181    721
  1182    721
  1183    721
  1184    721
  1185    721
  1186    721
  1187    721
  1188    721
  1189    721
  1190    721
  1191    721
  1192    721
  1193    721
  1194    721
  1195    721
  1196    721
  1200    721
  1201    721
  1202    721
  1203    721
  1204    721
  1205    721
  1206    721
  1207    721
  1208    721
  1216    721
  1217    721
  1218    721
  1219    721
  1220    721
  1221    721
  1222    721
  1223    721
  1224    721
  1225    721
  1226    721
  1227    721
  1228    721
  1229    721
  1230    721
  1231    721
  1232    721
  1233    721
  1234    721
  1235    721
  1236    721
  1237    721
  1238    721
  1239    721
  1240    721
  1243    721
  1244    721
  1188    722
  1189    722
  1190    722
  1191    722
  1192    722
  1193    722
  1194    722
  1195    722
  1209    722
  1210    722
  1211    722
  1212    722
  1213    722
  1214    722
  1215    722
  1216    722
  1217    722
  1218    722
  1219    722
  1220    722
  1221    722
  1222    722
  1223    722
  1224    722
  1239    722
  1240    722
  1241    722
  1180    723
  1197    723
  1198    723
  1199    723
  1200    723
  1201    723
  1202    723
  1203    723
  1204    723
  1205    723
  1206    723
  1207    723
  1208    723
  1209    723
  1210    723
  1211    723
  1212    723
  1213    723
  1214    723
  1215    723
  1216    723
  1217    723
  1218    723
  1219    723
  1220    723
  1221    723
  1222    723
  1223    723
  1224    723
  1232    723
  1233    723
  1234    723
  1191    724
  1192    724
  1193    724
  1194    724
  1195    724
  1196    724
  1197    724
  1198    724
  1199    724
  1200    724
  1201    724
  1202    724
  1203    724
  1204    724
  1205    724
  1206    724
  1207    724
  1208    724
  1209    724
  1210    724
  1211    724
  1212    724
  1213    724
  1214    724
  1215    724
  1216    724
  1217    724
  1226    724
  1183    725
  1184    725
  1185    725
  1186    725
  1193    725
  1194    725
  1195    725
  1196    725
  1197    725
  1198    725
  1199    725
  1200    725
  1204    725
  1205    725
  1206    725
  1207    725
  1208    725
  1209    725
  1210    725
  1211    725
  1212    725
  1213    725
  1217    725
  1218    725
  1184    726
  1185    726
  1186    726
  1187    726
  1188    726
  1189    726
  1190    726
  1191    726
  1197    726
  1198    726
  1199    726
  1200    726
  1204    726
  1205    726
  1210    726
  1211    726
  1181    727
  1182    727
  1183    727
  1184    727
  1185    727
  1186    727
  1187    727
  1188    727
  1189    727
  1163    728
  1164    728
  1165    728
  1166    728
  1167    728
  1168    728
  1169    728
  1170    728
  1171    728
  1175    728
  1176    728
  1177    728
  1178    728
  1179    728
  1180    728
  1181    728
  1182    728
  1183    728
  1184    728
  1158    729
  1159    729
  1160    729
  1161    729
  1162    729
  1163    729
  1164    729
  1165    729
  1166    729
  1167    729
  1170    729
  1171    729
  1172    729
  1175    729
  1176    729
  1177    729
  1178    729
  1182    729
  1183    729
  1184    729
  1185    729
  1186    729
  1149    730
  1150    730
  1151    730
  1152    730
  1153    730
  1154    730
  1155    730
  1156    730
  1157    730
  1158    730
  1159    730
  1160    730
  1161    730
  1162    730
  1163    730
  1164    730
  1165    730
  1166    730
  1167    730
  1168    730
  1169    730
  1170    730
  1171    730
  1172    730
  1173    730
  1177    730
  1178    730
  1179    730
  1180    730
  1184    730
  1185    730
  1186    730
  1187    730
  1143    731
  1144    731
  1145    731
  1146    731
  1147    731
  1151    731
  1152    731
  1153    731
  1158    731
  1159    731
  1160    731
  1161    731
  1162    731
  1163    731
  1164    731
  1165    731
  1170    731
  1171    731
  1172    731
  1176    731
  1177    731
  1178    731
  1179    731
  1180    731
  1137    732
  1138    732
  1139    732
  1140    732
  1141    732
  1142    732
  1143    732
  1144    732
  1145    732
  1146    732
  1147    732
  1152    732
  1153    732
  1154    732
  1155    732
  1156    732
  1157    732
  1158    732
  1159    732
  1160    732
  1161    732
  1165    732
  1166    732
  1167    732
  1168    732
  1173    732
  1131    733
  1132    733
  1133    733
  1134    733
  1135    733
  1136    733
  1137    733
  1138    733
  1139    733
  1140    733
  1141    733
  1142    733
  1147    733
  1148    733
  1149    733
  1152    733
  1153    733
  1154    733
  1155    733
  1160    733
  1161    733
  1162    733
  1163    733
  1167    733
  1168    733
  1169    733
  1126    734
  1127    734
  1128    734
  1129    734
  1130    734
  1131    734
  1132    734
  1133    734
  1134    734
  1135    734
  1141    734
  1142    734
  1143    734
  1144    734
  1155    734
  1156    734
  1157    734
  1158    734
  1162    734
  1163    734
  1164    734
  1136    735
  1137    735
  1138    735
  1139    735
  1157    735
  1158    735
  1159    735
  1132    736
  1133    736
  1134    736
  1135    736
  1136    736
  1137    736
  1138    736
  1139    736
  1140    736
  1111    737
  1112    737
  1113    737
  1114    737
  1115    737
  1116    737
  1126    737
  1127    737
  1128    737
  1129    737
  1130    737
  1131    737
  1132    737
  1133    737
  1134    737
  1135    737
  1107    738
  1108    738
  1109    738
  1110    738
  1112    738
  1113    738
  1114    738
  1115    738
  1116    738
  1117    738
  1121    738
  1122    738
  1123    738
  1124    738
  1125    738
  1126    738
  1127    738
  1128    738
  1129    738
  1130    738
  1135    738
  1136    738
  1137    738
  1138    738
  1139    738
  1140    738
  1102    739
  1103    739
  1104    739
  1105    739
  1106    739
  1107    739
  1108    739
  1109    739
  1110    739
  1111    739
  1117    739
  1118    739
  1119    739
  1120    739
  1121    739
  1122    739
  1123    739
  1124    739
  1125    739
  1131    739
  1132    739
  1133    739
  1134    739
  1135    739
  1097    740
  1098    740
  1099    740
  1100    740
  1101    740
  1102    740
  1103    740
  1104    740
  1105    740
  1106    740
  1107    740
  1112    740
  1113    740
  1114    740
  1115    740
  1116    740
  1117    740
  1118    740
  1119    740
  1120    740
  1121    740
  1127    740
  1128    740
  1129    740
  1134    740
  1135    740
  1136    740
  1094    741
  1095    741
  1096    741
  1097    741
  1098    741
  1099    741
  1100    741
  1101    741
  1102    741
  1103    741
  1104    741
  1109    741
  1110    741
  1111    741
  1112    741
  1113    741
  1114    741
  1115    741
  1116    741
  1117    741
  1123    741
  1124    741
  1125    741
  1126    741
  1130    741
  1131    741
  1132    741
  1090    742
  1091    742
  1092    742
  1093    742
  1094    742
  1095    742
  1096    742
  1097    742
  1098    742
  1099    742
  1105    742
  1106    742
  1107    742
  1108    742
  1109    742
  1110    742
  1111    742
  1112    742
  1113    742
  1119    742
  1120    742
  1121    742
  1122    742
  1123    742
  1127    742
  1128    742
  1129    742
  1085    743
  1086    743
  1087    743
  1088    743
  1089    743
  1090    743
  1091    743
  1092    743
  1093    743
  1094    743
  1095    743
  1100    743
  1101    743
  1102    743
  1103    743
  1104    743
  1106    743
  1107    743
  1108    743
  1109    743
  1110    743
  1116    743
  1117    743
  1118    743
  1119    743
  1120    743
  1122    743
  1123    743
  1124    743
  1082    744
  1083    744
  1084    744
  1085    744
  1086    744
  1087    744
  1088    744
  1089    744
  1090    744
  1091    744
  1092    744
  1098    744
  1099    744
  1100    744
  1105    744
  1106    744
  1112    744
  1113    744
  1114    744
  1115    744
  1120    744
  1121    744
  1077    745
  1078    745
  1079    745
  1080    745
  1081    745
  1082    745
  1083    745
  1084    745
  1085    745
  1086    745
  1087    745
  1088    745
  1094    745
  1095    745
  1096    745
  1109    745
  1110    745
  1111    745
  1112    745
  1117    745
  1118    745
  1079    746
  1080    746
  1081    746
  1082    746
  1083    746
  1084    746
  1091    746
  1092    746
  1093    746
  1094    746
  1113    746
  1114    746
  1115    746
  1087    747
  1088    747
  1089    747
  1090    747
  1091    747
  1092    747
  1093    747
  1094    747
  1095    747
  1096    747
  1111    747
  1112    747
  1084    748
  1085    748
  1086    748
  1087    748
  1088    748
  1089    748
  1090    748
  1091    748
  1092    748
  1081    749
  1082    749
  1083    749
  1084    749
  1085    749
  1086    749
  1087    749
  1088    749
  1089    749
  1090    749
  1063    750
  1064    750
  1065    750
  1066    750
  1077    750
  1078    750
  1079    750
  1080    750
  1081    750
  1082    750
  1083    750
  1084    750
  1085    750
  1086    750
  1058    751
  1059    751
  1060    751
  1061    751
  1066    751
  1067    751
  1068    751
  1074    751
  1075    751
  1076    751
  1077    751
  1078    751
  1079    751
  1080    751
  1081    751
  1082    751
  1083    751
  1089    751
  1090    751
  1091    751
  1092    751
  1093    751
  1054    752
  1055    752
  1056    752
  1057    752
  1062    752
  1063    752
  1064    752
  1071    752
  1072    752
  1073    752
  1077    752
  1078    752
  1079    752
  1080    752
  1087    752
  1088    752
  1089    752
  1090    752
  1091    752
  1050    753
  1051    753
  1052    753
  1053    753
  1054    753
  1055    753
  1056    753
  1058    753
  1059    753
  1060    753
  1061    753
  1068    753
  1069    753
  1070    753
  1071    753
  1072    753
  1073    753
  1074    753
  1075    753
  1076    753
  1077    753
  1083    753
  1084    753
  1085    753
  1086    753
  1087    753
  1088    753
  1089    753
  1090    753
  1091    753
  1092    753
  1093    753
  1094    753
  1048    754
  1049    754
  1050    754
  1051    754
  1052    754
  1053    754
  1054    754
  1055    754
  1056    754
  1057    754
  1058    754
  1065    754
  1066    754
  1067    754
  1068    754
  1069    754
  1070    754
  1071    754
  1072    754
  1073    754
  1074    754
  1081    754
  1082    754
  1083    754
  1084    754
  1085    754
  1086    754
  1087    754
  1088    754
  1089    754
  1090    754
  1091    754
  1044    755
  1045    755
  1046    755
  1047    755
  1048    755
  1049    755
  1050    755
  1051    755
  1052    755
  1053    755
  1054    755
  1063    755
  1064    755
  1065    755
  1067    755
  1068    755
  1069    755
  1070    755
  1071    755
  1077    755
  1078    755
  1079    755
  1080    755
  1081    755
  1082    755
  1086    755
  1087    755
  1088    755
  1041    756
  1042    756
  1043    756
  1044    756
  1045    756
  1046    756
  1047    756
  1048    756
  1049    756
  1050    756
  1051    756
  1052    756
  1059    756
  1060    756
  1061    756
  1062    756
  1063    756
  1064    756
  1065    756
  1066    756
  1067    756
  1068    756
  1069    756
  1075    756
  1076    756
  1077    756
  1078    756
  1079    756
  1080    756
  1081    756
  1084    756
  1085    756
  1038    757
  1039    757
  1040    757
  1041    757
  1042    757
  1043    757
  1044    757
  1045    757
  1046    757
  1047    757
  1048    757
  1056    757
  1057    757
  1058    757
  1059    757
  1060    757
  1061    757
  1062    757
  1063    757
  1064    757
  1065    757
  1066    757
  1072    757
  1073    757
  1074    757
  1075    757
  1076    757
  1077    757
  1078    757
  1079    757
  1080    757
  1081    757
  1082    757
  1083    757
  1035    758
  1036    758
  1037    758
  1038    758
  1039    758
  1040    758
  1041    758
  1042    758
  1043    758
  1044    758
  1045    758
  1054    758
  1055    758
  1056    758
  1061    758
  1062    758
  1063    758
  1064    758
  1070    758
  1071    758
  1072    758
  1073    758
  1077    758
  1078    758
  1079    758
  1080    758
  1032    759
  1033    759
  1034    759
  1035    759
  1036    759
  1037    759
  1038    759
  1039    759
  1040    759
  1041    759
  1042    759
  1043    759
  1051    759
  1052    759
  1053    759
  1054    759
  1055    759
  1058    759
  1059    759
  1060    759
  1061    759
  1068    759
  1069    759
  1070    759
  1071    759
  1076    759
  1077    759
  1078    759
  1029    760
  1030    760
  1031    760
  1032    760
  1033    760
  1034    760
  1035    760
  1036    760
  1037    760
  1038    760
  1039    760
  1040    760
  1041    760
  1049    760
  1050    760
  1051    760
  1052    760
  1057    760
  1058    760
  1065    760
  1066    760
  1067    760
  1068    760
  1069    760
  1070    760
  1074    760
  1075    760
  1026    761
  1027    761
  1028    761
  1029    761
  1030    761
  1031    761
  1032    761
  1033    761
  1034    761
  1035    761
  1036    761
  1037    761
  1045    761
  1046    761
  1047    761
  1048    761
  1049    761
  1053    761
  1054    761
  1055    761
  1062    761
  1063    761
  1064    761
  1065    761
  1071    761
  1072    761
  1073    761
  1030    762
  1031    762
  1032    762
  1033    762
  1034    762
  1035    762
  1043    762
  1044    762
  1045    762
  1046    762
  1051    762
  1052    762
  1068    762
  1069    762
  1070    762
  1040    763
  1041    763
  1042    763
  1043    763
  1044    763
  1049    763
  1050    763
  1066    763
  1067    763
  1068    763
  1038    764
  1039    764
  1040    764
  1041    764
  1042    764
  1046    764
  1047    764
  1036    765
  1037    765
  1038    765
  1039    765
  1040    765
  1041    765
  1043    765
  1044    765
  1045    765
  1033    766
  1034    766
  1035    766
  1036    766
  1037    766
  1038    766
  1039    766
  1041    766
  1042    766
  1043    766
  1031    767
  1032    767
  1033    767
  1034    767
  1035    767
  1036    767
  1037    767
  1038    767
  1039    767
  1040    767
  1041    767
  1008    768
  1009    768
  1010    768
  1011    768
  1012    768
  1029    768
  1030    768
  1031    768
  1032    768
  1033    768
  1034    768
  1035    768
  1036    768
  1037    768
  1038    768
  1005    769
  1006    769
  1007    769
  1008    769
  1009    769
  1010    769
  1011    769
  1026    769
  1027    769
  1028    769
  1029    769
  1030    769
  1031    769
  1032    769
  1033    769
  1034    769
  1035    769
  1036    769
  1037    769
  1045    769
  1046    769
  1047    769
  1048    769
  1049    769
  1050    769
  1003    770
  1004    770
  1005    770
  1006    770
  1007    770
  1008    770
  1009    770
  1010    770
  1011    770
  1024    770
  1025    770
  1026    770
  1027    770
  1028    770
  1029    770
  1030    770
  1033    770
  1034    770
  1043    770
  1044    770
  1045    770
  1046    770
  1047    770
  1048    770
  1049    770
  1050    770
  1000    771
  1001    771
  1002    771
  1003    771
  1004    771
  1005    771
  1006    771
  1007    771
  1010    771
  1011    771
  1012    771
  1022    771
  1023    771
  1024    771
  1025    771
  1026    771
  1027    771
  1031    771
  1032    771
  1041    771
  1042    771
  1043    771
  1044    771
  1045    771
  1046    771
  1047    771
  1048    771
  1049    771
  1050    771
  1051    771
  1052    771
   998    772
   999    772
  1000    772
  1001    772
  1002    772
  1003    772
  1004    772
  1005    772
  1006    772
  1009    772
  1020    772
  1021    772
  1022    772
  1023    772
  1024    772
  1025    772
  1026    772
  1027    772
  1028    772
  1029    772
  1030    772
  1039    772
  1040    772
  1041    772
  1042    772
  1043    772
  1044    772
  1045    772
  1046    772
  1047    772
  1048    772
  1049    772
  1050    772
   996    773
   997    773
   998    773
   999    773
  1000    773
  1001    773
  1002    773
  1003    773
  1004    773
  1005    773
  1007    773
  1018    773
  1019    773
  1020    773
  1021    773
  1022    773
  1023    773
  1024    773
  1025    773
  1026    773
  1027    773
  1028    773
  1037    773
  1038    773
  1039    773
  1040    773
  1041    773
  1042    773
  1043    773
  1044    773
  1045    773
  1046    773
  1047    773
  1048    773
   994    774
   995    774
   996    774
   997    774
   998    774
   999    774
  1000    774
  1001    774
  1002    774
  1003    774
  1004    774
  1005    774
  1016    774
  1017    774
  1018    774
  1019    774
  1020    774
  1021    774
  1022    774
  1023    774
  1024    774
  1025    774
  1035    774
  1036    774
  1037    774
  1038    774
  1039    774
  1040    774
  1041    774
  1042    774
  1043    774
  1044    774
  1045    774
  1046    774
  1047    774
   992    775
   993    775
   994    775
   995    775
   996    775
   997    775
   998    775
   999    775
  1000    775
  1001    775
  1002    775
  1003    775
  1014    775
  1015    775
  1016    775
  1017    775
  1018    775
  1019    775
  1020    775
  1021    775
  1022    775
  1023    775
  1024    775
  1034    775
  1035    775
  1036    775
  1037    775
  1038    775
  1039    775
  1040    775
  1041    775
  1042    775
  1043    775
  1044    775
  1045    775
   990    776
   991    776
   992    776
   993    776
   994    776
   995    776
   996    776
   997    776
   998    776
   999    776
  1000    776
  1001    776
  1012    776
  1013    776
  1014    776
  1015    776
  1016    776
  1017    776
  1018    776
  1019    776
  1020    776
  1021    776
  1022    776
  1032    776
  1033    776
  1034    776
  1035    776
  1036    776
  1037    776
  1038    776
  1039    776
  1040    776
  1041    776
  1042    776
  1043    776
  1044    776
   988    777
   989    777
   990    777
   991    777
   992    777
   993    777
   994    777
   995    777
   996    777
   997    777
   998    777
   999    777
  1010    777
  1011    777
  1012    777
  1013    777
  1014    777
  1015    777
  1016    777
  1017    777
  1018    777
  1019    777
  1020    777
  1030    777
  1031    777
  1032    777
  1033    777
  1034    777
  1035    777
  1036    777
  1037    777
  1038    777
  1039    777
  1040    777
   986    778
   987    778
   988    778
   989    778
   990    778
   991    778
   992    778
   993    778
   994    778
   995    778
   996    778
  1008    778
  1009    778
  1010    778
  1011    778
  1012    778
  1013    778
  1014    778
  1015    778
  1016    778
  1017    778
  1018    778
  1029    778
  1030    778
  1031    778
  1032    778
  1033    778
  1034    778
  1035    778
  1036    778
  1037    778
  1038    778
   984    779
   985    779
   986    779
   987    779
   988    779
   989    779
   990    779
   991    779
   992    779
   993    779
   994    779
   995    779
   996    779
  1007    779
  1008    779
  1009    779
  1010    779
  1011    779
  1012    779
  1013    779
  1014    779
  1015    779
  1016    779
  1017    779
  1028    779
  1029    779
  1030    779
  1031    779
  1032    779
  1033    779
  1034    779
  1035    779
  1036    779
  1037    779
   982    780
   983    780
   984    780
   985    780
   986    780
   987    780
   988    780
   989    780
   990    780
   991    780
   992    780
   993    780
   994    780
  1005    780
  1006    780
  1007    780
  1008    780
  1009    780
  1010    780
  1011    780
  1012    780
  1013    780
  1014    780
  1015    780
  1026    780
  1027    780
  1028    780
  1029    780
  1030    780
  1031    780
  1032    780
  1033    780
  1034    780
  1035    780
   980    781
   981    781
   982    781
   983    781
   984    781
   985    781
   986    781
   987    781
   988    781
   989    781
   990    781
   991    781
   992    781
  1003    781
  1004    781
  1005    781
  1006    781
  1007    781
  1008    781
  1009    781
  1010    781
  1011    781
  1012    781
  1013    781
  1025    781
  1026    781
  1027    781
  1028    781
  1029    781
  1030    781
  1031    781
  1032    781
  1033    781
  1034    781
  1035    781
   979    782
   980    782
   981    782
   982    782
   983    782
   984    782
   985    782
   986    782
   987    782
   988    782
   989    782
  1001    782
  1002    782
  1003    782
  1004    782
  1005    782
  1006    782
  1007    782
  1008    782
  1009    782
  1010    782
  1011    782
  1012    782
  1024    782
  1025    782
  1026    782
  1027    782
  1028    782
  1029    782
  1030    782
  1031    782
  1032    782
  1033    782
  1034    782
  1035    782
   977    783
   978    783
   979    783
   980    783
   981    783
   982    783
   983    783
   984    783
   985    783
   986    783
   987    783
   988    783
  1000    783
  1001    783
  1002    783
  1003    783
  1004    783
  1005    783
  1006    783
  1007    783
  1008    783
  1009    783
  1010    783
  1011    783
  1022    783
  1023    783
  1024    783
  1025    783
  1026    783
  1027    783
  1028    783
  1029    783
  1030    783
  1031    783
  1032    783
  1033    783
  1034    783
   976    784
   977    784
   978    784
   979    784
   980    784
   981    784
   982    784
   983    784
   984    784
   985    784
   998    784
   999    784
  1000    784
  1001    784
  1002    784
  1003    784
  1004    784
  1005    784
  1006    784
  1007    784
  1021    784
  1022    784
  1023    784
  1024    784
  1025    784
  1026    784
  1027    784
  1028    784
  1029    784
  1030    784
  1031    784
   977    785
   978    785
   979    785
   980    785
   981    785
   982    785
   983    785
   984    785
   996    785
   997    785
   998    785
   999    785
  1000    785
  1001    785
  1002    785
  1003    785
  1004    785
  1005    785
  1006    785
  1022    785
  1023    785
  1024    785
  1025    785
  1026    785
  1027    785
  1028    785
  1029    785
  1030    785
   978    786
   979    786
   980    786
   981    786
   982    786
   983    786
   984    786
   995    786
   996    786
   997    786
   998    786
   999    786
  1000    786
  1001    786
  1002    786
  1003    786
  1004    786
  1005    786
   994    787
   995    787
   996    787
   997    787
   998    787
   999    787
  1000    787
  1001    787
  1002    787
  1003    787
  1004    787
   993    788
   994    788
   995    788
   996    788
   997    788
   998    788
   999    788
  1000    788
  1001    788
  1002    788
  1003    788
   991    789
   992    789
   993    789
   994    789
   995    789
   996    789
   997    789
   998    789
   999    789
  1000    789
  1001    789
  1002    789
  1003    789
   990    790
   991    790
   992    790
   993    790
   994    790
   995    790
   996    790
   997    790
   998    790
   999    790
  1000    790
  1001    790
   989    791
   990    791
   991    791
   992    791
   993    791
   994    791
   995    791
   996    791
   997    791
   998    791
   999    791
  1000    791
   988    792
   989    792
   990    792
   991    792
   992    792
   993    792
   994    792
   995    792
   996    792
   997    792
   998    792
