  1285    713
  1286    713
  1287    713
  1288    713
  1289    713
  1277    714
  1278    714
  1279    714
  1280    714
  1281    714
  1282    714
  1283    714
  1284    714
  1285    714
  1286    714
  1287    714
  1288    714
  1289    714
  1290    714
  1259    715
  1260    715
  1261    715
  1262    715
  1263    715
  1267    715
  1270    715
  1271    715
  1272    715
  1273    715
  1274    715
  1275    715
  1276    715
  1277    715
  1278    715
  1279    715
  1280    715
  1281    715
  1282    715
  1283    715
  1284    715
  1285    715
  1286    715
  1294    715
  1295    715
  1241    716
  1242    716
  1243    716
  1244    716
  1245    716
  1246    716
  1247    716
  1248    716
  1249    716
  1250    716
  1251    716
  1252    716
  1253    716
  1254    716
  1255    716
  1256    716
  1257    716
  1258    716
  1259    716
  1260    716
  1261    716
  1271    716
  1272    716
  1286    716
  1287    716
  1288    716
  1228    717
  1229    717
  1230    717
  1231    717
  1232    717
  1233    717
  1234    717
  1235    717
  1236    717
  1237    717
  1238    717
  1239    717
  1240    717
  1241    717
  1242    717
  1243    717
  1244    717
  1245    717
  1246    717
  1247    717
  1248    717
  1257    717
  1258    717
  1259    717
  1260    717
  1261    717
  1262    717
  1263    717
  1264    717
  1277    717
  1278    717
  1210    718
  1211    718
  1212    718
  1213    718
  1214    718
  1215    718
  1216    718
  1217    718
  1218    718
  1219    718
  1220    718
  1221    718
  1222    718
  1224    718
  1225    718
  1228    718
  1229    718
  1230    718
  1231    718
  1232    718
  1233    718
  1234    718
  1235    718
  1236    718
  1237    718
  1238    718
  1239    718
  1240    718
  1241    718
  1242    718
  1243    718
  1244    718
  1245    718
  1246    718
  1247    718
  1248    718
  1249    718
  1250    718
  1251    718
  1252    718
  1253    718
  1254    718
  1255    718
  1256    718
  1257    718
  1258    718
  1259    718
  1260    718
  1209    719
  1210    719
  1211    719
  1212    719
  1213    719
  1214    719
  1215    719
  1216    719
  1217    719
  1218    719
  1219    719
  1220    719
  1227    719
  1228    719
  1229    719
  1230    719
  1231    719
  1232    719
  1237    719
  1238    719
  1239    719
  1240    719
  1241    719
  1242    719
  1243    719
  1244    719
  1245    719
  1246    719
  1247    719
  1248    719
  1249    719
  1250    719
  1254    719
  1255    719
  1256    719
  1257    719
  1260    719
  1261    719
  1184    720
  1185    720
  1186    720
  1187    720
  1188    720
  1189    720
  1190    720
  1191    720
  1192    720
  1196    720
  1197    720
  1198    720
  1199    720
  1200    720
  1201    720
  1202    720
  1203    720
  1204    720
  1205    720
  1206    720
  1207    720
  1208    720
  1209    720
  1210    720
  1234    720
  1235    720
  1236    720
  1237    720
  1238    720
  1242    720
  1243    720
  1171    721
  1172    721
  1183    721
  1184    721
  1185    721
  1186    721
  1187    721
  1188    721
  1189    721
  1190    721
  1191    721
  1192    721
  1193    721
  1194    721
  1195    721
  1196    721
  1197    721
  1198    721
  1199    721
  1200    721
  1201    721
  1202    721
  1203    721
  1211    721
  1212    721
  1213    721
  1214    721
  1215    721
  1216    721
  1217    721
  1218    721
  1219    721
  1220    721
  1221    721
  1222    721
  1223    721
  1224    721
  1225    721
  1226    721
  1227    721
  1228    721
  1229    721
  1230    721
  1231    721
  1232    721
  1233    721
  1234    721
  1235    721
  1158    722
  1159    722
  1160    722
  1161    722
  1162    722
  1163    722
  1164    722
  1165    722
  1182    722
  1183    722
  1184    722
  1185    722
  1186    722
  1187    722
  1188    722
  1204    722
  1205    722
  1206    722
  1207    722
  1208    722
  1209    722
  1210    722
  1211    722
  1212    722
  1213    722
  1214    722
  1215    722
  1216    722
  1217    722
  1218    722
  1219    722
  1220    722
  1221    722
  1222    722
  1223    722
  1224    722
  1225    722
  1226    722
  1227    722
  1228    722
  1236    722
  1237    722
  1160    723
  1161    723
  1162    723
  1163    723
  1164    723
  1168    723
  1169    723
  1170    723
  1171    723
  1194    723
  1195    723
  1196    723
  1197    723
  1198    723
  1199    723
  1200    723
  1202    723
  1203    723
  1204    723
  1205    723
  1206    723
  1207    723
  1208    723
  1209    723
  1210    723
  1211    723
  1212    723
  1213    723
  1214    723
  1215    723
  1216    723
  1217    723
  1218    723
  1219    723
  1220    723
  1221    723
  1222    723
  1223    723
  1224    723
  1225    723
  1226    723
  1227    723
  1228    723
  1152    724
  1153    724
  1154    724
  1158    724
  1186    724
  1187    724
  1188    724
  1189    724
  1190    724
  1194    724
  1195    724
  1196    724
  1202    724
  1203    724
  1204    724
  1205    724
  1206    724
  1207    724
  1208    724
  1209    724
  1210    724
  1211    724
  1212    724
  1213    724
  1214    724
  1215    724
  1216    724
  1217    724
  1218    724
  1220    724
  1221    724
  1222    724
  1223    724
  1182    725
  1183    725
  1184    725
  1185    725
  1186    725
  1187    725
  1188    725
  1189    725
  1190    725
  1191    725
  1192    725
  1193    725
  1194    725
  1203    725
  1204    725
  1205    725
  1206    725
  1207    725
  1211    725
  1212    725
  1213    725
  1214    725
  1183    726
  1184    726
  1185    726
  1187    726
  1188    726
  1189    726
  1190    726
  1195    726
  1202    726
  1203    726
  1204    726
  1205    726
  1206    726
  1207    726
  1167    727
  1168    727
  1169    727
  1177    727
  1178    727
  1179    727
  1180    727
  1181    727
  1182    727
  1183    727
  1184    727
  1185    727
  1186    727
  1159    728
  1160    728
  1161    728
  1162    728
  1163    728
  1164    728
  1165    728
  1166    728
  1167    728
  1168    728
  1169    728
  1170    728
  1172    728
  1173    728
  1174    728
  1175    728
  1177    728
  1178    728
  1179    728
  1180    728
  1185    728
  1186    728
  1187    728
  1152    729
  1153    729
  1154    729
  1155    729
  1156    729
  1157    729
  1158    729
  1159    729
  1160    729
  1161    729
  1162    729
  1163    729
  1164    729
  1165    729
  1167    729
  1168    729
  1169    729
  1170    729
  1171    729
  1172    729
  1173    729
  1174    729
  1175    729
  1179    729
  1180    729
  1181    729
  1146    730
  1147    730
  1148    730
  1149    730
  1153    730
  1154    730
  1155    730
  1160    730
  1161    730
  1162    730
  1163    730
  1164    730
  1165    730
  1166    730
  1167    730
  1168    730
  1173    730
  1174    730
  1175    730
  1176    730
  1180    730
  1181    730
  1182    730
  1183    730
  1140    731
  1141    731
  1142    731
  1143    731
  1147    731
  1148    731
  1149    731
  1150    731
  1155    731
  1156    731
  1157    731
  1158    731
  1159    731
  1160    731
  1161    731
  1162    731
  1167    731
  1168    731
  1169    731
  1170    731
  1171    731
  1173    731
  1174    731
  1175    731
  1134    732
  1135    732
  1136    732
  1137    732
  1138    732
  1140    732
  1141    732
  1142    732
  1143    732
  1144    732
  1150    732
  1151    732
  1155    732
  1156    732
  1157    732
  1162    732
  1163    732
  1164    732
  1165    732
  1166    732
  1167    732
  1168    732
  1169    732
  1170    732
  1126    733
  1127    733
  1128    733
  1129    733
  1130    733
  1131    733
  1132    733
  1133    733
  1134    733
  1135    733
  1136    733
  1137    733
  1143    733
  1144    733
  1145    733
  1146    733
  1151    733
  1157    733
  1158    733
  1159    733
  1164    733
  1165    733
  1166    733
  1125    734
  1126    734
  1127    734
  1128    734
  1129    734
  1130    734
  1131    734
  1132    734
  1137    734
  1138    734
  1139    734
  1140    734
  1145    734
  1146    734
  1133    735
  1134    735
  1135    735
  1136    735
  1138    735
  1139    735
  1140    735
  1141    735
  1127    736
  1128    736
  1129    736
  1130    736
  1131    736
  1132    736
  1133    736
  1134    736
  1135    736
  1109    737
  1110    737
  1111    737
  1112    737
  1114    737
  1115    737
  1116    737
  1123    737
  1124    737
  1125    737
  1126    737
  1127    737
  1128    737
  1129    737
  1130    737
  1131    737
  1103    738
  1104    738
  1105    738
  1106    738
  1107    738
  1108    738
  1109    738
  1110    738
  1111    738
  1112    738
  1113    738
  1118    738
  1119    738
  1120    738
  1121    738
  1122    738
  1123    738
  1124    738
  1125    738
  1126    738
  1132    738
  1133    738
  1134    738
  1135    738
  1136    738
  1099    739
  1100    739
  1101    739
  1102    739
  1103    739
  1104    739
  1105    739
  1106    739
  1107    739
  1108    739
  1114    739
  1115    739
  1116    739
  1119    739
  1120    739
  1121    739
  1122    739
  1128    739
  1129    739
  1130    739
  1131    739
  1132    739
  1133    739
  1134    739
  1135    739
  1136    739
  1137    739
  1095    740
  1096    740
  1097    740
  1098    740
  1099    740
  1100    740
  1101    740
  1102    740
  1103    740
  1104    740
  1110    740
  1111    740
  1112    740
  1113    740
  1114    740
  1115    740
  1116    740
  1117    740
  1118    740
  1124    740
  1125    740
  1126    740
  1127    740
  1128    740
  1130    740
  1131    740
  1132    740
  1133    740
  1091    741
  1092    741
  1093    741
  1094    741
  1095    741
  1096    741
  1097    741
  1098    741
  1099    741
  1100    741
  1106    741
  1107    741
  1108    741
  1109    741
  1110    741
  1111    741
  1112    741
  1113    741
  1114    741
  1120    741
  1121    741
  1122    741
  1123    741
  1124    741
  1127    741
  1128    741
  1129    741
  1086    742
  1087    742
  1088    742
  1089    742
  1090    742
  1091    742
  1092    742
  1093    742
  1094    742
  1095    742
  1096    742
  1102    742
  1103    742
  1104    742
  1105    742
  1106    742
  1107    742
  1108    742
  1109    742
  1110    742
  1117    742
  1118    742
  1119    742
  1120    742
  1124    742
  1125    742
  1126    742
  1083    743
  1084    743
  1085    743
  1086    743
  1087    743
  1088    743
  1089    743
  1090    743
  1091    743
  1092    743
  1093    743
  1098    743
  1099    743
  1100    743
  1101    743
  1102    743
  1103    743
  1104    743
  1105    743
  1106    743
  1112    743
  1113    743
  1114    743
  1115    743
  1116    743
  1119    743
  1120    743
  1121    743
  1122    743
  1079    744
  1080    744
  1081    744
  1082    744
  1083    744
  1084    744
  1085    744
  1086    744
  1087    744
  1088    744
  1089    744
  1095    744
  1096    744
  1097    744
  1101    744
  1102    744
  1103    744
  1109    744
  1110    744
  1111    744
  1112    744
  1116    744
  1117    744
  1118    744
  1119    744
  1082    745
  1083    745
  1084    745
  1085    745
  1091    745
  1092    745
  1093    745
  1094    745
  1106    745
  1107    745
  1108    745
  1109    745
  1114    745
  1115    745
  1116    745
  1074    746
  1075    746
  1076    746
  1077    746
  1078    746
  1079    746
  1080    746
  1081    746
  1087    746
  1088    746
  1089    746
  1090    746
  1091    746
  1092    746
  1093    746
  1094    746
  1095    746
  1096    746
  1110    746
  1111    746
  1112    746
  1084    747
  1085    747
  1086    747
  1087    747
  1088    747
  1089    747
  1090    747
  1091    747
  1092    747
  1093    747
  1081    748
  1082    748
  1083    748
  1084    748
  1085    748
  1086    748
  1087    748
  1088    748
  1089    748
  1078    749
  1079    749
  1080    749
  1081    749
  1082    749
  1083    749
  1084    749
  1085    749
  1086    749
  1059    750
  1060    750
  1061    750
  1062    750
  1063    750
  1064    750
  1065    750
  1066    750
  1067    750
  1074    750
  1075    750
  1076    750
  1077    750
  1078    750
  1079    750
  1080    750
  1081    750
  1082    750
  1083    750
  1091    750
  1092    750
  1093    750
  1094    750
  1095    750
  1096    750
  1054    751
  1055    751
  1056    751
  1057    751
  1058    751
  1059    751
  1060    751
  1061    751
  1062    751
  1063    751
  1064    751
  1065    751
  1071    751
  1072    751
  1073    751
  1074    751
  1075    751
  1076    751
  1077    751
  1078    751
  1079    751
  1080    751
  1087    751
  1088    751
  1089    751
  1090    751
  1051    752
  1052    752
  1053    752
  1054    752
  1055    752
  1056    752
  1057    752
  1058    752
  1059    752
  1060    752
  1061    752
  1068    752
  1069    752
  1070    752
  1071    752
  1073    752
  1074    752
  1075    752
  1076    752
  1077    752
  1083    752
  1084    752
  1085    752
  1086    752
  1087    752
  1091    752
  1092    752
  1093    752
  1048    753
  1049    753
  1050    753
  1051    753
  1052    753
  1054    753
  1055    753
  1056    753
  1057    753
  1058    753
  1065    753
  1066    753
  1067    753
  1068    753
  1069    753
  1070    753
  1071    753
  1072    753
  1073    753
  1074    753
  1081    753
  1082    753
  1083    753
  1084    753
  1085    753
  1086    753
  1087    753
  1088    753
  1089    753
  1090    753
  1044    754
  1045    754
  1046    754
  1047    754
  1048    754
  1049    754
  1052    754
  1053    754
  1054    754
  1055    754
  1062    754
  1063    754
  1064    754
  1065    754
  1066    754
  1067    754
  1068    754
  1069    754
  1070    754
  1071    754
  1072    754
  1078    754
  1079    754
  1080    754
  1081    754
  1086    754
  1087    754
  1088    754
  1041    755
  1042    755
  1043    755
  1044    755
  1045    755
  1046    755
  1047    755
  1048    755
  1049    755
  1050    755
  1051    755
  1052    755
  1059    755
  1060    755
  1061    755
  1062    755
  1063    755
  1064    755
  1065    755
  1066    755
  1067    755
  1068    755
  1075    755
  1076    755
  1077    755
  1078    755
  1079    755
  1082    755
  1083    755
  1084    755
  1085    755
  1038    756
  1039    756
  1040    756
  1041    756
  1042    756
  1043    756
  1044    756
  1045    756
  1046    756
  1047    756
  1048    756
  1056    756
  1057    756
  1058    756
  1059    756
  1060    756
  1061    756
  1062    756
  1063    756
  1064    756
  1065    756
  1066    756
  1072    756
  1073    756
  1074    756
  1075    756
  1076    756
  1077    756
  1078    756
  1080    756
  1081    756
  1082    756
  1035    757
  1036    757
  1037    757
  1038    757
  1039    757
  1040    757
  1041    757
  1042    757
  1043    757
  1044    757
  1045    757
  1054    757
  1055    757
  1056    757
  1057    757
  1058    757
  1059    757
  1060    757
  1061    757
  1062    757
  1063    757
  1070    757
  1071    757
  1072    757
  1073    757
  1074    757
  1075    757
  1077    757
  1078    757
  1079    757
  1080    757
  1032    758
  1033    758
  1034    758
  1035    758
  1036    758
  1037    758
  1038    758
  1039    758
  1040    758
  1041    758
  1042    758
  1043    758
  1051    758
  1052    758
  1053    758
  1054    758
  1056    758
  1057    758
  1058    758
  1059    758
  1060    758
  1067    758
  1068    758
  1069    758
  1070    758
  1075    758
  1076    758
  1077    758
  1029    759
  1030    759
  1031    759
  1032    759
  1033    759
  1034    759
  1035    759
  1036    759
  1037    759
  1038    759
  1039    759
  1040    759
  1048    759
  1049    759
  1050    759
  1055    759
  1056    759
  1057    759
  1065    759
  1066    759
  1067    759
  1068    759
  1069    759
  1073    759
  1074    759
  1075    759
  1027    760
  1028    760
  1029    760
  1030    760
  1031    760
  1032    760
  1033    760
  1034    760
  1035    760
  1036    760
  1037    760
  1045    760
  1046    760
  1047    760
  1048    760
  1055    760
  1062    760
  1063    760
  1064    760
  1065    760
  1066    760
  1070    760
  1071    760
  1072    760
  1029    761
  1030    761
  1031    761
  1032    761
  1033    761
  1034    761
  1035    761
  1043    761
  1044    761
  1045    761
  1046    761
  1068    761
  1069    761
  1028    762
  1029    762
  1030    762
  1031    762
  1040    762
  1041    762
  1042    762
  1043    762
  1044    762
  1045    762
  1046    762
  1066    762
  1067    762
  1068    762
  1038    763
  1039    763
  1040    763
  1041    763
  1042    763
  1043    763
  1044    763
  1045    763
  1046    763
  1047    763
  1035    764
  1036    764
  1037    764
  1038    764
  1039    764
  1040    764
  1041    764
  1042    764
  1043    764
  1044    764
  1045    764
  1033    765
  1034    765
  1035    765
  1036    765
  1038    765
  1039    765
  1040    765
  1041    765
  1042    765
  1043    765
  1030    766
  1031    766
  1032    766
  1033    766
  1038    766
  1039    766
  1040    766
  1008    767
  1009    767
  1010    767
  1028    767
  1029    767
  1030    767
  1031    767
  1032    767
  1033    767
  1036    767
  1037    767
  1038    767
  1005    768
  1006    768
  1007    768
  1008    768
  1009    768
  1010    768
  1026    768
  1027    768
  1028    768
  1029    768
  1030    768
  1031    768
  1032    768
  1034    768
  1035    768
  1036    768
  1044    768
  1045    768
  1046    768
  1047    768
  1048    768
  1002    769
  1003    769
  1004    769
  1005    769
  1006    769
  1007    769
  1008    769
  1009    769
  1024    769
  1025    769
  1026    769
  1027    769
  1028    769
  1029    769
  1030    769
  1031    769
  1032    769
  1033    769
  1042    769
  1043    769
  1044    769
  1045    769
  1046    769
  1047    769
  1048    769
  1049    769
  1000    770
  1001    770
  1002    770
  1003    770
  1004    770
  1005    770
  1006    770
  1007    770
  1008    770
  1010    770
  1011    770
  1021    770
  1022    770
  1023    770
  1024    770
  1025    770
  1026    770
  1027    770
  1028    770
  1029    770
  1030    770
  1031    770
  1032    770
  1040    770
  1041    770
  1042    770
  1043    770
  1044    770
  1045    770
  1046    770
  1047    770
  1048    770
  1049    770
  1050    770
   998    771
   999    771
  1000    771
  1001    771
  1002    771
  1003    771
  1004    771
  1005    771
  1006    771
  1007    771
  1008    771
  1009    771
  1020    771
  1021    771
  1022    771
  1023    771
  1024    771
  1025    771
  1026    771
  1027    771
  1028    771
  1029    771
  1038    771
  1039    771
  1040    771
  1041    771
  1042    771
  1043    771
  1044    771
  1045    771
  1046    771
  1047    771
  1048    771
  1049    771
   996    772
   997    772
   998    772
   999    772
  1000    772
  1001    772
  1002    772
  1003    772
  1004    772
  1005    772
  1006    772
  1007    772
  1017    772
  1018    772
  1019    772
  1020    772
  1021    772
  1022    772
  1023    772
  1024    772
  1025    772
  1026    772
  1027    772
  1036    772
  1037    772
  1038    772
  1039    772
  1040    772
  1041    772
  1042    772
  1043    772
  1044    772
  1045    772
  1046    772
  1047    772
   993    773
   994    773
   995    773
   996    773
   997    773
   998    773
   999    773
  1000    773
  1001    773
  1002    773
  1003    773
  1004    773
  1015    773
  1016    773
  1017    773
  1018    773
  1019    773
  1020    773
  1021    773
  1022    773
  1023    773
  1024    773
  1025    773
  1034    773
  1035    773
  1036    773
  1037    773
  1038    773
  1039    773
  1040    773
  1041    773
  1042    773
  1043    773
  1044    773
  1045    773
  1046    773
   991    774
   992    774
   993    774
   994    774
   995    774
   996    774
   997    774
   998    774
   999    774
  1000    774
  1001    774
  1002    774
  1014    774
  1015    774
  1016    774
  1017    774
  1018    774
  1019    774
  1020    774
  1021    774
  1022    774
  1023    774
  1033    774
  1034    774
  1035    774
  1036    774
  1037    774
  1038    774
  1039    774
  1040    774
  1041    774
  1042    774
  1043    774
  1044    774
   989    775
   990    775
   991    775
   992    775
   993    775
   994    775
   995    775
   996    775
   997    775
   998    775
   999    775
  1000    775
  1012    775
  1013    775
  1014    775
  1015    775
  1016    775
  1017    775
  1018    775
  1019    775
  1020    775
  1021    775
  1031    775
  1032    775
  1033    775
  1034    775
  1035    775
  1036    775
  1037    775
  1038    775
  1039    775
  1040    775
  1041    775
  1042    775
  1043    775
   987    776
   988    776
   989    776
   990    776
   991    776
   992    776
   993    776
   994    776
   995    776
   996    776
   997    776
   998    776
  1010    776
  1011    776
  1012    776
  1013    776
  1014    776
  1015    776
  1016    776
  1017    776
  1019    776
  1029    776
  1030    776
  1031    776
  1032    776
  1033    776
  1034    776
  1035    776
  1036    776
  1037    776
  1038    776
  1039    776
  1040    776
   985    777
   986    777
   987    777
   988    777
   989    777
   990    777
   991    777
   992    777
   993    777
   994    777
   995    777
   996    777
   997    777
  1007    777
  1008    777
  1009    777
  1010    777
  1011    777
  1012    777
  1013    777
  1014    777
  1015    777
  1016    777
  1017    777
  1028    777
  1029    777
  1030    777
  1031    777
  1032    777
  1033    777
  1034    777
  1035    777
  1036    777
  1037    777
   983    778
   984    778
   985    778
   986    778
   987    778
   988    778
   989    778
   990    778
   991    778
   992    778
   993    778
   994    778
   995    778
  1005    778
  1006    778
  1007    778
  1008    778
  1009    778
  1010    778
  1011    778
  1012    778
  1013    778
  1014    778
  1015    778
  1016    778
  1027    778
  1028    778
  1029    778
  1030    778
  1031    778
  1032    778
  1033    778
  1034    778
  1035    778
  1036    778
   981    779
   982    779
   983    779
   984    779
   985    779
   986    779
   987    779
   988    779
   989    779
   990    779
   991    779
   992    779
   993    779
  1004    779
  1005    779
  1006    779
  1007    779
  1008    779
  1009    779
  1010    779
  1011    779
  1012    779
  1013    779
  1014    779
  1025    779
  1026    779
  1027    779
  1028    779
  1029    779
  1030    779
  1031    779
  1032    779
  1033    779
  1034    779
  1035    779
  1036    779
   979    780
   980    780
   981    780
   982    780
   983    780
   984    780
   985    780
   986    780
   987    780
   988    780
   989    780
   990    780
   991    780
   992    780
  1002    780
  1003    780
  1004    780
  1005    780
  1006    780
  1007    780
  1008    780
  1009    780
  1010    780
  1011    780
  1012    780
  1024    780
  1025    780
  1026    780
  1027    780
  1028    780
  1029    780
  1030    780
  1031    780
  1032    780
  1033    780
  1034    780
  1035    780
   978    781
   979    781
   980    781
   981    781
   982    781
   983    781
   984    781
   985    781
   986    781
   987    781
   988    781
   989    781
   990    781
  1000    781
  1001    781
  1002    781
  1003    781
  1004    781
  1005    781
  1006    781
  1007    781
  1008    781
  1009    781
  1010    781
  1011    781
  1023    781
  1024    781
  1025    781
  1026    781
  1027    781
  1028    781
  1029    781
  1030    781
  1031    781
  1032    781
  1033    781
  1034    781
   977    782
   978    782
   979    782
   980    782
   981    782
   982    782
   983    782
   984    782
   985    782
   986    782
   987    782
   988    782
   989    782
   999    782
  1000    782
  1001    782
  1002    782
  1003    782
  1004    782
  1005    782
  1006    782
  1007    782
  1008    782
  1009    782
  1021    782
  1022    782
  1023    782
  1024    782
  1025    782
  1026    782
  1027    782
  1028    782
  1029    782
  1030    782
  1031    782
  1032    782
   975    783
   976    783
   977    783
   978    783
   979    783
   980    783
   981    783
   982    783
   983    783
   984    783
   985    783
   986    783
   987    783
   997    783
   998    783
   999    783
  1000    783
  1001    783
  1002    783
  1003    783
  1004    783
  1005    783
  1006    783
  1007    783
  1020    783
  1021    783
  1022    783
  1023    783
  1024    783
  1025    783
  1026    783
  1027    783
  1028    783
  1029    783
  1030    783
  1031    783
   976    784
   977    784
   978    784
   979    784
   980    784
   981    784
   982    784
   983    784
   984    784
   985    784
   996    784
   997    784
   998    784
   999    784
  1000    784
  1001    784
  1002    784
  1003    784
  1004    784
  1020    784
  1021    784
  1022    784
  1023    784
  1024    784
  1025    784
  1026    784
  1027    784
  1028    784
  1029    784
   978    785
   979    785
   980    785
   981    785
   982    785
   983    785
   984    785
   994    785
   995    785
   996    785
   997    785
   998    785
   999    785
  1000    785
  1001    785
  1002    785
  1003    785
  1004    785
   993    786
   994    786
   995    786
   996    786
   997    786
   998    786
   999    786
  1000    786
  1001    786
  1002    786
  1003    786
   992    787
   993    787
   994    787
   995    787
   996    787
   997    787
   998    787
   999    787
  1000    787
  1001    787
  1002    787
   990    788
   991    788
   992    788
   993    788
   994    788
   995    788
   996    788
   997    788
   998    788
   999    788
  1000    788
   989    789
   990    789
   991    789
   992    789
   993    789
   994    789
   995    789
   996    789
   997    789
   998    789
   999    789
  1000    789
   987    790
   988    790
   989    790
   990    790
   991    790
   992    790
   993    790
   994    790
   995    790
   996    790
   997    790
   998    790
   999    790
   987    791
   988    791
   989    791
   990    791
   991    791
   992    791
   993    791
   994    791
   995    791
   996    791
   997    791
   998    791
   985    792
   986    792
   987    792
   988    792
   989    792
   990    792
   991    792
   992    792
   993    792
   994    792
   995    792
   996    792
   997    792
