  1311    713
  1312    713
  1313    713
  1299    714
  1300    714
  1301    714
  1302    714
  1295    715
  1296    715
  1297    715
  1298    715
  1299    715
  1300    715
  1301    715
  1302    715
  1281    716
  1282    716
  1283    716
  1284    716
  1295    716
  1296    716
  1297    716
  1298    716
  1299    716
  1300    716
  1267    717
  1268    717
  1269    717
  1270    717
  1274    717
  1275    717
  1276    717
  1247    718
  1248    718
  1249    718
  1250    718
  1251    718
  1252    718
  1253    718
  1254    718
  1255    718
  1256    718
  1257    718
  1258    718
  1259    718
  1260    718
  1261    718
  1262    718
  1263    718
  1264    718
  1271    718
  1272    718
  1273    718
  1274    718
  1275    718
  1279    718
  1280    718
  1281    718
  1282    718
  1295    718
  1296    718
  1297    718
  1231    719
  1232    719
  1233    719
  1234    719
  1235    719
  1236    719
  1242    719
  1243    719
  1244    719
  1245    719
  1246    719
  1247    719
  1248    719
  1249    719
  1250    719
  1251    719
  1252    719
  1253    719
  1254    719
  1255    719
  1256    719
  1257    719
  1258    719
  1259    719
  1260    719
  1261    719
  1262    719
  1263    719
  1264    719
  1265    719
  1266    719
  1267    719
  1268    719
  1269    719
  1270    719
  1271    719
  1272    719
  1273    719
  1274    719
  1275    719
  1276    719
  1277    719
  1223    720
  1224    720
  1232    720
  1233    720
  1234    720
  1235    720
  1236    720
  1237    720
  1238    720
  1239    720
  1240    720
  1241    720
  1242    720
  1243    720
  1244    720
  1245    720
  1246    720
  1247    720
  1248    720
  1249    720
  1250    720
  1251    720
  1252    720
  1253    720
  1254    720
  1255    720
  1256    720
  1257    720
  1258    720
  1259    720
  1260    720
  1262    720
  1263    720
  1264    720
  1265    720
  1266    720
  1267    720
  1268    720
  1269    720
  1270    720
  1216    721
  1217    721
  1218    721
  1219    721
  1220    721
  1221    721
  1222    721
  1223    721
  1224    721
  1225    721
  1226    721
  1251    721
  1252    721
  1253    721
  1254    721
  1255    721
  1256    721
  1257    721
  1258    721
  1259    721
  1196    722
  1197    722
  1198    722
  1199    722
  1211    722
  1212    722
  1213    722
  1214    722
  1215    722
  1216    722
  1217    722
  1218    722
  1219    722
  1220    722
  1221    722
  1231    722
  1232    722
  1233    722
  1234    722
  1235    722
  1236    722
  1237    722
  1242    722
  1243    722
  1244    722
  1245    722
  1246    722
  1247    722
  1248    722
  1249    722
  1250    722
  1251    722
  1252    722
  1253    722
  1254    722
  1255    722
  1256    722
  1257    722
  1198    723
  1199    723
  1204    723
  1205    723
  1206    723
  1207    723
  1208    723
  1209    723
  1210    723
  1222    723
  1223    723
  1224    723
  1225    723
  1226    723
  1227    723
  1228    723
  1229    723
  1230    723
  1231    723
  1232    723
  1233    723
  1234    723
  1235    723
  1236    723
  1237    723
  1238    723
  1239    723
  1242    723
  1243    723
  1244    723
  1245    723
  1246    723
  1247    723
  1255    723
  1256    723
  1192    724
  1193    724
  1194    724
  1195    724
  1215    724
  1216    724
  1217    724
  1218    724
  1219    724
  1220    724
  1221    724
  1222    724
  1223    724
  1224    724
  1225    724
  1226    724
  1227    724
  1228    724
  1229    724
  1230    724
  1231    724
  1232    724
  1233    724
  1234    724
  1235    724
  1236    724
  1237    724
  1238    724
  1239    724
  1240    724
  1241    724
  1246    724
  1247    724
  1248    724
  1207    725
  1208    725
  1209    725
  1210    725
  1212    725
  1213    725
  1214    725
  1215    725
  1216    725
  1217    725
  1218    725
  1219    725
  1220    725
  1221    725
  1222    725
  1223    725
  1224    725
  1225    725
  1226    725
  1227    725
  1228    725
  1229    725
  1231    725
  1232    725
  1233    725
  1234    725
  1240    725
  1241    725
  1199    726
  1200    726
  1201    726
  1202    726
  1203    726
  1212    726
  1213    726
  1214    726
  1215    726
  1216    726
  1217    726
  1218    726
  1219    726
  1220    726
  1221    726
  1222    726
  1223    726
  1224    726
  1225    726
  1226    726
  1227    726
  1233    726
  1234    726
  1235    726
  1236    726
  1194    727
  1195    727
  1196    727
  1197    727
  1199    727
  1200    727
  1201    727
  1202    727
  1203    727
  1204    727
  1205    727
  1206    727
  1214    727
  1215    727
  1225    727
  1226    727
  1227    727
  1228    727
  1196    728
  1198    728
  1199    728
  1200    728
  1201    728
  1202    728
  1203    728
  1193    729
  1194    729
  1195    729
  1196    729
  1197    729
  1198    729
  1199    729
  1200    729
  1173    730
  1174    730
  1175    730
  1176    730
  1177    730
  1178    730
  1179    730
  1180    730
  1181    730
  1182    730
  1187    730
  1188    730
  1189    730
  1190    730
  1191    730
  1192    730
  1193    730
  1194    730
  1195    730
  1202    730
  1203    730
  1204    730
  1167    731
  1168    731
  1169    731
  1170    731
  1171    731
  1172    731
  1173    731
  1174    731
  1175    731
  1176    731
  1180    731
  1181    731
  1182    731
  1183    731
  1184    731
  1186    731
  1187    731
  1188    731
  1194    731
  1195    731
  1196    731
  1197    731
  1198    731
  1162    732
  1163    732
  1164    732
  1165    732
  1166    732
  1167    732
  1168    732
  1169    732
  1170    732
  1171    732
  1176    732
  1177    732
  1178    732
  1179    732
  1180    732
  1181    732
  1182    732
  1183    732
  1184    732
  1188    732
  1189    732
  1190    732
  1191    732
  1195    732
  1196    732
  1197    732
  1154    733
  1155    733
  1156    733
  1157    733
  1158    733
  1159    733
  1161    733
  1162    733
  1163    733
  1164    733
  1171    733
  1172    733
  1173    733
  1174    733
  1175    733
  1176    733
  1177    733
  1178    733
  1183    733
  1184    733
  1185    733
  1190    733
  1191    733
  1192    733
  1149    734
  1150    734
  1151    734
  1152    734
  1153    734
  1154    734
  1155    734
  1156    734
  1157    734
  1158    734
  1164    734
  1165    734
  1166    734
  1167    734
  1168    734
  1169    734
  1170    734
  1171    734
  1172    734
  1178    734
  1179    734
  1180    734
  1181    734
  1184    734
  1185    734
  1186    734
  1187    734
  1144    735
  1145    735
  1146    735
  1147    735
  1148    735
  1149    735
  1150    735
  1151    735
  1152    735
  1153    735
  1160    735
  1161    735
  1162    735
  1163    735
  1164    735
  1165    735
  1166    735
  1167    735
  1173    735
  1174    735
  1175    735
  1176    735
  1177    735
  1181    735
  1182    735
  1141    736
  1142    736
  1143    736
  1144    736
  1145    736
  1146    736
  1147    736
  1148    736
  1149    736
  1155    736
  1156    736
  1161    736
  1162    736
  1168    736
  1169    736
  1170    736
  1173    736
  1174    736
  1175    736
  1176    736
  1137    737
  1140    737
  1141    737
  1142    737
  1143    737
  1144    737
  1149    737
  1150    737
  1151    737
  1152    737
  1164    737
  1165    737
  1171    737
  1172    737
  1145    738
  1146    738
  1147    738
  1148    738
  1149    738
  1150    738
  1151    738
  1152    738
  1153    738
  1140    739
  1141    739
  1142    739
  1143    739
  1144    739
  1145    739
  1146    739
  1147    739
  1148    739
  1121    740
  1122    740
  1123    740
  1124    740
  1125    740
  1126    740
  1127    740
  1128    740
  1136    740
  1137    740
  1138    740
  1139    740
  1140    740
  1141    740
  1142    740
  1143    740
  1144    740
  1116    741
  1117    741
  1118    741
  1119    741
  1120    741
  1121    741
  1123    741
  1124    741
  1125    741
  1131    741
  1132    741
  1133    741
  1134    741
  1136    741
  1137    741
  1138    741
  1139    741
  1140    741
  1146    741
  1147    741
  1148    741
  1149    741
  1150    741
  1111    742
  1112    742
  1113    742
  1114    742
  1115    742
  1116    742
  1117    742
  1118    742
  1119    742
  1120    742
  1121    742
  1127    742
  1128    742
  1129    742
  1130    742
  1131    742
  1132    742
  1133    742
  1134    742
  1135    742
  1136    742
  1142    742
  1143    742
  1144    742
  1145    742
  1146    742
  1147    742
  1149    742
  1150    742
  1151    742
  1152    742
  1108    743
  1109    743
  1110    743
  1111    743
  1112    743
  1113    743
  1114    743
  1115    743
  1116    743
  1117    743
  1123    743
  1124    743
  1125    743
  1126    743
  1127    743
  1128    743
  1129    743
  1130    743
  1131    743
  1132    743
  1138    743
  1139    743
  1140    743
  1141    743
  1142    743
  1145    743
  1146    743
  1147    743
  1104    744
  1105    744
  1106    744
  1107    744
  1108    744
  1109    744
  1110    744
  1111    744
  1112    744
  1113    744
  1120    744
  1121    744
  1122    744
  1123    744
  1124    744
  1125    744
  1126    744
  1127    744
  1128    744
  1134    744
  1135    744
  1136    744
  1137    744
  1138    744
  1141    744
  1142    744
  1143    744
  1101    745
  1102    745
  1103    745
  1104    745
  1105    745
  1106    745
  1107    745
  1108    745
  1109    745
  1110    745
  1116    745
  1117    745
  1118    745
  1119    745
  1120    745
  1121    745
  1122    745
  1123    745
  1124    745
  1125    745
  1131    745
  1132    745
  1133    745
  1134    745
  1135    745
  1138    745
  1139    745
  1140    745
  1097    746
  1098    746
  1099    746
  1100    746
  1101    746
  1102    746
  1103    746
  1104    746
  1105    746
  1106    746
  1113    746
  1114    746
  1115    746
  1117    746
  1118    746
  1119    746
  1120    746
  1121    746
  1128    746
  1129    746
  1130    746
  1131    746
  1132    746
  1134    746
  1135    746
  1136    746
  1137    746
  1093    747
  1094    747
  1095    747
  1096    747
  1097    747
  1098    747
  1099    747
  1100    747
  1101    747
  1102    747
  1109    747
  1110    747
  1111    747
  1114    747
  1115    747
  1116    747
  1117    747
  1118    747
  1124    747
  1125    747
  1126    747
  1127    747
  1128    747
  1132    747
  1133    747
  1134    747
  1090    748
  1091    748
  1092    748
  1093    748
  1094    748
  1095    748
  1096    748
  1097    748
  1098    748
  1099    748
  1106    748
  1107    748
  1108    748
  1113    748
  1114    748
  1115    748
  1122    748
  1123    748
  1124    748
  1129    748
  1130    748
  1131    748
  1090    749
  1091    749
  1092    749
  1093    749
  1094    749
  1095    749
  1096    749
  1103    749
  1104    749
  1105    749
  1106    749
  1107    749
  1119    749
  1120    749
  1121    749
  1126    749
  1127    749
  1128    749
  1087    750
  1088    750
  1089    750
  1090    750
  1091    750
  1092    750
  1100    750
  1101    750
  1102    750
  1103    750
  1104    750
  1105    750
  1106    750
  1107    750
  1108    750
  1124    750
  1125    750
  1097    751
  1098    751
  1099    751
  1100    751
  1101    751
  1102    751
  1103    751
  1104    751
  1105    751
  1106    751
  1094    752
  1095    752
  1096    752
  1097    752
  1098    752
  1099    752
  1100    752
  1101    752
  1102    752
  1091    753
  1092    753
  1093    753
  1094    753
  1095    753
  1096    753
  1097    753
  1098    753
  1099    753
  1072    754
  1073    754
  1074    754
  1075    754
  1076    754
  1087    754
  1088    754
  1089    754
  1090    754
  1091    754
  1092    754
  1093    754
  1094    754
  1095    754
  1096    754
  1097    754
  1068    755
  1069    755
  1070    755
  1071    755
  1076    755
  1077    755
  1078    755
  1085    755
  1086    755
  1087    755
  1090    755
  1091    755
  1092    755
  1093    755
  1101    755
  1102    755
  1103    755
  1104    755
  1105    755
  1106    755
  1064    756
  1065    756
  1066    756
  1067    756
  1068    756
  1069    756
  1070    756
  1071    756
  1072    756
  1073    756
  1074    756
  1082    756
  1083    756
  1084    756
  1085    756
  1086    756
  1087    756
  1088    756
  1089    756
  1090    756
  1091    756
  1098    756
  1099    756
  1100    756
  1101    756
  1061    757
  1062    757
  1063    757
  1064    757
  1065    757
  1066    757
  1067    757
  1068    757
  1069    757
  1070    757
  1071    757
  1079    757
  1080    757
  1081    757
  1082    757
  1083    757
  1084    757
  1085    757
  1086    757
  1087    757
  1088    757
  1095    757
  1096    757
  1097    757
  1098    757
  1099    757
  1103    757
  1104    757
  1105    757
  1058    758
  1059    758
  1060    758
  1061    758
  1062    758
  1063    758
  1064    758
  1065    758
  1066    758
  1067    758
  1068    758
  1076    758
  1077    758
  1078    758
  1079    758
  1080    758
  1081    758
  1082    758
  1083    758
  1084    758
  1085    758
  1093    758
  1094    758
  1095    758
  1096    758
  1097    758
  1101    758
  1102    758
  1103    758
  1055    759
  1056    759
  1057    759
  1058    759
  1059    759
  1060    759
  1061    759
  1062    759
  1063    759
  1064    759
  1065    759
  1074    759
  1075    759
  1076    759
  1077    759
  1078    759
  1079    759
  1080    759
  1081    759
  1082    759
  1083    759
  1090    759
  1091    759
  1092    759
  1093    759
  1094    759
  1095    759
  1096    759
  1098    759
  1099    759
  1100    759
  1052    760
  1053    760
  1054    760
  1055    760
  1056    760
  1057    760
  1058    760
  1059    760
  1060    760
  1061    760
  1062    760
  1063    760
  1071    760
  1072    760
  1073    760
  1074    760
  1075    760
  1076    760
  1077    760
  1078    760
  1079    760
  1080    760
  1087    760
  1088    760
  1089    760
  1090    760
  1091    760
  1092    760
  1093    760
  1094    760
  1095    760
  1096    760
  1097    760
  1098    760
  1049    761
  1050    761
  1051    761
  1052    761
  1053    761
  1054    761
  1055    761
  1056    761
  1057    761
  1058    761
  1059    761
  1060    761
  1069    761
  1070    761
  1071    761
  1072    761
  1073    761
  1075    761
  1076    761
  1077    761
  1078    761
  1085    761
  1086    761
  1087    761
  1088    761
  1089    761
  1090    761
  1091    761
  1092    761
  1093    761
  1094    761
  1095    761
  1046    762
  1047    762
  1048    762
  1049    762
  1050    762
  1051    762
  1052    762
  1053    762
  1054    762
  1055    762
  1056    762
  1057    762
  1065    762
  1066    762
  1067    762
  1068    762
  1069    762
  1070    762
  1071    762
  1073    762
  1074    762
  1075    762
  1076    762
  1083    762
  1084    762
  1085    762
  1086    762
  1087    762
  1088    762
  1089    762
  1090    762
  1091    762
  1092    762
  1093    762
  1094    762
  1044    763
  1045    763
  1046    763
  1047    763
  1048    763
  1049    763
  1050    763
  1051    763
  1052    763
  1053    763
  1054    763
  1055    763
  1064    763
  1065    763
  1071    763
  1072    763
  1073    763
  1080    763
  1081    763
  1082    763
  1083    763
  1084    763
  1085    763
  1086    763
  1087    763
  1088    763
  1089    763
  1090    763
  1091    763
  1041    764
  1042    764
  1043    764
  1044    764
  1045    764
  1046    764
  1047    764
  1048    764
  1049    764
  1050    764
  1051    764
  1052    764
  1061    764
  1062    764
  1063    764
  1069    764
  1070    764
  1071    764
  1078    764
  1079    764
  1080    764
  1081    764
  1082    764
  1083    764
  1084    764
  1085    764
  1086    764
  1087    764
  1088    764
  1089    764
  1038    765
  1039    765
  1040    765
  1041    765
  1042    765
  1043    765
  1044    765
  1045    765
  1046    765
  1047    765
  1048    765
  1049    765
  1059    765
  1060    765
  1061    765
  1067    765
  1068    765
  1076    765
  1077    765
  1078    765
  1079    765
  1080    765
  1081    765
  1082    765
  1083    765
  1084    765
  1085    765
  1086    765
  1087    765
  1036    766
  1037    766
  1038    766
  1039    766
  1040    766
  1041    766
  1042    766
  1043    766
  1044    766
  1045    766
  1046    766
  1047    766
  1055    766
  1056    766
  1057    766
  1058    766
  1059    766
  1060    766
  1061    766
  1074    766
  1075    766
  1076    766
  1077    766
  1078    766
  1079    766
  1080    766
  1081    766
  1082    766
  1083    766
  1084    766
  1085    766
  1038    767
  1039    767
  1040    767
  1041    767
  1042    767
  1043    767
  1044    767
  1045    767
  1054    767
  1055    767
  1056    767
  1057    767
  1058    767
  1059    767
  1062    767
  1063    767
  1071    767
  1072    767
  1073    767
  1074    767
  1075    767
  1076    767
  1077    767
  1078    767
  1079    767
  1080    767
  1081    767
  1082    767
  1083    767
  1036    768
  1037    768
  1038    768
  1039    768
  1040    768
  1041    768
  1042    768
  1051    768
  1052    768
  1053    768
  1054    768
  1055    768
  1056    768
  1078    768
  1079    768
  1080    768
  1049    769
  1050    769
  1051    769
  1052    769
  1053    769
  1054    769
  1055    769
  1058    769
  1059    769
  1047    770
  1048    770
  1049    770
  1050    770
  1051    770
  1052    770
  1054    770
  1055    770
  1056    770
  1057    770
  1045    771
  1046    771
  1047    771
  1048    771
  1049    771
  1050    771
  1051    771
  1052    771
  1053    771
  1054    771
  1055    771
  1043    772
  1044    772
  1045    772
  1046    772
  1047    772
  1048    772
  1049    772
  1050    772
  1051    772
  1052    772
  1053    772
  1041    773
  1042    773
  1043    773
  1044    773
  1045    773
  1046    773
  1047    773
  1048    773
  1049    773
  1050    773
  1051    773
  1016    774
  1017    774
  1018    774
  1019    774
  1020    774
  1021    774
  1022    774
  1038    774
  1039    774
  1040    774
  1041    774
  1042    774
  1043    774
  1044    774
  1045    774
  1046    774
  1047    774
  1048    774
  1049    774
  1014    775
  1015    775
  1016    775
  1017    775
  1018    775
  1019    775
  1020    775
  1021    775
  1037    775
  1038    775
  1039    775
  1040    775
  1041    775
  1042    775
  1043    775
  1044    775
  1045    775
  1046    775
  1047    775
  1056    775
  1057    775
  1058    775
  1059    775
  1060    775
  1061    775
  1062    775
  1012    776
  1013    776
  1014    776
  1015    776
  1016    776
  1017    776
  1018    776
  1019    776
  1020    776
  1035    776
  1036    776
  1037    776
  1038    776
  1039    776
  1040    776
  1041    776
  1042    776
  1043    776
  1044    776
  1045    776
  1054    776
  1055    776
  1056    776
  1057    776
  1058    776
  1059    776
  1060    776
  1061    776
  1062    776
  1063    776
  1010    777
  1011    777
  1012    777
  1013    777
  1014    777
  1015    777
  1016    777
  1017    777
  1018    777
  1033    777
  1034    777
  1035    777
  1036    777
  1037    777
  1038    777
  1039    777
  1040    777
  1041    777
  1042    777
  1043    777
  1052    777
  1053    777
  1054    777
  1055    777
  1056    777
  1057    777
  1058    777
  1059    777
  1060    777
  1061    777
  1062    777
  1008    778
  1009    778
  1010    778
  1011    778
  1012    778
  1013    778
  1014    778
  1015    778
  1016    778
  1018    778
  1019    778
  1030    778
  1031    778
  1032    778
  1033    778
  1034    778
  1035    778
  1036    778
  1037    778
  1038    778
  1039    778
  1040    778
  1041    778
  1051    778
  1052    778
  1053    778
  1054    778
  1055    778
  1056    778
  1057    778
  1058    778
  1059    778
  1060    778
  1061    778
  1062    778
  1063    778
  1005    779
  1006    779
  1007    779
  1008    779
  1009    779
  1010    779
  1011    779
  1012    779
  1013    779
  1014    779
  1015    779
  1016    779
  1017    779
  1029    779
  1030    779
  1031    779
  1032    779
  1033    779
  1034    779
  1035    779
  1036    779
  1037    779
  1038    779
  1039    779
  1049    779
  1050    779
  1051    779
  1052    779
  1053    779
  1054    779
  1055    779
  1056    779
  1057    779
  1058    779
  1059    779
  1060    779
  1061    779
  1003    780
  1004    780
  1005    780
  1006    780
  1007    780
  1008    780
  1009    780
  1010    780
  1011    780
  1012    780
  1013    780
  1014    780
  1015    780
  1027    780
  1028    780
  1029    780
  1030    780
  1031    780
  1032    780
  1033    780
  1034    780
  1035    780
  1036    780
  1037    780
  1047    780
  1048    780
  1049    780
  1050    780
  1051    780
  1052    780
  1053    780
  1054    780
  1055    780
  1056    780
  1057    780
  1058    780
  1059    780
  1001    781
  1002    781
  1003    781
  1004    781
  1005    781
  1006    781
  1007    781
  1008    781
  1009    781
  1010    781
  1011    781
  1012    781
  1013    781
  1025    781
  1026    781
  1027    781
  1028    781
  1029    781
  1030    781
  1031    781
  1032    781
  1033    781
  1034    781
  1035    781
  1046    781
  1047    781
  1048    781
  1049    781
  1050    781
  1051    781
  1052    781
  1053    781
  1054    781
  1055    781
  1056    781
  1057    781
  1058    781
   999    782
  1000    782
  1001    782
  1002    782
  1003    782
  1004    782
  1005    782
  1006    782
  1007    782
  1008    782
  1009    782
  1010    782
  1011    782
  1012    782
  1024    782
  1025    782
  1026    782
  1027    782
  1028    782
  1029    782
  1030    782
  1031    782
  1032    782
  1033    782
  1034    782
  1045    782
  1046    782
  1047    782
  1048    782
  1049    782
  1050    782
  1051    782
  1052    782
  1053    782
  1054    782
  1055    782
  1056    782
   997    783
   998    783
   999    783
  1000    783
  1001    783
  1002    783
  1003    783
  1004    783
  1005    783
  1006    783
  1007    783
  1008    783
  1021    783
  1022    783
  1023    783
  1024    783
  1025    783
  1026    783
  1027    783
  1028    783
  1029    783
  1030    783
  1031    783
  1032    783
  1043    783
  1044    783
  1045    783
  1046    783
  1047    783
  1048    783
  1049    783
  1050    783
  1051    783
  1052    783
  1053    783
  1054    783
  1055    783
   996    784
   997    784
   998    784
   999    784
  1000    784
  1001    784
  1002    784
  1003    784
  1004    784
  1005    784
  1006    784
  1007    784
  1008    784
  1020    784
  1021    784
  1022    784
  1023    784
  1024    784
  1025    784
  1026    784
  1027    784
  1028    784
  1029    784
  1030    784
  1031    784
  1041    784
  1042    784
  1043    784
  1044    784
  1045    784
  1046    784
  1047    784
  1048    784
  1049    784
  1050    784
  1051    784
  1052    784
  1053    784
  1054    784
   994    785
   995    785
   996    785
   997    785
   998    785
   999    785
  1000    785
  1001    785
  1002    785
  1003    785
  1004    785
  1005    785
  1006    785
  1018    785
  1019    785
  1020    785
  1021    785
  1022    785
  1023    785
  1024    785
  1025    785
  1026    785
  1027    785
  1028    785
  1029    785
  1040    785
  1041    785
  1042    785
  1043    785
  1044    785
  1045    785
  1046    785
  1047    785
  1048    785
  1049    785
  1050    785
   992    786
   993    786
   994    786
   995    786
   996    786
   997    786
   998    786
   999    786
  1000    786
  1001    786
  1002    786
  1003    786
  1004    786
  1005    786
  1017    786
  1018    786
  1019    786
  1020    786
  1021    786
  1022    786
  1023    786
  1024    786
  1025    786
  1026    786
  1027    786
  1039    786
  1040    786
  1041    786
  1042    786
  1043    786
  1044    786
  1045    786
  1046    786
  1047    786
  1048    786
  1049    786
  1050    786
   991    787
   992    787
   993    787
   994    787
   995    787
   996    787
   997    787
   998    787
   999    787
  1000    787
  1001    787
  1002    787
  1003    787
  1015    787
  1016    787
  1017    787
  1018    787
  1019    787
  1020    787
  1021    787
  1022    787
  1023    787
  1024    787
  1025    787
  1038    787
  1039    787
  1040    787
  1041    787
  1042    787
  1043    787
  1044    787
  1045    787
  1046    787
  1047    787
  1048    787
  1049    787
  1050    787
   989    788
   990    788
   991    788
   992    788
   993    788
   994    788
   995    788
   996    788
   997    788
   998    788
   999    788
  1000    788
  1014    788
  1015    788
  1016    788
  1017    788
  1018    788
  1019    788
  1020    788
  1021    788
  1022    788
  1023    788
  1024    788
  1036    788
  1037    788
  1038    788
  1039    788
  1040    788
  1041    788
  1042    788
  1043    788
  1044    788
  1045    788
  1046    788
  1047    788
  1048    788
  1049    788
   987    789
   988    789
   989    789
   990    789
   991    789
   992    789
   993    789
   994    789
   995    789
   996    789
   997    789
   998    789
   999    789
  1012    789
  1013    789
  1014    789
  1015    789
  1016    789
  1017    789
  1018    789
  1019    789
  1020    789
  1021    789
  1022    789
  1023    789
  1035    789
  1036    789
  1037    789
  1038    789
  1039    789
  1040    789
  1041    789
  1042    789
  1043    789
  1044    789
  1045    789
  1046    789
  1047    789
   986    790
   987    790
   988    790
   989    790
   990    790
   991    790
   992    790
   993    790
   994    790
   995    790
   996    790
   997    790
   998    790
  1011    790
  1012    790
  1013    790
  1014    790
  1015    790
  1016    790
  1017    790
  1018    790
  1019    790
  1020    790
  1021    790
  1022    790
  1034    790
  1035    790
  1036    790
  1037    790
  1038    790
  1039    790
  1040    790
  1041    790
  1042    790
  1043    790
  1044    790
  1045    790
  1046    790
   984    791
   985    791
   986    791
   987    791
   988    791
   989    791
   990    791
   991    791
   992    791
   993    791
   994    791
   995    791
   996    791
  1009    791
  1010    791
  1011    791
  1012    791
  1013    791
  1014    791
  1015    791
  1016    791
  1017    791
  1018    791
  1019    791
  1033    791
  1034    791
  1035    791
  1036    791
  1037    791
  1038    791
  1039    791
  1040    791
  1041    791
  1042    791
  1043    791
  1044    791
  1045    791
   984    792
   985    792
   986    792
   987    792
   988    792
   989    792
   990    792
   991    792
   992    792
   993    792
   994    792
   995    792
  1008    792
  1009    792
  1010    792
  1011    792
  1012    792
  1013    792
  1014    792
  1015    792
  1016    792
  1017    792
  1018    792
  1033    792
  1034    792
  1036    792
  1037    792
  1038    792
  1039    792
  1040    792
  1041    792
  1042    792
  1043    792
  1044    792
