  1359    709
  1342    710
  1343    710
  1344    710
  1345    710
  1329    711
  1330    711
  1331    711
  1332    711
  1333    711
  1334    711
  1335    711
  1358    711
  1320    712
  1321    712
  1322    712
  1323    712
  1324    712
  1325    712
  1326    712
  1327    712
  1344    712
  1345    712
  1346    712
  1347    712
  1305    713
  1306    713
  1307    713
  1324    713
  1336    713
  1296    714
  1297    714
  1321    714
  1322    714
  1323    714
  1326    714
  1327    714
  1328    714
  1290    715
  1291    715
  1292    715
  1293    715
  1294    715
  1295    715
  1296    715
  1297    715
  1299    715
  1300    715
  1301    715
  1272    716
  1273    716
  1274    716
  1292    716
  1293    716
  1294    716
  1252    717
  1253    717
  1254    717
  1255    717
  1256    717
  1259    717
  1260    717
  1261    717
  1262    717
  1263    717
  1264    717
  1265    717
  1266    717
  1267    717
  1268    717
  1269    717
  1270    717
  1271    717
  1272    717
  1273    717
  1280    717
  1281    717
  1243    718
  1244    718
  1245    718
  1246    718
  1247    718
  1248    718
  1249    718
  1250    718
  1251    718
  1252    718
  1253    718
  1254    718
  1255    718
  1256    718
  1257    718
  1258    718
  1259    718
  1260    718
  1261    718
  1262    718
  1263    718
  1264    718
  1267    718
  1268    718
  1269    718
  1270    718
  1271    718
  1272    718
  1273    718
  1274    718
  1275    718
  1276    718
  1277    718
  1278    718
  1279    718
  1280    718
  1281    718
  1291    718
  1292    718
  1293    718
  1228    719
  1229    719
  1230    719
  1231    719
  1232    719
  1240    719
  1241    719
  1246    719
  1247    719
  1248    719
  1249    719
  1250    719
  1251    719
  1252    719
  1253    719
  1254    719
  1255    719
  1256    719
  1257    719
  1260    719
  1261    719
  1262    719
  1263    719
  1264    719
  1265    719
  1266    719
  1267    719
  1268    719
  1269    719
  1270    719
  1271    719
  1272    719
  1273    719
  1274    719
  1275    719
  1221    720
  1222    720
  1223    720
  1224    720
  1225    720
  1226    720
  1227    720
  1228    720
  1229    720
  1230    720
  1231    720
  1232    720
  1233    720
  1234    720
  1235    720
  1236    720
  1237    720
  1238    720
  1239    720
  1240    720
  1241    720
  1242    720
  1243    720
  1244    720
  1248    720
  1249    720
  1250    720
  1251    720
  1252    720
  1253    720
  1254    720
  1255    720
  1262    720
  1266    720
  1267    720
  1268    720
  1273    720
  1274    720
  1275    720
  1276    720
  1212    721
  1213    721
  1214    721
  1215    721
  1216    721
  1217    721
  1218    721
  1219    721
  1220    721
  1221    721
  1247    721
  1248    721
  1249    721
  1250    721
  1251    721
  1252    721
  1253    721
  1254    721
  1255    721
  1196    722
  1197    722
  1198    722
  1199    722
  1200    722
  1201    722
  1202    722
  1203    722
  1204    722
  1205    722
  1206    722
  1207    722
  1208    722
  1213    722
  1214    722
  1215    722
  1216    722
  1217    722
  1229    722
  1230    722
  1231    722
  1232    722
  1233    722
  1234    722
  1235    722
  1241    722
  1242    722
  1243    722
  1244    722
  1245    722
  1246    722
  1247    722
  1248    722
  1249    722
  1250    722
  1251    722
  1252    722
  1253    722
  1254    722
  1197    723
  1198    723
  1199    723
  1200    723
  1201    723
  1202    723
  1203    723
  1204    723
  1205    723
  1206    723
  1207    723
  1208    723
  1219    723
  1220    723
  1221    723
  1222    723
  1223    723
  1224    723
  1225    723
  1226    723
  1227    723
  1228    723
  1229    723
  1230    723
  1231    723
  1232    723
  1233    723
  1234    723
  1235    723
  1236    723
  1237    723
  1238    723
  1248    723
  1249    723
  1250    723
  1251    723
  1252    723
  1253    723
  1211    724
  1212    724
  1213    724
  1214    724
  1215    724
  1216    724
  1217    724
  1218    724
  1219    724
  1220    724
  1221    724
  1222    724
  1223    724
  1224    724
  1225    724
  1226    724
  1227    724
  1228    724
  1229    724
  1230    724
  1231    724
  1232    724
  1233    724
  1234    724
  1235    724
  1236    724
  1237    724
  1243    724
  1244    724
  1245    724
  1202    725
  1203    725
  1204    725
  1205    725
  1206    725
  1207    725
  1208    725
  1209    725
  1210    725
  1211    725
  1212    725
  1213    725
  1214    725
  1215    725
  1216    725
  1217    725
  1218    725
  1219    725
  1220    725
  1221    725
  1222    725
  1223    725
  1224    725
  1225    725
  1226    725
  1227    725
  1229    725
  1230    725
  1231    725
  1232    725
  1236    725
  1237    725
  1238    725
  1192    726
  1193    726
  1194    726
  1195    726
  1196    726
  1197    726
  1198    726
  1199    726
  1200    726
  1201    726
  1202    726
  1203    726
  1204    726
  1205    726
  1206    726
  1207    726
  1208    726
  1209    726
  1210    726
  1211    726
  1212    726
  1213    726
  1214    726
  1215    726
  1216    726
  1217    726
  1218    726
  1219    726
  1220    726
  1221    726
  1222    726
  1223    726
  1224    726
  1225    726
  1226    726
  1227    726
  1228    726
  1229    726
  1230    726
  1231    726
  1192    727
  1193    727
  1194    727
  1195    727
  1196    727
  1197    727
  1198    727
  1199    727
  1202    727
  1203    727
  1204    727
  1210    727
  1211    727
  1212    727
  1213    727
  1214    727
  1215    727
  1216    727
  1221    727
  1222    727
  1223    727
  1195    728
  1196    728
  1197    728
  1198    728
  1199    728
  1200    728
  1201    728
  1203    728
  1204    728
  1205    728
  1175    729
  1176    729
  1177    729
  1178    729
  1179    729
  1180    729
  1181    729
  1188    729
  1189    729
  1190    729
  1191    729
  1192    729
  1193    729
  1194    729
  1195    729
  1196    729
  1197    729
  1198    729
  1170    730
  1171    730
  1172    730
  1173    730
  1174    730
  1175    730
  1176    730
  1177    730
  1178    730
  1179    730
  1183    730
  1184    730
  1185    730
  1186    730
  1187    730
  1188    730
  1189    730
  1190    730
  1191    730
  1195    730
  1196    730
  1197    730
  1198    730
  1199    730
  1200    730
  1164    731
  1165    731
  1166    731
  1168    731
  1169    731
  1170    731
  1171    731
  1172    731
  1173    731
  1174    731
  1178    731
  1179    731
  1180    731
  1181    731
  1182    731
  1183    731
  1184    731
  1185    731
  1186    731
  1190    731
  1191    731
  1192    731
  1197    731
  1198    731
  1199    731
  1157    732
  1158    732
  1159    732
  1160    732
  1161    732
  1163    732
  1164    732
  1165    732
  1166    732
  1167    732
  1168    732
  1173    732
  1174    732
  1175    732
  1176    732
  1177    732
  1178    732
  1179    732
  1180    732
  1186    732
  1187    732
  1188    732
  1192    732
  1193    732
  1194    732
  1150    733
  1151    733
  1152    733
  1153    733
  1154    733
  1155    733
  1156    733
  1157    733
  1158    733
  1159    733
  1160    733
  1166    733
  1167    733
  1168    733
  1169    733
  1170    733
  1171    733
  1172    733
  1173    733
  1174    733
  1179    733
  1180    733
  1181    733
  1182    733
  1186    733
  1187    733
  1188    733
  1146    734
  1147    734
  1148    734
  1149    734
  1150    734
  1151    734
  1152    734
  1153    734
  1154    734
  1155    734
  1161    734
  1162    734
  1163    734
  1164    734
  1165    734
  1166    734
  1167    734
  1168    734
  1174    734
  1175    734
  1176    734
  1177    734
  1178    734
  1181    734
  1182    734
  1139    735
  1140    735
  1141    735
  1142    735
  1143    735
  1144    735
  1145    735
  1146    735
  1147    735
  1148    735
  1149    735
  1150    735
  1156    735
  1157    735
  1158    735
  1161    735
  1162    735
  1163    735
  1169    735
  1170    735
  1171    735
  1172    735
  1173    735
  1174    735
  1175    735
  1176    735
  1177    735
  1135    736
  1136    736
  1137    736
  1138    736
  1139    736
  1140    736
  1141    736
  1142    736
  1143    736
  1144    736
  1145    736
  1150    736
  1151    736
  1152    736
  1153    736
  1157    736
  1158    736
  1159    736
  1165    736
  1166    736
  1167    736
  1171    736
  1172    736
  1173    736
  1145    737
  1146    737
  1147    737
  1148    737
  1149    737
  1150    737
  1152    737
  1153    737
  1154    737
  1166    737
  1167    737
  1168    737
  1141    738
  1142    738
  1143    738
  1144    738
  1145    738
  1146    738
  1147    738
  1148    738
  1149    738
  1136    739
  1137    739
  1138    739
  1139    739
  1140    739
  1141    739
  1142    739
  1143    739
  1144    739
  1145    739
  1116    740
  1117    740
  1118    740
  1119    740
  1120    740
  1124    740
  1125    740
  1131    740
  1132    740
  1133    740
  1134    740
  1135    740
  1136    740
  1137    740
  1138    740
  1139    740
  1140    740
  1146    740
  1147    740
  1148    740
  1149    740
  1150    740
  1151    740
  1113    741
  1114    741
  1115    741
  1116    741
  1117    741
  1118    741
  1119    741
  1120    741
  1121    741
  1127    741
  1128    741
  1129    741
  1130    741
  1131    741
  1132    741
  1133    741
  1134    741
  1135    741
  1136    741
  1142    741
  1143    741
  1144    741
  1145    741
  1146    741
  1108    742
  1109    742
  1110    742
  1111    742
  1112    742
  1113    742
  1114    742
  1115    742
  1116    742
  1117    742
  1118    742
  1123    742
  1124    742
  1125    742
  1126    742
  1127    742
  1128    742
  1129    742
  1130    742
  1131    742
  1132    742
  1138    742
  1139    742
  1140    742
  1141    742
  1142    742
  1146    742
  1147    742
  1148    742
  1104    743
  1105    743
  1106    743
  1107    743
  1108    743
  1109    743
  1110    743
  1111    743
  1112    743
  1113    743
  1114    743
  1119    743
  1120    743
  1121    743
  1122    743
  1123    743
  1124    743
  1125    743
  1126    743
  1127    743
  1134    743
  1135    743
  1136    743
  1137    743
  1138    743
  1139    743
  1140    743
  1141    743
  1142    743
  1143    743
  1100    744
  1101    744
  1102    744
  1103    744
  1104    744
  1105    744
  1106    744
  1107    744
  1108    744
  1109    744
  1110    744
  1116    744
  1117    744
  1118    744
  1119    744
  1120    744
  1121    744
  1122    744
  1123    744
  1124    744
  1125    744
  1130    744
  1131    744
  1132    744
  1133    744
  1134    744
  1135    744
  1137    744
  1138    744
  1139    744
  1140    744
  1096    745
  1097    745
  1098    745
  1099    745
  1100    745
  1101    745
  1102    745
  1103    745
  1104    745
  1105    745
  1106    745
  1112    745
  1113    745
  1114    745
  1115    745
  1116    745
  1117    745
  1118    745
  1119    745
  1120    745
  1121    745
  1127    745
  1128    745
  1129    745
  1130    745
  1131    745
  1134    745
  1135    745
  1136    745
  1093    746
  1094    746
  1095    746
  1096    746
  1097    746
  1098    746
  1099    746
  1100    746
  1101    746
  1102    746
  1108    746
  1109    746
  1110    746
  1111    746
  1113    746
  1114    746
  1115    746
  1116    746
  1117    746
  1118    746
  1124    746
  1125    746
  1126    746
  1127    746
  1130    746
  1131    746
  1132    746
  1133    746
  1089    747
  1090    747
  1091    747
  1092    747
  1093    747
  1094    747
  1095    747
  1096    747
  1097    747
  1098    747
  1099    747
  1100    747
  1106    747
  1107    747
  1108    747
  1111    747
  1112    747
  1113    747
  1114    747
  1121    747
  1122    747
  1123    747
  1124    747
  1128    747
  1129    747
  1130    747
  1084    748
  1085    748
  1086    748
  1087    748
  1088    748
  1089    748
  1090    748
  1091    748
  1092    748
  1093    748
  1094    748
  1095    748
  1096    748
  1102    748
  1103    748
  1104    748
  1105    748
  1109    748
  1110    748
  1111    748
  1118    748
  1119    748
  1120    748
  1126    748
  1127    748
  1083    749
  1084    749
  1086    749
  1087    749
  1088    749
  1089    749
  1090    749
  1091    749
  1092    749
  1093    749
  1099    749
  1100    749
  1101    749
  1102    749
  1103    749
  1104    749
  1106    749
  1107    749
  1108    749
  1115    749
  1116    749
  1117    749
  1123    749
  1124    749
  1096    750
  1097    750
  1098    750
  1099    750
  1100    750
  1101    750
  1102    750
  1103    750
  1104    750
  1105    750
  1120    750
  1121    750
  1093    751
  1094    751
  1095    751
  1096    751
  1097    751
  1098    751
  1099    751
  1100    751
  1101    751
  1090    752
  1091    752
  1092    752
  1093    752
  1094    752
  1095    752
  1096    752
  1097    752
  1098    752
  1099    752
  1086    753
  1087    753
  1088    753
  1089    753
  1090    753
  1091    753
  1092    753
  1093    753
  1094    753
  1095    753
  1096    753
  1067    754
  1068    754
  1069    754
  1070    754
  1075    754
  1076    754
  1083    754
  1084    754
  1085    754
  1086    754
  1087    754
  1088    754
  1089    754
  1090    754
  1091    754
  1092    754
  1093    754
  1100    754
  1101    754
  1102    754
  1063    755
  1064    755
  1065    755
  1066    755
  1067    755
  1068    755
  1071    755
  1072    755
  1073    755
  1074    755
  1080    755
  1081    755
  1082    755
  1083    755
  1084    755
  1085    755
  1086    755
  1087    755
  1088    755
  1089    755
  1090    755
  1097    755
  1098    755
  1099    755
  1100    755
  1060    756
  1061    756
  1062    756
  1063    756
  1064    756
  1065    756
  1066    756
  1067    756
  1068    756
  1069    756
  1070    756
  1078    756
  1079    756
  1080    756
  1081    756
  1082    756
  1083    756
  1084    756
  1085    756
  1086    756
  1087    756
  1094    756
  1095    756
  1096    756
  1097    756
  1098    756
  1104    756
  1056    757
  1057    757
  1058    757
  1059    757
  1060    757
  1061    757
  1062    757
  1063    757
  1064    757
  1065    757
  1066    757
  1067    757
  1075    757
  1076    757
  1077    757
  1078    757
  1079    757
  1080    757
  1081    757
  1082    757
  1083    757
  1084    757
  1091    757
  1092    757
  1093    757
  1094    757
  1095    757
  1099    757
  1100    757
  1101    757
  1054    758
  1055    758
  1056    758
  1057    758
  1058    758
  1059    758
  1060    758
  1061    758
  1062    758
  1063    758
  1064    758
  1065    758
  1072    758
  1073    758
  1074    758
  1075    758
  1076    758
  1077    758
  1078    758
  1079    758
  1080    758
  1081    758
  1082    758
  1089    758
  1090    758
  1091    758
  1092    758
  1093    758
  1096    758
  1097    758
  1098    758
  1099    758
  1050    759
  1051    759
  1052    759
  1053    759
  1054    759
  1055    759
  1056    759
  1057    759
  1058    759
  1059    759
  1060    759
  1061    759
  1069    759
  1070    759
  1071    759
  1072    759
  1073    759
  1074    759
  1075    759
  1076    759
  1077    759
  1078    759
  1079    759
  1086    759
  1087    759
  1088    759
  1089    759
  1090    759
  1094    759
  1095    759
  1096    759
  1048    760
  1049    760
  1050    760
  1051    760
  1052    760
  1053    760
  1054    760
  1055    760
  1056    760
  1057    760
  1058    760
  1067    760
  1068    760
  1069    760
  1070    760
  1071    760
  1072    760
  1073    760
  1074    760
  1075    760
  1076    760
  1077    760
  1083    760
  1084    760
  1085    760
  1086    760
  1087    760
  1088    760
  1092    760
  1093    760
  1094    760
  1045    761
  1046    761
  1047    761
  1048    761
  1049    761
  1050    761
  1051    761
  1052    761
  1053    761
  1054    761
  1055    761
  1056    761
  1064    761
  1065    761
  1066    761
  1067    761
  1068    761
  1069    761
  1070    761
  1071    761
  1072    761
  1073    761
  1074    761
  1081    761
  1082    761
  1083    761
  1084    761
  1085    761
  1086    761
  1087    761
  1088    761
  1090    761
  1091    761
  1092    761
  1042    762
  1043    762
  1044    762
  1045    762
  1046    762
  1047    762
  1048    762
  1049    762
  1050    762
  1051    762
  1052    762
  1053    762
  1062    762
  1063    762
  1064    762
  1065    762
  1066    762
  1067    762
  1068    762
  1069    762
  1070    762
  1071    762
  1072    762
  1079    762
  1080    762
  1081    762
  1082    762
  1083    762
  1084    762
  1085    762
  1086    762
  1087    762
  1088    762
  1089    762
  1039    763
  1040    763
  1041    763
  1042    763
  1043    763
  1044    763
  1045    763
  1046    763
  1047    763
  1048    763
  1049    763
  1050    763
  1051    763
  1059    763
  1060    763
  1061    763
  1062    763
  1063    763
  1064    763
  1066    763
  1067    763
  1068    763
  1069    763
  1077    763
  1078    763
  1079    763
  1080    763
  1081    763
  1082    763
  1083    763
  1084    763
  1085    763
  1086    763
  1087    763
  1037    764
  1038    764
  1039    764
  1040    764
  1041    764
  1042    764
  1043    764
  1044    764
  1045    764
  1046    764
  1047    764
  1048    764
  1057    764
  1058    764
  1059    764
  1060    764
  1061    764
  1065    764
  1066    764
  1074    764
  1075    764
  1076    764
  1077    764
  1078    764
  1079    764
  1080    764
  1081    764
  1082    764
  1083    764
  1084    764
  1085    764
  1034    765
  1035    765
  1036    765
  1037    765
  1038    765
  1039    765
  1040    765
  1041    765
  1042    765
  1043    765
  1044    765
  1045    765
  1046    765
  1054    765
  1055    765
  1056    765
  1057    765
  1058    765
  1059    765
  1060    765
  1061    765
  1062    765
  1063    765
  1064    765
  1072    765
  1073    765
  1074    765
  1075    765
  1076    765
  1077    765
  1078    765
  1079    765
  1080    765
  1081    765
  1082    765
  1083    765
  1035    766
  1036    766
  1037    766
  1038    766
  1039    766
  1040    766
  1041    766
  1042    766
  1043    766
  1052    766
  1053    766
  1054    766
  1055    766
  1056    766
  1059    766
  1060    766
  1061    766
  1062    766
  1070    766
  1071    766
  1072    766
  1073    766
  1074    766
  1075    766
  1076    766
  1077    766
  1078    766
  1079    766
  1080    766
  1081    766
  1034    767
  1035    767
  1036    767
  1037    767
  1038    767
  1039    767
  1040    767
  1049    767
  1050    767
  1051    767
  1052    767
  1053    767
  1054    767
  1055    767
  1058    767
  1059    767
  1060    767
  1075    767
  1076    767
  1077    767
  1078    767
  1047    768
  1048    768
  1049    768
  1050    768
  1051    768
  1052    768
  1053    768
  1057    768
  1045    769
  1046    769
  1047    769
  1048    769
  1049    769
  1050    769
  1051    769
  1052    769
  1054    769
  1055    769
  1043    770
  1044    770
  1045    770
  1046    770
  1047    770
  1048    770
  1049    770
  1050    770
  1051    770
  1052    770
  1053    770
  1041    771
  1042    771
  1043    771
  1044    771
  1045    771
  1046    771
  1047    771
  1048    771
  1049    771
  1050    771
  1051    771
  1039    772
  1040    772
  1041    772
  1042    772
  1043    772
  1044    772
  1045    772
  1046    772
  1047    772
  1048    772
  1049    772
  1014    773
  1015    773
  1016    773
  1017    773
  1018    773
  1019    773
  1036    773
  1037    773
  1038    773
  1039    773
  1040    773
  1041    773
  1042    773
  1043    773
  1044    773
  1045    773
  1046    773
  1047    773
  1012    774
  1013    774
  1014    774
  1015    774
  1016    774
  1017    774
  1018    774
  1019    774
  1035    774
  1036    774
  1037    774
  1038    774
  1039    774
  1040    774
  1041    774
  1043    774
  1044    774
  1045    774
  1054    774
  1055    774
  1056    774
  1057    774
  1058    774
  1059    774
  1060    774
  1010    775
  1011    775
  1012    775
  1013    775
  1014    775
  1015    775
  1016    775
  1017    775
  1018    775
  1019    775
  1020    775
  1021    775
  1022    775
  1033    775
  1034    775
  1035    775
  1036    775
  1037    775
  1038    775
  1039    775
  1040    775
  1041    775
  1042    775
  1043    775
  1052    775
  1053    775
  1054    775
  1055    775
  1056    775
  1057    775
  1058    775
  1059    775
  1060    775
  1061    775
  1007    776
  1008    776
  1009    776
  1010    776
  1011    776
  1012    776
  1013    776
  1014    776
  1015    776
  1016    776
  1017    776
  1018    776
  1019    776
  1020    776
  1030    776
  1031    776
  1032    776
  1033    776
  1034    776
  1035    776
  1036    776
  1037    776
  1038    776
  1039    776
  1040    776
  1041    776
  1050    776
  1051    776
  1052    776
  1053    776
  1054    776
  1055    776
  1056    776
  1057    776
  1058    776
  1059    776
  1061    776
  1062    776
  1005    777
  1006    777
  1007    777
  1008    777
  1009    777
  1010    777
  1011    777
  1012    777
  1013    777
  1014    777
  1016    777
  1017    777
  1029    777
  1030    777
  1031    777
  1032    777
  1033    777
  1034    777
  1035    777
  1036    777
  1037    777
  1038    777
  1039    777
  1049    777
  1050    777
  1051    777
  1052    777
  1053    777
  1054    777
  1055    777
  1056    777
  1057    777
  1058    777
  1059    777
  1060    777
  1003    778
  1004    778
  1005    778
  1006    778
  1007    778
  1008    778
  1009    778
  1010    778
  1011    778
  1012    778
  1013    778
  1027    778
  1028    778
  1029    778
  1030    778
  1031    778
  1032    778
  1033    778
  1034    778
  1035    778
  1037    778
  1047    778
  1048    778
  1049    778
  1050    778
  1051    778
  1052    778
  1053    778
  1054    778
  1055    778
  1056    778
  1057    778
  1058    778
  1059    778
  1001    779
  1002    779
  1003    779
  1004    779
  1005    779
  1006    779
  1007    779
  1008    779
  1009    779
  1010    779
  1011    779
  1012    779
  1013    779
  1026    779
  1027    779
  1028    779
  1029    779
  1030    779
  1031    779
  1032    779
  1033    779
  1034    779
  1035    779
  1045    779
  1046    779
  1047    779
  1048    779
  1049    779
  1050    779
  1051    779
  1052    779
  1053    779
  1054    779
  1055    779
  1056    779
  1057    779
   999    780
  1000    780
  1001    780
  1002    780
  1003    780
  1004    780
  1005    780
  1006    780
  1007    780
  1008    780
  1009    780
  1010    780
  1011    780
  1012    780
  1023    780
  1024    780
  1025    780
  1026    780
  1027    780
  1028    780
  1029    780
  1030    780
  1031    780
  1044    780
  1045    780
  1046    780
  1047    780
  1048    780
  1049    780
  1050    780
  1051    780
  1052    780
  1053    780
  1054    780
  1055    780
  1056    780
   997    781
   998    781
   999    781
  1000    781
  1001    781
  1002    781
  1003    781
  1004    781
  1005    781
  1006    781
  1007    781
  1008    781
  1009    781
  1022    781
  1023    781
  1024    781
  1025    781
  1026    781
  1027    781
  1028    781
  1029    781
  1042    781
  1043    781
  1044    781
  1045    781
  1046    781
  1047    781
  1048    781
  1049    781
  1050    781
  1051    781
  1052    781
  1053    781
  1054    781
  1055    781
   996    782
   997    782
   998    782
   999    782
  1000    782
  1001    782
  1002    782
  1003    782
  1004    782
  1005    782
  1006    782
  1007    782
  1008    782
  1019    782
  1020    782
  1021    782
  1022    782
  1023    782
  1024    782
  1025    782
  1026    782
  1027    782
  1028    782
  1029    782
  1040    782
  1041    782
  1042    782
  1043    782
  1044    782
  1045    782
  1046    782
  1047    782
  1048    782
  1049    782
  1050    782
  1051    782
  1052    782
   994    783
   995    783
   996    783
   997    783
   998    783
   999    783
  1000    783
  1001    783
  1002    783
  1003    783
  1004    783
  1005    783
  1006    783
  1018    783
  1019    783
  1020    783
  1021    783
  1022    783
  1023    783
  1024    783
  1025    783
  1026    783
  1027    783
  1028    783
  1039    783
  1040    783
  1041    783
  1042    783
  1043    783
  1044    783
  1045    783
  1046    783
  1047    783
  1048    783
  1049    783
  1050    783
  1051    783
   992    784
   993    784
   994    784
   995    784
   996    784
   997    784
   998    784
   999    784
  1000    784
  1001    784
  1002    784
  1003    784
  1004    784
  1016    784
  1017    784
  1018    784
  1019    784
  1020    784
  1021    784
  1022    784
  1023    784
  1024    784
  1025    784
  1026    784
  1027    784
  1038    784
  1039    784
  1040    784
  1041    784
  1042    784
  1043    784
  1044    784
  1045    784
  1046    784
  1047    784
  1048    784
  1049    784
  1050    784
   990    785
   991    785
   992    785
   993    785
   994    785
   995    785
   996    785
   997    785
   998    785
   999    785
  1000    785
  1001    785
  1002    785
  1003    785
  1014    785
  1015    785
  1016    785
  1017    785
  1018    785
  1019    785
  1020    785
  1021    785
  1022    785
  1023    785
  1024    785
  1025    785
  1036    785
  1037    785
  1038    785
  1039    785
  1040    785
  1041    785
  1042    785
  1043    785
  1044    785
  1045    785
  1046    785
  1047    785
  1048    785
  1049    785
   989    786
   990    786
   991    786
   992    786
   993    786
   994    786
   995    786
   996    786
   997    786
   998    786
   999    786
  1000    786
  1001    786
  1013    786
  1014    786
  1015    786
  1016    786
  1017    786
  1018    786
  1019    786
  1020    786
  1021    786
  1022    786
  1023    786
  1035    786
  1036    786
  1037    786
  1038    786
  1039    786
  1040    786
  1041    786
  1042    786
  1043    786
  1044    786
  1045    786
  1046    786
  1047    786
  1048    786
   987    787
   988    787
   989    787
   990    787
   991    787
   992    787
   993    787
   994    787
   995    787
   996    787
   997    787
   998    787
   999    787
  1012    787
  1013    787
  1014    787
  1015    787
  1016    787
  1017    787
  1018    787
  1019    787
  1020    787
  1021    787
  1022    787
  1033    787
  1034    787
  1035    787
  1036    787
  1037    787
  1038    787
  1039    787
  1040    787
  1041    787
  1042    787
  1043    787
  1044    787
  1045    787
  1046    787
  1047    787
   985    788
   986    788
   987    788
   988    788
   989    788
   990    788
   991    788
   992    788
   993    788
   994    788
   995    788
   996    788
   997    788
   998    788
  1010    788
  1011    788
  1012    788
  1013    788
  1014    788
  1015    788
  1016    788
  1017    788
  1018    788
  1019    788
  1033    788
  1034    788
  1035    788
  1036    788
  1037    788
  1038    788
  1039    788
  1040    788
  1041    788
  1042    788
  1043    788
  1044    788
  1045    788
  1046    788
   984    789
   985    789
   986    789
   987    789
   988    789
   989    789
   990    789
   991    789
   992    789
   993    789
   994    789
   995    789
   996    789
  1009    789
  1010    789
  1011    789
  1012    789
  1013    789
  1014    789
  1015    789
  1016    789
  1017    789
  1018    789
  1032    789
  1033    789
  1034    789
  1035    789
  1036    789
  1037    789
  1038    789
  1039    789
  1040    789
  1041    789
  1042    789
  1043    789
  1044    789
   982    790
   983    790
   984    790
   985    790
   986    790
   987    790
   988    790
   989    790
   990    790
   991    790
   992    790
   993    790
   994    790
   995    790
   996    790
  1007    790
  1008    790
  1009    790
  1010    790
  1011    790
  1012    790
  1013    790
  1014    790
  1015    790
  1016    790
  1017    790
  1018    790
  1031    790
  1032    790
  1034    790
  1035    790
  1036    790
  1037    790
  1038    790
  1039    790
  1040    790
  1041    790
  1042    790
  1043    790
   981    791
   982    791
   983    791
   984    791
   985    791
   986    791
   987    791
   988    791
   989    791
   990    791
   991    791
   992    791
   993    791
   994    791
  1006    791
  1007    791
  1008    791
  1009    791
  1010    791
  1011    791
  1012    791
  1013    791
  1014    791
  1015    791
  1016    791
  1017    791
  1030    791
  1031    791
  1032    791
  1033    791
  1034    791
  1035    791
  1036    791
  1037    791
  1038    791
  1039    791
  1040    791
  1041    791
  1042    791
   980    792
   981    792
   982    792
   983    792
   984    792
   985    792
   986    792
   987    792
   988    792
   989    792
   990    792
   991    792
   992    792
   993    792
  1004    792
  1005    792
  1006    792
  1007    792
  1008    792
  1009    792
  1010    792
  1011    792
  1012    792
  1013    792
  1014    792
  1015    792
  1016    792
  1030    792
  1031    792
  1032    792
  1033    792
  1034    792
  1035    792
  1036    792
  1037    792
  1038    792
  1039    792
  1040    792
