  1338    710
  1339    710
  1340    710
  1341    710
  1325    711
  1326    711
  1327    711
  1313    712
  1314    712
  1315    712
  1316    712
  1317    712
  1318    712
  1338    712
  1339    712
  1340    712
  1341    712
  1302    713
  1303    713
  1304    713
  1331    713
  1332    713
  1333    713
  1296    714
  1297    714
  1298    714
  1299    714
  1300    714
  1301    714
  1302    714
  1295    715
  1296    715
  1297    715
  1298    715
  1299    715
  1300    715
  1267    716
  1268    716
  1269    716
  1278    716
  1279    716
  1280    716
  1281    716
  1282    716
  1283    716
  1252    717
  1253    717
  1254    717
  1255    717
  1256    717
  1257    717
  1258    717
  1259    717
  1260    717
  1261    717
  1262    717
  1263    717
  1264    717
  1267    717
  1268    717
  1269    717
  1277    717
  1278    717
  1279    717
  1280    717
  1281    717
  1294    717
  1295    717
  1296    717
  1237    718
  1238    718
  1239    718
  1240    718
  1241    718
  1242    718
  1243    718
  1244    718
  1245    718
  1246    718
  1247    718
  1248    718
  1249    718
  1250    718
  1251    718
  1252    718
  1253    718
  1254    718
  1255    718
  1256    718
  1257    718
  1258    718
  1259    718
  1265    718
  1266    718
  1267    718
  1268    718
  1269    718
  1270    718
  1271    718
  1272    718
  1273    718
  1274    718
  1275    718
  1276    718
  1220    719
  1221    719
  1222    719
  1223    719
  1224    719
  1238    719
  1239    719
  1243    719
  1244    719
  1245    719
  1246    719
  1247    719
  1248    719
  1249    719
  1250    719
  1251    719
  1252    719
  1253    719
  1254    719
  1255    719
  1256    719
  1257    719
  1258    719
  1259    719
  1260    719
  1261    719
  1262    719
  1263    719
  1264    719
  1265    719
  1266    719
  1267    719
  1278    719
  1279    719
  1217    720
  1218    720
  1219    720
  1220    720
  1221    720
  1222    720
  1223    720
  1224    720
  1225    720
  1226    720
  1227    720
  1228    720
  1245    720
  1246    720
  1247    720
  1248    720
  1249    720
  1250    720
  1251    720
  1252    720
  1253    720
  1254    720
  1255    720
  1256    720
  1269    720
  1270    720
  1271    720
  1194    721
  1195    721
  1204    721
  1205    721
  1206    721
  1207    721
  1208    721
  1209    721
  1210    721
  1211    721
  1212    721
  1213    721
  1214    721
  1215    721
  1216    721
  1217    721
  1218    721
  1242    721
  1243    721
  1244    721
  1245    721
  1246    721
  1247    721
  1248    721
  1249    721
  1250    721
  1251    721
  1252    721
  1204    722
  1205    722
  1206    722
  1207    722
  1208    722
  1209    722
  1210    722
  1211    722
  1212    722
  1223    722
  1224    722
  1225    722
  1226    722
  1227    722
  1228    722
  1229    722
  1230    722
  1231    722
  1232    722
  1233    722
  1234    722
  1235    722
  1236    722
  1237    722
  1238    722
  1239    722
  1240    722
  1241    722
  1242    722
  1243    722
  1244    722
  1245    722
  1246    722
  1249    722
  1250    722
  1251    722
  1252    722
  1164    723
  1165    723
  1166    723
  1167    723
  1168    723
  1169    723
  1170    723
  1171    723
  1172    723
  1191    723
  1192    723
  1193    723
  1194    723
  1195    723
  1196    723
  1213    723
  1214    723
  1215    723
  1216    723
  1217    723
  1218    723
  1219    723
  1220    723
  1221    723
  1222    723
  1223    723
  1224    723
  1225    723
  1226    723
  1227    723
  1228    723
  1229    723
  1230    723
  1231    723
  1232    723
  1233    723
  1236    723
  1237    723
  1238    723
  1239    723
  1240    723
  1245    723
  1246    723
  1247    723
  1151    724
  1152    724
  1153    724
  1154    724
  1155    724
  1156    724
  1157    724
  1158    724
  1159    724
  1160    724
  1161    724
  1162    724
  1205    724
  1206    724
  1207    724
  1208    724
  1209    724
  1210    724
  1211    724
  1212    724
  1213    724
  1214    724
  1215    724
  1216    724
  1217    724
  1218    724
  1219    724
  1220    724
  1221    724
  1222    724
  1223    724
  1224    724
  1225    724
  1226    724
  1227    724
  1228    724
  1229    724
  1230    724
  1231    724
  1232    724
  1239    724
  1240    724
  1241    724
  1160    725
  1167    725
  1168    725
  1198    725
  1199    725
  1200    725
  1202    725
  1203    725
  1204    725
  1205    725
  1206    725
  1207    725
  1208    725
  1209    725
  1210    725
  1211    725
  1212    725
  1213    725
  1214    725
  1215    725
  1216    725
  1217    725
  1218    725
  1219    725
  1222    725
  1223    725
  1224    725
  1225    725
  1229    725
  1230    725
  1231    725
  1232    725
  1190    726
  1191    726
  1192    726
  1193    726
  1194    726
  1195    726
  1196    726
  1197    726
  1198    726
  1199    726
  1201    726
  1202    726
  1203    726
  1204    726
  1205    726
  1206    726
  1211    726
  1212    726
  1213    726
  1214    726
  1215    726
  1216    726
  1217    726
  1218    726
  1219    726
  1220    726
  1221    726
  1222    726
  1224    726
  1225    726
  1192    727
  1193    727
  1194    727
  1195    727
  1196    727
  1197    727
  1198    727
  1199    727
  1215    727
  1216    727
  1217    727
  1218    727
  1219    727
  1189    728
  1190    728
  1191    728
  1192    728
  1193    728
  1194    728
  1195    728
  1196    728
  1170    729
  1171    729
  1172    729
  1173    729
  1174    729
  1175    729
  1176    729
  1177    729
  1178    729
  1183    729
  1184    729
  1185    729
  1186    729
  1187    729
  1188    729
  1189    729
  1190    729
  1191    729
  1192    729
  1193    729
  1194    729
  1195    729
  1164    730
  1165    730
  1166    730
  1167    730
  1168    730
  1169    730
  1170    730
  1171    730
  1172    730
  1173    730
  1174    730
  1175    730
  1176    730
  1177    730
  1178    730
  1179    730
  1180    730
  1182    730
  1183    730
  1184    730
  1185    730
  1186    730
  1187    730
  1191    730
  1192    730
  1193    730
  1198    730
  1158    731
  1159    731
  1160    731
  1161    731
  1162    731
  1163    731
  1164    731
  1165    731
  1166    731
  1167    731
  1172    731
  1173    731
  1174    731
  1175    731
  1176    731
  1177    731
  1178    731
  1179    731
  1185    731
  1186    731
  1187    731
  1188    731
  1192    731
  1193    731
  1152    732
  1153    732
  1154    732
  1155    732
  1156    732
  1157    732
  1158    732
  1159    732
  1160    732
  1161    732
  1167    732
  1168    732
  1169    732
  1170    732
  1171    732
  1172    732
  1173    732
  1174    732
  1179    732
  1180    732
  1181    732
  1185    732
  1186    732
  1187    732
  1188    732
  1145    733
  1146    733
  1147    733
  1148    733
  1149    733
  1150    733
  1151    733
  1152    733
  1153    733
  1154    733
  1155    733
  1156    733
  1161    733
  1162    733
  1163    733
  1164    733
  1165    733
  1166    733
  1167    733
  1168    733
  1169    733
  1174    733
  1175    733
  1176    733
  1177    733
  1182    733
  1140    734
  1141    734
  1142    734
  1143    734
  1144    734
  1145    734
  1146    734
  1147    734
  1148    734
  1149    734
  1150    734
  1155    734
  1156    734
  1157    734
  1158    734
  1160    734
  1161    734
  1162    734
  1163    734
  1164    734
  1169    734
  1170    734
  1171    734
  1172    734
  1174    734
  1175    734
  1176    734
  1177    734
  1133    735
  1134    735
  1135    735
  1136    735
  1137    735
  1138    735
  1139    735
  1140    735
  1141    735
  1142    735
  1143    735
  1144    735
  1150    735
  1151    735
  1152    735
  1153    735
  1164    735
  1165    735
  1166    735
  1167    735
  1170    735
  1171    735
  1172    735
  1132    736
  1133    736
  1134    736
  1135    736
  1136    736
  1137    736
  1138    736
  1139    736
  1144    736
  1145    736
  1146    736
  1147    736
  1148    736
  1149    736
  1166    736
  1167    736
  1168    736
  1140    737
  1141    737
  1142    737
  1143    737
  1144    737
  1145    737
  1146    737
  1147    737
  1148    737
  1135    738
  1136    738
  1137    738
  1138    738
  1139    738
  1140    738
  1141    738
  1142    738
  1143    738
  1116    739
  1117    739
  1118    739
  1119    739
  1122    739
  1123    739
  1130    739
  1131    739
  1132    739
  1133    739
  1134    739
  1135    739
  1136    739
  1137    739
  1138    739
  1139    739
  1112    740
  1113    740
  1114    740
  1115    740
  1116    740
  1117    740
  1118    740
  1119    740
  1120    740
  1121    740
  1126    740
  1127    740
  1128    740
  1129    740
  1130    740
  1131    740
  1132    740
  1133    740
  1134    740
  1135    740
  1140    740
  1141    740
  1142    740
  1143    740
  1144    740
  1106    741
  1107    741
  1108    741
  1109    741
  1110    741
  1111    741
  1112    741
  1113    741
  1114    741
  1115    741
  1116    741
  1117    741
  1122    741
  1123    741
  1124    741
  1125    741
  1126    741
  1127    741
  1128    741
  1129    741
  1130    741
  1131    741
  1137    741
  1138    741
  1139    741
  1140    741
  1143    741
  1144    741
  1145    741
  1146    741
  1103    742
  1104    742
  1105    742
  1106    742
  1107    742
  1108    742
  1109    742
  1110    742
  1111    742
  1112    742
  1118    742
  1119    742
  1120    742
  1121    742
  1122    742
  1123    742
  1124    742
  1125    742
  1126    742
  1132    742
  1133    742
  1134    742
  1135    742
  1136    742
  1139    742
  1140    742
  1141    742
  1142    742
  1099    743
  1100    743
  1101    743
  1102    743
  1103    743
  1104    743
  1105    743
  1106    743
  1107    743
  1108    743
  1114    743
  1115    743
  1116    743
  1117    743
  1118    743
  1119    743
  1120    743
  1121    743
  1122    743
  1123    743
  1129    743
  1130    743
  1131    743
  1132    743
  1133    743
  1134    743
  1135    743
  1136    743
  1137    743
  1095    744
  1096    744
  1097    744
  1098    744
  1099    744
  1100    744
  1101    744
  1102    744
  1103    744
  1104    744
  1111    744
  1112    744
  1113    744
  1114    744
  1115    744
  1116    744
  1117    744
  1118    744
  1119    744
  1125    744
  1126    744
  1127    744
  1128    744
  1129    744
  1130    744
  1132    744
  1133    744
  1134    744
  1091    745
  1092    745
  1093    745
  1094    745
  1095    745
  1096    745
  1097    745
  1098    745
  1099    745
  1100    745
  1101    745
  1106    745
  1107    745
  1108    745
  1109    745
  1112    745
  1113    745
  1114    745
  1115    745
  1116    745
  1122    745
  1123    745
  1124    745
  1125    745
  1126    745
  1128    745
  1129    745
  1130    745
  1131    745
  1087    746
  1088    746
  1089    746
  1090    746
  1091    746
  1092    746
  1093    746
  1094    746
  1095    746
  1096    746
  1097    746
  1103    746
  1104    746
  1105    746
  1106    746
  1109    746
  1110    746
  1111    746
  1119    746
  1120    746
  1121    746
  1122    746
  1123    746
  1126    746
  1127    746
  1128    746
  1084    747
  1085    747
  1086    747
  1087    747
  1088    747
  1089    747
  1090    747
  1091    747
  1092    747
  1093    747
  1094    747
  1100    747
  1101    747
  1102    747
  1103    747
  1108    747
  1116    747
  1117    747
  1118    747
  1119    747
  1120    747
  1121    747
  1122    747
  1123    747
  1124    747
  1125    747
  1085    748
  1086    748
  1087    748
  1088    748
  1089    748
  1090    748
  1097    748
  1098    748
  1099    748
  1100    748
  1119    748
  1120    748
  1121    748
  1122    748
  1085    749
  1086    749
  1094    749
  1095    749
  1096    749
  1097    749
  1098    749
  1099    749
  1100    749
  1101    749
  1102    749
  1117    749
  1118    749
  1119    749
  1091    750
  1092    750
  1093    750
  1094    750
  1095    750
  1096    750
  1097    750
  1098    750
  1099    750
  1088    751
  1089    751
  1090    751
  1091    751
  1092    751
  1093    751
  1094    751
  1095    751
  1096    751
  1084    752
  1085    752
  1086    752
  1087    752
  1088    752
  1089    752
  1090    752
  1091    752
  1092    752
  1093    752
  1064    753
  1065    753
  1066    753
  1067    753
  1068    753
  1072    753
  1073    753
  1081    753
  1082    753
  1083    753
  1084    753
  1085    753
  1086    753
  1087    753
  1088    753
  1089    753
  1090    753
  1097    753
  1098    753
  1099    753
  1100    753
  1101    753
  1102    753
  1103    753
  1061    754
  1062    754
  1063    754
  1064    754
  1065    754
  1066    754
  1067    754
  1068    754
  1069    754
  1070    754
  1071    754
  1078    754
  1079    754
  1080    754
  1081    754
  1084    754
  1085    754
  1086    754
  1087    754
  1094    754
  1095    754
  1096    754
  1097    754
  1058    755
  1059    755
  1060    755
  1061    755
  1062    755
  1063    755
  1064    755
  1065    755
  1066    755
  1067    755
  1068    755
  1075    755
  1076    755
  1077    755
  1078    755
  1079    755
  1081    755
  1082    755
  1083    755
  1084    755
  1091    755
  1092    755
  1093    755
  1094    755
  1095    755
  1096    755
  1100    755
  1101    755
  1054    756
  1055    756
  1056    756
  1057    756
  1058    756
  1059    756
  1060    756
  1061    756
  1062    756
  1063    756
  1064    756
  1065    756
  1072    756
  1073    756
  1074    756
  1075    756
  1076    756
  1077    756
  1078    756
  1079    756
  1080    756
  1081    756
  1088    756
  1089    756
  1090    756
  1091    756
  1092    756
  1093    756
  1094    756
  1097    756
  1098    756
  1051    757
  1052    757
  1053    757
  1054    757
  1055    757
  1056    757
  1057    757
  1058    757
  1059    757
  1060    757
  1061    757
  1062    757
  1070    757
  1071    757
  1072    757
  1073    757
  1074    757
  1075    757
  1076    757
  1077    757
  1078    757
  1079    757
  1085    757
  1086    757
  1087    757
  1088    757
  1089    757
  1090    757
  1091    757
  1092    757
  1093    757
  1094    757
  1095    757
  1048    758
  1049    758
  1050    758
  1051    758
  1052    758
  1053    758
  1054    758
  1055    758
  1056    758
  1057    758
  1058    758
  1059    758
  1067    758
  1068    758
  1069    758
  1070    758
  1071    758
  1072    758
  1073    758
  1074    758
  1075    758
  1076    758
  1077    758
  1083    758
  1084    758
  1085    758
  1086    758
  1087    758
  1088    758
  1090    758
  1091    758
  1092    758
  1093    758
  1045    759
  1046    759
  1047    759
  1048    759
  1049    759
  1050    759
  1051    759
  1052    759
  1053    759
  1054    759
  1055    759
  1056    759
  1064    759
  1065    759
  1066    759
  1067    759
  1068    759
  1069    759
  1070    759
  1071    759
  1072    759
  1073    759
  1074    759
  1080    759
  1081    759
  1082    759
  1083    759
  1084    759
  1085    759
  1086    759
  1087    759
  1088    759
  1089    759
  1090    759
  1091    759
  1042    760
  1043    760
  1044    760
  1045    760
  1046    760
  1047    760
  1048    760
  1049    760
  1050    760
  1051    760
  1052    760
  1053    760
  1062    760
  1063    760
  1064    760
  1065    760
  1066    760
  1067    760
  1068    760
  1069    760
  1070    760
  1071    760
  1072    760
  1078    760
  1079    760
  1080    760
  1081    760
  1082    760
  1083    760
  1084    760
  1085    760
  1086    760
  1087    760
  1088    760
  1039    761
  1040    761
  1041    761
  1042    761
  1043    761
  1044    761
  1045    761
  1046    761
  1047    761
  1048    761
  1049    761
  1050    761
  1059    761
  1060    761
  1061    761
  1062    761
  1063    761
  1064    761
  1065    761
  1066    761
  1067    761
  1068    761
  1069    761
  1076    761
  1077    761
  1078    761
  1079    761
  1080    761
  1081    761
  1082    761
  1083    761
  1084    761
  1085    761
  1086    761
  1037    762
  1038    762
  1039    762
  1040    762
  1041    762
  1042    762
  1043    762
  1044    762
  1045    762
  1046    762
  1047    762
  1048    762
  1056    762
  1057    762
  1058    762
  1059    762
  1060    762
  1061    762
  1062    762
  1063    762
  1064    762
  1065    762
  1066    762
  1073    762
  1074    762
  1075    762
  1076    762
  1077    762
  1078    762
  1079    762
  1080    762
  1082    762
  1083    762
  1084    762
  1034    763
  1035    763
  1036    763
  1037    763
  1038    763
  1039    763
  1040    763
  1041    763
  1042    763
  1043    763
  1044    763
  1045    763
  1054    763
  1055    763
  1056    763
  1061    763
  1062    763
  1063    763
  1064    763
  1071    763
  1072    763
  1073    763
  1074    763
  1075    763
  1076    763
  1077    763
  1079    763
  1080    763
  1081    763
  1082    763
  1032    764
  1033    764
  1034    764
  1035    764
  1036    764
  1037    764
  1038    764
  1039    764
  1040    764
  1041    764
  1042    764
  1051    764
  1052    764
  1053    764
  1060    764
  1061    764
  1068    764
  1069    764
  1070    764
  1071    764
  1072    764
  1073    764
  1074    764
  1075    764
  1076    764
  1077    764
  1078    764
  1079    764
  1035    765
  1036    765
  1037    765
  1038    765
  1039    765
  1040    765
  1049    765
  1050    765
  1051    765
  1057    765
  1058    765
  1075    765
  1076    765
  1077    765
  1046    766
  1047    766
  1048    766
  1049    766
  1050    766
  1051    766
  1055    766
  1056    766
  1071    766
  1073    766
  1074    766
  1075    766
  1045    767
  1046    767
  1047    767
  1048    767
  1049    767
  1050    767
  1053    767
  1041    768
  1042    768
  1043    768
  1044    768
  1045    768
  1046    768
  1047    768
  1048    768
  1049    768
  1050    768
  1051    768
  1052    768
  1040    769
  1041    769
  1042    769
  1043    769
  1044    769
  1045    769
  1046    769
  1047    769
  1048    769
  1049    769
  1038    770
  1039    770
  1040    770
  1041    770
  1042    770
  1043    770
  1044    770
  1045    770
  1046    770
  1047    770
  1014    771
  1015    771
  1016    771
  1017    771
  1018    771
  1035    771
  1036    771
  1037    771
  1038    771
  1039    771
  1040    771
  1041    771
  1042    771
  1043    771
  1044    771
  1045    771
  1011    772
  1012    772
  1013    772
  1014    772
  1015    772
  1033    772
  1034    772
  1035    772
  1036    772
  1037    772
  1038    772
  1039    772
  1040    772
  1041    772
  1042    772
  1043    772
  1052    772
  1053    772
  1054    772
  1055    772
  1056    772
  1057    772
  1058    772
  1059    772
  1009    773
  1010    773
  1011    773
  1012    773
  1013    773
  1014    773
  1015    773
  1016    773
  1031    773
  1032    773
  1033    773
  1034    773
  1035    773
  1036    773
  1037    773
  1038    773
  1039    773
  1040    773
  1041    773
  1050    773
  1051    773
  1052    773
  1053    773
  1054    773
  1055    773
  1056    773
  1057    773
  1058    773
  1007    774
  1008    774
  1009    774
  1010    774
  1011    774
  1012    774
  1013    774
  1014    774
  1015    774
  1017    774
  1029    774
  1030    774
  1031    774
  1032    774
  1033    774
  1034    774
  1035    774
  1036    774
  1037    774
  1038    774
  1039    774
  1048    774
  1049    774
  1050    774
  1051    774
  1052    774
  1053    774
  1054    774
  1055    774
  1056    774
  1057    774
  1058    774
  1059    774
  1060    774
  1004    775
  1005    775
  1006    775
  1007    775
  1008    775
  1009    775
  1010    775
  1011    775
  1012    775
  1013    775
  1014    775
  1015    775
  1016    775
  1027    775
  1028    775
  1029    775
  1030    775
  1031    775
  1032    775
  1033    775
  1034    775
  1035    775
  1036    775
  1037    775
  1047    775
  1048    775
  1049    775
  1050    775
  1051    775
  1052    775
  1053    775
  1054    775
  1055    775
  1056    775
  1057    775
  1058    775
  1002    776
  1003    776
  1004    776
  1005    776
  1006    776
  1007    776
  1008    776
  1009    776
  1010    776
  1011    776
  1012    776
  1013    776
  1014    776
  1025    776
  1026    776
  1027    776
  1028    776
  1029    776
  1030    776
  1031    776
  1032    776
  1033    776
  1034    776
  1035    776
  1045    776
  1046    776
  1047    776
  1048    776
  1049    776
  1050    776
  1051    776
  1052    776
  1053    776
  1054    776
  1055    776
  1056    776
  1057    776
  1000    777
  1001    777
  1002    777
  1003    777
  1004    777
  1005    777
  1006    777
  1007    777
  1008    777
  1009    777
  1010    777
  1011    777
  1012    777
  1023    777
  1024    777
  1025    777
  1026    777
  1027    777
  1028    777
  1029    777
  1030    777
  1031    777
  1032    777
  1033    777
  1043    777
  1044    777
  1045    777
  1046    777
  1047    777
  1048    777
  1049    777
  1050    777
  1051    777
  1052    777
  1053    777
  1054    777
   998    778
   999    778
  1000    778
  1001    778
  1002    778
  1003    778
  1004    778
  1005    778
  1006    778
  1007    778
  1008    778
  1009    778
  1010    778
  1021    778
  1022    778
  1023    778
  1024    778
  1025    778
  1026    778
  1027    778
  1028    778
  1029    778
  1030    778
  1031    778
  1041    778
  1042    778
  1043    778
  1044    778
  1045    778
  1046    778
  1047    778
  1048    778
  1049    778
  1050    778
  1051    778
  1052    778
  1053    778
   996    779
   997    779
   998    779
   999    779
  1000    779
  1001    779
  1002    779
  1003    779
  1004    779
  1005    779
  1006    779
  1007    779
  1008    779
  1019    779
  1020    779
  1021    779
  1022    779
  1023    779
  1024    779
  1025    779
  1026    779
  1027    779
  1028    779
  1039    779
  1040    779
  1041    779
  1042    779
  1043    779
  1044    779
  1045    779
  1046    779
  1047    779
  1048    779
  1049    779
  1050    779
  1051    779
  1052    779
   994    780
   995    780
   996    780
   997    780
   998    780
   999    780
  1000    780
  1001    780
  1002    780
  1003    780
  1004    780
  1005    780
  1006    780
  1017    780
  1018    780
  1019    780
  1020    780
  1021    780
  1022    780
  1023    780
  1024    780
  1025    780
  1026    780
  1027    780
  1038    780
  1039    780
  1040    780
  1041    780
  1042    780
  1043    780
  1044    780
  1045    780
  1046    780
  1047    780
  1048    780
  1049    780
  1050    780
   993    781
   994    781
   995    781
   996    781
   997    781
   998    781
   999    781
  1000    781
  1001    781
  1002    781
  1003    781
  1004    781
  1015    781
  1016    781
  1017    781
  1018    781
  1019    781
  1020    781
  1021    781
  1022    781
  1023    781
  1024    781
  1026    781
  1036    781
  1037    781
  1038    781
  1039    781
  1040    781
  1041    781
  1042    781
  1043    781
  1044    781
  1045    781
  1046    781
  1047    781
  1048    781
  1049    781
   991    782
   992    782
   993    782
   994    782
   995    782
   996    782
   997    782
   998    782
   999    782
  1000    782
  1001    782
  1002    782
  1014    782
  1015    782
  1016    782
  1017    782
  1018    782
  1019    782
  1020    782
  1021    782
  1022    782
  1023    782
  1035    782
  1036    782
  1037    782
  1038    782
  1039    782
  1040    782
  1041    782
  1042    782
  1043    782
  1044    782
  1045    782
  1046    782
   989    783
   990    783
   991    783
   992    783
   993    783
   994    783
   995    783
   996    783
   997    783
   998    783
   999    783
  1000    783
  1001    783
  1012    783
  1013    783
  1014    783
  1015    783
  1016    783
  1017    783
  1018    783
  1019    783
  1020    783
  1021    783
  1022    783
  1034    783
  1035    783
  1036    783
  1037    783
  1038    783
  1039    783
  1040    783
  1041    783
  1042    783
  1043    783
  1044    783
  1045    783
   987    784
   988    784
   989    784
   990    784
   991    784
   992    784
   993    784
   994    784
   995    784
   996    784
   997    784
   998    784
   999    784
  1011    784
  1012    784
  1013    784
  1014    784
  1015    784
  1016    784
  1017    784
  1018    784
  1019    784
  1020    784
  1021    784
  1032    784
  1033    784
  1034    784
  1035    784
  1036    784
  1037    784
  1038    784
  1039    784
  1040    784
  1041    784
  1042    784
  1043    784
   985    785
   986    785
   987    785
   988    785
   989    785
   990    785
   991    785
   992    785
   993    785
   994    785
   995    785
   996    785
   997    785
  1009    785
  1010    785
  1011    785
  1012    785
  1013    785
  1014    785
  1015    785
  1016    785
  1017    785
  1018    785
  1031    785
  1032    785
  1033    785
  1034    785
  1035    785
  1036    785
  1037    785
  1038    785
  1039    785
  1040    785
  1041    785
  1042    785
   984    786
   985    786
   986    786
   987    786
   988    786
   989    786
   990    786
   991    786
   992    786
   993    786
   994    786
   995    786
   996    786
  1008    786
  1009    786
  1010    786
  1011    786
  1012    786
  1013    786
  1014    786
  1015    786
  1016    786
  1017    786
  1030    786
  1031    786
  1032    786
  1033    786
  1034    786
  1035    786
  1036    786
  1037    786
  1038    786
  1039    786
  1040    786
  1041    786
   982    787
   983    787
   984    787
   985    787
   986    787
   987    787
   988    787
   989    787
   990    787
   991    787
   992    787
   993    787
   994    787
   995    787
  1006    787
  1007    787
  1008    787
  1009    787
  1010    787
  1011    787
  1012    787
  1013    787
  1014    787
  1015    787
  1016    787
  1029    787
  1030    787
  1031    787
  1032    787
  1033    787
  1034    787
  1035    787
  1036    787
  1037    787
  1038    787
  1039    787
  1040    787
   981    788
   982    788
   983    788
   984    788
   985    788
   986    788
   987    788
   988    788
   989    788
   990    788
   991    788
   992    788
   993    788
  1005    788
  1006    788
  1007    788
  1008    788
  1009    788
  1010    788
  1011    788
  1012    788
  1013    788
  1014    788
  1015    788
  1028    788
  1029    788
  1030    788
  1031    788
  1032    788
  1033    788
  1034    788
  1035    788
  1036    788
  1037    788
  1038    788
  1039    788
   979    789
   980    789
   981    789
   982    789
   983    789
   984    789
   985    789
   986    789
   987    789
   988    789
   989    789
   990    789
   991    789
  1003    789
  1004    789
  1005    789
  1006    789
  1007    789
  1008    789
  1009    789
  1010    789
  1011    789
  1012    789
  1013    789
  1014    789
  1027    789
  1028    789
  1030    789
  1031    789
  1032    789
  1033    789
  1034    789
  1035    789
  1036    789
  1037    789
  1038    789
   981    790
   982    790
   983    790
   984    790
   985    790
   986    790
   987    790
   988    790
   989    790
   990    790
  1002    790
  1003    790
  1004    790
  1005    790
  1006    790
  1007    790
  1008    790
  1009    790
  1010    790
  1011    790
  1012    790
  1013    790
  1027    790
  1028    790
  1029    790
  1030    790
  1031    790
  1032    790
  1033    790
  1034    790
  1035    790
  1036    790
  1037    790
  1001    791
  1002    791
  1003    791
  1004    791
  1005    791
  1006    791
  1007    791
  1008    791
  1009    791
  1010    791
  1011    791
  1012    791
  1027    791
  1028    791
  1029    791
  1030    791
  1031    791
  1032    791
  1033    791
  1034    791
  1035    791
   999    792
  1000    792
  1001    792
  1002    792
  1003    792
  1004    792
  1005    792
  1006    792
  1007    792
  1008    792
  1009    792
