  1347    711
  1348    711
  1349    711
  1350    711
  1336    712
  1337    712
  1338    712
  1339    712
  1340    712
  1341    712
  1360    712
  1361    712
  1327    713
  1328    713
  1329    713
  1330    713
  1331    713
  1332    713
  1333    713
  1334    713
  1335    713
  1336    713
  1337    713
  1338    713
  1339    713
  1340    713
  1341    713
  1342    713
  1343    713
  1350    713
  1351    713
  1352    713
  1353    713
  1310    714
  1311    714
  1312    714
  1313    714
  1314    714
  1315    714
  1316    714
  1330    714
  1331    714
  1333    714
  1334    714
  1335    714
  1336    714
  1337    714
  1338    714
  1339    714
  1340    714
  1341    714
  1342    714
  1343    714
  1344    714
  1304    715
  1305    715
  1306    715
  1307    715
  1308    715
  1309    715
  1310    715
  1311    715
  1312    715
  1313    715
  1314    715
  1315    715
  1316    715
  1331    715
  1332    715
  1333    715
  1334    715
  1335    715
  1336    715
  1295    716
  1296    716
  1297    716
  1298    716
  1301    716
  1302    716
  1303    716
  1304    716
  1305    716
  1306    716
  1307    716
  1308    716
  1309    716
  1310    716
  1311    716
  1312    716
  1276    717
  1277    717
  1278    717
  1279    717
  1280    717
  1281    717
  1282    717
  1283    717
  1295    717
  1296    717
  1297    717
  1298    717
  1299    717
  1300    717
  1301    717
  1302    717
  1303    717
  1304    717
  1305    717
  1264    718
  1265    718
  1266    718
  1267    718
  1268    718
  1269    718
  1270    718
  1271    718
  1272    718
  1273    718
  1274    718
  1275    718
  1276    718
  1277    718
  1278    718
  1279    718
  1280    718
  1281    718
  1291    718
  1292    718
  1293    718
  1294    718
  1295    718
  1306    718
  1307    718
  1308    718
  1309    718
  1310    718
  1253    719
  1254    719
  1255    719
  1256    719
  1257    719
  1258    719
  1259    719
  1260    719
  1261    719
  1262    719
  1263    719
  1264    719
  1265    719
  1266    719
  1267    719
  1268    719
  1269    719
  1270    719
  1271    719
  1272    719
  1273    719
  1274    719
  1275    719
  1276    719
  1277    719
  1278    719
  1279    719
  1280    719
  1281    719
  1282    719
  1283    719
  1299    719
  1300    719
  1233    720
  1234    720
  1235    720
  1236    720
  1237    720
  1238    720
  1252    720
  1253    720
  1254    720
  1255    720
  1256    720
  1257    720
  1258    720
  1259    720
  1260    720
  1261    720
  1262    720
  1263    720
  1264    720
  1265    720
  1269    720
  1270    720
  1271    720
  1272    720
  1273    720
  1274    720
  1275    720
  1276    720
  1277    720
  1278    720
  1279    720
  1280    720
  1228    721
  1229    721
  1230    721
  1231    721
  1232    721
  1233    721
  1234    721
  1235    721
  1236    721
  1237    721
  1238    721
  1239    721
  1240    721
  1241    721
  1242    721
  1243    721
  1244    721
  1245    721
  1246    721
  1247    721
  1248    721
  1249    721
  1250    721
  1251    721
  1252    721
  1257    721
  1258    721
  1259    721
  1260    721
  1261    721
  1262    721
  1263    721
  1264    721
  1265    721
  1267    721
  1268    721
  1269    721
  1270    721
  1271    721
  1272    721
  1273    721
  1274    721
  1275    721
  1276    721
  1277    721
  1278    721
  1224    722
  1225    722
  1226    722
  1227    722
  1228    722
  1229    722
  1230    722
  1231    722
  1256    722
  1257    722
  1258    722
  1259    722
  1260    722
  1261    722
  1262    722
  1263    722
  1264    722
  1197    723
  1198    723
  1199    723
  1200    723
  1201    723
  1203    723
  1204    723
  1205    723
  1206    723
  1207    723
  1208    723
  1209    723
  1210    723
  1211    723
  1212    723
  1213    723
  1214    723
  1215    723
  1216    723
  1221    723
  1222    723
  1223    723
  1224    723
  1225    723
  1226    723
  1237    723
  1238    723
  1239    723
  1240    723
  1241    723
  1242    723
  1243    723
  1244    723
  1248    723
  1249    723
  1250    723
  1255    723
  1256    723
  1257    723
  1258    723
  1259    723
  1260    723
  1261    723
  1262    723
  1263    723
  1264    723
  1179    724
  1180    724
  1181    724
  1182    724
  1183    724
  1184    724
  1185    724
  1206    724
  1207    724
  1208    724
  1209    724
  1210    724
  1211    724
  1212    724
  1213    724
  1214    724
  1227    724
  1228    724
  1229    724
  1230    724
  1231    724
  1232    724
  1233    724
  1234    724
  1235    724
  1236    724
  1237    724
  1238    724
  1239    724
  1240    724
  1241    724
  1242    724
  1243    724
  1244    724
  1252    724
  1253    724
  1254    724
  1255    724
  1260    724
  1261    724
  1262    724
  1165    725
  1166    725
  1167    725
  1168    725
  1169    725
  1170    725
  1171    725
  1197    725
  1198    725
  1220    725
  1221    725
  1222    725
  1223    725
  1224    725
  1225    725
  1226    725
  1227    725
  1228    725
  1229    725
  1230    725
  1231    725
  1232    725
  1233    725
  1234    725
  1235    725
  1236    725
  1237    725
  1238    725
  1239    725
  1240    725
  1244    725
  1245    725
  1246    725
  1252    725
  1253    725
  1254    725
  1178    726
  1179    726
  1180    726
  1181    726
  1182    726
  1183    726
  1184    726
  1185    726
  1214    726
  1215    726
  1216    726
  1221    726
  1222    726
  1223    726
  1224    726
  1225    726
  1226    726
  1227    726
  1228    726
  1229    726
  1230    726
  1231    726
  1232    726
  1233    726
  1234    726
  1235    726
  1238    726
  1239    726
  1240    726
  1247    726
  1167    727
  1168    727
  1169    727
  1170    727
  1171    727
  1172    727
  1203    727
  1204    727
  1205    727
  1206    727
  1207    727
  1208    727
  1209    727
  1217    727
  1218    727
  1220    727
  1221    727
  1222    727
  1223    727
  1224    727
  1225    727
  1226    727
  1227    727
  1228    727
  1229    727
  1230    727
  1232    727
  1233    727
  1234    727
  1235    727
  1236    727
  1237    727
  1238    727
  1239    727
  1240    727
  1241    727
  1199    728
  1200    728
  1201    728
  1202    728
  1204    728
  1205    728
  1206    728
  1207    728
  1211    728
  1212    728
  1220    728
  1221    728
  1222    728
  1223    728
  1224    728
  1228    728
  1229    728
  1230    728
  1231    728
  1232    728
  1233    728
  1234    728
  1235    728
  1206    729
  1207    729
  1208    729
  1209    729
  1224    729
  1225    729
  1226    729
  1199    730
  1200    730
  1201    730
  1202    730
  1203    730
  1204    730
  1205    730
  1206    730
  1207    730
  1179    731
  1180    731
  1181    731
  1182    731
  1183    731
  1184    731
  1185    731
  1186    731
  1187    731
  1188    731
  1193    731
  1194    731
  1195    731
  1196    731
  1198    731
  1199    731
  1200    731
  1201    731
  1202    731
  1174    732
  1175    732
  1176    732
  1177    732
  1178    732
  1179    732
  1180    732
  1181    732
  1182    732
  1183    732
  1187    732
  1188    732
  1189    732
  1190    732
  1191    732
  1193    732
  1194    732
  1195    732
  1200    732
  1201    732
  1202    732
  1203    732
  1204    732
  1205    732
  1168    733
  1169    733
  1170    733
  1171    733
  1172    733
  1173    733
  1174    733
  1175    733
  1176    733
  1177    733
  1178    733
  1183    733
  1184    733
  1185    733
  1186    733
  1187    733
  1188    733
  1189    733
  1190    733
  1191    733
  1196    733
  1197    733
  1198    733
  1199    733
  1202    733
  1203    733
  1204    733
  1162    734
  1163    734
  1164    734
  1165    734
  1166    734
  1167    734
  1168    734
  1169    734
  1170    734
  1171    734
  1172    734
  1178    734
  1179    734
  1180    734
  1181    734
  1182    734
  1183    734
  1184    734
  1185    734
  1186    734
  1191    734
  1192    734
  1193    734
  1195    734
  1196    734
  1197    734
  1198    734
  1199    734
  1200    734
  1156    735
  1157    735
  1158    735
  1159    735
  1160    735
  1161    735
  1162    735
  1163    735
  1164    735
  1165    735
  1166    735
  1171    735
  1172    735
  1173    735
  1174    735
  1175    735
  1176    735
  1177    735
  1178    735
  1179    735
  1185    735
  1186    735
  1187    735
  1188    735
  1189    735
  1191    735
  1192    735
  1193    735
  1194    735
  1151    736
  1152    736
  1153    736
  1154    736
  1155    736
  1156    736
  1157    736
  1158    736
  1159    736
  1160    736
  1167    736
  1168    736
  1169    736
  1170    736
  1171    736
  1172    736
  1173    736
  1174    736
  1175    736
  1180    736
  1181    736
  1182    736
  1183    736
  1184    736
  1187    736
  1188    736
  1189    736
  1146    737
  1147    737
  1148    737
  1149    737
  1150    737
  1151    737
  1152    737
  1153    737
  1154    737
  1155    737
  1162    737
  1163    737
  1168    737
  1169    737
  1170    737
  1175    737
  1176    737
  1177    737
  1183    737
  1184    737
  1146    738
  1147    738
  1148    738
  1149    738
  1150    738
  1151    738
  1156    738
  1157    738
  1158    738
  1159    738
  1160    738
  1171    738
  1172    738
  1178    738
  1179    738
  1180    738
  1152    739
  1153    739
  1154    739
  1155    739
  1156    739
  1157    739
  1158    739
  1159    739
  1160    739
  1172    739
  1173    739
  1174    739
  1148    740
  1149    740
  1150    740
  1151    740
  1152    740
  1153    740
  1154    740
  1155    740
  1156    740
  1142    741
  1143    741
  1144    741
  1145    741
  1146    741
  1147    741
  1148    741
  1149    741
  1150    741
  1151    741
  1152    741
  1124    742
  1125    742
  1126    742
  1127    742
  1128    742
  1129    742
  1130    742
  1131    742
  1132    742
  1133    742
  1139    742
  1140    742
  1141    742
  1144    742
  1145    742
  1146    742
  1147    742
  1148    742
  1155    742
  1156    742
  1157    742
  1158    742
  1120    743
  1121    743
  1122    743
  1123    743
  1124    743
  1125    743
  1126    743
  1127    743
  1128    743
  1129    743
  1135    743
  1136    743
  1137    743
  1138    743
  1141    743
  1142    743
  1143    743
  1150    743
  1151    743
  1152    743
  1153    743
  1115    744
  1116    744
  1117    744
  1118    744
  1119    744
  1120    744
  1121    744
  1122    744
  1123    744
  1124    744
  1125    744
  1131    744
  1132    744
  1133    744
  1134    744
  1135    744
  1136    744
  1137    744
  1138    744
  1139    744
  1140    744
  1146    744
  1147    744
  1148    744
  1149    744
  1150    744
  1154    744
  1155    744
  1112    745
  1113    745
  1114    745
  1115    745
  1116    745
  1117    745
  1118    745
  1119    745
  1120    745
  1121    745
  1122    745
  1127    745
  1128    745
  1129    745
  1130    745
  1131    745
  1132    745
  1133    745
  1134    745
  1135    745
  1136    745
  1143    745
  1144    745
  1145    745
  1146    745
  1147    745
  1151    745
  1152    745
  1108    746
  1109    746
  1110    746
  1111    746
  1112    746
  1113    746
  1114    746
  1115    746
  1116    746
  1117    746
  1118    746
  1124    746
  1125    746
  1126    746
  1127    746
  1128    746
  1129    746
  1130    746
  1131    746
  1132    746
  1139    746
  1140    746
  1141    746
  1142    746
  1146    746
  1147    746
  1148    746
  1104    747
  1105    747
  1106    747
  1107    747
  1108    747
  1109    747
  1110    747
  1111    747
  1112    747
  1113    747
  1114    747
  1115    747
  1120    747
  1121    747
  1122    747
  1123    747
  1124    747
  1125    747
  1126    747
  1127    747
  1128    747
  1129    747
  1136    747
  1137    747
  1138    747
  1139    747
  1144    747
  1145    747
  1146    747
  1101    748
  1102    748
  1103    748
  1104    748
  1105    748
  1106    748
  1107    748
  1108    748
  1109    748
  1110    748
  1111    748
  1117    748
  1118    748
  1119    748
  1120    748
  1121    748
  1122    748
  1123    748
  1124    748
  1125    748
  1126    748
  1133    748
  1134    748
  1135    748
  1136    748
  1137    748
  1138    748
  1141    748
  1142    748
  1097    749
  1098    749
  1099    749
  1100    749
  1101    749
  1102    749
  1103    749
  1104    749
  1105    749
  1106    749
  1107    749
  1114    749
  1115    749
  1116    749
  1117    749
  1120    749
  1121    749
  1122    749
  1130    749
  1131    749
  1132    749
  1133    749
  1134    749
  1135    749
  1136    749
  1137    749
  1138    749
  1139    749
  1140    749
  1094    750
  1095    750
  1096    750
  1097    750
  1098    750
  1099    750
  1100    750
  1101    750
  1102    750
  1103    750
  1104    750
  1111    750
  1112    750
  1113    750
  1114    750
  1118    750
  1119    750
  1127    750
  1128    750
  1129    750
  1130    750
  1131    750
  1132    750
  1133    750
  1134    750
  1135    750
  1136    750
  1137    750
  1094    751
  1095    751
  1096    751
  1097    751
  1098    751
  1099    751
  1100    751
  1101    751
  1108    751
  1109    751
  1110    751
  1111    751
  1115    751
  1116    751
  1117    751
  1124    751
  1125    751
  1126    751
  1127    751
  1128    751
  1129    751
  1131    751
  1132    751
  1133    751
  1134    751
  1092    752
  1093    752
  1094    752
  1095    752
  1096    752
  1097    752
  1098    752
  1105    752
  1106    752
  1107    752
  1108    752
  1109    752
  1110    752
  1111    752
  1112    752
  1113    752
  1114    752
  1129    752
  1130    752
  1131    752
  1102    753
  1103    753
  1104    753
  1105    753
  1107    753
  1108    753
  1109    753
  1110    753
  1111    753
  1100    754
  1101    754
  1102    754
  1103    754
  1104    754
  1105    754
  1106    754
  1107    754
  1108    754
  1097    755
  1098    755
  1099    755
  1100    755
  1101    755
  1102    755
  1103    755
  1104    755
  1105    755
  1093    756
  1094    756
  1095    756
  1096    756
  1097    756
  1099    756
  1100    756
  1101    756
  1102    756
  1103    756
  1073    757
  1074    757
  1075    757
  1076    757
  1077    757
  1090    757
  1091    757
  1092    757
  1093    757
  1094    757
  1095    757
  1096    757
  1097    757
  1098    757
  1099    757
  1100    757
  1107    757
  1108    757
  1109    757
  1110    757
  1111    757
  1112    757
  1113    757
  1069    758
  1070    758
  1071    758
  1072    758
  1073    758
  1074    758
  1075    758
  1076    758
  1077    758
  1078    758
  1079    758
  1080    758
  1088    758
  1089    758
  1090    758
  1091    758
  1092    758
  1093    758
  1094    758
  1095    758
  1096    758
  1097    758
  1104    758
  1105    758
  1106    758
  1107    758
  1108    758
  1109    758
  1110    758
  1111    758
  1067    759
  1068    759
  1069    759
  1070    759
  1071    759
  1072    759
  1073    759
  1074    759
  1075    759
  1076    759
  1077    759
  1085    759
  1086    759
  1087    759
  1088    759
  1089    759
  1090    759
  1091    759
  1092    759
  1093    759
  1094    759
  1095    759
  1102    759
  1103    759
  1104    759
  1105    759
  1106    759
  1107    759
  1108    759
  1109    759
  1110    759
  1111    759
  1112    759
  1063    760
  1064    760
  1065    760
  1066    760
  1067    760
  1068    760
  1069    760
  1070    760
  1071    760
  1072    760
  1073    760
  1074    760
  1082    760
  1083    760
  1084    760
  1085    760
  1086    760
  1087    760
  1088    760
  1089    760
  1090    760
  1091    760
  1092    760
  1100    760
  1101    760
  1102    760
  1103    760
  1104    760
  1105    760
  1106    760
  1107    760
  1108    760
  1109    760
  1110    760
  1060    761
  1061    761
  1062    761
  1063    761
  1064    761
  1065    761
  1066    761
  1067    761
  1068    761
  1069    761
  1070    761
  1071    761
  1080    761
  1081    761
  1082    761
  1083    761
  1084    761
  1085    761
  1086    761
  1087    761
  1088    761
  1089    761
  1097    761
  1098    761
  1099    761
  1100    761
  1101    761
  1102    761
  1103    761
  1104    761
  1105    761
  1106    761
  1107    761
  1058    762
  1059    762
  1060    762
  1061    762
  1062    762
  1063    762
  1064    762
  1065    762
  1066    762
  1067    762
  1068    762
  1077    762
  1078    762
  1079    762
  1080    762
  1081    762
  1082    762
  1083    762
  1084    762
  1085    762
  1086    762
  1087    762
  1094    762
  1095    762
  1096    762
  1097    762
  1098    762
  1099    762
  1100    762
  1101    762
  1102    762
  1103    762
  1104    762
  1105    762
  1055    763
  1056    763
  1057    763
  1058    763
  1059    763
  1060    763
  1061    763
  1062    763
  1063    763
  1064    763
  1065    763
  1075    763
  1076    763
  1077    763
  1078    763
  1079    763
  1080    763
  1081    763
  1082    763
  1083    763
  1084    763
  1085    763
  1092    763
  1093    763
  1094    763
  1095    763
  1096    763
  1097    763
  1098    763
  1099    763
  1100    763
  1101    763
  1102    763
  1103    763
  1052    764
  1053    764
  1054    764
  1055    764
  1056    764
  1057    764
  1058    764
  1059    764
  1060    764
  1061    764
  1062    764
  1063    764
  1072    764
  1073    764
  1074    764
  1075    764
  1076    764
  1077    764
  1078    764
  1079    764
  1080    764
  1081    764
  1082    764
  1090    764
  1091    764
  1092    764
  1093    764
  1094    764
  1095    764
  1096    764
  1097    764
  1098    764
  1099    764
  1100    764
  1101    764
  1049    765
  1050    765
  1051    765
  1052    765
  1053    765
  1054    765
  1055    765
  1056    765
  1057    765
  1058    765
  1059    765
  1060    765
  1061    765
  1070    765
  1071    765
  1072    765
  1073    765
  1074    765
  1075    765
  1076    765
  1077    765
  1078    765
  1079    765
  1080    765
  1088    765
  1089    765
  1090    765
  1091    765
  1092    765
  1093    765
  1094    765
  1095    765
  1096    765
  1097    765
  1098    765
  1047    766
  1048    766
  1049    766
  1050    766
  1051    766
  1052    766
  1053    766
  1054    766
  1055    766
  1056    766
  1057    766
  1058    766
  1068    766
  1069    766
  1070    766
  1071    766
  1072    766
  1073    766
  1074    766
  1075    766
  1076    766
  1077    766
  1078    766
  1085    766
  1086    766
  1087    766
  1088    766
  1089    766
  1090    766
  1091    766
  1092    766
  1093    766
  1094    766
  1095    766
  1096    766
  1097    766
  1045    767
  1046    767
  1047    767
  1048    767
  1049    767
  1050    767
  1051    767
  1052    767
  1053    767
  1054    767
  1055    767
  1056    767
  1065    767
  1066    767
  1067    767
  1068    767
  1069    767
  1070    767
  1071    767
  1072    767
  1073    767
  1074    767
  1075    767
  1084    767
  1085    767
  1086    767
  1087    767
  1088    767
  1089    767
  1090    767
  1091    767
  1092    767
  1093    767
  1094    767
  1042    768
  1043    768
  1044    768
  1045    768
  1046    768
  1047    768
  1048    768
  1049    768
  1050    768
  1051    768
  1052    768
  1053    768
  1063    768
  1064    768
  1065    768
  1066    768
  1067    768
  1068    768
  1069    768
  1070    768
  1071    768
  1072    768
  1073    768
  1081    768
  1082    768
  1083    768
  1084    768
  1085    768
  1086    768
  1087    768
  1088    768
  1089    768
  1090    768
  1091    768
  1092    768
  1093    768
  1040    769
  1041    769
  1042    769
  1043    769
  1044    769
  1045    769
  1046    769
  1047    769
  1048    769
  1049    769
  1050    769
  1051    769
  1060    769
  1061    769
  1062    769
  1063    769
  1064    769
  1065    769
  1066    769
  1067    769
  1069    769
  1070    769
  1071    769
  1079    769
  1080    769
  1081    769
  1082    769
  1083    769
  1084    769
  1085    769
  1086    769
  1087    769
  1088    769
  1089    769
  1090    769
  1042    770
  1043    770
  1044    770
  1045    770
  1046    770
  1047    770
  1048    770
  1049    770
  1059    770
  1060    770
  1061    770
  1062    770
  1063    770
  1064    770
  1065    770
  1066    770
  1067    770
  1068    770
  1080    770
  1081    770
  1082    770
  1083    770
  1084    770
  1085    770
  1086    770
  1087    770
  1088    770
  1042    771
  1043    771
  1044    771
  1045    771
  1056    771
  1057    771
  1058    771
  1059    771
  1060    771
  1061    771
  1062    771
  1063    771
  1064    771
  1065    771
  1066    771
  1067    771
  1084    771
  1085    771
  1086    771
  1054    772
  1055    772
  1056    772
  1057    772
  1058    772
  1059    772
  1060    772
  1061    772
  1062    772
  1063    772
  1064    772
  1052    773
  1053    773
  1054    773
  1055    773
  1056    773
  1057    773
  1058    773
  1059    773
  1060    773
  1061    773
  1062    773
  1063    773
  1050    774
  1051    774
  1052    774
  1053    774
  1054    774
  1055    774
  1056    774
  1057    774
  1058    774
  1059    774
  1060    774
  1048    775
  1049    775
  1050    775
  1051    775
  1052    775
  1053    775
  1054    775
  1055    775
  1056    775
  1057    775
  1058    775
  1059    775
  1046    776
  1047    776
  1048    776
  1049    776
  1050    776
  1051    776
  1052    776
  1053    776
  1054    776
  1055    776
  1056    776
  1057    776
  1022    777
  1023    777
  1024    777
  1025    777
  1026    777
  1027    777
  1045    777
  1046    777
  1047    777
  1048    777
  1049    777
  1050    777
  1051    777
  1052    777
  1053    777
  1054    777
  1018    778
  1019    778
  1020    778
  1021    778
  1022    778
  1023    778
  1024    778
  1025    778
  1026    778
  1043    778
  1044    778
  1045    778
  1046    778
  1047    778
  1048    778
  1049    778
  1050    778
  1051    778
  1052    778
  1053    778
  1063    778
  1064    778
  1065    778
  1066    778
  1067    778
  1068    778
  1069    778
  1070    778
  1017    779
  1018    779
  1019    779
  1020    779
  1021    779
  1022    779
  1023    779
  1024    779
  1025    779
  1040    779
  1041    779
  1042    779
  1043    779
  1044    779
  1045    779
  1046    779
  1047    779
  1048    779
  1049    779
  1050    779
  1051    779
  1060    779
  1061    779
  1062    779
  1063    779
  1064    779
  1065    779
  1066    779
  1067    779
  1068    779
  1069    779
  1015    780
  1016    780
  1017    780
  1018    780
  1019    780
  1020    780
  1021    780
  1022    780
  1023    780
  1024    780
  1025    780
  1039    780
  1040    780
  1041    780
  1042    780
  1043    780
  1044    780
  1045    780
  1046    780
  1047    780
  1048    780
  1049    780
  1059    780
  1060    780
  1061    780
  1062    780
  1063    780
  1064    780
  1065    780
  1066    780
  1067    780
  1068    780
  1069    780
  1070    780
  1071    780
  1013    781
  1014    781
  1015    781
  1016    781
  1017    781
  1018    781
  1019    781
  1020    781
  1021    781
  1022    781
  1023    781
  1024    781
  1025    781
  1036    781
  1037    781
  1038    781
  1039    781
  1040    781
  1041    781
  1042    781
  1043    781
  1044    781
  1045    781
  1046    781
  1047    781
  1048    781
  1058    781
  1059    781
  1060    781
  1061    781
  1062    781
  1063    781
  1064    781
  1065    781
  1066    781
  1067    781
  1068    781
  1069    781
  1011    782
  1012    782
  1013    782
  1014    782
  1015    782
  1016    782
  1017    782
  1018    782
  1019    782
  1020    782
  1021    782
  1022    782
  1023    782
  1035    782
  1036    782
  1037    782
  1038    782
  1039    782
  1040    782
  1041    782
  1042    782
  1043    782
  1044    782
  1045    782
  1046    782
  1056    782
  1057    782
  1058    782
  1059    782
  1060    782
  1061    782
  1062    782
  1063    782
  1064    782
  1065    782
  1066    782
  1067    782
  1068    782
  1009    783
  1010    783
  1011    783
  1012    783
  1013    783
  1014    783
  1015    783
  1016    783
  1017    783
  1018    783
  1019    783
  1020    783
  1021    783
  1034    783
  1035    783
  1036    783
  1037    783
  1038    783
  1039    783
  1040    783
  1041    783
  1042    783
  1043    783
  1044    783
  1054    783
  1055    783
  1056    783
  1057    783
  1058    783
  1059    783
  1060    783
  1061    783
  1062    783
  1063    783
  1064    783
  1065    783
  1066    783
  1067    783
  1007    784
  1008    784
  1009    784
  1010    784
  1011    784
  1012    784
  1013    784
  1014    784
  1015    784
  1016    784
  1017    784
  1018    784
  1019    784
  1032    784
  1033    784
  1034    784
  1035    784
  1036    784
  1037    784
  1038    784
  1039    784
  1040    784
  1053    784
  1054    784
  1055    784
  1056    784
  1057    784
  1058    784
  1059    784
  1060    784
  1061    784
  1062    784
  1063    784
  1064    784
  1065    784
  1005    785
  1006    785
  1007    785
  1008    785
  1009    785
  1010    785
  1011    785
  1012    785
  1013    785
  1014    785
  1015    785
  1016    785
  1017    785
  1018    785
  1030    785
  1031    785
  1032    785
  1033    785
  1034    785
  1035    785
  1036    785
  1037    785
  1038    785
  1051    785
  1052    785
  1053    785
  1054    785
  1055    785
  1056    785
  1057    785
  1058    785
  1059    785
  1060    785
  1061    785
  1062    785
  1063    785
  1064    785
  1004    786
  1005    786
  1006    786
  1007    786
  1008    786
  1009    786
  1010    786
  1011    786
  1012    786
  1013    786
  1014    786
  1015    786
  1016    786
  1028    786
  1029    786
  1030    786
  1031    786
  1032    786
  1033    786
  1034    786
  1035    786
  1036    786
  1037    786
  1038    786
  1039    786
  1050    786
  1051    786
  1052    786
  1053    786
  1054    786
  1055    786
  1056    786
  1057    786
  1058    786
  1059    786
  1060    786
  1061    786
  1062    786
  1063    786
  1002    787
  1003    787
  1004    787
  1005    787
  1006    787
  1007    787
  1008    787
  1009    787
  1010    787
  1011    787
  1012    787
  1013    787
  1014    787
  1026    787
  1027    787
  1028    787
  1029    787
  1030    787
  1031    787
  1032    787
  1033    787
  1034    787
  1035    787
  1036    787
  1037    787
  1038    787
  1049    787
  1050    787
  1051    787
  1052    787
  1053    787
  1054    787
  1055    787
  1056    787
  1057    787
  1058    787
  1059    787
  1060    787
  1061    787
  1000    788
  1001    788
  1002    788
  1003    788
  1004    788
  1005    788
  1006    788
  1007    788
  1008    788
  1009    788
  1010    788
  1011    788
  1012    788
  1013    788
  1025    788
  1026    788
  1027    788
  1028    788
  1029    788
  1030    788
  1031    788
  1032    788
  1033    788
  1034    788
  1035    788
  1048    788
  1049    788
  1050    788
  1051    788
  1052    788
  1053    788
  1054    788
  1055    788
  1056    788
  1057    788
  1058    788
  1059    788
  1060    788
   998    789
   999    789
  1000    789
  1001    789
  1002    789
  1003    789
  1004    789
  1005    789
  1006    789
  1007    789
  1008    789
  1009    789
  1010    789
  1011    789
  1024    789
  1025    789
  1026    789
  1027    789
  1028    789
  1029    789
  1030    789
  1031    789
  1032    789
  1033    789
  1034    789
  1046    789
  1047    789
  1048    789
  1049    789
  1050    789
  1051    789
  1052    789
  1053    789
  1054    789
  1055    789
  1056    789
  1057    789
   997    790
   998    790
   999    790
  1000    790
  1001    790
  1002    790
  1003    790
  1004    790
  1005    790
  1006    790
  1007    790
  1008    790
  1009    790
  1010    790
  1022    790
  1023    790
  1024    790
  1025    790
  1026    790
  1027    790
  1028    790
  1029    790
  1030    790
  1031    790
  1032    790
  1033    790
  1045    790
  1046    790
  1047    790
  1048    790
  1049    790
  1050    790
  1051    790
  1052    790
  1053    790
  1054    790
  1055    790
  1056    790
   995    791
   996    791
   997    791
   998    791
   999    791
  1000    791
  1001    791
  1002    791
  1003    791
  1004    791
  1005    791
  1006    791
  1007    791
  1008    791
  1020    791
  1021    791
  1022    791
  1023    791
  1024    791
  1025    791
  1026    791
  1027    791
  1028    791
  1029    791
  1030    791
  1031    791
  1043    791
  1044    791
  1045    791
  1046    791
  1047    791
  1048    791
  1049    791
  1050    791
  1051    791
  1052    791
  1053    791
  1054    791
  1055    791
   994    792
   995    792
   996    792
   997    792
   998    792
   999    792
  1000    792
  1001    792
  1002    792
  1003    792
  1004    792
  1005    792
  1006    792
  1007    792
  1019    792
  1020    792
  1021    792
  1022    792
  1023    792
  1024    792
  1025    792
  1026    792
  1027    792
  1028    792
  1029    792
  1030    792
  1043    792
  1044    792
  1045    792
  1046    792
  1047    792
  1048    792
  1049    792
  1050    792
  1051    792
  1052    792
  1053    792
  1054    792
  1055    792
