  1326    712
  1327    712
  1328    712
  1329    712
  1330    712
  1331    712
  1332    712
  1302    714
  1303    714
  1304    714
  1305    714
  1306    714
  1307    714
  1308    714
  1309    714
  1310    714
  1311    714
  1312    714
  1301    715
  1302    715
  1303    715
  1304    715
  1305    715
  1306    715
  1307    715
  1308    715
  1309    715
  1310    715
  1278    716
  1279    716
  1280    716
  1281    716
  1282    716
  1296    716
  1297    716
  1298    716
  1300    716
  1301    716
  1302    716
  1303    716
  1304    716
  1271    717
  1272    717
  1273    717
  1274    717
  1275    717
  1276    717
  1277    717
  1278    717
  1279    717
  1309    717
  1310    717
  1252    718
  1253    718
  1254    718
  1255    718
  1256    718
  1257    718
  1258    718
  1259    718
  1260    718
  1261    718
  1262    718
  1263    718
  1264    718
  1265    718
  1266    718
  1267    718
  1268    718
  1269    718
  1270    718
  1273    718
  1274    718
  1275    718
  1276    718
  1285    718
  1286    718
  1287    718
  1242    719
  1243    719
  1244    719
  1245    719
  1246    719
  1247    719
  1248    719
  1249    719
  1250    719
  1251    719
  1252    719
  1253    719
  1254    719
  1255    719
  1256    719
  1257    719
  1258    719
  1259    719
  1260    719
  1261    719
  1262    719
  1263    719
  1272    719
  1273    719
  1274    719
  1275    719
  1276    719
  1277    719
  1278    719
  1279    719
  1280    719
  1281    719
  1226    720
  1227    720
  1228    720
  1229    720
  1230    720
  1231    720
  1232    720
  1233    720
  1234    720
  1235    720
  1236    720
  1237    720
  1238    720
  1239    720
  1240    720
  1242    720
  1244    720
  1245    720
  1246    720
  1247    720
  1248    720
  1249    720
  1250    720
  1251    720
  1252    720
  1253    720
  1254    720
  1255    720
  1256    720
  1257    720
  1258    720
  1259    720
  1261    720
  1262    720
  1263    720
  1264    720
  1265    720
  1266    720
  1267    720
  1268    720
  1269    720
  1270    720
  1271    720
  1272    720
  1273    720
  1222    721
  1223    721
  1224    721
  1225    721
  1226    721
  1227    721
  1228    721
  1229    721
  1230    721
  1231    721
  1232    721
  1233    721
  1253    721
  1254    721
  1255    721
  1256    721
  1257    721
  1258    721
  1259    721
  1260    721
  1261    721
  1262    721
  1263    721
  1264    721
  1204    722
  1205    722
  1211    722
  1212    722
  1213    722
  1214    722
  1220    722
  1221    722
  1222    722
  1223    722
  1224    722
  1248    722
  1249    722
  1250    722
  1251    722
  1252    722
  1253    722
  1254    722
  1255    722
  1256    722
  1257    722
  1258    722
  1259    722
  1185    723
  1186    723
  1187    723
  1188    723
  1189    723
  1190    723
  1211    723
  1212    723
  1213    723
  1214    723
  1215    723
  1216    723
  1228    723
  1229    723
  1230    723
  1231    723
  1232    723
  1233    723
  1234    723
  1235    723
  1236    723
  1237    723
  1238    723
  1239    723
  1240    723
  1241    723
  1242    723
  1246    723
  1247    723
  1248    723
  1249    723
  1250    723
  1251    723
  1252    723
  1253    723
  1254    723
  1255    723
  1257    723
  1258    723
  1259    723
  1172    724
  1173    724
  1174    724
  1175    724
  1176    724
  1220    724
  1221    724
  1222    724
  1223    724
  1224    724
  1225    724
  1226    724
  1227    724
  1228    724
  1229    724
  1230    724
  1231    724
  1232    724
  1233    724
  1234    724
  1235    724
  1236    724
  1237    724
  1238    724
  1239    724
  1240    724
  1241    724
  1242    724
  1243    724
  1244    724
  1245    724
  1246    724
  1251    724
  1252    724
  1253    724
  1254    724
  1168    725
  1169    725
  1170    725
  1171    725
  1213    725
  1214    725
  1215    725
  1216    725
  1217    725
  1218    725
  1219    725
  1220    725
  1221    725
  1222    725
  1223    725
  1224    725
  1225    725
  1226    725
  1227    725
  1228    725
  1229    725
  1230    725
  1231    725
  1232    725
  1235    725
  1236    725
  1237    725
  1238    725
  1239    725
  1240    725
  1242    725
  1243    725
  1244    725
  1245    725
  1167    726
  1168    726
  1169    726
  1170    726
  1171    726
  1172    726
  1204    726
  1205    726
  1206    726
  1213    726
  1214    726
  1215    726
  1216    726
  1217    726
  1218    726
  1219    726
  1220    726
  1221    726
  1222    726
  1223    726
  1224    726
  1225    726
  1226    726
  1227    726
  1230    726
  1231    726
  1232    726
  1233    726
  1234    726
  1238    726
  1239    726
  1197    727
  1198    727
  1199    727
  1200    727
  1201    727
  1203    727
  1204    727
  1205    727
  1206    727
  1207    727
  1208    727
  1209    727
  1210    727
  1211    727
  1212    727
  1217    727
  1218    727
  1219    727
  1220    727
  1221    727
  1222    727
  1223    727
  1224    727
  1225    727
  1226    727
  1229    727
  1230    727
  1231    727
  1232    727
  1233    727
  1199    728
  1200    728
  1201    728
  1202    728
  1203    728
  1204    728
  1205    728
  1206    728
  1207    728
  1218    728
  1219    728
  1220    728
  1221    728
  1222    728
  1223    728
  1224    728
  1225    728
  1198    729
  1199    729
  1200    729
  1201    729
  1202    729
  1203    729
  1204    729
  1205    729
  1180    730
  1181    730
  1182    730
  1183    730
  1184    730
  1191    730
  1192    730
  1193    730
  1195    730
  1196    730
  1197    730
  1198    730
  1199    730
  1200    730
  1172    731
  1173    731
  1174    731
  1175    731
  1176    731
  1178    731
  1179    731
  1180    731
  1181    731
  1185    731
  1186    731
  1187    731
  1188    731
  1189    731
  1190    731
  1191    731
  1192    731
  1193    731
  1199    731
  1200    731
  1201    731
  1202    731
  1203    731
  1166    732
  1167    732
  1168    732
  1169    732
  1170    732
  1171    732
  1172    732
  1173    732
  1174    732
  1175    732
  1181    732
  1182    732
  1183    732
  1184    732
  1185    732
  1186    732
  1187    732
  1192    732
  1193    732
  1194    732
  1195    732
  1196    732
  1197    732
  1198    732
  1199    732
  1200    732
  1201    732
  1202    732
  1160    733
  1161    733
  1162    733
  1163    733
  1164    733
  1165    733
  1166    733
  1167    733
  1168    733
  1169    733
  1170    733
  1175    733
  1176    733
  1177    733
  1178    733
  1179    733
  1180    733
  1181    733
  1182    733
  1183    733
  1187    733
  1188    733
  1189    733
  1190    733
  1196    733
  1197    733
  1154    734
  1155    734
  1156    734
  1157    734
  1158    734
  1159    734
  1160    734
  1161    734
  1162    734
  1163    734
  1164    734
  1170    734
  1171    734
  1172    734
  1173    734
  1174    734
  1175    734
  1176    734
  1177    734
  1178    734
  1183    734
  1184    734
  1185    734
  1189    734
  1190    734
  1191    734
  1149    735
  1150    735
  1151    735
  1152    735
  1153    735
  1154    735
  1155    735
  1156    735
  1157    735
  1158    735
  1165    735
  1166    735
  1167    735
  1168    735
  1169    735
  1170    735
  1171    735
  1172    735
  1173    735
  1178    735
  1179    735
  1180    735
  1181    735
  1182    735
  1183    735
  1184    735
  1185    735
  1186    735
  1144    736
  1145    736
  1146    736
  1147    736
  1148    736
  1149    736
  1150    736
  1151    736
  1152    736
  1153    736
  1159    736
  1160    736
  1165    736
  1166    736
  1167    736
  1173    736
  1174    736
  1175    736
  1176    736
  1180    736
  1181    736
  1182    736
  1139    737
  1140    737
  1141    737
  1142    737
  1143    737
  1144    737
  1145    737
  1146    737
  1147    737
  1148    737
  1154    737
  1155    737
  1156    737
  1168    737
  1169    737
  1170    737
  1176    737
  1141    738
  1142    738
  1143    738
  1150    738
  1151    738
  1152    738
  1153    738
  1154    738
  1155    738
  1156    738
  1157    738
  1158    738
  1171    738
  1172    738
  1144    739
  1145    739
  1146    739
  1147    739
  1148    739
  1149    739
  1150    739
  1151    739
  1152    739
  1153    739
  1140    740
  1141    740
  1142    740
  1143    740
  1144    740
  1145    740
  1146    740
  1147    740
  1148    740
  1121    741
  1122    741
  1123    741
  1124    741
  1125    741
  1126    741
  1127    741
  1128    741
  1129    741
  1135    741
  1136    741
  1137    741
  1138    741
  1139    741
  1140    741
  1141    741
  1142    741
  1143    741
  1144    741
  1145    741
  1151    741
  1152    741
  1153    741
  1154    741
  1116    742
  1117    742
  1118    742
  1119    742
  1120    742
  1121    742
  1123    742
  1124    742
  1125    742
  1126    742
  1131    742
  1132    742
  1133    742
  1134    742
  1136    742
  1137    742
  1138    742
  1139    742
  1140    742
  1141    742
  1147    742
  1148    742
  1149    742
  1150    742
  1151    742
  1112    743
  1113    743
  1114    743
  1115    743
  1116    743
  1117    743
  1118    743
  1119    743
  1120    743
  1121    743
  1122    743
  1128    743
  1129    743
  1130    743
  1131    743
  1133    743
  1134    743
  1135    743
  1136    743
  1142    743
  1143    743
  1144    743
  1145    743
  1146    743
  1147    743
  1148    743
  1149    743
  1150    743
  1151    743
  1152    743
  1108    744
  1109    744
  1110    744
  1111    744
  1112    744
  1113    744
  1114    744
  1115    744
  1116    744
  1117    744
  1124    744
  1125    744
  1126    744
  1127    744
  1128    744
  1129    744
  1130    744
  1131    744
  1132    744
  1139    744
  1140    744
  1141    744
  1142    744
  1147    744
  1148    744
  1105    745
  1106    745
  1107    745
  1108    745
  1109    745
  1110    745
  1111    745
  1112    745
  1113    745
  1114    745
  1120    745
  1121    745
  1122    745
  1123    745
  1124    745
  1125    745
  1126    745
  1127    745
  1128    745
  1129    745
  1136    745
  1137    745
  1138    745
  1139    745
  1140    745
  1143    745
  1144    745
  1101    746
  1102    746
  1103    746
  1104    746
  1105    746
  1106    746
  1107    746
  1108    746
  1109    746
  1110    746
  1117    746
  1118    746
  1119    746
  1120    746
  1122    746
  1123    746
  1124    746
  1125    746
  1126    746
  1132    746
  1133    746
  1134    746
  1135    746
  1138    746
  1139    746
  1140    746
  1141    746
  1097    747
  1098    747
  1099    747
  1100    747
  1101    747
  1102    747
  1103    747
  1104    747
  1105    747
  1106    747
  1107    747
  1113    747
  1114    747
  1115    747
  1116    747
  1119    747
  1120    747
  1121    747
  1122    747
  1129    747
  1130    747
  1131    747
  1132    747
  1133    747
  1136    747
  1137    747
  1138    747
  1093    748
  1094    748
  1095    748
  1096    748
  1097    748
  1098    748
  1099    748
  1100    748
  1101    748
  1102    748
  1103    748
  1104    748
  1110    748
  1111    748
  1112    748
  1113    748
  1117    748
  1118    748
  1126    748
  1127    748
  1128    748
  1129    748
  1133    748
  1134    748
  1135    748
  1090    749
  1091    749
  1092    749
  1093    749
  1094    749
  1096    749
  1097    749
  1098    749
  1099    749
  1100    749
  1107    749
  1108    749
  1109    749
  1110    749
  1114    749
  1115    749
  1123    749
  1124    749
  1125    749
  1126    749
  1127    749
  1128    749
  1130    749
  1131    749
  1132    749
  1087    750
  1088    750
  1089    750
  1093    750
  1094    750
  1095    750
  1096    750
  1104    750
  1105    750
  1106    750
  1107    750
  1108    750
  1109    750
  1110    750
  1111    750
  1112    750
  1113    750
  1120    750
  1121    750
  1122    750
  1125    750
  1126    750
  1127    750
  1128    750
  1129    750
  1101    751
  1102    751
  1103    751
  1104    751
  1105    751
  1107    751
  1108    751
  1109    751
  1110    751
  1124    751
  1125    751
  1126    751
  1127    751
  1098    752
  1099    752
  1100    752
  1101    752
  1102    752
  1103    752
  1104    752
  1105    752
  1106    752
  1107    752
  1094    753
  1095    753
  1096    753
  1097    753
  1098    753
  1099    753
  1100    753
  1101    753
  1102    753
  1103    753
  1092    754
  1093    754
  1094    754
  1095    754
  1097    754
  1098    754
  1099    754
  1100    754
  1101    754
  1073    755
  1074    755
  1088    755
  1089    755
  1090    755
  1091    755
  1092    755
  1094    755
  1095    755
  1096    755
  1097    755
  1098    755
  1106    755
  1107    755
  1108    755
  1068    756
  1069    756
  1070    756
  1071    756
  1072    756
  1078    756
  1086    756
  1087    756
  1088    756
  1089    756
  1090    756
  1091    756
  1092    756
  1093    756
  1094    756
  1095    756
  1103    756
  1104    756
  1105    756
  1106    756
  1107    756
  1108    756
  1066    757
  1067    757
  1068    757
  1069    757
  1070    757
  1071    757
  1072    757
  1073    757
  1074    757
  1075    757
  1083    757
  1084    757
  1085    757
  1086    757
  1087    757
  1088    757
  1089    757
  1090    757
  1091    757
  1092    757
  1100    757
  1101    757
  1102    757
  1103    757
  1104    757
  1105    757
  1106    757
  1107    757
  1062    758
  1063    758
  1064    758
  1065    758
  1066    758
  1067    758
  1068    758
  1069    758
  1070    758
  1071    758
  1072    758
  1080    758
  1081    758
  1082    758
  1083    758
  1084    758
  1085    758
  1086    758
  1087    758
  1088    758
  1089    758
  1090    758
  1097    758
  1098    758
  1099    758
  1100    758
  1101    758
  1102    758
  1103    758
  1104    758
  1105    758
  1106    758
  1107    758
  1059    759
  1060    759
  1061    759
  1062    759
  1063    759
  1064    759
  1065    759
  1066    759
  1067    759
  1068    759
  1069    759
  1070    759
  1078    759
  1079    759
  1080    759
  1081    759
  1084    759
  1085    759
  1086    759
  1087    759
  1094    759
  1095    759
  1096    759
  1097    759
  1098    759
  1099    759
  1100    759
  1101    759
  1102    759
  1103    759
  1104    759
  1105    759
  1056    760
  1057    760
  1058    760
  1059    760
  1060    760
  1061    760
  1062    760
  1063    760
  1064    760
  1065    760
  1066    760
  1067    760
  1075    760
  1076    760
  1077    760
  1078    760
  1079    760
  1080    760
  1081    760
  1082    760
  1083    760
  1084    760
  1085    760
  1092    760
  1093    760
  1094    760
  1095    760
  1096    760
  1097    760
  1098    760
  1099    760
  1100    760
  1101    760
  1102    760
  1053    761
  1054    761
  1055    761
  1056    761
  1057    761
  1058    761
  1059    761
  1060    761
  1061    761
  1062    761
  1063    761
  1064    761
  1072    761
  1073    761
  1074    761
  1075    761
  1076    761
  1077    761
  1078    761
  1079    761
  1080    761
  1081    761
  1082    761
  1089    761
  1090    761
  1091    761
  1092    761
  1093    761
  1094    761
  1095    761
  1096    761
  1097    761
  1098    761
  1099    761
  1100    761
  1050    762
  1051    762
  1052    762
  1053    762
  1054    762
  1055    762
  1056    762
  1057    762
  1058    762
  1059    762
  1060    762
  1061    762
  1070    762
  1071    762
  1072    762
  1073    762
  1074    762
  1075    762
  1076    762
  1077    762
  1078    762
  1079    762
  1080    762
  1087    762
  1088    762
  1089    762
  1090    762
  1091    762
  1092    762
  1093    762
  1094    762
  1095    762
  1096    762
  1097    762
  1047    763
  1048    763
  1049    763
  1050    763
  1051    763
  1052    763
  1053    763
  1054    763
  1055    763
  1056    763
  1057    763
  1058    763
  1067    763
  1068    763
  1069    763
  1070    763
  1071    763
  1072    763
  1073    763
  1074    763
  1075    763
  1076    763
  1077    763
  1078    763
  1085    763
  1086    763
  1087    763
  1088    763
  1089    763
  1090    763
  1091    763
  1092    763
  1093    763
  1094    763
  1095    763
  1096    763
  1045    764
  1046    764
  1047    764
  1048    764
  1049    764
  1050    764
  1051    764
  1052    764
  1053    764
  1054    764
  1055    764
  1056    764
  1065    764
  1066    764
  1067    764
  1068    764
  1069    764
  1070    764
  1071    764
  1072    764
  1073    764
  1074    764
  1075    764
  1082    764
  1083    764
  1084    764
  1085    764
  1086    764
  1087    764
  1088    764
  1089    764
  1090    764
  1091    764
  1092    764
  1093    764
  1043    765
  1044    765
  1045    765
  1046    765
  1047    765
  1048    765
  1049    765
  1050    765
  1051    765
  1052    765
  1053    765
  1062    765
  1063    765
  1064    765
  1065    765
  1066    765
  1069    765
  1070    765
  1071    765
  1072    765
  1080    765
  1081    765
  1082    765
  1083    765
  1084    765
  1085    765
  1086    765
  1087    765
  1088    765
  1089    765
  1090    765
  1091    765
  1040    766
  1041    766
  1042    766
  1043    766
  1044    766
  1045    766
  1046    766
  1047    766
  1048    766
  1049    766
  1050    766
  1051    766
  1060    766
  1061    766
  1062    766
  1063    766
  1064    766
  1065    766
  1066    766
  1067    766
  1068    766
  1069    766
  1070    766
  1078    766
  1079    766
  1080    766
  1081    766
  1082    766
  1083    766
  1084    766
  1085    766
  1086    766
  1087    766
  1088    766
  1089    766
  1038    767
  1039    767
  1040    767
  1041    767
  1042    767
  1043    767
  1044    767
  1045    767
  1046    767
  1047    767
  1048    767
  1049    767
  1058    767
  1059    767
  1060    767
  1061    767
  1062    767
  1063    767
  1064    767
  1065    767
  1066    767
  1067    767
  1068    767
  1076    767
  1077    767
  1078    767
  1079    767
  1080    767
  1081    767
  1082    767
  1083    767
  1084    767
  1085    767
  1086    767
  1087    767
  1039    768
  1040    768
  1041    768
  1042    768
  1043    768
  1044    768
  1045    768
  1046    768
  1055    768
  1056    768
  1057    768
  1058    768
  1059    768
  1060    768
  1061    768
  1062    768
  1064    768
  1065    768
  1074    768
  1075    768
  1077    768
  1078    768
  1083    768
  1084    768
  1085    768
  1036    769
  1037    769
  1038    769
  1039    769
  1040    769
  1041    769
  1042    769
  1043    769
  1044    769
  1054    769
  1055    769
  1056    769
  1057    769
  1058    769
  1059    769
  1060    769
  1061    769
  1062    769
  1063    769
  1051    770
  1052    770
  1053    770
  1054    770
  1055    770
  1056    770
  1057    770
  1058    770
  1059    770
  1060    770
  1061    770
  1049    771
  1050    771
  1051    771
  1052    771
  1053    771
  1054    771
  1055    771
  1056    771
  1058    771
  1059    771
  1047    772
  1048    772
  1049    772
  1050    772
  1051    772
  1052    772
  1053    772
  1054    772
  1055    772
  1056    772
  1057    772
  1045    773
  1046    773
  1047    773
  1048    773
  1049    773
  1050    773
  1051    773
  1052    773
  1053    773
  1054    773
  1055    773
  1043    774
  1044    774
  1045    774
  1046    774
  1047    774
  1048    774
  1049    774
  1050    774
  1051    774
  1052    774
  1053    774
  1018    775
  1019    775
  1020    775
  1021    775
  1022    775
  1023    775
  1024    775
  1041    775
  1042    775
  1043    775
  1044    775
  1045    775
  1046    775
  1047    775
  1048    775
  1049    775
  1050    775
  1051    775
  1016    776
  1017    776
  1018    776
  1019    776
  1020    776
  1021    776
  1022    776
  1023    776
  1039    776
  1040    776
  1041    776
  1042    776
  1043    776
  1044    776
  1045    776
  1046    776
  1047    776
  1048    776
  1049    776
  1059    776
  1060    776
  1061    776
  1062    776
  1063    776
  1064    776
  1065    776
  1013    777
  1014    777
  1015    777
  1016    777
  1017    777
  1018    777
  1019    777
  1020    777
  1021    777
  1022    777
  1023    777
  1037    777
  1038    777
  1039    777
  1040    777
  1041    777
  1042    777
  1043    777
  1044    777
  1045    777
  1046    777
  1047    777
  1048    777
  1057    777
  1058    777
  1059    777
  1060    777
  1061    777
  1062    777
  1063    777
  1064    777
  1065    777
  1012    778
  1013    778
  1014    778
  1015    778
  1016    778
  1017    778
  1018    778
  1019    778
  1020    778
  1021    778
  1022    778
  1023    778
  1024    778
  1035    778
  1036    778
  1037    778
  1038    778
  1039    778
  1040    778
  1041    778
  1042    778
  1043    778
  1044    778
  1045    778
  1055    778
  1056    778
  1057    778
  1058    778
  1059    778
  1060    778
  1061    778
  1062    778
  1063    778
  1064    778
  1065    778
  1010    779
  1011    779
  1012    779
  1013    779
  1014    779
  1015    779
  1016    779
  1017    779
  1018    779
  1019    779
  1020    779
  1021    779
  1022    779
  1033    779
  1034    779
  1035    779
  1036    779
  1037    779
  1038    779
  1039    779
  1040    779
  1041    779
  1042    779
  1043    779
  1044    779
  1054    779
  1055    779
  1056    779
  1057    779
  1058    779
  1059    779
  1060    779
  1061    779
  1062    779
  1063    779
  1064    779
  1065    779
  1008    780
  1009    780
  1010    780
  1011    780
  1012    780
  1013    780
  1014    780
  1015    780
  1016    780
  1017    780
  1018    780
  1019    780
  1031    780
  1032    780
  1033    780
  1034    780
  1035    780
  1036    780
  1037    780
  1038    780
  1039    780
  1040    780
  1041    780
  1052    780
  1053    780
  1054    780
  1055    780
  1056    780
  1057    780
  1058    780
  1059    780
  1060    780
  1061    780
  1062    780
  1063    780
  1006    781
  1007    781
  1008    781
  1009    781
  1010    781
  1011    781
  1012    781
  1013    781
  1014    781
  1015    781
  1016    781
  1017    781
  1030    781
  1031    781
  1032    781
  1033    781
  1034    781
  1035    781
  1036    781
  1037    781
  1038    781
  1039    781
  1040    781
  1050    781
  1051    781
  1052    781
  1053    781
  1054    781
  1055    781
  1056    781
  1057    781
  1058    781
  1059    781
  1060    781
  1061    781
  1062    781
  1003    782
  1004    782
  1005    782
  1006    782
  1007    782
  1008    782
  1009    782
  1010    782
  1011    782
  1012    782
  1013    782
  1014    782
  1015    782
  1016    782
  1028    782
  1029    782
  1030    782
  1031    782
  1032    782
  1033    782
  1034    782
  1035    782
  1036    782
  1037    782
  1038    782
  1049    782
  1050    782
  1051    782
  1052    782
  1053    782
  1054    782
  1055    782
  1056    782
  1057    782
  1058    782
  1059    782
  1060    782
  1061    782
  1001    783
  1002    783
  1003    783
  1004    783
  1005    783
  1006    783
  1007    783
  1008    783
  1009    783
  1010    783
  1011    783
  1012    783
  1013    783
  1014    783
  1026    783
  1027    783
  1028    783
  1029    783
  1030    783
  1031    783
  1032    783
  1033    783
  1034    783
  1035    783
  1047    783
  1048    783
  1049    783
  1050    783
  1051    783
  1052    783
  1053    783
  1054    783
  1055    783
  1056    783
  1057    783
  1058    783
  1059    783
   999    784
  1000    784
  1001    784
  1002    784
  1003    784
  1004    784
  1005    784
  1006    784
  1007    784
  1008    784
  1009    784
  1010    784
  1011    784
  1012    784
  1024    784
  1025    784
  1026    784
  1027    784
  1028    784
  1029    784
  1030    784
  1031    784
  1032    784
  1033    784
  1045    784
  1046    784
  1047    784
  1048    784
  1049    784
  1050    784
  1051    784
  1052    784
  1053    784
  1054    784
  1055    784
  1056    784
   998    785
   999    785
  1000    785
  1001    785
  1002    785
  1003    785
  1004    785
  1005    785
  1006    785
  1007    785
  1008    785
  1009    785
  1010    785
  1022    785
  1023    785
  1024    785
  1025    785
  1026    785
  1027    785
  1028    785
  1029    785
  1030    785
  1031    785
  1032    785
  1044    785
  1045    785
  1046    785
  1047    785
  1048    785
  1049    785
  1050    785
  1051    785
  1052    785
  1053    785
  1054    785
  1055    785
   996    786
   997    786
   998    786
   999    786
  1000    786
  1001    786
  1002    786
  1003    786
  1004    786
  1005    786
  1006    786
  1007    786
  1008    786
  1009    786
  1021    786
  1022    786
  1023    786
  1024    786
  1025    786
  1026    786
  1027    786
  1028    786
  1029    786
  1030    786
  1043    786
  1044    786
  1045    786
  1046    786
  1047    786
  1048    786
  1049    786
  1050    786
  1051    786
  1052    786
  1053    786
  1054    786
  1055    786
   994    787
   995    787
   996    787
   997    787
   998    787
   999    787
  1000    787
  1001    787
  1002    787
  1003    787
  1004    787
  1005    787
  1006    787
  1019    787
  1020    787
  1021    787
  1022    787
  1023    787
  1024    787
  1025    787
  1026    787
  1027    787
  1028    787
  1029    787
  1042    787
  1043    787
  1044    787
  1045    787
  1046    787
  1047    787
  1048    787
  1049    787
  1050    787
  1051    787
  1052    787
  1053    787
  1054    787
   993    788
   994    788
   995    788
   996    788
   997    788
   998    788
   999    788
  1000    788
  1001    788
  1002    788
  1003    788
  1004    788
  1005    788
  1006    788
  1017    788
  1018    788
  1019    788
  1020    788
  1021    788
  1022    788
  1023    788
  1024    788
  1025    788
  1026    788
  1027    788
  1040    788
  1041    788
  1042    788
  1043    788
  1044    788
  1045    788
  1046    788
  1047    788
  1048    788
  1049    788
  1050    788
  1051    788
  1052    788
   991    789
   992    789
   993    789
   994    789
   995    789
   996    789
   997    789
   998    789
   999    789
  1000    789
  1001    789
  1002    789
  1003    789
  1004    789
  1016    789
  1017    789
  1018    789
  1019    789
  1020    789
  1021    789
  1022    789
  1023    789
  1024    789
  1025    789
  1026    789
  1039    789
  1040    789
  1041    789
  1042    789
  1043    789
  1044    789
  1045    789
  1046    789
  1047    789
  1048    789
  1049    789
  1050    789
   990    790
   991    790
   992    790
   993    790
   994    790
   995    790
   996    790
   997    790
   998    790
   999    790
  1000    790
  1001    790
  1002    790
  1003    790
  1015    790
  1016    790
  1017    790
  1018    790
  1019    790
  1020    790
  1021    790
  1022    790
  1023    790
  1024    790
  1038    790
  1039    790
  1040    790
  1041    790
  1042    790
  1043    790
  1044    790
  1045    790
  1046    790
  1047    790
  1048    790
  1049    790
  1050    790
   989    791
   990    791
   991    791
   992    791
   993    791
   994    791
   995    791
   996    791
   997    791
   998    791
   999    791
  1000    791
  1001    791
  1002    791
  1013    791
  1014    791
  1015    791
  1016    791
  1017    791
  1018    791
  1019    791
  1020    791
  1021    791
  1022    791
  1023    791
  1024    791
  1038    791
  1039    791
  1040    791
  1041    791
  1042    791
  1043    791
  1044    791
  1045    791
  1046    791
  1047    791
  1048    791
  1049    791
   987    792
   988    792
   989    792
   990    792
   991    792
   992    792
   993    792
   994    792
   995    792
   996    792
   997    792
   998    792
   999    792
  1012    792
  1013    792
  1014    792
  1015    792
  1016    792
  1017    792
  1018    792
  1019    792
  1020    792
  1021    792
  1022    792
  1023    792
  1036    792
  1037    792
  1038    792
  1039    792
  1040    792
  1041    792
  1042    792
  1043    792
  1044    792
  1045    792
  1046    792
  1047    792
  1048    792
