  1313    714
  1314    714
  1315    714
  1306    715
  1307    715
  1308    715
  1309    715
  1310    715
  1311    715
  1303    716
  1304    716
  1305    716
  1306    716
  1307    716
  1309    716
  1310    716
  1311    716
  1312    716
  1313    716
  1280    717
  1281    717
  1282    717
  1283    717
  1284    717
  1303    717
  1304    717
  1305    717
  1306    717
  1309    717
  1268    718
  1269    718
  1270    718
  1273    718
  1274    718
  1275    718
  1276    718
  1277    718
  1278    718
  1279    718
  1280    718
  1281    718
  1282    718
  1306    718
  1307    718
  1308    718
  1309    718
  1310    718
  1311    718
  1312    718
  1253    719
  1254    719
  1255    719
  1256    719
  1257    719
  1258    719
  1259    719
  1260    719
  1261    719
  1262    719
  1263    719
  1264    719
  1265    719
  1266    719
  1267    719
  1268    719
  1269    719
  1270    719
  1271    719
  1272    719
  1273    719
  1274    719
  1275    719
  1276    719
  1277    719
  1278    719
  1279    719
  1280    719
  1281    719
  1282    719
  1283    719
  1287    719
  1288    719
  1289    719
  1290    719
  1291    719
  1292    719
  1237    720
  1238    720
  1239    720
  1240    720
  1241    720
  1242    720
  1243    720
  1244    720
  1250    720
  1251    720
  1252    720
  1253    720
  1254    720
  1255    720
  1256    720
  1257    720
  1258    720
  1259    720
  1260    720
  1261    720
  1262    720
  1263    720
  1264    720
  1265    720
  1266    720
  1267    720
  1274    720
  1275    720
  1276    720
  1277    720
  1278    720
  1279    720
  1280    720
  1281    720
  1282    720
  1283    720
  1295    720
  1296    720
  1230    721
  1233    721
  1234    721
  1235    721
  1236    721
  1237    721
  1238    721
  1239    721
  1240    721
  1241    721
  1242    721
  1243    721
  1244    721
  1245    721
  1246    721
  1247    721
  1248    721
  1249    721
  1250    721
  1251    721
  1252    721
  1253    721
  1254    721
  1255    721
  1256    721
  1257    721
  1258    721
  1259    721
  1260    721
  1261    721
  1262    721
  1263    721
  1264    721
  1265    721
  1266    721
  1267    721
  1268    721
  1269    721
  1270    721
  1271    721
  1272    721
  1273    721
  1274    721
  1275    721
  1276    721
  1277    721
  1287    721
  1288    721
  1224    722
  1225    722
  1226    722
  1227    722
  1228    722
  1229    722
  1230    722
  1231    722
  1232    722
  1258    722
  1259    722
  1260    722
  1261    722
  1262    722
  1263    722
  1264    722
  1265    722
  1266    722
  1267    722
  1268    722
  1200    723
  1201    723
  1202    723
  1203    723
  1204    723
  1205    723
  1206    723
  1207    723
  1208    723
  1209    723
  1210    723
  1223    723
  1224    723
  1225    723
  1226    723
  1227    723
  1228    723
  1240    723
  1241    723
  1242    723
  1243    723
  1252    723
  1253    723
  1254    723
  1255    723
  1256    723
  1257    723
  1258    723
  1259    723
  1260    723
  1261    723
  1262    723
  1204    724
  1205    724
  1206    724
  1207    724
  1208    724
  1214    724
  1215    724
  1216    724
  1217    724
  1230    724
  1231    724
  1232    724
  1233    724
  1234    724
  1235    724
  1236    724
  1237    724
  1238    724
  1239    724
  1240    724
  1241    724
  1242    724
  1243    724
  1244    724
  1245    724
  1246    724
  1247    724
  1248    724
  1249    724
  1250    724
  1251    724
  1252    724
  1253    724
  1254    724
  1255    724
  1256    724
  1257    724
  1258    724
  1259    724
  1260    724
  1261    724
  1262    724
  1174    725
  1175    725
  1176    725
  1177    725
  1178    725
  1179    725
  1180    725
  1181    725
  1182    725
  1199    725
  1200    725
  1201    725
  1202    725
  1223    725
  1224    725
  1225    725
  1226    725
  1227    725
  1228    725
  1229    725
  1230    725
  1231    725
  1232    725
  1233    725
  1234    725
  1235    725
  1236    725
  1237    725
  1238    725
  1239    725
  1240    725
  1241    725
  1242    725
  1243    725
  1244    725
  1245    725
  1246    725
  1247    725
  1248    725
  1249    725
  1250    725
  1253    725
  1254    725
  1255    725
  1256    725
  1257    725
  1182    726
  1183    726
  1185    726
  1186    726
  1187    726
  1188    726
  1189    726
  1190    726
  1216    726
  1217    726
  1218    726
  1219    726
  1220    726
  1221    726
  1222    726
  1223    726
  1224    726
  1225    726
  1226    726
  1227    726
  1228    726
  1229    726
  1230    726
  1231    726
  1232    726
  1233    726
  1234    726
  1235    726
  1236    726
  1237    726
  1238    726
  1239    726
  1241    726
  1242    726
  1243    726
  1244    726
  1245    726
  1247    726
  1248    726
  1249    726
  1250    726
  1173    727
  1174    727
  1207    727
  1208    727
  1209    727
  1210    727
  1211    727
  1212    727
  1216    727
  1217    727
  1218    727
  1219    727
  1220    727
  1221    727
  1222    727
  1223    727
  1224    727
  1225    727
  1226    727
  1227    727
  1228    727
  1229    727
  1230    727
  1231    727
  1232    727
  1233    727
  1234    727
  1235    727
  1236    727
  1237    727
  1238    727
  1239    727
  1240    727
  1241    727
  1242    727
  1243    727
  1244    727
  1245    727
  1201    728
  1202    728
  1203    728
  1204    728
  1205    728
  1206    728
  1207    728
  1208    728
  1209    728
  1210    728
  1211    728
  1212    728
  1215    728
  1216    728
  1222    728
  1223    728
  1224    728
  1225    728
  1226    728
  1227    728
  1228    728
  1235    728
  1236    728
  1237    728
  1238    728
  1203    729
  1204    729
  1210    729
  1211    729
  1212    729
  1223    729
  1224    729
  1225    729
  1228    729
  1229    729
  1201    730
  1202    730
  1203    730
  1204    730
  1205    730
  1206    730
  1207    730
  1208    730
  1209    730
  1210    730
  1183    731
  1184    731
  1185    731
  1188    731
  1189    731
  1190    731
  1196    731
  1197    731
  1198    731
  1201    731
  1202    731
  1203    731
  1204    731
  1178    732
  1179    732
  1180    732
  1181    732
  1182    732
  1183    732
  1184    732
  1185    732
  1186    732
  1187    732
  1191    732
  1192    732
  1193    732
  1195    732
  1196    732
  1197    732
  1198    732
  1199    732
  1204    732
  1205    732
  1206    732
  1171    733
  1172    733
  1173    733
  1174    733
  1175    733
  1176    733
  1177    733
  1178    733
  1179    733
  1180    733
  1181    733
  1186    733
  1187    733
  1188    733
  1189    733
  1190    733
  1191    733
  1192    733
  1193    733
  1194    733
  1199    733
  1200    733
  1201    733
  1205    733
  1206    733
  1207    733
  1165    734
  1166    734
  1167    734
  1168    734
  1169    734
  1170    734
  1171    734
  1172    734
  1173    734
  1174    734
  1175    734
  1180    734
  1181    734
  1182    734
  1183    734
  1184    734
  1185    734
  1186    734
  1187    734
  1188    734
  1193    734
  1194    734
  1195    734
  1196    734
  1197    734
  1198    734
  1199    734
  1200    734
  1201    734
  1202    734
  1203    734
  1160    735
  1161    735
  1162    735
  1163    735
  1165    735
  1166    735
  1167    735
  1168    735
  1169    735
  1175    735
  1176    735
  1177    735
  1178    735
  1179    735
  1180    735
  1181    735
  1182    735
  1183    735
  1188    735
  1189    735
  1190    735
  1191    735
  1192    735
  1193    735
  1194    735
  1195    735
  1196    735
  1197    735
  1154    736
  1155    736
  1156    736
  1157    736
  1158    736
  1159    736
  1160    736
  1161    736
  1162    736
  1163    736
  1164    736
  1170    736
  1171    736
  1172    736
  1173    736
  1174    736
  1175    736
  1176    736
  1177    736
  1178    736
  1184    736
  1185    736
  1190    736
  1191    736
  1192    736
  1149    737
  1150    737
  1151    737
  1152    737
  1153    737
  1154    737
  1155    737
  1156    737
  1157    737
  1158    737
  1164    737
  1165    737
  1166    737
  1170    737
  1171    737
  1172    737
  1179    737
  1180    737
  1181    737
  1182    737
  1184    737
  1185    737
  1186    737
  1187    737
  1188    737
  1144    738
  1145    738
  1146    738
  1147    738
  1148    738
  1149    738
  1150    738
  1151    738
  1152    738
  1153    738
  1160    738
  1161    738
  1162    738
  1163    738
  1174    738
  1175    738
  1181    738
  1182    738
  1183    738
  1144    739
  1145    739
  1146    739
  1147    739
  1148    739
  1149    739
  1155    739
  1156    739
  1157    739
  1158    739
  1159    739
  1160    739
  1161    739
  1162    739
  1163    739
  1177    739
  1178    739
  1151    740
  1152    740
  1153    740
  1154    740
  1155    740
  1156    740
  1157    740
  1158    740
  1159    740
  1160    740
  1146    741
  1147    741
  1148    741
  1149    741
  1150    741
  1151    741
  1152    741
  1153    741
  1154    741
  1155    741
  1127    742
  1128    742
  1129    742
  1130    742
  1131    742
  1132    742
  1133    742
  1134    742
  1142    742
  1143    742
  1144    742
  1145    742
  1146    742
  1147    742
  1148    742
  1149    742
  1150    742
  1151    742
  1123    743
  1124    743
  1125    743
  1126    743
  1127    743
  1129    743
  1130    743
  1131    743
  1132    743
  1138    743
  1139    743
  1140    743
  1143    743
  1144    743
  1145    743
  1146    743
  1147    743
  1153    743
  1154    743
  1155    743
  1156    743
  1118    744
  1119    744
  1120    744
  1121    744
  1122    744
  1123    744
  1124    744
  1125    744
  1126    744
  1127    744
  1128    744
  1134    744
  1135    744
  1136    744
  1137    744
  1138    744
  1139    744
  1140    744
  1141    744
  1142    744
  1149    744
  1150    744
  1151    744
  1152    744
  1158    744
  1159    744
  1114    745
  1115    745
  1116    745
  1117    745
  1118    745
  1119    745
  1120    745
  1121    745
  1122    745
  1123    745
  1124    745
  1131    745
  1132    745
  1133    745
  1134    745
  1135    745
  1136    745
  1137    745
  1138    745
  1139    745
  1146    745
  1147    745
  1148    745
  1149    745
  1150    745
  1154    745
  1155    745
  1111    746
  1112    746
  1113    746
  1114    746
  1115    746
  1116    746
  1117    746
  1118    746
  1119    746
  1120    746
  1127    746
  1128    746
  1129    746
  1130    746
  1131    746
  1132    746
  1133    746
  1134    746
  1135    746
  1136    746
  1142    746
  1143    746
  1144    746
  1145    746
  1146    746
  1150    746
  1151    746
  1107    747
  1108    747
  1109    747
  1110    747
  1111    747
  1112    747
  1113    747
  1114    747
  1115    747
  1116    747
  1117    747
  1123    747
  1124    747
  1125    747
  1126    747
  1127    747
  1128    747
  1129    747
  1130    747
  1131    747
  1132    747
  1139    747
  1140    747
  1141    747
  1142    747
  1146    747
  1147    747
  1148    747
  1104    748
  1105    748
  1106    748
  1107    748
  1108    748
  1109    748
  1110    748
  1111    748
  1112    748
  1113    748
  1114    748
  1120    748
  1121    748
  1122    748
  1123    748
  1124    748
  1126    748
  1127    748
  1128    748
  1129    748
  1136    748
  1137    748
  1138    748
  1139    748
  1143    748
  1144    748
  1145    748
  1100    749
  1101    749
  1102    749
  1103    749
  1104    749
  1105    749
  1106    749
  1107    749
  1108    749
  1109    749
  1110    749
  1117    749
  1118    749
  1119    749
  1120    749
  1124    749
  1125    749
  1126    749
  1133    749
  1134    749
  1135    749
  1136    749
  1137    749
  1138    749
  1139    749
  1140    749
  1141    749
  1142    749
  1097    750
  1098    750
  1099    750
  1100    750
  1101    750
  1102    750
  1103    750
  1104    750
  1105    750
  1106    750
  1107    750
  1114    750
  1115    750
  1116    750
  1117    750
  1118    750
  1121    750
  1122    750
  1130    750
  1131    750
  1132    750
  1133    750
  1134    750
  1135    750
  1136    750
  1137    750
  1138    750
  1139    750
  1140    750
  1093    751
  1094    751
  1095    751
  1096    751
  1097    751
  1098    751
  1099    751
  1100    751
  1101    751
  1102    751
  1103    751
  1104    751
  1111    751
  1112    751
  1113    751
  1114    751
  1118    751
  1119    751
  1120    751
  1128    751
  1129    751
  1130    751
  1132    751
  1133    751
  1134    751
  1135    751
  1136    751
  1137    751
  1095    752
  1096    752
  1097    752
  1098    752
  1099    752
  1100    752
  1101    752
  1108    752
  1109    752
  1110    752
  1111    752
  1112    752
  1113    752
  1132    752
  1133    752
  1134    752
  1105    753
  1106    753
  1107    753
  1108    753
  1109    753
  1110    753
  1111    753
  1112    753
  1113    753
  1114    753
  1102    754
  1103    754
  1104    754
  1105    754
  1106    754
  1107    754
  1108    754
  1109    754
  1110    754
  1111    754
  1099    755
  1100    755
  1101    755
  1102    755
  1103    755
  1104    755
  1105    755
  1106    755
  1107    755
  1108    755
  1096    756
  1097    756
  1098    756
  1099    756
  1100    756
  1101    756
  1102    756
  1103    756
  1104    756
  1105    756
  1077    757
  1078    757
  1079    757
  1080    757
  1081    757
  1093    757
  1094    757
  1095    757
  1096    757
  1097    757
  1098    757
  1099    757
  1100    757
  1101    757
  1102    757
  1103    757
  1073    758
  1074    758
  1075    758
  1076    758
  1077    758
  1078    758
  1080    758
  1081    758
  1082    758
  1083    758
  1091    758
  1092    758
  1093    758
  1094    758
  1096    758
  1097    758
  1098    758
  1099    758
  1100    758
  1107    758
  1108    758
  1109    758
  1110    758
  1111    758
  1112    758
  1069    759
  1070    759
  1071    759
  1072    759
  1073    759
  1074    759
  1075    759
  1076    759
  1077    759
  1078    759
  1079    759
  1080    759
  1088    759
  1089    759
  1090    759
  1091    759
  1094    759
  1095    759
  1096    759
  1097    759
  1105    759
  1106    759
  1107    759
  1108    759
  1109    759
  1067    760
  1068    760
  1069    760
  1070    760
  1071    760
  1072    760
  1073    760
  1074    760
  1075    760
  1076    760
  1077    760
  1086    760
  1087    760
  1088    760
  1089    760
  1091    760
  1092    760
  1093    760
  1094    760
  1095    760
  1102    760
  1103    760
  1104    760
  1105    760
  1106    760
  1107    760
  1108    760
  1109    760
  1110    760
  1111    760
  1112    760
  1113    760
  1063    761
  1064    761
  1065    761
  1066    761
  1067    761
  1068    761
  1069    761
  1070    761
  1071    761
  1072    761
  1073    761
  1074    761
  1083    761
  1084    761
  1085    761
  1086    761
  1087    761
  1088    761
  1089    761
  1090    761
  1091    761
  1092    761
  1100    761
  1101    761
  1102    761
  1103    761
  1104    761
  1105    761
  1106    761
  1107    761
  1108    761
  1109    761
  1110    761
  1111    761
  1060    762
  1061    762
  1062    762
  1063    762
  1064    762
  1065    762
  1066    762
  1067    762
  1068    762
  1069    762
  1070    762
  1071    762
  1080    762
  1081    762
  1082    762
  1083    762
  1084    762
  1085    762
  1086    762
  1087    762
  1088    762
  1089    762
  1090    762
  1097    762
  1098    762
  1099    762
  1100    762
  1101    762
  1102    762
  1103    762
  1104    762
  1105    762
  1106    762
  1107    762
  1108    762
  1058    763
  1059    763
  1060    763
  1061    763
  1062    763
  1063    763
  1064    763
  1065    763
  1066    763
  1067    763
  1068    763
  1069    763
  1078    763
  1079    763
  1080    763
  1081    763
  1082    763
  1083    763
  1084    763
  1085    763
  1086    763
  1087    763
  1095    763
  1096    763
  1097    763
  1098    763
  1099    763
  1100    763
  1101    763
  1102    763
  1103    763
  1104    763
  1105    763
  1106    763
  1054    764
  1055    764
  1056    764
  1057    764
  1058    764
  1059    764
  1060    764
  1061    764
  1062    764
  1063    764
  1064    764
  1065    764
  1066    764
  1075    764
  1076    764
  1077    764
  1078    764
  1079    764
  1080    764
  1081    764
  1082    764
  1083    764
  1084    764
  1085    764
  1086    764
  1092    764
  1093    764
  1094    764
  1095    764
  1096    764
  1097    764
  1098    764
  1099    764
  1100    764
  1101    764
  1102    764
  1103    764
  1053    765
  1054    765
  1055    765
  1056    765
  1057    765
  1058    765
  1059    765
  1060    765
  1061    765
  1062    765
  1063    765
  1064    765
  1073    765
  1074    765
  1075    765
  1076    765
  1077    765
  1078    765
  1079    765
  1080    765
  1081    765
  1082    765
  1083    765
  1090    765
  1091    765
  1092    765
  1093    765
  1094    765
  1095    765
  1096    765
  1097    765
  1098    765
  1099    765
  1100    765
  1101    765
  1102    765
  1050    766
  1051    766
  1052    766
  1053    766
  1054    766
  1055    766
  1056    766
  1057    766
  1058    766
  1059    766
  1060    766
  1061    766
  1071    766
  1072    766
  1073    766
  1074    766
  1075    766
  1076    766
  1077    766
  1078    766
  1079    766
  1080    766
  1081    766
  1089    766
  1090    766
  1091    766
  1092    766
  1093    766
  1094    766
  1095    766
  1096    766
  1097    766
  1098    766
  1099    766
  1048    767
  1049    767
  1050    767
  1051    767
  1052    767
  1053    767
  1054    767
  1055    767
  1056    767
  1057    767
  1058    767
  1059    767
  1069    767
  1070    767
  1071    767
  1072    767
  1073    767
  1076    767
  1077    767
  1078    767
  1086    767
  1087    767
  1088    767
  1089    767
  1090    767
  1091    767
  1092    767
  1093    767
  1094    767
  1095    767
  1096    767
  1097    767
  1098    767
  1045    768
  1046    768
  1047    768
  1048    768
  1049    768
  1050    768
  1051    768
  1052    768
  1053    768
  1054    768
  1055    768
  1056    768
  1057    768
  1066    768
  1067    768
  1068    768
  1069    768
  1070    768
  1075    768
  1076    768
  1084    768
  1085    768
  1086    768
  1087    768
  1088    768
  1089    768
  1090    768
  1091    768
  1092    768
  1093    768
  1094    768
  1095    768
  1042    769
  1043    769
  1044    769
  1045    769
  1046    769
  1047    769
  1048    769
  1049    769
  1050    769
  1051    769
  1052    769
  1053    769
  1054    769
  1063    769
  1064    769
  1065    769
  1066    769
  1067    769
  1068    769
  1069    769
  1070    769
  1071    769
  1082    769
  1083    769
  1084    769
  1085    769
  1086    769
  1087    769
  1088    769
  1089    769
  1090    769
  1091    769
  1092    769
  1093    769
  1041    770
  1042    770
  1043    770
  1044    770
  1045    770
  1046    770
  1047    770
  1048    770
  1049    770
  1050    770
  1051    770
  1052    770
  1061    770
  1062    770
  1063    770
  1064    770
  1065    770
  1066    770
  1067    770
  1068    770
  1069    770
  1070    770
  1071    770
  1072    770
  1080    770
  1081    770
  1082    770
  1083    770
  1084    770
  1085    770
  1086    770
  1087    770
  1088    770
  1089    770
  1090    770
  1091    770
  1044    771
  1045    771
  1046    771
  1047    771
  1048    771
  1049    771
  1050    771
  1059    771
  1060    771
  1061    771
  1062    771
  1063    771
  1064    771
  1065    771
  1066    771
  1067    771
  1068    771
  1069    771
  1084    771
  1085    771
  1086    771
  1087    771
  1088    771
  1089    771
  1057    772
  1058    772
  1059    772
  1060    772
  1061    772
  1062    772
  1063    772
  1064    772
  1065    772
  1066    772
  1067    772
  1068    772
  1084    772
  1085    772
  1086    772
  1087    772
  1088    772
  1055    773
  1056    773
  1057    773
  1058    773
  1059    773
  1060    773
  1061    773
  1062    773
  1063    773
  1064    773
  1065    773
  1053    774
  1054    774
  1055    774
  1056    774
  1057    774
  1058    774
  1059    774
  1060    774
  1061    774
  1062    774
  1063    774
  1064    774
  1051    775
  1052    775
  1053    775
  1054    775
  1055    775
  1056    775
  1057    775
  1058    775
  1059    775
  1060    775
  1061    775
  1049    776
  1050    776
  1051    776
  1052    776
  1053    776
  1054    776
  1055    776
  1056    776
  1058    776
  1059    776
  1060    776
  1048    777
  1049    777
  1050    777
  1051    777
  1052    777
  1053    777
  1054    777
  1055    777
  1056    777
  1057    777
  1058    777
  1046    778
  1047    778
  1048    778
  1049    778
  1050    778
  1051    778
  1052    778
  1053    778
  1054    778
  1055    778
  1056    778
  1044    779
  1045    779
  1046    779
  1047    779
  1048    779
  1049    779
  1050    779
  1051    779
  1052    779
  1053    779
  1054    779
  1064    779
  1065    779
  1066    779
  1067    779
  1068    779
  1069    779
  1070    779
  1071    779
  1072    779
  1042    780
  1043    780
  1044    780
  1045    780
  1046    780
  1047    780
  1048    780
  1049    780
  1050    780
  1051    780
  1052    780
  1062    780
  1063    780
  1064    780
  1065    780
  1066    780
  1067    780
  1068    780
  1069    780
  1070    780
  1071    780
  1040    781
  1041    781
  1042    781
  1043    781
  1044    781
  1045    781
  1046    781
  1047    781
  1048    781
  1049    781
  1050    781
  1060    781
  1061    781
  1062    781
  1063    781
  1064    781
  1065    781
  1066    781
  1067    781
  1068    781
  1069    781
  1070    781
  1071    781
  1072    781
  1073    781
  1038    782
  1039    782
  1040    782
  1041    782
  1042    782
  1043    782
  1044    782
  1045    782
  1046    782
  1047    782
  1048    782
  1049    782
  1059    782
  1060    782
  1061    782
  1062    782
  1063    782
  1064    782
  1065    782
  1066    782
  1067    782
  1068    782
  1069    782
  1070    782
  1071    782
  1036    783
  1037    783
  1038    783
  1039    783
  1040    783
  1041    783
  1042    783
  1043    783
  1044    783
  1045    783
  1046    783
  1047    783
  1057    783
  1058    783
  1059    783
  1060    783
  1061    783
  1062    783
  1063    783
  1064    783
  1065    783
  1066    783
  1067    783
  1068    783
  1069    783
  1070    783
  1035    784
  1036    784
  1037    784
  1038    784
  1039    784
  1040    784
  1041    784
  1042    784
  1043    784
  1044    784
  1045    784
  1056    784
  1057    784
  1058    784
  1059    784
  1060    784
  1061    784
  1062    784
  1063    784
  1064    784
  1065    784
  1066    784
  1067    784
  1068    784
  1033    785
  1034    785
  1035    785
  1036    785
  1037    785
  1038    785
  1039    785
  1040    785
  1041    785
  1042    785
  1043    785
  1054    785
  1055    785
  1056    785
  1057    785
  1058    785
  1059    785
  1060    785
  1061    785
  1062    785
  1063    785
  1064    785
  1065    785
  1066    785
  1067    785
  1031    786
  1032    786
  1033    786
  1034    786
  1035    786
  1036    786
  1037    786
  1038    786
  1039    786
  1040    786
  1041    786
  1052    786
  1053    786
  1054    786
  1055    786
  1056    786
  1057    786
  1058    786
  1059    786
  1060    786
  1061    786
  1062    786
  1063    786
  1064    786
  1065    786
  1066    786
  1030    787
  1031    787
  1032    787
  1033    787
  1034    787
  1035    787
  1036    787
  1037    787
  1038    787
  1039    787
  1040    787
  1051    787
  1052    787
  1053    787
  1054    787
  1055    787
  1056    787
  1057    787
  1058    787
  1059    787
  1060    787
  1061    787
  1062    787
  1063    787
  1064    787
  1028    788
  1029    788
  1030    788
  1031    788
  1032    788
  1033    788
  1034    788
  1035    788
  1036    788
  1037    788
  1038    788
  1050    788
  1051    788
  1052    788
  1053    788
  1054    788
  1055    788
  1056    788
  1057    788
  1058    788
  1059    788
  1060    788
  1061    788
  1062    788
  1063    788
  1026    789
  1027    789
  1028    789
  1029    789
  1030    789
  1031    789
  1032    789
  1033    789
  1034    789
  1035    789
  1036    789
  1037    789
  1049    789
  1050    789
  1051    789
  1052    789
  1053    789
  1054    789
  1055    789
  1056    789
  1057    789
  1058    789
  1059    789
  1060    789
  1061    789
  1062    789
  1025    790
  1026    790
  1027    790
  1028    790
  1029    790
  1030    790
  1031    790
  1032    790
  1033    790
  1034    790
  1035    790
  1036    790
  1048    790
  1049    790
  1050    790
  1051    790
  1052    790
  1053    790
  1054    790
  1055    790
  1056    790
  1057    790
  1058    790
  1059    790
  1060    790
  1024    791
  1025    791
  1026    791
  1027    791
  1028    791
  1029    791
  1030    791
  1031    791
  1032    791
  1033    791
  1034    791
  1047    791
  1048    791
  1049    791
  1050    791
  1051    791
  1052    791
  1053    791
  1054    791
  1055    791
  1056    791
  1057    791
  1058    791
  1059    791
  1022    792
  1023    792
  1024    792
  1025    792
  1026    792
  1027    792
  1028    792
  1029    792
  1030    792
  1031    792
  1032    792
  1046    792
  1047    792
  1048    792
  1049    792
  1050    792
  1051    792
  1052    792
  1053    792
  1054    792
  1055    792
  1056    792
