  1313    715
  1314    715
  1305    716
  1306    716
  1307    716
  1308    716
  1309    716
  1310    716
  1311    716
  1312    716
  1313    716
  1314    716
  1315    716
  1316    716
  1288    717
  1289    717
  1290    717
  1291    717
  1303    717
  1308    717
  1309    717
  1310    717
  1311    717
  1312    717
  1313    717
  1314    717
  1315    717
  1278    718
  1279    718
  1280    718
  1281    718
  1282    718
  1283    718
  1284    718
  1285    718
  1286    718
  1287    718
  1288    718
  1289    718
  1290    718
  1291    718
  1292    718
  1305    718
  1306    718
  1307    718
  1308    718
  1309    718
  1310    718
  1263    719
  1264    719
  1265    719
  1266    719
  1267    719
  1268    719
  1269    719
  1270    719
  1271    719
  1272    719
  1273    719
  1274    719
  1275    719
  1276    719
  1277    719
  1278    719
  1279    719
  1280    719
  1281    719
  1282    719
  1283    719
  1284    719
  1285    719
  1286    719
  1287    719
  1297    719
  1298    719
  1299    719
  1300    719
  1313    719
  1249    720
  1250    720
  1253    720
  1254    720
  1255    720
  1256    720
  1257    720
  1258    720
  1259    720
  1260    720
  1261    720
  1262    720
  1263    720
  1264    720
  1265    720
  1266    720
  1267    720
  1268    720
  1269    720
  1270    720
  1271    720
  1272    720
  1273    720
  1274    720
  1279    720
  1280    720
  1281    720
  1282    720
  1283    720
  1284    720
  1285    720
  1286    720
  1287    720
  1288    720
  1289    720
  1290    720
  1291    720
  1292    720
  1293    720
  1294    720
  1295    720
  1296    720
  1235    721
  1236    721
  1237    721
  1238    721
  1239    721
  1240    721
  1241    721
  1259    721
  1260    721
  1261    721
  1262    721
  1263    721
  1264    721
  1265    721
  1266    721
  1267    721
  1268    721
  1269    721
  1270    721
  1271    721
  1273    721
  1274    721
  1275    721
  1276    721
  1277    721
  1278    721
  1279    721
  1280    721
  1281    721
  1282    721
  1283    721
  1284    721
  1285    721
  1286    721
  1233    722
  1234    722
  1235    722
  1236    722
  1237    722
  1238    722
  1239    722
  1240    722
  1241    722
  1242    722
  1243    722
  1244    722
  1245    722
  1246    722
  1253    722
  1254    722
  1255    722
  1256    722
  1257    722
  1264    722
  1265    722
  1266    722
  1267    722
  1268    722
  1269    722
  1270    722
  1271    722
  1272    722
  1276    722
  1277    722
  1278    722
  1282    722
  1283    722
  1284    722
  1285    722
  1286    722
  1287    722
  1288    722
  1289    722
  1290    722
  1291    722
  1213    723
  1222    723
  1223    723
  1224    723
  1225    723
  1226    723
  1227    723
  1228    723
  1229    723
  1230    723
  1231    723
  1232    723
  1233    723
  1234    723
  1235    723
  1236    723
  1261    723
  1262    723
  1263    723
  1264    723
  1265    723
  1266    723
  1267    723
  1268    723
  1269    723
  1270    723
  1271    723
  1197    724
  1198    724
  1199    724
  1200    724
  1205    724
  1206    724
  1207    724
  1208    724
  1209    724
  1210    724
  1211    724
  1212    724
  1213    724
  1226    724
  1227    724
  1228    724
  1229    724
  1230    724
  1240    724
  1241    724
  1242    724
  1243    724
  1244    724
  1245    724
  1246    724
  1247    724
  1248    724
  1249    724
  1250    724
  1252    724
  1253    724
  1254    724
  1255    724
  1256    724
  1257    724
  1258    724
  1259    724
  1260    724
  1261    724
  1262    724
  1263    724
  1264    724
  1265    724
  1266    724
  1267    724
  1268    724
  1183    725
  1184    725
  1185    725
  1186    725
  1187    725
  1188    725
  1209    725
  1210    725
  1211    725
  1212    725
  1213    725
  1214    725
  1215    725
  1216    725
  1217    725
  1218    725
  1233    725
  1234    725
  1235    725
  1236    725
  1237    725
  1238    725
  1239    725
  1240    725
  1241    725
  1242    725
  1243    725
  1244    725
  1245    725
  1246    725
  1247    725
  1248    725
  1253    725
  1254    725
  1255    725
  1256    725
  1257    725
  1258    725
  1259    725
  1260    725
  1261    725
  1262    725
  1263    725
  1266    725
  1267    725
  1268    725
  1169    726
  1176    726
  1177    726
  1178    726
  1179    726
  1180    726
  1181    726
  1182    726
  1183    726
  1184    726
  1201    726
  1202    726
  1203    726
  1226    726
  1227    726
  1228    726
  1229    726
  1230    726
  1231    726
  1232    726
  1233    726
  1234    726
  1235    726
  1236    726
  1237    726
  1238    726
  1239    726
  1240    726
  1241    726
  1242    726
  1243    726
  1244    726
  1245    726
  1246    726
  1247    726
  1248    726
  1251    726
  1252    726
  1253    726
  1259    726
  1260    726
  1261    726
  1262    726
  1182    727
  1183    727
  1187    727
  1188    727
  1189    727
  1218    727
  1219    727
  1220    727
  1221    727
  1222    727
  1223    727
  1224    727
  1225    727
  1226    727
  1227    727
  1228    727
  1229    727
  1230    727
  1231    727
  1232    727
  1233    727
  1234    727
  1235    727
  1236    727
  1237    727
  1238    727
  1239    727
  1240    727
  1241    727
  1242    727
  1246    727
  1247    727
  1248    727
  1253    727
  1254    727
  1255    727
  1174    728
  1175    728
  1176    728
  1177    728
  1178    728
  1179    728
  1180    728
  1211    728
  1212    728
  1213    728
  1214    728
  1220    728
  1221    728
  1222    728
  1223    728
  1224    728
  1225    728
  1226    728
  1227    728
  1228    728
  1231    728
  1232    728
  1233    728
  1234    728
  1235    728
  1236    728
  1237    728
  1238    728
  1239    728
  1240    728
  1241    728
  1246    728
  1247    728
  1248    728
  1206    729
  1207    729
  1208    729
  1209    729
  1210    729
  1211    729
  1212    729
  1213    729
  1214    729
  1215    729
  1219    729
  1220    729
  1227    729
  1228    729
  1229    729
  1230    729
  1231    729
  1238    729
  1239    729
  1240    729
  1214    730
  1215    730
  1233    730
  1234    730
  1235    730
  1206    731
  1207    731
  1208    731
  1209    731
  1210    731
  1211    731
  1212    731
  1213    731
  1214    731
  1187    732
  1188    732
  1189    732
  1190    732
  1194    732
  1195    732
  1201    732
  1202    732
  1203    732
  1204    732
  1206    732
  1207    732
  1208    732
  1209    732
  1182    733
  1183    733
  1184    733
  1185    733
  1186    733
  1187    733
  1188    733
  1189    733
  1190    733
  1191    733
  1192    733
  1196    733
  1197    733
  1198    733
  1199    733
  1200    733
  1201    733
  1202    733
  1203    733
  1204    733
  1208    733
  1209    733
  1210    733
  1211    733
  1174    734
  1175    734
  1176    734
  1177    734
  1178    734
  1179    734
  1180    734
  1181    734
  1182    734
  1183    734
  1184    734
  1185    734
  1186    734
  1191    734
  1192    734
  1193    734
  1194    734
  1195    734
  1196    734
  1197    734
  1198    734
  1199    734
  1204    734
  1205    734
  1206    734
  1209    734
  1210    734
  1211    734
  1212    734
  1213    734
  1170    735
  1171    735
  1172    735
  1173    735
  1175    735
  1176    735
  1177    735
  1178    735
  1179    735
  1185    735
  1186    735
  1187    735
  1188    735
  1189    735
  1190    735
  1191    735
  1192    735
  1193    735
  1198    735
  1199    735
  1200    735
  1201    735
  1205    735
  1206    735
  1207    735
  1208    735
  1165    736
  1166    736
  1167    736
  1168    736
  1170    736
  1171    736
  1172    736
  1173    736
  1174    736
  1180    736
  1181    736
  1182    736
  1183    736
  1184    736
  1185    736
  1186    736
  1187    736
  1188    736
  1193    736
  1194    736
  1195    736
  1196    736
  1201    736
  1202    736
  1159    737
  1160    737
  1161    737
  1162    737
  1163    737
  1164    737
  1165    737
  1166    737
  1167    737
  1168    737
  1169    737
  1175    737
  1176    737
  1177    737
  1178    737
  1179    737
  1180    737
  1181    737
  1182    737
  1183    737
  1189    737
  1190    737
  1191    737
  1195    737
  1196    737
  1197    737
  1154    738
  1155    738
  1156    738
  1157    738
  1158    738
  1159    738
  1160    738
  1161    738
  1162    738
  1163    738
  1164    738
  1170    738
  1171    738
  1172    738
  1176    738
  1177    738
  1178    738
  1179    738
  1185    738
  1186    738
  1187    738
  1191    738
  1192    738
  1193    738
  1148    739
  1149    739
  1150    739
  1151    739
  1152    739
  1153    739
  1154    739
  1155    739
  1156    739
  1157    739
  1158    739
  1159    739
  1164    739
  1165    739
  1166    739
  1167    739
  1179    739
  1180    739
  1181    739
  1182    739
  1183    739
  1184    739
  1187    739
  1188    739
  1189    739
  1148    740
  1149    740
  1150    740
  1151    740
  1152    740
  1153    740
  1154    740
  1161    740
  1162    740
  1163    740
  1164    740
  1183    740
  1184    740
  1157    741
  1158    741
  1159    741
  1160    741
  1161    741
  1162    741
  1163    741
  1164    741
  1165    741
  1151    742
  1152    742
  1153    742
  1154    742
  1155    742
  1156    742
  1157    742
  1158    742
  1159    742
  1160    742
  1133    743
  1134    743
  1135    743
  1136    743
  1137    743
  1138    743
  1139    743
  1148    743
  1149    743
  1150    743
  1151    743
  1152    743
  1153    743
  1154    743
  1155    743
  1156    743
  1157    743
  1128    744
  1129    744
  1130    744
  1131    744
  1132    744
  1134    744
  1135    744
  1136    744
  1137    744
  1138    744
  1139    744
  1144    744
  1145    744
  1146    744
  1147    744
  1148    744
  1149    744
  1150    744
  1151    744
  1152    744
  1153    744
  1159    744
  1160    744
  1161    744
  1162    744
  1124    745
  1125    745
  1126    745
  1127    745
  1128    745
  1129    745
  1130    745
  1131    745
  1132    745
  1133    745
  1134    745
  1140    745
  1141    745
  1142    745
  1143    745
  1145    745
  1146    745
  1147    745
  1148    745
  1149    745
  1155    745
  1156    745
  1157    745
  1158    745
  1159    745
  1160    745
  1120    746
  1121    746
  1122    746
  1123    746
  1124    746
  1125    746
  1126    746
  1127    746
  1128    746
  1129    746
  1130    746
  1131    746
  1136    746
  1137    746
  1138    746
  1139    746
  1140    746
  1141    746
  1142    746
  1143    746
  1144    746
  1145    746
  1146    746
  1152    746
  1153    746
  1154    746
  1155    746
  1156    746
  1160    746
  1161    746
  1162    746
  1117    747
  1118    747
  1119    747
  1120    747
  1121    747
  1122    747
  1123    747
  1124    747
  1125    747
  1126    747
  1127    747
  1133    747
  1134    747
  1135    747
  1136    747
  1137    747
  1138    747
  1139    747
  1140    747
  1141    747
  1142    747
  1149    747
  1150    747
  1151    747
  1152    747
  1153    747
  1156    747
  1157    747
  1158    747
  1113    748
  1114    748
  1115    748
  1116    748
  1117    748
  1118    748
  1119    748
  1120    748
  1121    748
  1122    748
  1123    748
  1124    748
  1130    748
  1131    748
  1132    748
  1133    748
  1134    748
  1135    748
  1136    748
  1137    748
  1138    748
  1139    748
  1145    748
  1146    748
  1147    748
  1148    748
  1149    748
  1153    748
  1154    748
  1155    748
  1110    749
  1111    749
  1112    749
  1113    749
  1114    749
  1115    749
  1116    749
  1117    749
  1118    749
  1119    749
  1120    749
  1127    749
  1128    749
  1129    749
  1130    749
  1131    749
  1132    749
  1133    749
  1134    749
  1135    749
  1136    749
  1142    749
  1143    749
  1144    749
  1145    749
  1146    749
  1149    749
  1150    749
  1151    749
  1152    749
  1106    750
  1107    750
  1108    750
  1109    750
  1110    750
  1111    750
  1112    750
  1113    750
  1114    750
  1115    750
  1116    750
  1117    750
  1123    750
  1124    750
  1125    750
  1126    750
  1127    750
  1128    750
  1129    750
  1130    750
  1131    750
  1132    750
  1133    750
  1139    750
  1140    750
  1141    750
  1142    750
  1143    750
  1146    750
  1147    750
  1148    750
  1149    750
  1103    751
  1104    751
  1105    751
  1106    751
  1107    751
  1108    751
  1109    751
  1110    751
  1111    751
  1112    751
  1113    751
  1114    751
  1121    751
  1122    751
  1123    751
  1124    751
  1126    751
  1127    751
  1128    751
  1129    751
  1130    751
  1136    751
  1137    751
  1138    751
  1139    751
  1140    751
  1141    751
  1145    751
  1146    751
  1100    752
  1101    752
  1102    752
  1103    752
  1104    752
  1105    752
  1106    752
  1107    752
  1108    752
  1109    752
  1110    752
  1117    752
  1118    752
  1119    752
  1120    752
  1121    752
  1122    752
  1124    752
  1125    752
  1126    752
  1134    752
  1135    752
  1136    752
  1137    752
  1138    752
  1139    752
  1143    752
  1144    752
  1096    753
  1097    753
  1098    753
  1099    753
  1100    753
  1101    753
  1102    753
  1103    753
  1104    753
  1105    753
  1106    753
  1107    753
  1108    753
  1114    753
  1115    753
  1116    753
  1117    753
  1118    753
  1122    753
  1123    753
  1131    753
  1132    753
  1133    753
  1134    753
  1135    753
  1136    753
  1137    753
  1138    753
  1139    753
  1140    753
  1141    753
  1098    754
  1099    754
  1100    754
  1101    754
  1102    754
  1103    754
  1104    754
  1112    754
  1113    754
  1114    754
  1115    754
  1118    754
  1119    754
  1120    754
  1121    754
  1135    754
  1136    754
  1137    754
  1138    754
  1109    755
  1110    755
  1111    755
  1112    755
  1113    755
  1115    755
  1116    755
  1117    755
  1118    755
  1131    755
  1106    756
  1107    756
  1108    756
  1109    756
  1110    756
  1111    756
  1112    756
  1113    756
  1114    756
  1115    756
  1104    757
  1105    757
  1106    757
  1107    757
  1108    757
  1109    757
  1110    757
  1111    757
  1112    757
  1100    758
  1101    758
  1102    758
  1103    758
  1104    758
  1105    758
  1106    758
  1107    758
  1108    758
  1109    758
  1110    758
  1080    759
  1081    759
  1082    759
  1083    759
  1098    759
  1099    759
  1100    759
  1101    759
  1102    759
  1103    759
  1104    759
  1105    759
  1106    759
  1107    759
  1108    759
  1116    759
  1117    759
  1118    759
  1119    759
  1120    759
  1077    760
  1078    760
  1079    760
  1080    760
  1086    760
  1087    760
  1088    760
  1095    760
  1096    760
  1097    760
  1098    760
  1099    760
  1100    760
  1101    760
  1102    760
  1103    760
  1104    760
  1105    760
  1112    760
  1113    760
  1114    760
  1115    760
  1116    760
  1117    760
  1074    761
  1075    761
  1076    761
  1077    761
  1078    761
  1079    761
  1080    761
  1081    761
  1082    761
  1083    761
  1084    761
  1093    761
  1094    761
  1095    761
  1097    761
  1098    761
  1099    761
  1100    761
  1101    761
  1102    761
  1110    761
  1111    761
  1112    761
  1113    761
  1114    761
  1115    761
  1116    761
  1117    761
  1118    761
  1119    761
  1071    762
  1072    762
  1073    762
  1074    762
  1075    762
  1076    762
  1077    762
  1078    762
  1079    762
  1080    762
  1081    762
  1082    762
  1090    762
  1091    762
  1092    762
  1093    762
  1094    762
  1095    762
  1096    762
  1097    762
  1098    762
  1099    762
  1100    762
  1107    762
  1108    762
  1109    762
  1110    762
  1111    762
  1112    762
  1113    762
  1114    762
  1115    762
  1116    762
  1117    762
  1118    762
  1068    763
  1069    763
  1070    763
  1071    763
  1072    763
  1073    763
  1074    763
  1075    763
  1076    763
  1077    763
  1078    763
  1079    763
  1088    763
  1089    763
  1090    763
  1091    763
  1092    763
  1093    763
  1094    763
  1095    763
  1096    763
  1097    763
  1098    763
  1105    763
  1106    763
  1107    763
  1108    763
  1109    763
  1110    763
  1111    763
  1112    763
  1113    763
  1114    763
  1115    763
  1116    763
  1065    764
  1066    764
  1067    764
  1068    764
  1069    764
  1070    764
  1071    764
  1072    764
  1073    764
  1074    764
  1075    764
  1076    764
  1077    764
  1085    764
  1086    764
  1087    764
  1088    764
  1089    764
  1090    764
  1091    764
  1092    764
  1093    764
  1094    764
  1095    764
  1103    764
  1104    764
  1105    764
  1106    764
  1107    764
  1108    764
  1109    764
  1110    764
  1111    764
  1112    764
  1113    764
  1114    764
  1062    765
  1063    765
  1064    765
  1065    765
  1066    765
  1067    765
  1068    765
  1069    765
  1070    765
  1071    765
  1072    765
  1073    765
  1074    765
  1083    765
  1084    765
  1085    765
  1086    765
  1087    765
  1088    765
  1089    765
  1090    765
  1091    765
  1092    765
  1093    765
  1101    765
  1102    765
  1103    765
  1104    765
  1105    765
  1106    765
  1107    765
  1108    765
  1109    765
  1110    765
  1111    765
  1060    766
  1061    766
  1062    766
  1063    766
  1064    766
  1065    766
  1066    766
  1067    766
  1068    766
  1069    766
  1070    766
  1071    766
  1081    766
  1082    766
  1083    766
  1084    766
  1085    766
  1086    766
  1087    766
  1088    766
  1089    766
  1090    766
  1091    766
  1098    766
  1099    766
  1100    766
  1101    766
  1102    766
  1103    766
  1104    766
  1105    766
  1106    766
  1107    766
  1108    766
  1109    766
  1110    766
  1057    767
  1058    767
  1059    767
  1060    767
  1061    767
  1062    767
  1063    767
  1064    767
  1065    767
  1066    767
  1067    767
  1068    767
  1069    767
  1078    767
  1079    767
  1080    767
  1081    767
  1082    767
  1083    767
  1084    767
  1085    767
  1086    767
  1087    767
  1088    767
  1089    767
  1096    767
  1097    767
  1098    767
  1099    767
  1100    767
  1101    767
  1102    767
  1103    767
  1104    767
  1105    767
  1106    767
  1107    767
  1108    767
  1055    768
  1056    768
  1057    768
  1058    768
  1059    768
  1060    768
  1061    768
  1062    768
  1063    768
  1064    768
  1065    768
  1066    768
  1076    768
  1077    768
  1078    768
  1079    768
  1080    768
  1083    768
  1084    768
  1085    768
  1086    768
  1087    768
  1094    768
  1095    768
  1096    768
  1097    768
  1098    768
  1099    768
  1100    768
  1101    768
  1102    768
  1103    768
  1052    769
  1053    769
  1054    769
  1055    769
  1056    769
  1057    769
  1058    769
  1059    769
  1060    769
  1061    769
  1062    769
  1063    769
  1064    769
  1073    769
  1074    769
  1075    769
  1076    769
  1077    769
  1078    769
  1079    769
  1080    769
  1082    769
  1083    769
  1084    769
  1092    769
  1093    769
  1094    769
  1095    769
  1096    769
  1097    769
  1098    769
  1099    769
  1100    769
  1101    769
  1102    769
  1103    769
  1104    769
  1050    770
  1051    770
  1052    770
  1053    770
  1054    770
  1055    770
  1056    770
  1057    770
  1058    770
  1059    770
  1060    770
  1061    770
  1062    770
  1071    770
  1072    770
  1073    770
  1074    770
  1075    770
  1076    770
  1077    770
  1078    770
  1079    770
  1080    770
  1081    770
  1082    770
  1090    770
  1091    770
  1092    770
  1093    770
  1094    770
  1095    770
  1096    770
  1097    770
  1098    770
  1099    770
  1100    770
  1101    770
  1102    770
  1048    771
  1049    771
  1050    771
  1051    771
  1052    771
  1053    771
  1054    771
  1055    771
  1056    771
  1057    771
  1058    771
  1059    771
  1060    771
  1069    771
  1070    771
  1071    771
  1072    771
  1073    771
  1074    771
  1075    771
  1076    771
  1077    771
  1078    771
  1079    771
  1080    771
  1088    771
  1089    771
  1090    771
  1091    771
  1092    771
  1093    771
  1094    771
  1095    771
  1096    771
  1097    771
  1098    771
  1099    771
  1100    771
  1046    772
  1047    772
  1048    772
  1049    772
  1050    772
  1051    772
  1052    772
  1053    772
  1054    772
  1055    772
  1056    772
  1057    772
  1058    772
  1067    772
  1068    772
  1069    772
  1070    772
  1071    772
  1072    772
  1073    772
  1074    772
  1075    772
  1076    772
  1077    772
  1078    772
  1087    772
  1088    772
  1089    772
  1090    772
  1091    772
  1092    772
  1093    772
  1094    772
  1095    772
  1096    772
  1097    772
  1098    772
  1044    773
  1045    773
  1046    773
  1047    773
  1048    773
  1049    773
  1050    773
  1051    773
  1052    773
  1053    773
  1054    773
  1055    773
  1056    773
  1065    773
  1066    773
  1067    773
  1068    773
  1069    773
  1070    773
  1071    773
  1072    773
  1073    773
  1074    773
  1075    773
  1076    773
  1084    773
  1085    773
  1086    773
  1087    773
  1088    773
  1089    773
  1090    773
  1091    773
  1092    773
  1093    773
  1094    773
  1095    773
  1096    773
  1051    774
  1052    774
  1053    774
  1054    774
  1063    774
  1064    774
  1065    774
  1066    774
  1067    774
  1068    774
  1069    774
  1070    774
  1071    774
  1072    774
  1087    774
  1088    774
  1089    774
  1090    774
  1091    774
  1092    774
  1093    774
  1094    774
  1061    775
  1062    775
  1063    775
  1064    775
  1065    775
  1066    775
  1067    775
  1068    775
  1069    775
  1070    775
  1071    775
  1072    775
  1091    775
  1092    775
  1059    776
  1060    776
  1061    776
  1062    776
  1063    776
  1064    776
  1065    776
  1066    776
  1067    776
  1068    776
  1069    776
  1070    776
  1058    777
  1059    777
  1060    777
  1061    777
  1062    777
  1063    777
  1064    777
  1065    777
  1066    777
  1067    777
  1068    777
  1055    778
  1056    778
  1057    778
  1058    778
  1059    778
  1060    778
  1061    778
  1062    778
  1063    778
  1064    778
  1065    778
  1066    778
  1054    779
  1055    779
  1056    779
  1057    779
  1058    779
  1059    779
  1060    779
  1061    779
  1062    779
  1063    779
  1064    779
  1052    780
  1053    780
  1054    780
  1055    780
  1056    780
  1057    780
  1058    780
  1059    780
  1060    780
  1061    780
  1062    780
  1063    780
  1050    781
  1051    781
  1052    781
  1053    781
  1054    781
  1055    781
  1056    781
  1057    781
  1058    781
  1059    781
  1060    781
  1061    781
  1048    782
  1049    782
  1050    782
  1051    782
  1052    782
  1053    782
  1054    782
  1055    782
  1056    782
  1057    782
  1058    782
  1059    782
  1060    782
  1069    782
  1070    782
  1071    782
  1072    782
  1073    782
  1074    782
  1075    782
  1076    782
  1047    783
  1048    783
  1049    783
  1050    783
  1051    783
  1052    783
  1053    783
  1054    783
  1055    783
  1056    783
  1057    783
  1067    783
  1068    783
  1069    783
  1070    783
  1071    783
  1072    783
  1073    783
  1074    783
  1075    783
  1076    783
  1044    784
  1045    784
  1046    784
  1047    784
  1048    784
  1049    784
  1050    784
  1051    784
  1052    784
  1053    784
  1054    784
  1055    784
  1056    784
  1066    784
  1067    784
  1068    784
  1069    784
  1070    784
  1071    784
  1072    784
  1073    784
  1074    784
  1075    784
  1076    784
  1043    785
  1044    785
  1045    785
  1046    785
  1047    785
  1048    785
  1049    785
  1050    785
  1051    785
  1052    785
  1053    785
  1054    785
  1064    785
  1065    785
  1066    785
  1067    785
  1068    785
  1069    785
  1070    785
  1071    785
  1072    785
  1073    785
  1074    785
  1075    785
  1076    785
  1077    785
  1041    786
  1042    786
  1043    786
  1044    786
  1045    786
  1046    786
  1047    786
  1048    786
  1049    786
  1050    786
  1051    786
  1052    786
  1063    786
  1064    786
  1065    786
  1066    786
  1067    786
  1068    786
  1069    786
  1070    786
  1071    786
  1072    786
  1073    786
  1074    786
  1075    786
  1040    787
  1041    787
  1042    787
  1043    787
  1044    787
  1045    787
  1046    787
  1047    787
  1048    787
  1049    787
  1050    787
  1051    787
  1062    787
  1063    787
  1064    787
  1065    787
  1066    787
  1067    787
  1068    787
  1069    787
  1070    787
  1071    787
  1072    787
  1073    787
  1074    787
  1075    787
  1038    788
  1039    788
  1040    788
  1041    788
  1042    788
  1043    788
  1044    788
  1045    788
  1046    788
  1047    788
  1048    788
  1049    788
  1050    788
  1060    788
  1061    788
  1062    788
  1063    788
  1064    788
  1065    788
  1066    788
  1067    788
  1068    788
  1069    788
  1070    788
  1071    788
  1072    788
  1073    788
  1036    789
  1037    789
  1038    789
  1039    789
  1040    789
  1041    789
  1042    789
  1043    789
  1044    789
  1045    789
  1046    789
  1059    789
  1060    789
  1061    789
  1062    789
  1063    789
  1064    789
  1065    789
  1066    789
  1067    789
  1068    789
  1069    789
  1070    789
  1071    789
  1072    789
  1035    790
  1036    790
  1037    790
  1038    790
  1039    790
  1040    790
  1041    790
  1042    790
  1043    790
  1044    790
  1057    790
  1058    790
  1059    790
  1060    790
  1061    790
  1062    790
  1063    790
  1064    790
  1065    790
  1066    790
  1067    790
  1068    790
  1069    790
  1070    790
  1034    791
  1035    791
  1036    791
  1037    791
  1038    791
  1039    791
  1040    791
  1041    791
  1042    791
  1043    791
  1056    791
  1057    791
  1058    791
  1059    791
  1060    791
  1061    791
  1062    791
  1063    791
  1064    791
  1065    791
  1066    791
  1067    791
  1032    792
  1033    792
  1034    792
  1035    792
  1036    792
  1037    792
  1038    792
  1039    792
  1040    792
  1041    792
  1055    792
  1056    792
  1057    792
  1058    792
  1059    792
  1060    792
  1061    792
  1062    792
  1063    792
  1064    792
  1065    792
  1066    792
  1067    792
