  1354    711
  1355    711
  1356    711
  1360    711
  1361    711
  1345    712
  1346    712
  1347    712
  1348    712
  1349    712
  1350    712
  1332    713
  1335    713
  1336    713
  1337    713
  1338    713
  1339    713
  1340    713
  1341    713
  1342    713
  1343    713
  1358    713
  1359    713
  1360    713
  1351    714
  1352    714
  1353    714
  1312    715
  1307    716
  1308    716
  1309    716
  1310    716
  1311    716
  1312    716
  1313    716
  1314    716
  1316    716
  1317    716
  1318    716
  1286    717
  1292    717
  1293    717
  1294    717
  1300    717
  1301    717
  1302    717
  1304    717
  1305    717
  1306    717
  1307    717
  1308    717
  1309    717
  1310    717
  1311    717
  1312    717
  1313    717
  1314    717
  1274    718
  1275    718
  1276    718
  1277    718
  1278    718
  1279    718
  1280    718
  1281    718
  1282    718
  1283    718
  1284    718
  1285    718
  1286    718
  1287    718
  1288    718
  1289    718
  1290    718
  1291    718
  1292    718
  1300    718
  1301    718
  1302    718
  1303    718
  1304    718
  1305    718
  1315    718
  1316    718
  1317    718
  1318    718
  1319    718
  1264    719
  1265    719
  1266    719
  1267    719
  1268    719
  1269    719
  1270    719
  1271    719
  1272    719
  1273    719
  1274    719
  1275    719
  1276    719
  1277    719
  1278    719
  1279    719
  1280    719
  1281    719
  1282    719
  1283    719
  1284    719
  1285    719
  1286    719
  1293    719
  1294    719
  1295    719
  1296    719
  1309    719
  1310    719
  1311    719
  1244    720
  1245    720
  1246    720
  1247    720
  1248    720
  1249    720
  1250    720
  1252    720
  1253    720
  1254    720
  1255    720
  1256    720
  1257    720
  1258    720
  1259    720
  1260    720
  1261    720
  1262    720
  1263    720
  1264    720
  1265    720
  1266    720
  1267    720
  1268    720
  1269    720
  1270    720
  1271    720
  1278    720
  1279    720
  1280    720
  1281    720
  1282    720
  1283    720
  1284    720
  1285    720
  1286    720
  1287    720
  1288    720
  1289    720
  1290    720
  1291    720
  1292    720
  1301    720
  1302    720
  1303    720
  1234    721
  1235    721
  1236    721
  1237    721
  1238    721
  1239    721
  1240    721
  1241    721
  1242    721
  1243    721
  1244    721
  1245    721
  1246    721
  1247    721
  1248    721
  1249    721
  1250    721
  1251    721
  1252    721
  1253    721
  1254    721
  1255    721
  1256    721
  1257    721
  1258    721
  1259    721
  1260    721
  1261    721
  1262    721
  1263    721
  1264    721
  1265    721
  1266    721
  1267    721
  1268    721
  1269    721
  1270    721
  1271    721
  1272    721
  1273    721
  1277    721
  1278    721
  1279    721
  1280    721
  1281    721
  1282    721
  1283    721
  1284    721
  1285    721
  1292    721
  1293    721
  1294    721
  1295    721
  1231    722
  1232    722
  1233    722
  1234    722
  1235    722
  1236    722
  1237    722
  1238    722
  1239    722
  1240    722
  1241    722
  1242    722
  1243    722
  1251    722
  1252    722
  1253    722
  1254    722
  1262    722
  1263    722
  1264    722
  1265    722
  1266    722
  1267    722
  1268    722
  1269    722
  1270    722
  1274    722
  1275    722
  1276    722
  1281    722
  1282    722
  1285    722
  1286    722
  1287    722
  1207    723
  1208    723
  1209    723
  1210    723
  1211    723
  1212    723
  1213    723
  1219    723
  1220    723
  1221    723
  1222    723
  1223    723
  1224    723
  1225    723
  1226    723
  1227    723
  1228    723
  1229    723
  1230    723
  1231    723
  1232    723
  1233    723
  1234    723
  1259    723
  1260    723
  1261    723
  1262    723
  1263    723
  1264    723
  1265    723
  1266    723
  1267    723
  1268    723
  1269    723
  1195    724
  1196    724
  1197    724
  1198    724
  1199    724
  1200    724
  1202    724
  1203    724
  1204    724
  1205    724
  1206    724
  1207    724
  1208    724
  1209    724
  1210    724
  1211    724
  1212    724
  1218    724
  1219    724
  1220    724
  1221    724
  1222    724
  1223    724
  1224    724
  1225    724
  1226    724
  1227    724
  1238    724
  1239    724
  1240    724
  1241    724
  1242    724
  1243    724
  1244    724
  1245    724
  1246    724
  1247    724
  1248    724
  1249    724
  1250    724
  1251    724
  1252    724
  1253    724
  1254    724
  1255    724
  1256    724
  1257    724
  1258    724
  1259    724
  1260    724
  1261    724
  1262    724
  1263    724
  1264    724
  1268    724
  1269    724
  1270    724
  1179    725
  1180    725
  1181    725
  1182    725
  1183    725
  1184    725
  1185    725
  1186    725
  1206    725
  1207    725
  1208    725
  1209    725
  1210    725
  1211    725
  1212    725
  1213    725
  1214    725
  1215    725
  1216    725
  1232    725
  1233    725
  1234    725
  1235    725
  1236    725
  1237    725
  1238    725
  1239    725
  1240    725
  1241    725
  1242    725
  1243    725
  1244    725
  1245    725
  1246    725
  1247    725
  1248    725
  1249    725
  1250    725
  1251    725
  1252    725
  1253    725
  1255    725
  1256    725
  1257    725
  1258    725
  1263    725
  1264    725
  1166    726
  1167    726
  1168    726
  1169    726
  1170    726
  1171    726
  1172    726
  1196    726
  1197    726
  1198    726
  1199    726
  1200    726
  1222    726
  1223    726
  1224    726
  1225    726
  1226    726
  1227    726
  1228    726
  1229    726
  1230    726
  1231    726
  1232    726
  1233    726
  1234    726
  1235    726
  1236    726
  1237    726
  1238    726
  1239    726
  1240    726
  1241    726
  1242    726
  1243    726
  1244    726
  1245    726
  1246    726
  1247    726
  1248    726
  1249    726
  1250    726
  1251    726
  1252    726
  1256    726
  1257    726
  1258    726
  1259    726
  1183    727
  1184    727
  1185    727
  1186    727
  1215    727
  1216    727
  1217    727
  1218    727
  1219    727
  1220    727
  1221    727
  1222    727
  1223    727
  1224    727
  1225    727
  1226    727
  1227    727
  1228    727
  1229    727
  1230    727
  1231    727
  1232    727
  1233    727
  1234    727
  1235    727
  1236    727
  1237    727
  1238    727
  1239    727
  1240    727
  1241    727
  1242    727
  1243    727
  1244    727
  1245    727
  1246    727
  1247    727
  1250    727
  1251    727
  1252    727
  1165    728
  1166    728
  1209    728
  1210    728
  1211    728
  1212    728
  1213    728
  1217    728
  1218    728
  1219    728
  1220    728
  1222    728
  1223    728
  1224    728
  1229    728
  1230    728
  1231    728
  1232    728
  1235    728
  1236    728
  1237    728
  1238    728
  1242    728
  1243    728
  1244    728
  1245    728
  1204    729
  1205    729
  1206    729
  1207    729
  1208    729
  1209    729
  1210    729
  1211    729
  1212    729
  1213    729
  1214    729
  1215    729
  1216    729
  1217    729
  1218    729
  1229    729
  1230    729
  1237    729
  1238    729
  1239    729
  1209    730
  1210    730
  1211    730
  1212    730
  1213    730
  1214    730
  1215    730
  1230    730
  1231    730
  1232    730
  1233    730
  1204    731
  1205    731
  1206    731
  1207    731
  1208    731
  1209    731
  1210    731
  1211    731
  1212    731
  1183    732
  1184    732
  1185    732
  1186    732
  1187    732
  1188    732
  1191    732
  1192    732
  1193    732
  1198    732
  1199    732
  1200    732
  1201    732
  1202    732
  1203    732
  1204    732
  1205    732
  1206    732
  1207    732
  1213    732
  1214    732
  1215    732
  1179    733
  1180    733
  1181    733
  1182    733
  1183    733
  1184    733
  1185    733
  1186    733
  1187    733
  1188    733
  1193    733
  1194    733
  1195    733
  1196    733
  1197    733
  1198    733
  1199    733
  1200    733
  1205    733
  1206    733
  1207    733
  1208    733
  1209    733
  1173    734
  1174    734
  1175    734
  1176    734
  1177    734
  1178    734
  1179    734
  1180    734
  1181    734
  1182    734
  1183    734
  1188    734
  1189    734
  1190    734
  1191    734
  1192    734
  1193    734
  1194    734
  1195    734
  1201    734
  1202    734
  1203    734
  1204    734
  1205    734
  1207    734
  1208    734
  1209    734
  1167    735
  1168    735
  1169    735
  1170    735
  1171    735
  1172    735
  1173    735
  1174    735
  1175    735
  1176    735
  1177    735
  1183    735
  1184    735
  1185    735
  1186    735
  1187    735
  1188    735
  1189    735
  1190    735
  1191    735
  1196    735
  1197    735
  1198    735
  1199    735
  1203    735
  1204    735
  1162    736
  1163    736
  1164    736
  1165    736
  1168    736
  1169    736
  1170    736
  1171    736
  1177    736
  1178    736
  1179    736
  1180    736
  1181    736
  1182    736
  1183    736
  1184    736
  1185    736
  1186    736
  1191    736
  1192    736
  1193    736
  1194    736
  1196    736
  1197    736
  1198    736
  1199    736
  1200    736
  1156    737
  1157    737
  1158    737
  1159    737
  1160    737
  1161    737
  1162    737
  1163    737
  1164    737
  1165    737
  1166    737
  1172    737
  1173    737
  1174    737
  1175    737
  1176    737
  1177    737
  1178    737
  1179    737
  1180    737
  1181    737
  1186    737
  1187    737
  1188    737
  1189    737
  1193    737
  1194    737
  1150    738
  1151    738
  1152    738
  1153    738
  1154    738
  1155    738
  1156    738
  1157    738
  1158    738
  1159    738
  1160    738
  1161    738
  1167    738
  1168    738
  1169    738
  1173    738
  1174    738
  1175    738
  1182    738
  1183    738
  1184    738
  1185    738
  1186    738
  1187    738
  1188    738
  1189    738
  1190    738
  1147    739
  1148    739
  1150    739
  1151    739
  1152    739
  1153    739
  1154    739
  1155    739
  1156    739
  1157    739
  1162    739
  1163    739
  1164    739
  1165    739
  1177    739
  1178    739
  1179    739
  1183    739
  1184    739
  1185    739
  1186    739
  1157    740
  1158    740
  1159    740
  1160    740
  1161    740
  1162    740
  1165    740
  1166    740
  1167    740
  1179    740
  1180    740
  1181    740
  1153    741
  1154    741
  1155    741
  1156    741
  1157    741
  1158    741
  1159    741
  1160    741
  1161    741
  1162    741
  1149    742
  1150    742
  1151    742
  1152    742
  1153    742
  1154    742
  1155    742
  1156    742
  1157    742
  1158    742
  1130    743
  1131    743
  1132    743
  1133    743
  1134    743
  1137    743
  1138    743
  1145    743
  1146    743
  1147    743
  1148    743
  1149    743
  1150    743
  1151    743
  1152    743
  1153    743
  1154    743
  1161    743
  1162    743
  1163    743
  1164    743
  1126    744
  1127    744
  1128    744
  1129    744
  1130    744
  1131    744
  1132    744
  1133    744
  1134    744
  1135    744
  1136    744
  1141    744
  1142    744
  1143    744
  1144    744
  1147    744
  1148    744
  1149    744
  1150    744
  1156    744
  1157    744
  1158    744
  1159    744
  1160    744
  1122    745
  1123    745
  1124    745
  1125    745
  1126    745
  1127    745
  1128    745
  1129    745
  1130    745
  1131    745
  1132    745
  1137    745
  1138    745
  1139    745
  1140    745
  1141    745
  1142    745
  1143    745
  1144    745
  1145    745
  1146    745
  1153    745
  1154    745
  1155    745
  1156    745
  1157    745
  1158    745
  1162    745
  1163    745
  1118    746
  1119    746
  1120    746
  1121    746
  1122    746
  1123    746
  1124    746
  1125    746
  1126    746
  1127    746
  1128    746
  1134    746
  1135    746
  1136    746
  1137    746
  1138    746
  1139    746
  1140    746
  1141    746
  1142    746
  1150    746
  1151    746
  1152    746
  1153    746
  1154    746
  1155    746
  1156    746
  1157    746
  1158    746
  1159    746
  1115    747
  1116    747
  1117    747
  1118    747
  1119    747
  1120    747
  1121    747
  1122    747
  1123    747
  1124    747
  1125    747
  1131    747
  1132    747
  1133    747
  1134    747
  1135    747
  1136    747
  1137    747
  1138    747
  1139    747
  1140    747
  1147    747
  1148    747
  1149    747
  1150    747
  1153    747
  1154    747
  1155    747
  1156    747
  1111    748
  1112    748
  1113    748
  1114    748
  1115    748
  1116    748
  1117    748
  1118    748
  1119    748
  1120    748
  1121    748
  1127    748
  1128    748
  1129    748
  1130    748
  1131    748
  1132    748
  1133    748
  1134    748
  1135    748
  1136    748
  1143    748
  1144    748
  1145    748
  1146    748
  1150    748
  1151    748
  1152    748
  1153    748
  1108    749
  1109    749
  1110    749
  1111    749
  1112    749
  1113    749
  1114    749
  1115    749
  1116    749
  1117    749
  1118    749
  1124    749
  1125    749
  1126    749
  1127    749
  1128    749
  1129    749
  1130    749
  1131    749
  1132    749
  1133    749
  1140    749
  1141    749
  1142    749
  1143    749
  1144    749
  1148    749
  1149    749
  1150    749
  1104    750
  1105    750
  1106    750
  1107    750
  1108    750
  1109    750
  1110    750
  1111    750
  1112    750
  1113    750
  1114    750
  1121    750
  1122    750
  1123    750
  1124    750
  1128    750
  1129    750
  1130    750
  1137    750
  1138    750
  1139    750
  1140    750
  1141    750
  1142    750
  1144    750
  1145    750
  1146    750
  1147    750
  1101    751
  1102    751
  1103    751
  1104    751
  1105    751
  1106    751
  1107    751
  1108    751
  1109    751
  1110    751
  1111    751
  1118    751
  1119    751
  1120    751
  1121    751
  1125    751
  1126    751
  1134    751
  1135    751
  1136    751
  1137    751
  1138    751
  1139    751
  1140    751
  1141    751
  1142    751
  1143    751
  1144    751
  1097    752
  1098    752
  1099    752
  1100    752
  1101    752
  1102    752
  1103    752
  1104    752
  1105    752
  1106    752
  1107    752
  1108    752
  1114    752
  1115    752
  1116    752
  1117    752
  1118    752
  1119    752
  1123    752
  1124    752
  1132    752
  1133    752
  1134    752
  1135    752
  1136    752
  1137    752
  1139    752
  1140    752
  1141    752
  1099    753
  1100    753
  1101    753
  1102    753
  1103    753
  1104    753
  1105    753
  1112    753
  1113    753
  1114    753
  1115    753
  1116    753
  1117    753
  1118    753
  1119    753
  1120    753
  1121    753
  1130    753
  1131    753
  1132    753
  1133    753
  1134    753
  1135    753
  1136    753
  1137    753
  1138    753
  1110    754
  1111    754
  1112    754
  1113    754
  1114    754
  1115    754
  1116    754
  1117    754
  1118    754
  1133    754
  1134    754
  1135    754
  1136    754
  1107    755
  1108    755
  1109    755
  1110    755
  1111    755
  1112    755
  1113    755
  1114    755
  1115    755
  1116    755
  1104    756
  1105    756
  1106    756
  1107    756
  1108    756
  1109    756
  1110    756
  1111    756
  1112    756
  1113    756
  1101    757
  1102    757
  1103    757
  1104    757
  1105    757
  1106    757
  1107    757
  1108    757
  1109    757
  1110    757
  1098    758
  1099    758
  1100    758
  1101    758
  1102    758
  1103    758
  1104    758
  1105    758
  1106    758
  1107    758
  1078    759
  1079    759
  1080    759
  1081    759
  1082    759
  1083    759
  1087    759
  1088    759
  1096    759
  1097    759
  1098    759
  1100    759
  1101    759
  1102    759
  1103    759
  1104    759
  1105    759
  1112    759
  1113    759
  1114    759
  1115    759
  1116    759
  1117    759
  1118    759
  1074    760
  1075    760
  1076    760
  1077    760
  1078    760
  1079    760
  1080    760
  1081    760
  1082    760
  1083    760
  1084    760
  1085    760
  1092    760
  1093    760
  1094    760
  1095    760
  1096    760
  1097    760
  1098    760
  1099    760
  1100    760
  1101    760
  1102    760
  1110    760
  1111    760
  1112    760
  1113    760
  1114    760
  1115    760
  1116    760
  1117    760
  1071    761
  1072    761
  1073    761
  1074    761
  1075    761
  1076    761
  1077    761
  1078    761
  1079    761
  1080    761
  1081    761
  1082    761
  1090    761
  1091    761
  1092    761
  1093    761
  1094    761
  1095    761
  1096    761
  1097    761
  1098    761
  1099    761
  1100    761
  1107    761
  1108    761
  1109    761
  1110    761
  1111    761
  1112    761
  1113    761
  1114    761
  1115    761
  1116    761
  1117    761
  1118    761
  1068    762
  1069    762
  1070    762
  1071    762
  1072    762
  1073    762
  1074    762
  1075    762
  1076    762
  1077    762
  1078    762
  1079    762
  1087    762
  1088    762
  1089    762
  1090    762
  1091    762
  1094    762
  1095    762
  1096    762
  1097    762
  1104    762
  1105    762
  1106    762
  1107    762
  1108    762
  1109    762
  1110    762
  1111    762
  1112    762
  1113    762
  1114    762
  1115    762
  1065    763
  1066    763
  1067    763
  1068    763
  1069    763
  1070    763
  1071    763
  1072    763
  1073    763
  1074    763
  1075    763
  1076    763
  1085    763
  1086    763
  1087    763
  1088    763
  1089    763
  1090    763
  1091    763
  1092    763
  1093    763
  1094    763
  1095    763
  1103    763
  1104    763
  1105    763
  1106    763
  1107    763
  1108    763
  1109    763
  1110    763
  1111    763
  1112    763
  1113    763
  1062    764
  1063    764
  1064    764
  1065    764
  1066    764
  1067    764
  1068    764
  1069    764
  1070    764
  1071    764
  1072    764
  1073    764
  1074    764
  1083    764
  1084    764
  1085    764
  1086    764
  1087    764
  1088    764
  1089    764
  1090    764
  1091    764
  1092    764
  1093    764
  1100    764
  1101    764
  1102    764
  1103    764
  1104    764
  1105    764
  1106    764
  1107    764
  1108    764
  1109    764
  1110    764
  1060    765
  1061    765
  1062    765
  1063    765
  1064    765
  1065    765
  1066    765
  1067    765
  1068    765
  1069    765
  1070    765
  1071    765
  1080    765
  1081    765
  1082    765
  1083    765
  1084    765
  1085    765
  1086    765
  1087    765
  1088    765
  1089    765
  1090    765
  1098    765
  1099    765
  1100    765
  1101    765
  1102    765
  1103    765
  1104    765
  1105    765
  1106    765
  1107    765
  1108    765
  1109    765
  1057    766
  1058    766
  1059    766
  1060    766
  1061    766
  1062    766
  1063    766
  1064    766
  1065    766
  1066    766
  1067    766
  1068    766
  1069    766
  1078    766
  1079    766
  1080    766
  1081    766
  1082    766
  1083    766
  1084    766
  1085    766
  1086    766
  1087    766
  1088    766
  1089    766
  1096    766
  1097    766
  1098    766
  1099    766
  1100    766
  1101    766
  1102    766
  1103    766
  1104    766
  1105    766
  1106    766
  1107    766
  1055    767
  1056    767
  1057    767
  1058    767
  1059    767
  1060    767
  1061    767
  1062    767
  1063    767
  1064    767
  1065    767
  1066    767
  1076    767
  1077    767
  1078    767
  1079    767
  1080    767
  1081    767
  1082    767
  1083    767
  1084    767
  1085    767
  1086    767
  1094    767
  1095    767
  1096    767
  1097    767
  1098    767
  1099    767
  1100    767
  1101    767
  1102    767
  1103    767
  1104    767
  1052    768
  1053    768
  1054    768
  1055    768
  1056    768
  1057    768
  1058    768
  1059    768
  1060    768
  1061    768
  1062    768
  1063    768
  1064    768
  1073    768
  1074    768
  1075    768
  1076    768
  1077    768
  1078    768
  1079    768
  1080    768
  1081    768
  1082    768
  1083    768
  1091    768
  1092    768
  1093    768
  1094    768
  1095    768
  1096    768
  1097    768
  1098    768
  1099    768
  1100    768
  1101    768
  1102    768
  1103    768
  1050    769
  1051    769
  1052    769
  1053    769
  1054    769
  1055    769
  1056    769
  1057    769
  1058    769
  1059    769
  1060    769
  1061    769
  1062    769
  1071    769
  1072    769
  1073    769
  1074    769
  1075    769
  1076    769
  1077    769
  1078    769
  1080    769
  1081    769
  1089    769
  1090    769
  1091    769
  1092    769
  1093    769
  1094    769
  1095    769
  1096    769
  1097    769
  1098    769
  1099    769
  1100    769
  1101    769
  1048    770
  1049    770
  1050    770
  1051    770
  1052    770
  1053    770
  1054    770
  1055    770
  1056    770
  1057    770
  1058    770
  1059    770
  1069    770
  1070    770
  1071    770
  1072    770
  1073    770
  1074    770
  1075    770
  1087    770
  1088    770
  1089    770
  1090    770
  1091    770
  1092    770
  1093    770
  1094    770
  1095    770
  1096    770
  1097    770
  1098    770
  1099    770
  1045    771
  1046    771
  1047    771
  1048    771
  1049    771
  1050    771
  1051    771
  1052    771
  1053    771
  1054    771
  1055    771
  1056    771
  1057    771
  1067    771
  1068    771
  1069    771
  1070    771
  1071    771
  1072    771
  1073    771
  1074    771
  1086    771
  1087    771
  1088    771
  1089    771
  1090    771
  1091    771
  1092    771
  1093    771
  1094    771
  1095    771
  1096    771
  1097    771
  1043    772
  1044    772
  1045    772
  1046    772
  1047    772
  1048    772
  1049    772
  1050    772
  1051    772
  1052    772
  1053    772
  1054    772
  1055    772
  1064    772
  1065    772
  1066    772
  1067    772
  1068    772
  1069    772
  1070    772
  1071    772
  1072    772
  1073    772
  1074    772
  1083    772
  1084    772
  1085    772
  1086    772
  1087    772
  1088    772
  1089    772
  1090    772
  1091    772
  1092    772
  1093    772
  1094    772
  1095    772
  1045    773
  1046    773
  1047    773
  1048    773
  1049    773
  1050    773
  1051    773
  1052    773
  1053    773
  1062    773
  1063    773
  1064    773
  1065    773
  1066    773
  1067    773
  1068    773
  1069    773
  1070    773
  1071    773
  1072    773
  1073    773
  1087    773
  1088    773
  1089    773
  1090    773
  1091    773
  1092    773
  1093    773
  1060    774
  1061    774
  1062    774
  1063    774
  1064    774
  1065    774
  1066    774
  1067    774
  1068    774
  1069    774
  1070    774
  1071    774
  1091    774
  1059    775
  1060    775
  1061    775
  1062    775
  1063    775
  1064    775
  1065    775
  1066    775
  1067    775
  1068    775
  1069    775
  1057    776
  1058    776
  1059    776
  1060    776
  1061    776
  1062    776
  1063    776
  1064    776
  1065    776
  1066    776
  1067    776
  1068    776
  1054    777
  1055    777
  1056    777
  1057    777
  1058    777
  1059    777
  1060    777
  1061    777
  1062    777
  1063    777
  1064    777
  1065    777
  1053    778
  1054    778
  1055    778
  1056    778
  1057    778
  1058    778
  1059    778
  1060    778
  1061    778
  1062    778
  1063    778
  1064    778
  1051    779
  1052    779
  1053    779
  1054    779
  1055    779
  1056    779
  1057    779
  1058    779
  1059    779
  1049    780
  1050    780
  1051    780
  1052    780
  1053    780
  1054    780
  1055    780
  1056    780
  1057    780
  1058    780
  1059    780
  1060    780
  1047    781
  1048    781
  1049    781
  1050    781
  1051    781
  1052    781
  1053    781
  1054    781
  1055    781
  1056    781
  1057    781
  1058    781
  1068    781
  1069    781
  1070    781
  1071    781
  1072    781
  1073    781
  1074    781
  1075    781
  1076    781
  1046    782
  1047    782
  1048    782
  1049    782
  1050    782
  1051    782
  1052    782
  1053    782
  1054    782
  1055    782
  1056    782
  1066    782
  1067    782
  1068    782
  1069    782
  1070    782
  1071    782
  1072    782
  1073    782
  1074    782
  1075    782
  1044    783
  1045    783
  1046    783
  1047    783
  1048    783
  1049    783
  1050    783
  1051    783
  1052    783
  1053    783
  1054    783
  1055    783
  1065    783
  1066    783
  1067    783
  1068    783
  1069    783
  1070    783
  1071    783
  1072    783
  1073    783
  1074    783
  1075    783
  1076    783
  1077    783
  1042    784
  1043    784
  1044    784
  1045    784
  1046    784
  1047    784
  1048    784
  1049    784
  1050    784
  1051    784
  1052    784
  1053    784
  1063    784
  1064    784
  1065    784
  1066    784
  1067    784
  1068    784
  1069    784
  1070    784
  1071    784
  1072    784
  1073    784
  1074    784
  1075    784
  1076    784
  1040    785
  1041    785
  1042    785
  1043    785
  1044    785
  1045    785
  1046    785
  1047    785
  1048    785
  1050    785
  1051    785
  1062    785
  1063    785
  1064    785
  1065    785
  1066    785
  1067    785
  1068    785
  1069    785
  1070    785
  1071    785
  1072    785
  1073    785
  1074    785
  1039    786
  1040    786
  1041    786
  1042    786
  1043    786
  1044    786
  1045    786
  1046    786
  1047    786
  1048    786
  1060    786
  1061    786
  1062    786
  1063    786
  1064    786
  1065    786
  1066    786
  1067    786
  1068    786
  1069    786
  1070    786
  1071    786
  1072    786
  1073    786
  1038    787
  1039    787
  1040    787
  1041    787
  1042    787
  1043    787
  1044    787
  1045    787
  1046    787
  1047    787
  1048    787
  1059    787
  1060    787
  1061    787
  1062    787
  1063    787
  1064    787
  1065    787
  1066    787
  1067    787
  1068    787
  1069    787
  1070    787
  1071    787
  1072    787
  1035    788
  1036    788
  1037    788
  1038    788
  1039    788
  1040    788
  1041    788
  1042    788
  1043    788
  1044    788
  1045    788
  1046    788
  1047    788
  1057    788
  1058    788
  1059    788
  1060    788
  1061    788
  1062    788
  1063    788
  1064    788
  1065    788
  1066    788
  1067    788
  1068    788
  1069    788
  1070    788
  1034    789
  1035    789
  1036    789
  1037    789
  1038    789
  1039    789
  1040    789
  1041    789
  1042    789
  1043    789
  1044    789
  1045    789
  1056    789
  1057    789
  1058    789
  1059    789
  1060    789
  1061    789
  1062    789
  1063    789
  1064    789
  1065    789
  1066    789
  1067    789
  1068    789
  1032    790
  1033    790
  1034    790
  1035    790
  1036    790
  1037    790
  1038    790
  1039    790
  1040    790
  1041    790
  1042    790
  1043    790
  1055    790
  1056    790
  1057    790
  1058    790
  1059    790
  1060    790
  1061    790
  1062    790
  1063    790
  1064    790
  1065    790
  1066    790
  1067    790
  1031    791
  1032    791
  1033    791
  1034    791
  1035    791
  1036    791
  1037    791
  1038    791
  1039    791
  1040    791
  1041    791
  1042    791
  1054    791
  1055    791
  1056    791
  1057    791
  1058    791
  1059    791
  1060    791
  1061    791
  1062    791
  1063    791
  1064    791
  1065    791
  1066    791
  1067    791
  1029    792
  1030    792
  1031    792
  1032    792
  1033    792
  1034    792
  1035    792
  1036    792
  1037    792
  1038    792
  1039    792
  1040    792
  1041    792
  1052    792
  1053    792
  1054    792
  1055    792
  1056    792
  1057    792
  1058    792
  1059    792
  1060    792
  1061    792
  1062    792
  1063    792
  1064    792
  1065    792
  1066    792
