  1371    711
  1372    711
  1373    711
  1374    711
  1375    711
  1377    711
  1378    711
  1360    712
  1361    712
  1362    712
  1363    712
  1348    713
  1349    713
  1350    713
  1351    713
  1352    713
  1353    713
  1354    713
  1355    713
  1356    713
  1357    713
  1358    713
  1338    714
  1339    714
  1340    714
  1368    714
  1369    714
  1324    715
  1325    715
  1326    715
  1327    715
  1328    715
  1329    715
  1331    715
  1332    715
  1333    715
  1334    715
  1335    715
  1336    715
  1337    715
  1359    715
  1360    715
  1361    715
  1362    715
  1319    716
  1320    716
  1321    716
  1326    716
  1327    716
  1328    716
  1329    716
  1330    716
  1331    716
  1332    716
  1333    716
  1334    716
  1353    716
  1315    717
  1316    717
  1317    717
  1318    717
  1319    717
  1320    717
  1321    717
  1322    717
  1327    717
  1328    717
  1329    717
  1291    718
  1292    718
  1293    718
  1294    718
  1295    718
  1296    718
  1297    718
  1298    718
  1314    718
  1315    718
  1316    718
  1317    718
  1318    718
  1319    718
  1320    718
  1321    718
  1322    718
  1281    719
  1282    719
  1283    719
  1284    719
  1285    719
  1286    719
  1287    719
  1288    719
  1289    719
  1290    719
  1291    719
  1292    719
  1293    719
  1294    719
  1295    719
  1296    719
  1297    719
  1298    719
  1309    719
  1310    719
  1311    719
  1312    719
  1313    719
  1314    719
  1268    720
  1269    720
  1270    720
  1271    720
  1272    720
  1273    720
  1274    720
  1275    720
  1276    720
  1277    720
  1278    720
  1279    720
  1280    720
  1281    720
  1282    720
  1283    720
  1284    720
  1285    720
  1286    720
  1287    720
  1288    720
  1289    720
  1290    720
  1291    720
  1292    720
  1293    720
  1294    720
  1295    720
  1296    720
  1297    720
  1298    720
  1303    720
  1304    720
  1305    720
  1306    720
  1253    721
  1254    721
  1262    721
  1263    721
  1264    721
  1265    721
  1266    721
  1267    721
  1268    721
  1269    721
  1270    721
  1271    721
  1272    721
  1273    721
  1274    721
  1275    721
  1276    721
  1277    721
  1278    721
  1279    721
  1280    721
  1281    721
  1282    721
  1283    721
  1284    721
  1285    721
  1286    721
  1287    721
  1288    721
  1289    721
  1290    721
  1291    721
  1292    721
  1293    721
  1294    721
  1295    721
  1296    721
  1297    721
  1298    721
  1299    721
  1300    721
  1301    721
  1312    721
  1313    721
  1244    722
  1245    722
  1246    722
  1247    722
  1256    722
  1257    722
  1258    722
  1259    722
  1260    722
  1262    722
  1263    722
  1264    722
  1265    722
  1266    722
  1267    722
  1268    722
  1269    722
  1270    722
  1271    722
  1272    722
  1273    722
  1274    722
  1275    722
  1276    722
  1277    722
  1278    722
  1279    722
  1280    722
  1281    722
  1282    722
  1283    722
  1284    722
  1285    722
  1286    722
  1287    722
  1288    722
  1290    722
  1291    722
  1292    722
  1293    722
  1294    722
  1295    722
  1296    722
  1297    722
  1303    722
  1304    722
  1305    722
  1306    722
  1241    723
  1242    723
  1243    723
  1244    723
  1245    723
  1246    723
  1247    723
  1248    723
  1249    723
  1250    723
  1251    723
  1252    723
  1253    723
  1263    723
  1264    723
  1265    723
  1273    723
  1274    723
  1275    723
  1276    723
  1277    723
  1278    723
  1279    723
  1280    723
  1281    723
  1282    723
  1286    723
  1287    723
  1293    723
  1294    723
  1295    723
  1296    723
  1297    723
  1298    723
  1299    723
  1221    724
  1222    724
  1232    724
  1233    724
  1234    724
  1235    724
  1236    724
  1237    724
  1238    724
  1239    724
  1240    724
  1241    724
  1242    724
  1243    724
  1244    724
  1269    724
  1270    724
  1271    724
  1272    724
  1273    724
  1274    724
  1275    724
  1276    724
  1277    724
  1278    724
  1279    724
  1280    724
  1281    724
  1204    725
  1205    725
  1206    725
  1211    725
  1212    725
  1232    725
  1233    725
  1234    725
  1235    725
  1236    725
  1237    725
  1249    725
  1250    725
  1251    725
  1252    725
  1253    725
  1254    725
  1255    725
  1256    725
  1257    725
  1258    725
  1259    725
  1260    725
  1261    725
  1262    725
  1263    725
  1264    725
  1265    725
  1266    725
  1267    725
  1268    725
  1269    725
  1270    725
  1271    725
  1272    725
  1274    725
  1275    725
  1276    725
  1277    725
  1191    726
  1192    726
  1193    726
  1194    726
  1199    726
  1200    726
  1201    726
  1202    726
  1203    726
  1204    726
  1220    726
  1221    726
  1222    726
  1223    726
  1224    726
  1225    726
  1226    726
  1243    726
  1244    726
  1245    726
  1246    726
  1247    726
  1248    726
  1249    726
  1250    726
  1251    726
  1252    726
  1253    726
  1254    726
  1255    726
  1256    726
  1257    726
  1258    726
  1259    726
  1260    726
  1261    726
  1262    726
  1263    726
  1264    726
  1265    726
  1266    726
  1268    726
  1269    726
  1270    726
  1271    726
  1276    726
  1277    726
  1278    726
  1177    727
  1178    727
  1212    727
  1235    727
  1236    727
  1237    727
  1238    727
  1239    727
  1240    727
  1241    727
  1242    727
  1243    727
  1244    727
  1245    727
  1246    727
  1247    727
  1248    727
  1249    727
  1250    727
  1251    727
  1252    727
  1253    727
  1254    727
  1255    727
  1256    727
  1257    727
  1258    727
  1259    727
  1260    727
  1261    727
  1262    727
  1263    727
  1264    727
  1265    727
  1266    727
  1269    727
  1270    727
  1271    727
  1272    727
  1197    728
  1198    728
  1229    728
  1230    728
  1231    728
  1232    728
  1233    728
  1234    728
  1236    728
  1237    728
  1238    728
  1239    728
  1242    728
  1243    728
  1244    728
  1245    728
  1246    728
  1247    728
  1248    728
  1249    728
  1250    728
  1251    728
  1255    728
  1256    728
  1257    728
  1262    728
  1263    728
  1264    728
  1184    729
  1185    729
  1186    729
  1187    729
  1221    729
  1222    729
  1223    729
  1224    729
  1225    729
  1226    729
  1227    729
  1228    729
  1230    729
  1231    729
  1232    729
  1233    729
  1234    729
  1237    729
  1238    729
  1239    729
  1240    729
  1241    729
  1242    729
  1243    729
  1244    729
  1245    729
  1249    729
  1250    729
  1251    729
  1252    729
  1253    729
  1257    729
  1258    729
  1259    729
  1215    730
  1216    730
  1217    730
  1218    730
  1219    730
  1220    730
  1221    730
  1222    730
  1223    730
  1224    730
  1225    730
  1229    730
  1230    730
  1231    730
  1232    730
  1237    730
  1238    730
  1239    730
  1240    730
  1241    730
  1243    730
  1244    730
  1245    730
  1246    730
  1247    730
  1248    730
  1249    730
  1250    730
  1251    730
  1252    730
  1253    730
  1223    731
  1224    731
  1225    731
  1226    731
  1227    731
  1239    731
  1240    731
  1241    731
  1244    731
  1245    731
  1246    731
  1247    731
  1218    732
  1219    732
  1220    732
  1221    732
  1222    732
  1223    732
  1224    732
  1225    732
  1226    732
  1198    733
  1199    733
  1200    733
  1201    733
  1202    733
  1203    733
  1204    733
  1212    733
  1213    733
  1214    733
  1215    733
  1216    733
  1217    733
  1218    733
  1219    733
  1220    733
  1221    733
  1193    734
  1194    734
  1195    734
  1196    734
  1197    734
  1198    734
  1199    734
  1200    734
  1201    734
  1202    734
  1206    734
  1207    734
  1208    734
  1209    734
  1210    734
  1211    734
  1212    734
  1213    734
  1214    734
  1215    734
  1216    734
  1220    734
  1221    734
  1222    734
  1223    734
  1224    734
  1225    734
  1188    735
  1189    735
  1190    735
  1191    735
  1192    735
  1193    735
  1194    735
  1195    735
  1196    735
  1197    735
  1202    735
  1203    735
  1204    735
  1205    735
  1206    735
  1207    735
  1208    735
  1209    735
  1210    735
  1211    735
  1216    735
  1217    735
  1218    735
  1219    735
  1220    735
  1221    735
  1222    735
  1223    735
  1224    735
  1225    735
  1183    736
  1184    736
  1185    736
  1186    736
  1187    736
  1188    736
  1189    736
  1190    736
  1191    736
  1192    736
  1197    736
  1198    736
  1199    736
  1200    736
  1201    736
  1202    736
  1203    736
  1204    736
  1205    736
  1206    736
  1212    736
  1213    736
  1214    736
  1217    736
  1218    736
  1219    736
  1220    736
  1177    737
  1178    737
  1179    737
  1180    737
  1181    737
  1182    737
  1183    737
  1184    737
  1185    737
  1186    737
  1192    737
  1193    737
  1194    737
  1195    737
  1196    737
  1197    737
  1198    737
  1199    737
  1200    737
  1201    737
  1207    737
  1208    737
  1209    737
  1214    737
  1215    737
  1216    737
  1172    738
  1173    738
  1174    738
  1175    738
  1176    738
  1177    738
  1178    738
  1179    738
  1180    738
  1181    738
  1182    738
  1188    738
  1189    738
  1190    738
  1191    738
  1192    738
  1193    738
  1194    738
  1195    738
  1196    738
  1201    738
  1202    738
  1203    738
  1204    738
  1205    738
  1207    738
  1208    738
  1209    738
  1210    738
  1211    738
  1167    739
  1168    739
  1169    739
  1170    739
  1171    739
  1172    739
  1173    739
  1174    739
  1175    739
  1176    739
  1177    739
  1183    739
  1184    739
  1185    739
  1186    739
  1187    739
  1188    739
  1189    739
  1190    739
  1191    739
  1192    739
  1198    739
  1199    739
  1200    739
  1204    739
  1205    739
  1206    739
  1163    740
  1164    740
  1165    740
  1166    740
  1167    740
  1168    740
  1169    740
  1170    740
  1171    740
  1172    740
  1179    740
  1180    740
  1181    740
  1185    740
  1186    740
  1187    740
  1193    740
  1194    740
  1195    740
  1196    740
  1201    740
  1202    740
  1163    741
  1164    741
  1165    741
  1166    741
  1167    741
  1168    741
  1173    741
  1174    741
  1175    741
  1176    741
  1177    741
  1189    741
  1190    741
  1191    741
  1192    741
  1195    741
  1196    741
  1197    741
  1198    741
  1157    742
  1158    742
  1160    742
  1161    742
  1162    742
  1169    742
  1170    742
  1171    742
  1172    742
  1173    742
  1174    742
  1176    742
  1177    742
  1178    742
  1192    742
  1193    742
  1194    742
  1195    742
  1166    743
  1167    743
  1168    743
  1169    743
  1170    743
  1171    743
  1172    743
  1173    743
  1174    743
  1161    744
  1162    744
  1163    744
  1164    744
  1165    744
  1166    744
  1167    744
  1168    744
  1169    744
  1170    744
  1145    745
  1146    745
  1147    745
  1158    745
  1159    745
  1160    745
  1161    745
  1162    745
  1163    745
  1164    745
  1165    745
  1166    745
  1167    745
  1138    746
  1139    746
  1140    746
  1141    746
  1142    746
  1144    746
  1145    746
  1146    746
  1147    746
  1148    746
  1149    746
  1154    746
  1155    746
  1160    746
  1161    746
  1162    746
  1163    746
  1170    746
  1171    746
  1172    746
  1134    747
  1135    747
  1136    747
  1137    747
  1138    747
  1139    747
  1140    747
  1141    747
  1142    747
  1143    747
  1150    747
  1151    747
  1152    747
  1156    747
  1157    747
  1158    747
  1159    747
  1166    747
  1167    747
  1168    747
  1169    747
  1130    748
  1131    748
  1132    748
  1133    748
  1134    748
  1135    748
  1136    748
  1137    748
  1138    748
  1139    748
  1140    748
  1146    748
  1147    748
  1148    748
  1149    748
  1150    748
  1153    748
  1154    748
  1155    748
  1156    748
  1163    748
  1164    748
  1165    748
  1166    748
  1171    748
  1172    748
  1173    748
  1127    749
  1128    749
  1129    749
  1130    749
  1131    749
  1132    749
  1133    749
  1134    749
  1135    749
  1136    749
  1137    749
  1143    749
  1144    749
  1145    749
  1146    749
  1147    749
  1148    749
  1149    749
  1150    749
  1151    749
  1152    749
  1153    749
  1160    749
  1161    749
  1162    749
  1163    749
  1164    749
  1167    749
  1168    749
  1169    749
  1124    750
  1125    750
  1126    750
  1127    750
  1128    750
  1129    750
  1130    750
  1131    750
  1132    750
  1133    750
  1134    750
  1140    750
  1141    750
  1142    750
  1143    750
  1144    750
  1145    750
  1146    750
  1147    750
  1148    750
  1149    750
  1150    750
  1156    750
  1157    750
  1158    750
  1159    750
  1160    750
  1161    750
  1162    750
  1164    750
  1165    750
  1166    750
  1167    750
  1120    751
  1121    751
  1122    751
  1123    751
  1124    751
  1125    751
  1126    751
  1127    751
  1128    751
  1129    751
  1130    751
  1131    751
  1137    751
  1138    751
  1139    751
  1140    751
  1141    751
  1142    751
  1143    751
  1144    751
  1145    751
  1146    751
  1154    751
  1155    751
  1156    751
  1157    751
  1158    751
  1159    751
  1160    751
  1161    751
  1162    751
  1163    751
  1164    751
  1117    752
  1118    752
  1119    752
  1120    752
  1121    752
  1122    752
  1123    752
  1124    752
  1125    752
  1126    752
  1127    752
  1128    752
  1134    752
  1135    752
  1136    752
  1137    752
  1138    752
  1139    752
  1140    752
  1141    752
  1142    752
  1143    752
  1144    752
  1151    752
  1152    752
  1153    752
  1154    752
  1155    752
  1156    752
  1157    752
  1158    752
  1159    752
  1160    752
  1161    752
  1114    753
  1115    753
  1116    753
  1117    753
  1118    753
  1119    753
  1120    753
  1121    753
  1122    753
  1123    753
  1124    753
  1125    753
  1131    753
  1132    753
  1133    753
  1134    753
  1135    753
  1136    753
  1138    753
  1139    753
  1140    753
  1141    753
  1148    753
  1149    753
  1150    753
  1151    753
  1152    753
  1153    753
  1156    753
  1157    753
  1158    753
  1159    753
  1111    754
  1112    754
  1113    754
  1114    754
  1115    754
  1116    754
  1117    754
  1118    754
  1119    754
  1120    754
  1121    754
  1128    754
  1129    754
  1130    754
  1131    754
  1132    754
  1136    754
  1137    754
  1145    754
  1146    754
  1147    754
  1148    754
  1149    754
  1150    754
  1151    754
  1154    754
  1155    754
  1156    754
  1108    755
  1109    755
  1110    755
  1111    755
  1112    755
  1113    755
  1114    755
  1115    755
  1116    755
  1117    755
  1118    755
  1119    755
  1126    755
  1127    755
  1128    755
  1129    755
  1130    755
  1131    755
  1134    755
  1135    755
  1144    755
  1145    755
  1146    755
  1147    755
  1148    755
  1149    755
  1150    755
  1151    755
  1152    755
  1153    755
  1154    755
  1109    756
  1110    756
  1111    756
  1112    756
  1113    756
  1114    756
  1115    756
  1116    756
  1123    756
  1124    756
  1125    756
  1126    756
  1127    756
  1131    756
  1132    756
  1141    756
  1142    756
  1143    756
  1144    756
  1145    756
  1146    756
  1147    756
  1148    756
  1149    756
  1150    756
  1151    756
  1108    757
  1109    757
  1110    757
  1111    757
  1112    757
  1113    757
  1121    757
  1122    757
  1123    757
  1124    757
  1125    757
  1126    757
  1128    757
  1129    757
  1130    757
  1146    757
  1147    757
  1148    757
  1149    757
  1118    758
  1119    758
  1120    758
  1121    758
  1122    758
  1123    758
  1124    758
  1125    758
  1126    758
  1127    758
  1128    758
  1141    758
  1142    758
  1143    758
  1144    758
  1145    758
  1146    758
  1116    759
  1117    759
  1118    759
  1119    759
  1120    759
  1121    759
  1122    759
  1123    759
  1124    759
  1125    759
  1114    760
  1115    760
  1116    760
  1117    760
  1118    760
  1119    760
  1120    760
  1121    760
  1122    760
  1110    761
  1111    761
  1112    761
  1113    761
  1114    761
  1115    761
  1116    761
  1117    761
  1118    761
  1119    761
  1120    761
  1091    762
  1108    762
  1109    762
  1110    762
  1111    762
  1112    762
  1113    762
  1114    762
  1115    762
  1116    762
  1117    762
  1118    762
  1087    763
  1088    763
  1089    763
  1090    763
  1091    763
  1106    763
  1107    763
  1108    763
  1109    763
  1110    763
  1111    763
  1112    763
  1113    763
  1114    763
  1115    763
  1124    763
  1125    763
  1126    763
  1127    763
  1128    763
  1129    763
  1130    763
  1083    764
  1084    764
  1085    764
  1086    764
  1087    764
  1088    764
  1089    764
  1090    764
  1091    764
  1092    764
  1093    764
  1094    764
  1103    764
  1104    764
  1105    764
  1106    764
  1107    764
  1108    764
  1109    764
  1110    764
  1111    764
  1112    764
  1113    764
  1121    764
  1122    764
  1123    764
  1124    764
  1125    764
  1126    764
  1127    764
  1128    764
  1129    764
  1130    764
  1131    764
  1132    764
  1081    765
  1082    765
  1083    765
  1084    765
  1085    765
  1086    765
  1087    765
  1088    765
  1089    765
  1090    765
  1091    765
  1092    765
  1101    765
  1102    765
  1103    765
  1104    765
  1105    765
  1106    765
  1107    765
  1108    765
  1109    765
  1110    765
  1111    765
  1119    765
  1120    765
  1121    765
  1122    765
  1123    765
  1124    765
  1125    765
  1126    765
  1127    765
  1128    765
  1129    765
  1130    765
  1078    766
  1079    766
  1080    766
  1081    766
  1082    766
  1083    766
  1084    766
  1085    766
  1086    766
  1087    766
  1088    766
  1089    766
  1099    766
  1100    766
  1101    766
  1102    766
  1103    766
  1104    766
  1105    766
  1106    766
  1107    766
  1108    766
  1116    766
  1117    766
  1118    766
  1119    766
  1120    766
  1121    766
  1122    766
  1123    766
  1124    766
  1125    766
  1126    766
  1127    766
  1128    766
  1076    767
  1077    767
  1078    767
  1079    767
  1080    767
  1081    767
  1082    767
  1083    767
  1084    767
  1085    767
  1086    767
  1087    767
  1096    767
  1097    767
  1098    767
  1099    767
  1100    767
  1101    767
  1102    767
  1103    767
  1104    767
  1105    767
  1106    767
  1107    767
  1115    767
  1116    767
  1117    767
  1118    767
  1119    767
  1120    767
  1121    767
  1122    767
  1123    767
  1124    767
  1125    767
  1126    767
  1073    768
  1074    768
  1075    768
  1076    768
  1077    768
  1078    768
  1079    768
  1080    768
  1081    768
  1082    768
  1083    768
  1084    768
  1085    768
  1094    768
  1095    768
  1096    768
  1097    768
  1098    768
  1099    768
  1100    768
  1101    768
  1102    768
  1103    768
  1104    768
  1112    768
  1113    768
  1114    768
  1115    768
  1116    768
  1117    768
  1118    768
  1119    768
  1120    768
  1121    768
  1122    768
  1123    768
  1124    768
  1071    769
  1072    769
  1073    769
  1074    769
  1075    769
  1076    769
  1077    769
  1078    769
  1079    769
  1080    769
  1081    769
  1082    769
  1092    769
  1093    769
  1094    769
  1095    769
  1096    769
  1097    769
  1098    769
  1099    769
  1100    769
  1101    769
  1102    769
  1110    769
  1111    769
  1112    769
  1113    769
  1114    769
  1115    769
  1116    769
  1117    769
  1118    769
  1119    769
  1120    769
  1121    769
  1122    769
  1068    770
  1069    770
  1070    770
  1071    770
  1072    770
  1073    770
  1074    770
  1075    770
  1076    770
  1077    770
  1078    770
  1079    770
  1080    770
  1090    770
  1091    770
  1092    770
  1093    770
  1094    770
  1095    770
  1096    770
  1097    770
  1098    770
  1099    770
  1100    770
  1108    770
  1109    770
  1110    770
  1111    770
  1112    770
  1113    770
  1114    770
  1115    770
  1116    770
  1117    770
  1118    770
  1119    770
  1120    770
  1066    771
  1067    771
  1068    771
  1069    771
  1070    771
  1071    771
  1072    771
  1073    771
  1074    771
  1075    771
  1076    771
  1077    771
  1078    771
  1088    771
  1089    771
  1090    771
  1091    771
  1092    771
  1093    771
  1094    771
  1095    771
  1096    771
  1097    771
  1098    771
  1106    771
  1107    771
  1108    771
  1109    771
  1110    771
  1111    771
  1112    771
  1113    771
  1114    771
  1115    771
  1116    771
  1117    771
  1118    771
  1063    772
  1064    772
  1065    772
  1066    772
  1067    772
  1068    772
  1069    772
  1070    772
  1071    772
  1072    772
  1073    772
  1074    772
  1075    772
  1085    772
  1086    772
  1087    772
  1088    772
  1089    772
  1090    772
  1091    772
  1092    772
  1093    772
  1094    772
  1095    772
  1096    772
  1097    772
  1104    772
  1105    772
  1106    772
  1107    772
  1108    772
  1109    772
  1110    772
  1111    772
  1112    772
  1113    772
  1114    772
  1115    772
  1116    772
  1117    772
  1062    773
  1063    773
  1064    773
  1065    773
  1066    773
  1067    773
  1068    773
  1069    773
  1070    773
  1071    773
  1072    773
  1073    773
  1084    773
  1085    773
  1086    773
  1087    773
  1088    773
  1089    773
  1090    773
  1091    773
  1092    773
  1093    773
  1094    773
  1103    773
  1104    773
  1105    773
  1106    773
  1107    773
  1108    773
  1109    773
  1110    773
  1111    773
  1112    773
  1113    773
  1114    773
  1115    773
  1059    774
  1060    774
  1061    774
  1062    774
  1063    774
  1064    774
  1065    774
  1066    774
  1067    774
  1068    774
  1069    774
  1070    774
  1071    774
  1072    774
  1082    774
  1083    774
  1084    774
  1085    774
  1086    774
  1087    774
  1088    774
  1089    774
  1090    774
  1091    774
  1092    774
  1093    774
  1101    774
  1102    774
  1103    774
  1104    774
  1105    774
  1106    774
  1107    774
  1108    774
  1109    774
  1110    774
  1111    774
  1112    774
  1113    774
  1114    774
  1057    775
  1058    775
  1059    775
  1060    775
  1061    775
  1062    775
  1063    775
  1064    775
  1065    775
  1066    775
  1067    775
  1068    775
  1069    775
  1080    775
  1081    775
  1082    775
  1083    775
  1084    775
  1085    775
  1086    775
  1087    775
  1088    775
  1089    775
  1090    775
  1099    775
  1100    775
  1101    775
  1102    775
  1103    775
  1104    775
  1105    775
  1106    775
  1107    775
  1108    775
  1109    775
  1110    775
  1111    775
  1055    776
  1056    776
  1057    776
  1058    776
  1059    776
  1060    776
  1061    776
  1062    776
  1063    776
  1064    776
  1065    776
  1066    776
  1067    776
  1068    776
  1077    776
  1078    776
  1079    776
  1080    776
  1081    776
  1082    776
  1083    776
  1084    776
  1085    776
  1086    776
  1087    776
  1088    776
  1097    776
  1098    776
  1099    776
  1100    776
  1101    776
  1102    776
  1103    776
  1104    776
  1105    776
  1106    776
  1107    776
  1108    776
  1109    776
  1053    777
  1054    777
  1055    777
  1056    777
  1057    777
  1058    777
  1059    777
  1060    777
  1061    777
  1062    777
  1063    777
  1064    777
  1065    777
  1075    777
  1076    777
  1077    777
  1078    777
  1079    777
  1080    777
  1081    777
  1082    777
  1083    777
  1086    777
  1087    777
  1096    777
  1097    777
  1098    777
  1099    777
  1100    777
  1101    777
  1102    777
  1103    777
  1104    777
  1105    777
  1106    777
  1107    777
  1108    777
  1051    778
  1052    778
  1053    778
  1054    778
  1055    778
  1056    778
  1057    778
  1058    778
  1059    778
  1060    778
  1061    778
  1062    778
  1063    778
  1064    778
  1074    778
  1075    778
  1076    778
  1077    778
  1078    778
  1079    778
  1080    778
  1081    778
  1082    778
  1096    778
  1097    778
  1098    778
  1099    778
  1100    778
  1101    778
  1102    778
  1103    778
  1104    778
  1105    778
  1106    778
  1055    779
  1056    779
  1058    779
  1059    779
  1060    779
  1061    779
  1072    779
  1073    779
  1074    779
  1075    779
  1076    779
  1077    779
  1078    779
  1079    779
  1080    779
  1081    779
  1096    779
  1097    779
  1098    779
  1099    779
  1100    779
  1101    779
  1102    779
  1103    779
  1104    779
  1070    780
  1071    780
  1072    780
  1073    780
  1074    780
  1075    780
  1076    780
  1077    780
  1078    780
  1079    780
  1080    780
  1081    780
  1097    780
  1098    780
  1099    780
  1100    780
  1101    780
  1102    780
  1103    780
  1068    781
  1069    781
  1070    781
  1071    781
  1072    781
  1073    781
  1074    781
  1075    781
  1076    781
  1077    781
  1078    781
  1079    781
  1080    781
  1067    782
  1068    782
  1069    782
  1070    782
  1071    782
  1072    782
  1073    782
  1074    782
  1075    782
  1076    782
  1077    782
  1078    782
  1065    783
  1066    783
  1067    783
  1068    783
  1069    783
  1070    783
  1071    783
  1072    783
  1073    783
  1074    783
  1075    783
  1076    783
  1063    784
  1064    784
  1065    784
  1066    784
  1067    784
  1068    784
  1069    784
  1070    784
  1071    784
  1072    784
  1073    784
  1074    784
  1075    784
  1061    785
  1062    785
  1063    785
  1064    785
  1065    785
  1066    785
  1067    785
  1068    785
  1069    785
  1070    785
  1071    785
  1072    785
  1073    785
  1060    786
  1061    786
  1062    786
  1063    786
  1064    786
  1065    786
  1066    786
  1067    786
  1068    786
  1069    786
  1070    786
  1071    786
  1058    787
  1059    787
  1060    787
  1061    787
  1062    787
  1063    787
  1064    787
  1065    787
  1066    787
  1067    787
  1068    787
  1069    787
  1057    788
  1058    788
  1059    788
  1060    788
  1061    788
  1062    788
  1063    788
  1064    788
  1065    788
  1066    788
  1067    788
  1068    788
  1078    788
  1079    788
  1080    788
  1081    788
  1082    788
  1083    788
  1084    788
  1085    788
  1086    788
  1087    788
  1055    789
  1056    789
  1057    789
  1058    789
  1059    789
  1060    789
  1061    789
  1062    789
  1063    789
  1064    789
  1065    789
  1066    789
  1067    789
  1077    789
  1078    789
  1079    789
  1080    789
  1081    789
  1082    789
  1083    789
  1084    789
  1085    789
  1086    789
  1087    789
  1053    790
  1054    790
  1055    790
  1056    790
  1057    790
  1058    790
  1059    790
  1060    790
  1061    790
  1062    790
  1063    790
  1064    790
  1076    790
  1077    790
  1078    790
  1079    790
  1080    790
  1081    790
  1082    790
  1083    790
  1084    790
  1085    790
  1086    790
  1087    790
  1088    790
  1052    791
  1053    791
  1054    791
  1055    791
  1056    791
  1057    791
  1058    791
  1059    791
  1060    791
  1061    791
  1062    791
  1063    791
  1064    791
  1074    791
  1075    791
  1076    791
  1077    791
  1078    791
  1079    791
  1080    791
  1081    791
  1082    791
  1083    791
  1084    791
  1085    791
  1086    791
  1087    791
  1088    791
  1051    792
  1052    792
  1053    792
  1054    792
  1055    792
  1056    792
  1057    792
  1058    792
  1059    792
  1060    792
  1061    792
  1062    792
  1063    792
  1074    792
  1075    792
  1076    792
  1077    792
  1078    792
  1079    792
  1080    792
  1081    792
  1082    792
  1083    792
  1084    792
  1085    792
  1086    792
  1087    792
