  1243    721
  1244    721
  1245    721
  1246    721
  1247    721
  1248    721
  1245    722
  1246    722
  1247    722
  1248    722
  1249    722
  1250    722
  1229    723
  1230    723
  1231    723
  1232    723
  1233    723
  1234    723
  1235    723
  1238    723
  1239    723
  1206    724
  1207    724
  1208    724
  1209    724
  1210    724
  1211    724
  1212    724
  1217    724
  1219    724
  1220    724
  1221    724
  1222    724
  1223    724
  1230    724
  1231    724
  1232    724
  1233    724
  1234    724
  1235    724
  1236    724
  1190    725
  1191    725
  1192    725
  1193    725
  1194    725
  1195    725
  1196    725
  1199    725
  1200    725
  1201    725
  1202    725
  1203    725
  1204    725
  1217    725
  1218    725
  1220    725
  1221    725
  1222    725
  1223    725
  1224    725
  1225    725
  1240    725
  1241    725
  1242    725
  1243    725
  1244    725
  1245    725
  1246    725
  1247    725
  1248    725
  1176    726
  1177    726
  1178    726
  1179    726
  1180    726
  1181    726
  1182    726
  1183    726
  1184    726
  1185    726
  1186    726
  1187    726
  1188    726
  1189    726
  1190    726
  1199    726
  1200    726
  1201    726
  1202    726
  1208    726
  1209    726
  1210    726
  1211    726
  1233    726
  1234    726
  1235    726
  1236    726
  1237    726
  1238    726
  1239    726
  1246    726
  1247    726
  1161    727
  1162    727
  1163    727
  1164    727
  1177    727
  1178    727
  1179    727
  1180    727
  1193    727
  1194    727
  1195    727
  1226    727
  1227    727
  1228    727
  1230    727
  1231    727
  1232    727
  1233    727
  1234    727
  1239    727
  1240    727
  1243    727
  1244    727
  1245    727
  1182    728
  1183    728
  1184    728
  1185    728
  1186    728
  1216    728
  1217    728
  1218    728
  1219    728
  1220    728
  1221    728
  1225    728
  1226    728
  1227    728
  1228    728
  1210    729
  1211    729
  1212    729
  1213    729
  1214    729
  1215    729
  1216    729
  1217    729
  1218    729
  1219    729
  1220    729
  1211    730
  1212    730
  1213    730
  1214    730
  1219    730
  1220    730
  1221    730
  1214    731
  1215    731
  1216    731
  1217    731
  1218    731
  1219    731
  1220    731
  1194    732
  1195    732
  1196    732
  1212    732
  1213    732
  1214    732
  1215    732
  1188    733
  1189    733
  1190    733
  1191    733
  1192    733
  1193    733
  1194    733
  1195    733
  1196    733
  1197    733
  1202    733
  1203    733
  1204    733
  1182    734
  1183    734
  1184    734
  1185    734
  1186    734
  1187    734
  1188    734
  1189    734
  1190    734
  1191    734
  1192    734
  1193    734
  1198    734
  1199    734
  1201    734
  1202    734
  1203    734
  1204    734
  1205    734
  1212    734
  1213    734
  1214    734
  1177    735
  1178    735
  1179    735
  1180    735
  1181    735
  1182    735
  1183    735
  1184    735
  1185    735
  1186    735
  1192    735
  1193    735
  1194    735
  1195    735
  1196    735
  1197    735
  1198    735
  1199    735
  1172    736
  1173    736
  1174    736
  1175    736
  1176    736
  1177    736
  1178    736
  1179    736
  1180    736
  1181    736
  1187    736
  1188    736
  1189    736
  1190    736
  1191    736
  1192    736
  1193    736
  1194    736
  1195    736
  1166    737
  1167    737
  1168    737
  1169    737
  1170    737
  1171    737
  1172    737
  1173    737
  1174    737
  1175    737
  1176    737
  1182    737
  1183    737
  1184    737
  1185    737
  1186    737
  1187    737
  1188    737
  1189    737
  1190    737
  1197    737
  1198    737
  1161    738
  1162    738
  1163    738
  1164    738
  1165    738
  1166    738
  1167    738
  1168    738
  1169    738
  1170    738
  1171    738
  1177    738
  1178    738
  1179    738
  1180    738
  1181    738
  1182    738
  1183    738
  1184    738
  1185    738
  1186    738
  1192    738
  1193    738
  1194    738
  1155    739
  1156    739
  1157    739
  1158    739
  1159    739
  1160    739
  1161    739
  1162    739
  1163    739
  1164    739
  1165    739
  1166    739
  1172    739
  1173    739
  1174    739
  1178    739
  1179    739
  1180    739
  1187    739
  1188    739
  1189    739
  1152    740
  1153    740
  1156    740
  1157    740
  1158    740
  1159    740
  1160    740
  1161    740
  1167    740
  1168    740
  1169    740
  1170    740
  1184    740
  1156    741
  1157    741
  1163    741
  1164    741
  1165    741
  1166    741
  1167    741
  1168    741
  1169    741
  1170    741
  1171    741
  1172    741
  1173    741
  1159    742
  1160    742
  1161    742
  1162    742
  1163    742
  1164    742
  1165    742
  1166    742
  1167    742
  1155    743
  1156    743
  1157    743
  1158    743
  1159    743
  1160    743
  1161    743
  1162    743
  1163    743
  1164    743
  1135    744
  1136    744
  1137    744
  1138    744
  1139    744
  1140    744
  1142    744
  1143    744
  1151    744
  1152    744
  1153    744
  1156    744
  1157    744
  1158    744
  1159    744
  1160    744
  1131    745
  1132    745
  1133    745
  1134    745
  1135    745
  1139    745
  1140    745
  1141    745
  1147    745
  1148    745
  1149    745
  1154    745
  1155    745
  1156    745
  1163    745
  1164    745
  1165    745
  1166    745
  1127    746
  1128    746
  1129    746
  1130    746
  1131    746
  1132    746
  1133    746
  1134    746
  1135    746
  1136    746
  1137    746
  1143    746
  1144    746
  1145    746
  1146    746
  1147    746
  1148    746
  1150    746
  1151    746
  1152    746
  1153    746
  1160    746
  1161    746
  1162    746
  1163    746
  1124    747
  1125    747
  1126    747
  1127    747
  1128    747
  1129    747
  1130    747
  1131    747
  1132    747
  1133    747
  1134    747
  1140    747
  1141    747
  1142    747
  1143    747
  1144    747
  1145    747
  1146    747
  1147    747
  1148    747
  1149    747
  1156    747
  1157    747
  1158    747
  1159    747
  1120    748
  1121    748
  1122    748
  1123    748
  1124    748
  1125    748
  1126    748
  1127    748
  1128    748
  1129    748
  1130    748
  1137    748
  1138    748
  1139    748
  1140    748
  1142    748
  1143    748
  1144    748
  1145    748
  1146    748
  1153    748
  1154    748
  1155    748
  1117    749
  1118    749
  1119    749
  1120    749
  1121    749
  1122    749
  1123    749
  1124    749
  1125    749
  1126    749
  1127    749
  1133    749
  1134    749
  1135    749
  1136    749
  1137    749
  1138    749
  1139    749
  1140    749
  1141    749
  1142    749
  1143    749
  1150    749
  1151    749
  1152    749
  1157    749
  1158    749
  1159    749
  1114    750
  1115    750
  1116    750
  1117    750
  1118    750
  1119    750
  1120    750
  1121    750
  1122    750
  1123    750
  1124    750
  1131    750
  1132    750
  1133    750
  1134    750
  1138    750
  1139    750
  1140    750
  1147    750
  1148    750
  1149    750
  1150    750
  1151    750
  1110    751
  1111    751
  1112    751
  1113    751
  1114    751
  1115    751
  1116    751
  1117    751
  1118    751
  1119    751
  1120    751
  1121    751
  1127    751
  1128    751
  1129    751
  1130    751
  1131    751
  1134    751
  1135    751
  1136    751
  1145    751
  1146    751
  1147    751
  1148    751
  1149    751
  1107    752
  1108    752
  1109    752
  1110    752
  1111    752
  1112    752
  1113    752
  1114    752
  1115    752
  1116    752
  1117    752
  1118    752
  1124    752
  1125    752
  1126    752
  1127    752
  1128    752
  1132    752
  1133    752
  1141    752
  1142    752
  1143    752
  1144    752
  1104    753
  1105    753
  1106    753
  1107    753
  1108    753
  1109    753
  1110    753
  1111    753
  1112    753
  1113    753
  1114    753
  1115    753
  1122    753
  1123    753
  1124    753
  1125    753
  1126    753
  1129    753
  1130    753
  1139    753
  1140    753
  1141    753
  1143    753
  1144    753
  1145    753
  1101    754
  1102    754
  1103    754
  1107    754
  1108    754
  1109    754
  1110    754
  1111    754
  1112    754
  1118    754
  1119    754
  1120    754
  1121    754
  1122    754
  1123    754
  1127    754
  1128    754
  1137    754
  1138    754
  1139    754
  1140    754
  1141    754
  1142    754
  1102    755
  1103    755
  1104    755
  1105    755
  1106    755
  1107    755
  1108    755
  1109    755
  1116    755
  1117    755
  1118    755
  1119    755
  1124    755
  1125    755
  1114    756
  1115    756
  1116    756
  1117    756
  1122    756
  1111    757
  1112    757
  1113    757
  1114    757
  1115    757
  1117    757
  1118    757
  1119    757
  1120    757
  1109    758
  1110    758
  1111    758
  1112    758
  1113    758
  1114    758
  1115    758
  1116    758
  1117    758
  1105    759
  1106    759
  1107    759
  1108    759
  1109    759
  1110    759
  1111    759
  1112    759
  1113    759
  1114    759
  1115    759
  1086    760
  1087    760
  1088    760
  1089    760
  1090    760
  1102    760
  1103    760
  1104    760
  1105    760
  1110    760
  1111    760
  1112    760
  1082    761
  1083    761
  1084    761
  1085    761
  1086    761
  1087    761
  1091    761
  1092    761
  1093    761
  1100    761
  1101    761
  1102    761
  1103    761
  1108    761
  1109    761
  1110    761
  1119    761
  1120    761
  1078    762
  1079    762
  1080    762
  1081    762
  1082    762
  1083    762
  1084    762
  1085    762
  1086    762
  1087    762
  1088    762
  1089    762
  1090    762
  1097    762
  1098    762
  1099    762
  1100    762
  1101    762
  1102    762
  1106    762
  1107    762
  1116    762
  1117    762
  1118    762
  1076    763
  1077    763
  1078    763
  1079    763
  1080    763
  1081    763
  1082    763
  1083    763
  1084    763
  1085    763
  1086    763
  1095    763
  1096    763
  1097    763
  1098    763
  1099    763
  1100    763
  1101    763
  1102    763
  1103    763
  1104    763
  1105    763
  1114    763
  1115    763
  1073    764
  1074    764
  1075    764
  1076    764
  1077    764
  1078    764
  1079    764
  1080    764
  1081    764
  1082    764
  1083    764
  1084    764
  1093    764
  1094    764
  1095    764
  1098    764
  1099    764
  1100    764
  1101    764
  1102    764
  1111    764
  1112    764
  1113    764
  1070    765
  1071    765
  1072    765
  1073    765
  1074    765
  1075    765
  1076    765
  1077    765
  1078    765
  1079    765
  1080    765
  1081    765
  1082    765
  1090    765
  1091    765
  1092    765
  1093    765
  1094    765
  1098    765
  1099    765
  1100    765
  1101    765
  1110    765
  1111    765
  1067    766
  1068    766
  1069    766
  1070    766
  1071    766
  1072    766
  1073    766
  1074    766
  1075    766
  1076    766
  1077    766
  1078    766
  1079    766
  1088    766
  1089    766
  1090    766
  1091    766
  1092    766
  1093    766
  1094    766
  1095    766
  1096    766
  1097    766
  1098    766
  1065    767
  1066    767
  1067    767
  1068    767
  1069    767
  1070    767
  1071    767
  1072    767
  1073    767
  1074    767
  1075    767
  1076    767
  1077    767
  1086    767
  1087    767
  1088    767
  1089    767
  1090    767
  1091    767
  1092    767
  1093    767
  1094    767
  1095    767
  1062    768
  1063    768
  1064    768
  1065    768
  1066    768
  1067    768
  1068    768
  1069    768
  1070    768
  1071    768
  1072    768
  1073    768
  1074    768
  1084    768
  1085    768
  1086    768
  1087    768
  1088    768
  1089    768
  1090    768
  1091    768
  1092    768
  1093    768
  1094    768
  1060    769
  1061    769
  1062    769
  1063    769
  1064    769
  1065    769
  1066    769
  1067    769
  1068    769
  1069    769
  1070    769
  1071    769
  1072    769
  1081    769
  1082    769
  1083    769
  1084    769
  1085    769
  1086    769
  1087    769
  1088    769
  1089    769
  1090    769
  1091    769
  1092    769
  1058    770
  1059    770
  1060    770
  1061    770
  1062    770
  1063    770
  1064    770
  1065    770
  1066    770
  1067    770
  1068    770
  1069    770
  1079    770
  1080    770
  1081    770
  1082    770
  1083    770
  1084    770
  1085    770
  1086    770
  1087    770
  1088    770
  1089    770
  1090    770
  1055    771
  1056    771
  1057    771
  1058    771
  1059    771
  1060    771
  1061    771
  1062    771
  1063    771
  1064    771
  1065    771
  1066    771
  1067    771
  1077    771
  1078    771
  1079    771
  1080    771
  1081    771
  1082    771
  1083    771
  1084    771
  1085    771
  1086    771
  1087    771
  1053    772
  1054    772
  1055    772
  1056    772
  1057    772
  1058    772
  1059    772
  1060    772
  1061    772
  1062    772
  1063    772
  1064    772
  1065    772
  1075    772
  1076    772
  1077    772
  1078    772
  1079    772
  1080    772
  1081    772
  1082    772
  1083    772
  1084    772
  1085    772
  1051    773
  1052    773
  1053    773
  1054    773
  1055    773
  1056    773
  1057    773
  1058    773
  1059    773
  1060    773
  1061    773
  1062    773
  1063    773
  1073    773
  1074    773
  1075    773
  1076    773
  1077    773
  1078    773
  1079    773
  1080    773
  1081    773
  1049    774
  1050    774
  1051    774
  1052    774
  1053    774
  1054    774
  1055    774
  1056    774
  1057    774
  1058    774
  1059    774
  1060    774
  1061    774
  1071    774
  1072    774
  1073    774
  1074    774
  1075    774
  1076    774
  1077    774
  1078    774
  1079    774
  1080    774
  1047    775
  1048    775
  1049    775
  1050    775
  1051    775
  1052    775
  1053    775
  1054    775
  1055    775
  1056    775
  1057    775
  1058    775
  1059    775
  1069    775
  1070    775
  1071    775
  1072    775
  1073    775
  1074    775
  1075    775
  1076    775
  1077    775
  1078    775
  1079    775
  1050    776
  1051    776
  1052    776
  1053    776
  1054    776
  1055    776
  1056    776
  1057    776
  1068    776
  1069    776
  1070    776
  1071    776
  1072    776
  1073    776
  1074    776
  1075    776
  1076    776
  1066    777
  1067    777
  1068    777
  1069    777
  1070    777
  1071    777
  1064    778
  1065    778
  1066    778
  1067    778
  1068    778
  1063    779
  1064    779
  1065    779
  1066    779
  1067    779
