  1366    711
  1367    711
  1368    711
  1369    711
  1372    711
  1373    711
  1352    712
  1353    712
  1354    712
  1355    712
  1356    712
  1357    712
  1358    712
  1342    713
  1343    713
  1344    713
  1345    713
  1346    713
  1347    713
  1348    713
  1349    713
  1350    713
  1351    713
  1352    713
  1353    713
  1354    713
  1355    713
  1356    713
  1357    713
  1358    713
  1359    713
  1331    714
  1332    714
  1333    714
  1334    714
  1335    714
  1336    714
  1337    714
  1338    714
  1339    714
  1340    714
  1341    714
  1358    714
  1359    714
  1360    714
  1361    714
  1362    714
  1363    714
  1318    715
  1319    715
  1320    715
  1330    715
  1331    715
  1352    715
  1353    715
  1354    715
  1355    715
  1317    716
  1318    716
  1319    716
  1326    716
  1327    716
  1295    717
  1296    717
  1317    717
  1320    717
  1321    717
  1322    717
  1287    718
  1288    718
  1289    718
  1290    718
  1291    718
  1292    718
  1293    718
  1294    718
  1295    718
  1296    718
  1302    718
  1303    718
  1312    718
  1313    718
  1270    719
  1271    719
  1272    719
  1273    719
  1274    719
  1275    719
  1276    719
  1277    719
  1278    719
  1279    719
  1280    719
  1281    719
  1282    719
  1283    719
  1284    719
  1285    719
  1286    719
  1287    719
  1288    719
  1289    719
  1290    719
  1291    719
  1292    719
  1293    719
  1303    719
  1259    720
  1260    720
  1261    720
  1262    720
  1263    720
  1264    720
  1265    720
  1266    720
  1267    720
  1268    720
  1269    720
  1270    720
  1271    720
  1272    720
  1273    720
  1274    720
  1275    720
  1276    720
  1277    720
  1278    720
  1279    720
  1280    720
  1281    720
  1282    720
  1283    720
  1286    720
  1287    720
  1288    720
  1289    720
  1290    720
  1291    720
  1292    720
  1293    720
  1294    720
  1295    720
  1296    720
  1297    720
  1298    720
  1299    720
  1300    720
  1245    721
  1246    721
  1247    721
  1248    721
  1249    721
  1250    721
  1263    721
  1264    721
  1265    721
  1266    721
  1267    721
  1268    721
  1269    721
  1270    721
  1271    721
  1272    721
  1273    721
  1274    721
  1275    721
  1276    721
  1277    721
  1278    721
  1279    721
  1280    721
  1281    721
  1282    721
  1283    721
  1284    721
  1285    721
  1286    721
  1287    721
  1288    721
  1289    721
  1290    721
  1291    721
  1292    721
  1293    721
  1294    721
  1295    721
  1305    721
  1306    721
  1239    722
  1240    722
  1241    722
  1242    722
  1243    722
  1244    722
  1245    722
  1246    722
  1247    722
  1248    722
  1249    722
  1250    722
  1251    722
  1252    722
  1253    722
  1254    722
  1255    722
  1256    722
  1257    722
  1258    722
  1259    722
  1260    722
  1261    722
  1262    722
  1263    722
  1264    722
  1265    722
  1266    722
  1267    722
  1268    722
  1269    722
  1270    722
  1271    722
  1272    722
  1273    722
  1274    722
  1275    722
  1276    722
  1279    722
  1280    722
  1281    722
  1282    722
  1283    722
  1284    722
  1285    722
  1286    722
  1287    722
  1288    722
  1289    722
  1290    722
  1291    722
  1232    723
  1233    723
  1234    723
  1235    723
  1236    723
  1237    723
  1238    723
  1239    723
  1240    723
  1241    723
  1242    723
  1243    723
  1244    723
  1270    723
  1271    723
  1272    723
  1273    723
  1274    723
  1275    723
  1276    723
  1277    723
  1278    723
  1279    723
  1280    723
  1212    724
  1213    724
  1214    724
  1215    724
  1216    724
  1220    724
  1221    724
  1222    724
  1223    724
  1224    724
  1225    724
  1226    724
  1231    724
  1232    724
  1233    724
  1234    724
  1235    724
  1236    724
  1237    724
  1238    724
  1239    724
  1250    724
  1251    724
  1252    724
  1253    724
  1254    724
  1255    724
  1256    724
  1262    724
  1263    724
  1264    724
  1265    724
  1266    724
  1267    724
  1268    724
  1269    724
  1270    724
  1271    724
  1272    724
  1273    724
  1274    724
  1275    724
  1276    724
  1277    724
  1195    725
  1196    725
  1197    725
  1198    725
  1199    725
  1200    725
  1201    725
  1202    725
  1203    725
  1204    725
  1205    725
  1206    725
  1207    725
  1208    725
  1209    725
  1210    725
  1211    725
  1212    725
  1223    725
  1224    725
  1225    725
  1226    725
  1227    725
  1228    725
  1229    725
  1243    725
  1244    725
  1245    725
  1246    725
  1247    725
  1248    725
  1249    725
  1250    725
  1251    725
  1252    725
  1253    725
  1254    725
  1255    725
  1256    725
  1257    725
  1258    725
  1261    725
  1262    725
  1263    725
  1264    725
  1267    725
  1268    725
  1269    725
  1270    725
  1271    725
  1272    725
  1179    726
  1180    726
  1181    726
  1182    726
  1183    726
  1184    726
  1185    726
  1186    726
  1187    726
  1188    726
  1189    726
  1191    726
  1192    726
  1193    726
  1194    726
  1195    726
  1196    726
  1197    726
  1198    726
  1199    726
  1200    726
  1201    726
  1209    726
  1210    726
  1211    726
  1212    726
  1213    726
  1214    726
  1235    726
  1236    726
  1237    726
  1238    726
  1239    726
  1240    726
  1241    726
  1242    726
  1243    726
  1244    726
  1245    726
  1246    726
  1247    726
  1248    726
  1249    726
  1250    726
  1251    726
  1252    726
  1253    726
  1254    726
  1255    726
  1256    726
  1257    726
  1258    726
  1259    726
  1260    726
  1261    726
  1262    726
  1269    726
  1270    726
  1271    726
  1272    726
  1199    727
  1200    727
  1201    727
  1202    727
  1228    727
  1229    727
  1230    727
  1231    727
  1232    727
  1233    727
  1234    727
  1235    727
  1236    727
  1237    727
  1238    727
  1240    727
  1241    727
  1242    727
  1243    727
  1244    727
  1245    727
  1246    727
  1247    727
  1248    727
  1249    727
  1253    727
  1254    727
  1255    727
  1256    727
  1257    727
  1261    727
  1262    727
  1263    727
  1264    727
  1265    727
  1185    728
  1186    728
  1187    728
  1188    728
  1189    728
  1190    728
  1222    728
  1223    728
  1224    728
  1225    728
  1226    728
  1227    728
  1228    728
  1229    728
  1230    728
  1231    728
  1232    728
  1235    728
  1236    728
  1237    728
  1238    728
  1239    728
  1240    728
  1241    728
  1242    728
  1243    728
  1248    728
  1249    728
  1250    728
  1251    728
  1252    728
  1253    728
  1255    728
  1256    728
  1257    728
  1173    729
  1174    729
  1214    729
  1215    729
  1216    729
  1217    729
  1220    729
  1221    729
  1222    729
  1223    729
  1224    729
  1225    729
  1226    729
  1228    729
  1229    729
  1230    729
  1231    729
  1232    729
  1233    729
  1234    729
  1235    729
  1236    729
  1237    729
  1238    729
  1239    729
  1240    729
  1241    729
  1242    729
  1243    729
  1244    729
  1248    729
  1249    729
  1250    729
  1251    729
  1212    730
  1213    730
  1214    730
  1215    730
  1216    730
  1217    730
  1221    730
  1222    730
  1223    730
  1224    730
  1225    730
  1229    730
  1230    730
  1231    730
  1235    730
  1236    730
  1237    730
  1238    730
  1240    730
  1241    730
  1242    730
  1243    730
  1244    730
  1245    730
  1216    731
  1217    731
  1218    731
  1219    731
  1220    731
  1223    731
  1224    731
  1210    732
  1211    732
  1212    732
  1213    732
  1214    732
  1215    732
  1216    732
  1217    732
  1218    732
  1190    733
  1191    733
  1192    733
  1193    733
  1194    733
  1195    733
  1198    733
  1199    733
  1200    733
  1204    733
  1205    733
  1206    733
  1207    733
  1210    733
  1211    733
  1212    733
  1213    733
  1214    733
  1218    733
  1219    733
  1220    733
  1221    733
  1185    734
  1186    734
  1187    734
  1188    734
  1189    734
  1190    734
  1191    734
  1192    734
  1193    734
  1194    734
  1200    734
  1201    734
  1202    734
  1203    734
  1204    734
  1205    734
  1206    734
  1207    734
  1208    734
  1213    734
  1214    734
  1215    734
  1216    734
  1217    734
  1218    734
  1221    734
  1222    734
  1181    735
  1182    735
  1183    735
  1184    735
  1185    735
  1186    735
  1187    735
  1188    735
  1189    735
  1190    735
  1195    735
  1196    735
  1197    735
  1198    735
  1199    735
  1200    735
  1201    735
  1202    735
  1203    735
  1208    735
  1209    735
  1210    735
  1211    735
  1212    735
  1213    735
  1214    735
  1215    735
  1216    735
  1217    735
  1218    735
  1174    736
  1175    736
  1176    736
  1177    736
  1178    736
  1179    736
  1180    736
  1181    736
  1182    736
  1183    736
  1184    736
  1190    736
  1191    736
  1192    736
  1193    736
  1194    736
  1195    736
  1196    736
  1197    736
  1198    736
  1204    736
  1205    736
  1206    736
  1211    736
  1212    736
  1170    737
  1171    737
  1172    737
  1173    737
  1174    737
  1175    737
  1176    737
  1177    737
  1178    737
  1185    737
  1186    737
  1187    737
  1188    737
  1189    737
  1190    737
  1191    737
  1192    737
  1193    737
  1199    737
  1200    737
  1201    737
  1202    737
  1206    737
  1207    737
  1208    737
  1164    738
  1165    738
  1166    738
  1167    738
  1168    738
  1169    738
  1170    738
  1171    738
  1172    738
  1173    738
  1174    738
  1180    738
  1181    738
  1182    738
  1183    738
  1184    738
  1185    738
  1186    738
  1187    738
  1188    738
  1194    738
  1195    738
  1196    738
  1197    738
  1198    738
  1201    738
  1202    738
  1203    738
  1158    739
  1159    739
  1160    739
  1161    739
  1162    739
  1163    739
  1164    739
  1165    739
  1166    739
  1167    739
  1168    739
  1169    739
  1175    739
  1176    739
  1177    739
  1178    739
  1181    739
  1182    739
  1183    739
  1184    739
  1190    739
  1191    739
  1192    739
  1193    739
  1194    739
  1195    739
  1196    739
  1197    739
  1198    739
  1153    740
  1154    740
  1155    740
  1156    740
  1157    740
  1158    740
  1159    740
  1160    740
  1161    740
  1162    740
  1163    740
  1164    740
  1171    740
  1172    740
  1173    740
  1178    740
  1179    740
  1186    740
  1187    740
  1188    740
  1189    740
  1191    740
  1192    740
  1193    740
  1194    740
  1195    740
  1153    741
  1154    741
  1155    741
  1156    741
  1157    741
  1158    741
  1159    741
  1160    741
  1166    741
  1167    741
  1168    741
  1169    741
  1170    741
  1171    741
  1173    741
  1174    741
  1175    741
  1189    741
  1190    741
  1191    741
  1161    742
  1162    742
  1163    742
  1164    742
  1165    742
  1166    742
  1167    742
  1168    742
  1169    742
  1170    742
  1171    742
  1158    743
  1159    743
  1160    743
  1161    743
  1162    743
  1163    743
  1164    743
  1165    743
  1166    743
  1139    744
  1140    744
  1141    744
  1142    744
  1154    744
  1155    744
  1156    744
  1157    744
  1158    744
  1159    744
  1160    744
  1161    744
  1162    744
  1135    745
  1136    745
  1137    745
  1138    745
  1140    745
  1142    745
  1143    745
  1144    745
  1150    745
  1151    745
  1152    745
  1153    745
  1154    745
  1155    745
  1156    745
  1157    745
  1158    745
  1159    745
  1166    745
  1167    745
  1168    745
  1169    745
  1131    746
  1132    746
  1133    746
  1134    746
  1135    746
  1136    746
  1137    746
  1138    746
  1139    746
  1140    746
  1146    746
  1147    746
  1148    746
  1149    746
  1152    746
  1153    746
  1154    746
  1155    746
  1162    746
  1163    746
  1164    746
  1165    746
  1166    746
  1126    747
  1127    747
  1128    747
  1129    747
  1130    747
  1131    747
  1132    747
  1133    747
  1134    747
  1135    747
  1136    747
  1137    747
  1143    747
  1144    747
  1145    747
  1146    747
  1148    747
  1149    747
  1150    747
  1151    747
  1152    747
  1159    747
  1160    747
  1161    747
  1162    747
  1166    747
  1167    747
  1168    747
  1123    748
  1124    748
  1125    748
  1126    748
  1127    748
  1128    748
  1129    748
  1130    748
  1131    748
  1132    748
  1133    748
  1134    748
  1140    748
  1141    748
  1142    748
  1143    748
  1145    748
  1146    748
  1147    748
  1148    748
  1149    748
  1156    748
  1157    748
  1158    748
  1159    748
  1163    748
  1164    748
  1165    748
  1120    749
  1121    749
  1122    749
  1123    749
  1124    749
  1125    749
  1126    749
  1127    749
  1128    749
  1129    749
  1130    749
  1137    749
  1138    749
  1139    749
  1140    749
  1141    749
  1142    749
  1143    749
  1144    749
  1145    749
  1146    749
  1153    749
  1154    749
  1155    749
  1156    749
  1157    749
  1160    749
  1161    749
  1162    749
  1116    750
  1117    750
  1118    750
  1119    750
  1120    750
  1121    750
  1122    750
  1123    750
  1124    750
  1125    750
  1126    750
  1133    750
  1134    750
  1135    750
  1136    750
  1137    750
  1138    750
  1139    750
  1140    750
  1141    750
  1142    750
  1149    750
  1150    750
  1151    750
  1152    750
  1153    750
  1154    750
  1155    750
  1157    750
  1158    750
  1159    750
  1113    751
  1114    751
  1115    751
  1116    751
  1117    751
  1118    751
  1119    751
  1120    751
  1121    751
  1122    751
  1123    751
  1124    751
  1130    751
  1131    751
  1132    751
  1133    751
  1134    751
  1135    751
  1136    751
  1137    751
  1138    751
  1139    751
  1140    751
  1147    751
  1148    751
  1149    751
  1150    751
  1151    751
  1154    751
  1155    751
  1156    751
  1110    752
  1111    752
  1112    752
  1113    752
  1114    752
  1115    752
  1116    752
  1117    752
  1118    752
  1119    752
  1120    752
  1127    752
  1128    752
  1129    752
  1130    752
  1131    752
  1134    752
  1135    752
  1136    752
  1144    752
  1145    752
  1146    752
  1147    752
  1148    752
  1149    752
  1150    752
  1153    752
  1154    752
  1107    753
  1108    753
  1109    753
  1110    753
  1111    753
  1112    753
  1113    753
  1114    753
  1115    753
  1116    753
  1117    753
  1118    753
  1124    753
  1125    753
  1126    753
  1127    753
  1128    753
  1129    753
  1131    753
  1132    753
  1133    753
  1141    753
  1142    753
  1143    753
  1144    753
  1145    753
  1146    753
  1147    753
  1149    753
  1150    753
  1151    753
  1104    754
  1105    754
  1106    754
  1107    754
  1108    754
  1109    754
  1110    754
  1111    754
  1112    754
  1113    754
  1114    754
  1115    754
  1122    754
  1123    754
  1124    754
  1125    754
  1126    754
  1129    754
  1130    754
  1131    754
  1139    754
  1140    754
  1141    754
  1142    754
  1143    754
  1144    754
  1145    754
  1146    754
  1147    754
  1148    754
  1149    754
  1107    755
  1108    755
  1109    755
  1110    755
  1111    755
  1119    755
  1120    755
  1121    755
  1122    755
  1123    755
  1126    755
  1127    755
  1128    755
  1137    755
  1138    755
  1143    755
  1144    755
  1145    755
  1146    755
  1116    756
  1117    756
  1118    756
  1119    756
  1120    756
  1123    756
  1124    756
  1125    756
  1142    756
  1143    756
  1144    756
  1113    757
  1114    757
  1115    757
  1116    757
  1117    757
  1118    757
  1119    757
  1120    757
  1121    757
  1122    757
  1123    757
  1112    758
  1113    758
  1114    758
  1115    758
  1116    758
  1117    758
  1118    758
  1119    758
  1120    758
  1109    759
  1110    759
  1111    759
  1112    759
  1113    759
  1114    759
  1115    759
  1116    759
  1117    759
  1106    760
  1107    760
  1108    760
  1109    760
  1110    760
  1111    760
  1112    760
  1113    760
  1114    760
  1115    760
  1116    760
  1085    761
  1086    761
  1087    761
  1088    761
  1089    761
  1094    761
  1103    761
  1104    761
  1105    761
  1106    761
  1107    761
  1108    761
  1109    761
  1110    761
  1111    761
  1112    761
  1113    761
  1121    761
  1122    761
  1123    761
  1124    761
  1125    761
  1126    761
  1127    761
  1082    762
  1083    762
  1084    762
  1085    762
  1086    762
  1087    762
  1090    762
  1091    762
  1092    762
  1093    762
  1101    762
  1102    762
  1103    762
  1104    762
  1105    762
  1106    762
  1107    762
  1108    762
  1109    762
  1110    762
  1118    762
  1119    762
  1120    762
  1121    762
  1122    762
  1123    762
  1124    762
  1125    762
  1079    763
  1080    763
  1081    763
  1082    763
  1083    763
  1084    763
  1085    763
  1086    763
  1087    763
  1088    763
  1089    763
  1098    763
  1099    763
  1100    763
  1101    763
  1102    763
  1103    763
  1104    763
  1105    763
  1106    763
  1107    763
  1108    763
  1116    763
  1117    763
  1118    763
  1119    763
  1120    763
  1121    763
  1122    763
  1123    763
  1124    763
  1125    763
  1126    763
  1127    763
  1076    764
  1077    764
  1078    764
  1079    764
  1080    764
  1081    764
  1082    764
  1083    764
  1084    764
  1085    764
  1086    764
  1087    764
  1096    764
  1097    764
  1098    764
  1099    764
  1100    764
  1101    764
  1102    764
  1103    764
  1104    764
  1105    764
  1106    764
  1114    764
  1115    764
  1116    764
  1117    764
  1118    764
  1119    764
  1120    764
  1121    764
  1122    764
  1123    764
  1124    764
  1125    764
  1074    765
  1075    765
  1076    765
  1077    765
  1078    765
  1079    765
  1080    765
  1081    765
  1082    765
  1083    765
  1084    765
  1094    765
  1095    765
  1096    765
  1097    765
  1098    765
  1099    765
  1100    765
  1101    765
  1102    765
  1103    765
  1111    765
  1112    765
  1113    765
  1114    765
  1115    765
  1116    765
  1117    765
  1118    765
  1119    765
  1120    765
  1121    765
  1122    765
  1123    765
  1070    766
  1071    766
  1072    766
  1073    766
  1074    766
  1075    766
  1076    766
  1077    766
  1078    766
  1079    766
  1080    766
  1081    766
  1082    766
  1091    766
  1092    766
  1093    766
  1094    766
  1095    766
  1096    766
  1097    766
  1098    766
  1099    766
  1100    766
  1101    766
  1109    766
  1110    766
  1111    766
  1112    766
  1113    766
  1114    766
  1115    766
  1116    766
  1117    766
  1118    766
  1119    766
  1120    766
  1068    767
  1069    767
  1070    767
  1071    767
  1072    767
  1073    767
  1074    767
  1075    767
  1076    767
  1077    767
  1078    767
  1079    767
  1089    767
  1090    767
  1091    767
  1092    767
  1093    767
  1094    767
  1095    767
  1096    767
  1097    767
  1098    767
  1099    767
  1100    767
  1107    767
  1108    767
  1109    767
  1110    767
  1111    767
  1112    767
  1113    767
  1114    767
  1115    767
  1116    767
  1117    767
  1118    767
  1065    768
  1066    768
  1067    768
  1068    768
  1069    768
  1070    768
  1071    768
  1072    768
  1073    768
  1074    768
  1075    768
  1076    768
  1077    768
  1087    768
  1088    768
  1089    768
  1090    768
  1091    768
  1092    768
  1093    768
  1094    768
  1095    768
  1096    768
  1097    768
  1105    768
  1106    768
  1107    768
  1108    768
  1109    768
  1110    768
  1111    768
  1112    768
  1113    768
  1115    768
  1116    768
  1063    769
  1064    769
  1065    769
  1066    769
  1067    769
  1068    769
  1069    769
  1070    769
  1071    769
  1072    769
  1073    769
  1074    769
  1084    769
  1085    769
  1086    769
  1087    769
  1088    769
  1089    769
  1090    769
  1091    769
  1092    769
  1093    769
  1094    769
  1095    769
  1102    769
  1103    769
  1104    769
  1105    769
  1106    769
  1107    769
  1108    769
  1109    769
  1110    769
  1111    769
  1112    769
  1113    769
  1114    769
  1061    770
  1062    770
  1063    770
  1064    770
  1065    770
  1066    770
  1067    770
  1068    770
  1069    770
  1070    770
  1071    770
  1072    770
  1083    770
  1084    770
  1085    770
  1086    770
  1087    770
  1088    770
  1089    770
  1090    770
  1091    770
  1092    770
  1093    770
  1101    770
  1102    770
  1103    770
  1104    770
  1105    770
  1106    770
  1107    770
  1108    770
  1109    770
  1110    770
  1111    770
  1112    770
  1059    771
  1060    771
  1061    771
  1062    771
  1063    771
  1064    771
  1065    771
  1066    771
  1067    771
  1068    771
  1069    771
  1070    771
  1080    771
  1081    771
  1082    771
  1083    771
  1084    771
  1085    771
  1086    771
  1087    771
  1088    771
  1089    771
  1090    771
  1091    771
  1099    771
  1100    771
  1101    771
  1102    771
  1103    771
  1104    771
  1105    771
  1106    771
  1107    771
  1108    771
  1109    771
  1110    771
  1111    771
  1056    772
  1057    772
  1058    772
  1059    772
  1060    772
  1061    772
  1062    772
  1063    772
  1064    772
  1065    772
  1066    772
  1067    772
  1068    772
  1078    772
  1079    772
  1080    772
  1081    772
  1082    772
  1083    772
  1084    772
  1085    772
  1086    772
  1087    772
  1088    772
  1089    772
  1097    772
  1098    772
  1099    772
  1100    772
  1101    772
  1102    772
  1103    772
  1104    772
  1105    772
  1106    772
  1107    772
  1108    772
  1109    772
  1054    773
  1055    773
  1056    773
  1057    773
  1058    773
  1059    773
  1060    773
  1061    773
  1062    773
  1063    773
  1064    773
  1065    773
  1066    773
  1076    773
  1077    773
  1078    773
  1079    773
  1080    773
  1081    773
  1082    773
  1083    773
  1084    773
  1085    773
  1086    773
  1087    773
  1095    773
  1096    773
  1097    773
  1098    773
  1099    773
  1100    773
  1101    773
  1102    773
  1103    773
  1104    773
  1105    773
  1106    773
  1107    773
  1052    774
  1053    774
  1054    774
  1055    774
  1056    774
  1057    774
  1058    774
  1059    774
  1060    774
  1061    774
  1062    774
  1063    774
  1064    774
  1074    774
  1075    774
  1076    774
  1077    774
  1078    774
  1079    774
  1080    774
  1081    774
  1084    774
  1085    774
  1094    774
  1095    774
  1096    774
  1097    774
  1098    774
  1099    774
  1100    774
  1101    774
  1102    774
  1103    774
  1104    774
  1105    774
  1106    774
  1050    775
  1051    775
  1052    775
  1053    775
  1054    775
  1055    775
  1056    775
  1057    775
  1058    775
  1059    775
  1060    775
  1061    775
  1062    775
  1072    775
  1073    775
  1074    775
  1075    775
  1076    775
  1077    775
  1078    775
  1079    775
  1080    775
  1082    775
  1083    775
  1092    775
  1093    775
  1094    775
  1095    775
  1096    775
  1097    775
  1098    775
  1099    775
  1100    775
  1101    775
  1102    775
  1103    775
  1051    776
  1052    776
  1053    776
  1054    776
  1055    776
  1056    776
  1057    776
  1058    776
  1059    776
  1060    776
  1064    776
  1065    776
  1070    776
  1071    776
  1072    776
  1073    776
  1074    776
  1075    776
  1076    776
  1077    776
  1078    776
  1079    776
  1080    776
  1081    776
  1090    776
  1091    776
  1092    776
  1093    776
  1094    776
  1095    776
  1096    776
  1097    776
  1098    776
  1099    776
  1100    776
  1101    776
  1102    776
  1050    777
  1051    777
  1052    777
  1053    777
  1054    777
  1055    777
  1056    777
  1057    777
  1058    777
  1068    777
  1069    777
  1070    777
  1071    777
  1072    777
  1073    777
  1074    777
  1075    777
  1076    777
  1077    777
  1078    777
  1079    777
  1093    777
  1094    777
  1095    777
  1096    777
  1097    777
  1098    777
  1099    777
  1100    777
  1066    778
  1067    778
  1068    778
  1069    778
  1070    778
  1071    778
  1072    778
  1073    778
  1074    778
  1075    778
  1076    778
  1077    778
  1093    778
  1094    778
  1095    778
  1096    778
  1097    778
  1098    778
  1065    779
  1066    779
  1067    779
  1068    779
  1069    779
  1070    779
  1071    779
  1072    779
  1073    779
  1074    779
  1075    779
  1063    780
  1064    780
  1065    780
  1066    780
  1067    780
  1068    780
  1069    780
  1070    780
  1071    780
  1072    780
  1073    780
  1074    780
  1061    781
  1062    781
  1063    781
  1064    781
  1065    781
  1066    781
  1067    781
  1068    781
  1069    781
  1070    781
  1071    781
  1072    781
  1059    782
  1060    782
  1061    782
  1062    782
  1063    782
  1064    782
  1065    782
  1066    782
  1067    782
  1068    782
  1069    782
  1070    782
  1057    783
  1058    783
  1059    783
  1060    783
  1061    783
  1062    783
  1063    783
  1064    783
  1065    783
  1066    783
  1067    783
  1068    783
  1069    783
  1056    784
  1057    784
  1058    784
  1059    784
  1060    784
  1061    784
  1062    784
  1063    784
  1064    784
  1065    784
  1066    784
  1054    785
  1055    785
  1056    785
  1057    785
  1058    785
  1059    785
  1060    785
  1061    785
  1062    785
  1063    785
  1064    785
  1065    785
  1076    785
  1077    785
  1078    785
  1079    785
  1080    785
  1081    785
  1082    785
  1083    785
  1084    785
  1052    786
  1053    786
  1054    786
  1055    786
  1056    786
  1057    786
  1058    786
  1059    786
  1060    786
  1061    786
  1062    786
  1063    786
  1064    786
  1074    786
  1075    786
  1076    786
  1077    786
  1078    786
  1079    786
  1080    786
  1081    786
  1082    786
  1051    787
  1052    787
  1053    787
  1054    787
  1055    787
  1056    787
  1057    787
  1058    787
  1059    787
  1060    787
  1061    787
  1062    787
  1073    787
  1074    787
  1075    787
  1076    787
  1077    787
  1078    787
  1079    787
  1080    787
  1081    787
  1082    787
  1083    787
  1049    788
  1050    788
  1051    788
  1052    788
  1053    788
  1054    788
  1055    788
  1056    788
  1057    788
  1058    788
  1059    788
  1060    788
  1061    788
  1071    788
  1072    788
  1073    788
  1074    788
  1075    788
  1076    788
  1077    788
  1078    788
  1079    788
  1080    788
  1081    788
  1047    789
  1048    789
  1049    789
  1050    789
  1051    789
  1052    789
  1053    789
  1054    789
  1055    789
  1056    789
  1057    789
  1058    789
  1059    789
  1070    789
  1071    789
  1072    789
  1073    789
  1074    789
  1075    789
  1076    789
  1077    789
  1078    789
  1079    789
  1080    789
  1081    789
  1082    789
  1046    790
  1047    790
  1048    790
  1049    790
  1050    790
  1051    790
  1052    790
  1053    790
  1054    790
  1055    790
  1056    790
  1057    790
  1058    790
  1068    790
  1069    790
  1070    790
  1071    790
  1072    790
  1073    790
  1074    790
  1075    790
  1076    790
  1077    790
  1078    790
  1079    790
  1080    790
  1081    790
  1082    790
  1045    791
  1046    791
  1047    791
  1048    791
  1049    791
  1050    791
  1051    791
  1052    791
  1053    791
  1054    791
  1055    791
  1056    791
  1067    791
  1068    791
  1069    791
  1070    791
  1071    791
  1072    791
  1073    791
  1074    791
  1075    791
  1076    791
  1077    791
  1078    791
  1079    791
  1080    791
  1043    792
  1044    792
  1045    792
  1046    792
  1047    792
  1048    792
  1049    792
  1050    792
  1051    792
  1052    792
  1053    792
  1054    792
  1066    792
  1067    792
  1068    792
  1069    792
  1070    792
  1071    792
  1072    792
  1073    792
  1074    792
  1075    792
  1076    792
  1077    792
  1078    792
  1079    792
