  1364    712
  1365    712
  1366    712
  1367    712
  1368    712
  1369    712
  1370    712
  1354    713
  1355    713
  1356    713
  1357    713
  1358    713
  1359    713
  1360    713
  1361    713
  1368    713
  1369    713
  1370    713
  1379    713
  1380    713
  1381    713
  1349    714
  1350    714
  1351    714
  1352    714
  1353    714
  1354    714
  1355    714
  1356    714
  1357    714
  1358    714
  1359    714
  1360    714
  1331    715
  1332    715
  1333    715
  1334    715
  1335    715
  1336    715
  1351    715
  1352    715
  1353    715
  1354    715
  1355    715
  1362    715
  1363    715
  1364    715
  1322    716
  1323    716
  1324    716
  1325    716
  1326    716
  1327    716
  1328    716
  1329    716
  1330    716
  1331    716
  1332    716
  1333    716
  1334    716
  1335    716
  1336    716
  1337    716
  1354    716
  1355    716
  1356    716
  1319    717
  1320    717
  1321    717
  1322    717
  1327    717
  1328    717
  1329    717
  1330    717
  1331    717
  1332    717
  1333    717
  1298    718
  1299    718
  1300    718
  1301    718
  1302    718
  1303    718
  1304    718
  1320    718
  1321    718
  1322    718
  1323    718
  1324    718
  1325    718
  1326    718
  1327    718
  1328    718
  1329    718
  1288    719
  1289    719
  1290    719
  1291    719
  1292    719
  1293    719
  1294    719
  1295    719
  1296    719
  1297    719
  1298    719
  1299    719
  1300    719
  1301    719
  1302    719
  1313    719
  1314    719
  1315    719
  1316    719
  1272    720
  1273    720
  1274    720
  1275    720
  1276    720
  1277    720
  1278    720
  1279    720
  1280    720
  1281    720
  1282    720
  1283    720
  1284    720
  1285    720
  1286    720
  1287    720
  1288    720
  1289    720
  1290    720
  1291    720
  1292    720
  1293    720
  1294    720
  1295    720
  1296    720
  1297    720
  1298    720
  1299    720
  1306    720
  1307    720
  1308    720
  1309    720
  1310    720
  1311    720
  1312    720
  1259    721
  1260    721
  1261    721
  1262    721
  1263    721
  1264    721
  1265    721
  1266    721
  1267    721
  1268    721
  1269    721
  1270    721
  1271    721
  1272    721
  1273    721
  1274    721
  1275    721
  1276    721
  1277    721
  1278    721
  1279    721
  1280    721
  1281    721
  1282    721
  1283    721
  1284    721
  1285    721
  1290    721
  1291    721
  1292    721
  1293    721
  1294    721
  1295    721
  1296    721
  1297    721
  1298    721
  1299    721
  1300    721
  1301    721
  1302    721
  1303    721
  1304    721
  1305    721
  1306    721
  1307    721
  1314    721
  1315    721
  1316    721
  1248    722
  1250    722
  1251    722
  1254    722
  1255    722
  1256    722
  1257    722
  1258    722
  1259    722
  1260    722
  1261    722
  1262    722
  1263    722
  1264    722
  1266    722
  1267    722
  1268    722
  1269    722
  1270    722
  1271    722
  1272    722
  1273    722
  1274    722
  1275    722
  1276    722
  1277    722
  1278    722
  1279    722
  1280    722
  1281    722
  1282    722
  1283    722
  1284    722
  1285    722
  1286    722
  1287    722
  1288    722
  1289    722
  1290    722
  1291    722
  1292    722
  1293    722
  1294    722
  1295    722
  1296    722
  1297    722
  1298    722
  1299    722
  1300    722
  1301    722
  1302    722
  1307    722
  1308    722
  1309    722
  1310    722
  1246    723
  1247    723
  1248    723
  1249    723
  1250    723
  1251    723
  1252    723
  1253    723
  1254    723
  1255    723
  1256    723
  1257    723
  1258    723
  1259    723
  1263    723
  1264    723
  1265    723
  1266    723
  1267    723
  1268    723
  1269    723
  1275    723
  1276    723
  1277    723
  1278    723
  1279    723
  1280    723
  1281    723
  1282    723
  1283    723
  1288    723
  1289    723
  1290    723
  1295    723
  1296    723
  1297    723
  1299    723
  1300    723
  1301    723
  1302    723
  1236    724
  1237    724
  1238    724
  1239    724
  1240    724
  1241    724
  1243    724
  1244    724
  1245    724
  1274    724
  1275    724
  1276    724
  1277    724
  1278    724
  1279    724
  1280    724
  1235    725
  1236    725
  1237    725
  1238    725
  1239    725
  1240    725
  1241    725
  1242    725
  1243    725
  1253    725
  1254    725
  1255    725
  1256    725
  1257    725
  1258    725
  1259    725
  1260    725
  1261    725
  1262    725
  1263    725
  1267    725
  1268    725
  1269    725
  1270    725
  1271    725
  1272    725
  1273    725
  1274    725
  1275    725
  1276    725
  1277    725
  1278    725
  1279    725
  1280    725
  1281    725
  1282    725
  1283    725
  1197    726
  1198    726
  1199    726
  1200    726
  1201    726
  1202    726
  1203    726
  1204    726
  1205    726
  1206    726
  1207    726
  1216    726
  1217    726
  1218    726
  1225    726
  1226    726
  1227    726
  1228    726
  1229    726
  1230    726
  1231    726
  1232    726
  1246    726
  1247    726
  1248    726
  1249    726
  1250    726
  1251    726
  1252    726
  1253    726
  1254    726
  1255    726
  1256    726
  1257    726
  1258    726
  1259    726
  1260    726
  1261    726
  1262    726
  1263    726
  1264    726
  1265    726
  1266    726
  1267    726
  1268    726
  1269    726
  1270    726
  1271    726
  1272    726
  1273    726
  1274    726
  1275    726
  1180    727
  1181    727
  1182    727
  1183    727
  1184    727
  1185    727
  1186    727
  1187    727
  1188    727
  1189    727
  1195    727
  1196    727
  1197    727
  1198    727
  1199    727
  1215    727
  1216    727
  1217    727
  1239    727
  1240    727
  1241    727
  1242    727
  1243    727
  1244    727
  1245    727
  1246    727
  1247    727
  1248    727
  1249    727
  1250    727
  1251    727
  1252    727
  1253    727
  1254    727
  1255    727
  1256    727
  1257    727
  1258    727
  1259    727
  1260    727
  1261    727
  1263    727
  1264    727
  1265    727
  1266    727
  1267    727
  1268    727
  1269    727
  1273    727
  1274    727
  1275    727
  1179    728
  1180    728
  1181    728
  1182    728
  1183    728
  1202    728
  1203    728
  1204    728
  1232    728
  1233    728
  1234    728
  1235    728
  1236    728
  1237    728
  1238    728
  1239    728
  1240    728
  1241    728
  1242    728
  1243    728
  1244    728
  1246    728
  1247    728
  1248    728
  1249    728
  1250    728
  1251    728
  1252    728
  1253    728
  1254    728
  1259    728
  1260    728
  1261    728
  1262    728
  1266    728
  1267    728
  1180    729
  1181    729
  1225    729
  1226    729
  1227    729
  1228    729
  1229    729
  1230    729
  1231    729
  1232    729
  1233    729
  1234    729
  1235    729
  1236    729
  1237    729
  1238    729
  1240    729
  1241    729
  1242    729
  1243    729
  1244    729
  1245    729
  1246    729
  1247    729
  1248    729
  1249    729
  1253    729
  1254    729
  1255    729
  1256    729
  1260    729
  1261    729
  1262    729
  1263    729
  1218    730
  1219    730
  1220    730
  1221    730
  1222    730
  1223    730
  1224    730
  1225    730
  1226    730
  1227    730
  1228    730
  1229    730
  1233    730
  1234    730
  1235    730
  1241    730
  1242    730
  1243    730
  1244    730
  1245    730
  1246    730
  1247    730
  1248    730
  1249    730
  1250    730
  1251    730
  1254    730
  1255    730
  1256    730
  1218    731
  1219    731
  1220    731
  1221    731
  1222    731
  1223    731
  1228    731
  1229    731
  1230    731
  1241    731
  1242    731
  1247    731
  1248    731
  1249    731
  1223    732
  1224    732
  1225    732
  1226    732
  1227    732
  1228    732
  1229    732
  1230    732
  1204    733
  1205    733
  1215    733
  1216    733
  1217    733
  1218    733
  1219    733
  1220    733
  1221    733
  1222    733
  1223    733
  1224    733
  1196    734
  1197    734
  1198    734
  1199    734
  1200    734
  1201    734
  1202    734
  1203    734
  1204    734
  1205    734
  1206    734
  1210    734
  1211    734
  1212    734
  1213    734
  1214    734
  1215    734
  1216    734
  1217    734
  1218    734
  1219    734
  1224    734
  1225    734
  1226    734
  1227    734
  1191    735
  1192    735
  1193    735
  1194    735
  1195    735
  1196    735
  1197    735
  1198    735
  1199    735
  1200    735
  1201    735
  1206    735
  1207    735
  1208    735
  1210    735
  1211    735
  1212    735
  1213    735
  1214    735
  1219    735
  1220    735
  1221    735
  1222    735
  1223    735
  1224    735
  1225    735
  1185    736
  1186    736
  1187    736
  1188    736
  1189    736
  1190    736
  1191    736
  1192    736
  1193    736
  1194    736
  1195    736
  1200    736
  1201    736
  1202    736
  1203    736
  1204    736
  1205    736
  1206    736
  1207    736
  1208    736
  1209    736
  1214    736
  1215    736
  1216    736
  1217    736
  1218    736
  1220    736
  1221    736
  1222    736
  1223    736
  1180    737
  1181    737
  1182    737
  1183    737
  1184    737
  1185    737
  1186    737
  1187    737
  1188    737
  1189    737
  1190    737
  1195    737
  1196    737
  1197    737
  1198    737
  1199    737
  1200    737
  1201    737
  1202    737
  1203    737
  1204    737
  1209    737
  1210    737
  1211    737
  1212    737
  1213    737
  1216    737
  1217    737
  1218    737
  1219    737
  1176    738
  1177    738
  1178    738
  1179    738
  1180    738
  1181    738
  1182    738
  1183    738
  1184    738
  1185    738
  1191    738
  1192    738
  1193    738
  1194    738
  1195    738
  1196    738
  1197    738
  1198    738
  1199    738
  1205    738
  1206    738
  1207    738
  1208    738
  1212    738
  1213    738
  1214    738
  1170    739
  1171    739
  1172    739
  1173    739
  1174    739
  1175    739
  1176    739
  1177    739
  1178    739
  1179    739
  1180    739
  1186    739
  1187    739
  1188    739
  1189    739
  1190    739
  1191    739
  1192    739
  1193    739
  1194    739
  1195    739
  1201    739
  1202    739
  1203    739
  1207    739
  1208    739
  1209    739
  1166    740
  1167    740
  1168    740
  1169    740
  1170    740
  1171    740
  1172    740
  1173    740
  1174    740
  1175    740
  1181    740
  1182    740
  1183    740
  1184    740
  1185    740
  1187    740
  1188    740
  1189    740
  1190    740
  1196    740
  1197    740
  1198    740
  1199    740
  1200    740
  1203    740
  1204    740
  1205    740
  1160    741
  1161    741
  1162    741
  1163    741
  1164    741
  1165    741
  1166    741
  1167    741
  1168    741
  1169    741
  1170    741
  1177    741
  1178    741
  1179    741
  1180    741
  1181    741
  1183    741
  1184    741
  1185    741
  1186    741
  1192    741
  1193    741
  1194    741
  1195    741
  1196    741
  1199    741
  1200    741
  1201    741
  1158    742
  1159    742
  1160    742
  1161    742
  1162    742
  1163    742
  1164    742
  1165    742
  1166    742
  1167    742
  1172    742
  1173    742
  1174    742
  1175    742
  1176    742
  1177    742
  1179    742
  1180    742
  1181    742
  1188    742
  1189    742
  1190    742
  1191    742
  1192    742
  1194    742
  1195    742
  1196    742
  1197    742
  1169    743
  1170    743
  1171    743
  1172    743
  1173    743
  1174    743
  1175    743
  1176    743
  1177    743
  1178    743
  1188    743
  1189    743
  1190    743
  1191    743
  1192    743
  1165    744
  1166    744
  1167    744
  1168    744
  1169    744
  1170    744
  1171    744
  1172    744
  1173    744
  1161    745
  1162    745
  1163    745
  1164    745
  1165    745
  1166    745
  1167    745
  1168    745
  1169    745
  1170    745
  1141    746
  1142    746
  1143    746
  1148    746
  1149    746
  1157    746
  1158    746
  1159    746
  1160    746
  1161    746
  1162    746
  1163    746
  1164    746
  1165    746
  1166    746
  1167    746
  1174    746
  1175    746
  1177    746
  1137    747
  1138    747
  1139    747
  1140    747
  1141    747
  1144    747
  1145    747
  1146    747
  1147    747
  1153    747
  1154    747
  1155    747
  1156    747
  1158    747
  1159    747
  1160    747
  1161    747
  1162    747
  1169    747
  1170    747
  1171    747
  1172    747
  1173    747
  1133    748
  1134    748
  1135    748
  1136    748
  1137    748
  1138    748
  1139    748
  1140    748
  1141    748
  1142    748
  1143    748
  1150    748
  1151    748
  1152    748
  1153    748
  1155    748
  1156    748
  1157    748
  1158    748
  1159    748
  1166    748
  1167    748
  1168    748
  1169    748
  1170    748
  1171    748
  1174    748
  1175    748
  1176    748
  1130    749
  1131    749
  1132    749
  1133    749
  1134    749
  1135    749
  1136    749
  1137    749
  1138    749
  1139    749
  1140    749
  1147    749
  1148    749
  1149    749
  1150    749
  1152    749
  1153    749
  1154    749
  1155    749
  1156    749
  1163    749
  1164    749
  1165    749
  1166    749
  1170    749
  1171    749
  1172    749
  1173    749
  1126    750
  1127    750
  1128    750
  1129    750
  1130    750
  1131    750
  1132    750
  1133    750
  1134    750
  1135    750
  1136    750
  1137    750
  1143    750
  1144    750
  1145    750
  1146    750
  1147    750
  1148    750
  1149    750
  1150    750
  1151    750
  1152    750
  1160    750
  1161    750
  1162    750
  1163    750
  1164    750
  1167    750
  1168    750
  1169    750
  1123    751
  1124    751
  1125    751
  1126    751
  1127    751
  1128    751
  1129    751
  1130    751
  1131    751
  1132    751
  1133    751
  1134    751
  1141    751
  1142    751
  1143    751
  1144    751
  1145    751
  1146    751
  1147    751
  1148    751
  1149    751
  1150    751
  1157    751
  1158    751
  1159    751
  1160    751
  1161    751
  1162    751
  1164    751
  1165    751
  1166    751
  1167    751
  1120    752
  1121    752
  1122    752
  1123    752
  1124    752
  1125    752
  1126    752
  1127    752
  1128    752
  1129    752
  1130    752
  1131    752
  1138    752
  1139    752
  1140    752
  1141    752
  1142    752
  1143    752
  1144    752
  1145    752
  1146    752
  1147    752
  1154    752
  1155    752
  1156    752
  1157    752
  1158    752
  1162    752
  1163    752
  1164    752
  1117    753
  1118    753
  1119    753
  1120    753
  1121    753
  1122    753
  1123    753
  1124    753
  1125    753
  1126    753
  1127    753
  1128    753
  1135    753
  1136    753
  1137    753
  1138    753
  1139    753
  1140    753
  1141    753
  1142    753
  1143    753
  1144    753
  1151    753
  1152    753
  1153    753
  1154    753
  1155    753
  1156    753
  1157    753
  1158    753
  1159    753
  1160    753
  1161    753
  1114    754
  1115    754
  1116    754
  1117    754
  1118    754
  1119    754
  1120    754
  1121    754
  1122    754
  1123    754
  1124    754
  1125    754
  1132    754
  1133    754
  1134    754
  1138    754
  1139    754
  1140    754
  1141    754
  1149    754
  1150    754
  1151    754
  1152    754
  1153    754
  1154    754
  1156    754
  1157    754
  1158    754
  1159    754
  1111    755
  1112    755
  1113    755
  1114    755
  1115    755
  1116    755
  1117    755
  1118    755
  1119    755
  1120    755
  1121    755
  1122    755
  1129    755
  1130    755
  1131    755
  1132    755
  1136    755
  1137    755
  1138    755
  1146    755
  1147    755
  1148    755
  1149    755
  1150    755
  1151    755
  1152    755
  1154    755
  1155    755
  1156    755
  1108    756
  1109    756
  1110    756
  1111    756
  1112    756
  1113    756
  1114    756
  1115    756
  1116    756
  1117    756
  1118    756
  1119    756
  1126    756
  1127    756
  1128    756
  1129    756
  1130    756
  1134    756
  1135    756
  1136    756
  1144    756
  1145    756
  1146    756
  1147    756
  1148    756
  1149    756
  1150    756
  1151    756
  1152    756
  1153    756
  1154    756
  1110    757
  1111    757
  1112    757
  1113    757
  1114    757
  1115    757
  1116    757
  1124    757
  1125    757
  1126    757
  1127    757
  1128    757
  1129    757
  1132    757
  1142    757
  1147    757
  1148    757
  1149    757
  1150    757
  1151    757
  1152    757
  1111    758
  1112    758
  1121    758
  1122    758
  1123    758
  1124    758
  1125    758
  1126    758
  1127    758
  1128    758
  1129    758
  1130    758
  1147    758
  1148    758
  1149    758
  1119    759
  1120    759
  1121    759
  1122    759
  1123    759
  1124    759
  1125    759
  1126    759
  1127    759
  1128    759
  1117    760
  1118    760
  1119    760
  1120    760
  1121    760
  1122    760
  1123    760
  1124    760
  1125    760
  1114    761
  1115    761
  1116    761
  1117    761
  1118    761
  1119    761
  1120    761
  1121    761
  1122    761
  1123    761
  1111    762
  1112    762
  1113    762
  1114    762
  1115    762
  1116    762
  1117    762
  1118    762
  1119    762
  1120    762
  1121    762
  1090    763
  1091    763
  1092    763
  1093    763
  1094    763
  1108    763
  1109    763
  1110    763
  1111    763
  1112    763
  1113    763
  1114    763
  1115    763
  1116    763
  1117    763
  1118    763
  1128    763
  1129    763
  1130    763
  1131    763
  1087    764
  1088    764
  1089    764
  1090    764
  1091    764
  1092    764
  1097    764
  1107    764
  1108    764
  1109    764
  1110    764
  1111    764
  1112    764
  1113    764
  1114    764
  1115    764
  1116    764
  1124    764
  1125    764
  1126    764
  1127    764
  1128    764
  1129    764
  1130    764
  1084    765
  1085    765
  1086    765
  1087    765
  1088    765
  1089    765
  1090    765
  1091    765
  1092    765
  1093    765
  1094    765
  1095    765
  1104    765
  1105    765
  1106    765
  1107    765
  1108    765
  1109    765
  1110    765
  1111    765
  1112    765
  1113    765
  1122    765
  1123    765
  1124    765
  1125    765
  1126    765
  1127    765
  1128    765
  1129    765
  1130    765
  1081    766
  1082    766
  1083    766
  1084    766
  1085    766
  1086    766
  1087    766
  1088    766
  1089    766
  1090    766
  1091    766
  1092    766
  1101    766
  1102    766
  1103    766
  1104    766
  1105    766
  1106    766
  1107    766
  1108    766
  1109    766
  1110    766
  1111    766
  1112    766
  1120    766
  1121    766
  1122    766
  1123    766
  1124    766
  1125    766
  1126    766
  1127    766
  1128    766
  1129    766
  1130    766
  1131    766
  1079    767
  1080    767
  1081    767
  1082    767
  1083    767
  1084    767
  1085    767
  1086    767
  1087    767
  1088    767
  1089    767
  1090    767
  1100    767
  1101    767
  1102    767
  1103    767
  1104    767
  1105    767
  1106    767
  1107    767
  1108    767
  1109    767
  1110    767
  1117    767
  1118    767
  1119    767
  1120    767
  1121    767
  1122    767
  1123    767
  1124    767
  1125    767
  1126    767
  1127    767
  1128    767
  1129    767
  1076    768
  1077    768
  1078    768
  1079    768
  1080    768
  1081    768
  1082    768
  1083    768
  1084    768
  1085    768
  1086    768
  1087    768
  1097    768
  1098    768
  1099    768
  1100    768
  1101    768
  1102    768
  1103    768
  1104    768
  1105    768
  1106    768
  1107    768
  1115    768
  1116    768
  1117    768
  1118    768
  1119    768
  1120    768
  1121    768
  1122    768
  1123    768
  1124    768
  1125    768
  1126    768
  1127    768
  1074    769
  1075    769
  1076    769
  1077    769
  1078    769
  1079    769
  1080    769
  1081    769
  1082    769
  1083    769
  1084    769
  1085    769
  1095    769
  1096    769
  1097    769
  1098    769
  1099    769
  1100    769
  1101    769
  1102    769
  1103    769
  1104    769
  1105    769
  1113    769
  1114    769
  1115    769
  1116    769
  1117    769
  1118    769
  1119    769
  1120    769
  1121    769
  1122    769
  1123    769
  1124    769
  1125    769
  1071    770
  1072    770
  1073    770
  1074    770
  1075    770
  1076    770
  1077    770
  1078    770
  1079    770
  1080    770
  1081    770
  1082    770
  1083    770
  1093    770
  1094    770
  1095    770
  1096    770
  1097    770
  1098    770
  1099    770
  1100    770
  1101    770
  1102    770
  1103    770
  1111    770
  1112    770
  1113    770
  1114    770
  1115    770
  1116    770
  1117    770
  1118    770
  1119    770
  1120    770
  1121    770
  1122    770
  1123    770
  1069    771
  1070    771
  1071    771
  1072    771
  1073    771
  1074    771
  1075    771
  1076    771
  1077    771
  1078    771
  1079    771
  1080    771
  1081    771
  1091    771
  1092    771
  1093    771
  1094    771
  1095    771
  1096    771
  1097    771
  1098    771
  1099    771
  1100    771
  1101    771
  1102    771
  1109    771
  1110    771
  1111    771
  1112    771
  1113    771
  1114    771
  1115    771
  1116    771
  1117    771
  1118    771
  1119    771
  1120    771
  1121    771
  1066    772
  1067    772
  1068    772
  1069    772
  1070    772
  1071    772
  1072    772
  1073    772
  1074    772
  1075    772
  1076    772
  1077    772
  1078    772
  1089    772
  1090    772
  1091    772
  1092    772
  1093    772
  1094    772
  1095    772
  1096    772
  1097    772
  1098    772
  1099    772
  1100    772
  1108    772
  1109    772
  1110    772
  1111    772
  1112    772
  1113    772
  1114    772
  1115    772
  1116    772
  1117    772
  1118    772
  1119    772
  1065    773
  1066    773
  1067    773
  1068    773
  1069    773
  1070    773
  1071    773
  1072    773
  1073    773
  1074    773
  1075    773
  1076    773
  1087    773
  1088    773
  1089    773
  1090    773
  1091    773
  1092    773
  1093    773
  1094    773
  1095    773
  1096    773
  1097    773
  1106    773
  1107    773
  1108    773
  1109    773
  1110    773
  1111    773
  1112    773
  1113    773
  1114    773
  1115    773
  1116    773
  1117    773
  1118    773
  1063    774
  1064    774
  1065    774
  1066    774
  1067    774
  1068    774
  1069    774
  1070    774
  1071    774
  1072    774
  1073    774
  1074    774
  1085    774
  1086    774
  1087    774
  1088    774
  1089    774
  1090    774
  1091    774
  1092    774
  1093    774
  1094    774
  1095    774
  1096    774
  1104    774
  1105    774
  1106    774
  1107    774
  1108    774
  1109    774
  1110    774
  1111    774
  1112    774
  1113    774
  1114    774
  1115    774
  1116    774
  1060    775
  1061    775
  1062    775
  1063    775
  1064    775
  1065    775
  1066    775
  1067    775
  1068    775
  1069    775
  1070    775
  1071    775
  1072    775
  1083    775
  1084    775
  1085    775
  1086    775
  1087    775
  1088    775
  1089    775
  1090    775
  1091    775
  1092    775
  1093    775
  1102    775
  1103    775
  1104    775
  1105    775
  1106    775
  1107    775
  1108    775
  1109    775
  1110    775
  1111    775
  1112    775
  1113    775
  1114    775
  1059    776
  1060    776
  1061    776
  1062    776
  1063    776
  1064    776
  1065    776
  1066    776
  1067    776
  1068    776
  1069    776
  1070    776
  1071    776
  1081    776
  1082    776
  1083    776
  1084    776
  1085    776
  1086    776
  1087    776
  1088    776
  1089    776
  1090    776
  1091    776
  1092    776
  1100    776
  1101    776
  1102    776
  1103    776
  1104    776
  1105    776
  1106    776
  1107    776
  1108    776
  1109    776
  1110    776
  1111    776
  1112    776
  1056    777
  1057    777
  1058    777
  1059    777
  1060    777
  1061    777
  1062    777
  1063    777
  1064    777
  1065    777
  1066    777
  1067    777
  1068    777
  1078    777
  1079    777
  1080    777
  1081    777
  1082    777
  1083    777
  1084    777
  1085    777
  1086    777
  1087    777
  1088    777
  1089    777
  1090    777
  1099    777
  1100    777
  1101    777
  1102    777
  1103    777
  1104    777
  1105    777
  1106    777
  1107    777
  1108    777
  1109    777
  1110    777
  1111    777
  1055    778
  1056    778
  1057    778
  1058    778
  1059    778
  1060    778
  1061    778
  1062    778
  1063    778
  1064    778
  1065    778
  1066    778
  1077    778
  1078    778
  1079    778
  1080    778
  1081    778
  1082    778
  1083    778
  1084    778
  1085    778
  1086    778
  1087    778
  1088    778
  1097    778
  1098    778
  1099    778
  1100    778
  1101    778
  1102    778
  1103    778
  1104    778
  1105    778
  1106    778
  1107    778
  1108    778
  1109    778
  1053    779
  1054    779
  1055    779
  1056    779
  1057    779
  1058    779
  1059    779
  1060    779
  1061    779
  1062    779
  1063    779
  1064    779
  1065    779
  1075    779
  1076    779
  1077    779
  1078    779
  1079    779
  1080    779
  1081    779
  1082    779
  1083    779
  1084    779
  1085    779
  1086    779
  1096    779
  1097    779
  1098    779
  1099    779
  1100    779
  1101    779
  1102    779
  1103    779
  1104    779
  1105    779
  1106    779
  1107    779
  1108    779
  1053    780
  1054    780
  1055    780
  1056    780
  1057    780
  1058    780
  1059    780
  1060    780
  1061    780
  1062    780
  1073    780
  1074    780
  1075    780
  1076    780
  1077    780
  1078    780
  1079    780
  1080    780
  1081    780
  1082    780
  1083    780
  1084    780
  1104    780
  1105    780
  1106    780
  1071    781
  1072    781
  1073    781
  1074    781
  1075    781
  1076    781
  1077    781
  1078    781
  1079    781
  1080    781
  1081    781
  1082    781
  1103    781
  1104    781
  1105    781
  1069    782
  1070    782
  1071    782
  1072    782
  1073    782
  1074    782
  1075    782
  1076    782
  1077    782
  1078    782
  1079    782
  1080    782
  1081    782
  1068    783
  1069    783
  1070    783
  1071    783
  1072    783
  1073    783
  1074    783
  1075    783
  1076    783
  1077    783
  1078    783
  1079    783
  1066    784
  1067    784
  1068    784
  1069    784
  1070    784
  1071    784
  1072    784
  1073    784
  1074    784
  1075    784
  1076    784
  1077    784
  1078    784
  1064    785
  1065    785
  1066    785
  1067    785
  1068    785
  1069    785
  1070    785
  1071    785
  1072    785
  1073    785
  1074    785
  1075    785
  1063    786
  1064    786
  1065    786
  1066    786
  1067    786
  1068    786
  1069    786
  1070    786
  1071    786
  1072    786
  1073    786
  1074    786
  1061    787
  1062    787
  1063    787
  1064    787
  1065    787
  1066    787
  1067    787
  1068    787
  1069    787
  1070    787
  1071    787
  1072    787
  1073    787
  1060    788
  1061    788
  1062    788
  1063    788
  1064    788
  1065    788
  1066    788
  1067    788
  1068    788
  1069    788
  1070    788
  1071    788
  1058    789
  1059    789
  1060    789
  1061    789
  1062    789
  1063    789
  1064    789
  1065    789
  1066    789
  1067    789
  1068    789
  1069    789
  1057    790
  1058    790
  1059    790
  1060    790
  1061    790
  1062    790
  1063    790
  1064    790
  1065    790
  1066    790
  1067    790
  1068    790
  1055    791
  1056    791
  1057    791
  1058    791
  1059    791
  1060    791
  1061    791
  1062    791
  1063    791
  1064    791
  1065    791
  1066    791
  1067    791
  1054    792
  1055    792
  1056    792
  1057    792
  1058    792
  1059    792
  1060    792
  1061    792
  1062    792
  1063    792
  1064    792
  1065    792
  1066    792
