  1383    711
  1384    711
  1367    712
  1368    712
  1369    712
  1370    712
  1371    712
  1355    713
  1356    713
  1357    713
  1358    713
  1359    713
  1360    713
  1361    713
  1362    713
  1363    713
  1364    713
  1365    713
  1366    713
  1354    714
  1355    714
  1356    714
  1357    714
  1358    714
  1359    714
  1360    714
  1374    714
  1375    714
  1333    715
  1334    715
  1335    715
  1336    715
  1337    715
  1338    715
  1339    715
  1355    715
  1361    715
  1362    715
  1363    715
  1364    715
  1365    715
  1366    715
  1367    715
  1324    716
  1325    716
  1326    716
  1327    716
  1328    716
  1329    716
  1330    716
  1331    716
  1332    716
  1333    716
  1334    716
  1335    716
  1336    716
  1337    716
  1324    717
  1325    717
  1326    717
  1327    717
  1328    717
  1329    717
  1330    717
  1331    717
  1332    717
  1333    717
  1334    717
  1335    717
  1336    717
  1301    718
  1302    718
  1303    718
  1304    718
  1305    718
  1320    718
  1321    718
  1322    718
  1323    718
  1324    718
  1325    718
  1326    718
  1327    718
  1328    718
  1329    718
  1330    718
  1337    718
  1290    719
  1293    719
  1294    719
  1295    719
  1296    719
  1297    719
  1298    719
  1299    719
  1300    719
  1301    719
  1302    719
  1303    719
  1304    719
  1305    719
  1317    719
  1318    719
  1319    719
  1320    719
  1321    719
  1322    719
  1323    719
  1324    719
  1325    719
  1326    719
  1275    720
  1276    720
  1277    720
  1278    720
  1279    720
  1280    720
  1281    720
  1282    720
  1283    720
  1284    720
  1285    720
  1286    720
  1287    720
  1288    720
  1289    720
  1290    720
  1291    720
  1292    720
  1293    720
  1294    720
  1295    720
  1296    720
  1297    720
  1298    720
  1299    720
  1300    720
  1301    720
  1309    720
  1310    720
  1311    720
  1263    721
  1264    721
  1265    721
  1268    721
  1269    721
  1270    721
  1271    721
  1272    721
  1273    721
  1274    721
  1275    721
  1276    721
  1277    721
  1278    721
  1279    721
  1280    721
  1281    721
  1282    721
  1283    721
  1284    721
  1285    721
  1286    721
  1287    721
  1288    721
  1289    721
  1290    721
  1291    721
  1292    721
  1293    721
  1294    721
  1295    721
  1296    721
  1297    721
  1298    721
  1299    721
  1300    721
  1301    721
  1302    721
  1303    721
  1304    721
  1305    721
  1306    721
  1307    721
  1308    721
  1318    721
  1254    722
  1255    722
  1256    722
  1257    722
  1258    722
  1259    722
  1260    722
  1261    722
  1262    722
  1270    722
  1271    722
  1272    722
  1273    722
  1274    722
  1275    722
  1276    722
  1277    722
  1278    722
  1279    722
  1280    722
  1281    722
  1282    722
  1283    722
  1284    722
  1285    722
  1286    722
  1287    722
  1288    722
  1289    722
  1290    722
  1291    722
  1292    722
  1293    722
  1294    722
  1295    722
  1296    722
  1297    722
  1298    722
  1299    722
  1300    722
  1301    722
  1302    722
  1303    722
  1310    722
  1311    722
  1312    722
  1251    723
  1252    723
  1253    723
  1254    723
  1255    723
  1256    723
  1257    723
  1258    723
  1259    723
  1260    723
  1261    723
  1262    723
  1265    723
  1266    723
  1267    723
  1268    723
  1269    723
  1270    723
  1271    723
  1272    723
  1276    723
  1277    723
  1278    723
  1279    723
  1280    723
  1281    723
  1282    723
  1283    723
  1284    723
  1285    723
  1286    723
  1287    723
  1288    723
  1292    723
  1293    723
  1297    723
  1298    723
  1304    723
  1305    723
  1240    724
  1241    724
  1242    724
  1243    724
  1246    724
  1247    724
  1248    724
  1249    724
  1277    724
  1278    724
  1279    724
  1281    724
  1282    724
  1283    724
  1284    724
  1285    724
  1286    724
  1216    725
  1217    725
  1218    725
  1219    725
  1220    725
  1221    725
  1222    725
  1223    725
  1224    725
  1225    725
  1226    725
  1227    725
  1228    725
  1240    725
  1241    725
  1242    725
  1243    725
  1244    725
  1257    725
  1258    725
  1259    725
  1260    725
  1261    725
  1262    725
  1263    725
  1268    725
  1269    725
  1270    725
  1271    725
  1272    725
  1273    725
  1274    725
  1275    725
  1276    725
  1277    725
  1278    725
  1279    725
  1280    725
  1281    725
  1282    725
  1283    725
  1284    725
  1285    725
  1202    726
  1203    726
  1204    726
  1205    726
  1206    726
  1208    726
  1209    726
  1217    726
  1218    726
  1219    726
  1220    726
  1221    726
  1222    726
  1223    726
  1224    726
  1230    726
  1231    726
  1232    726
  1233    726
  1250    726
  1251    726
  1252    726
  1253    726
  1254    726
  1255    726
  1256    726
  1257    726
  1258    726
  1259    726
  1260    726
  1261    726
  1262    726
  1263    726
  1264    726
  1265    726
  1266    726
  1267    726
  1269    726
  1270    726
  1271    726
  1272    726
  1275    726
  1276    726
  1277    726
  1278    726
  1283    726
  1284    726
  1285    726
  1189    727
  1190    727
  1219    727
  1220    727
  1221    727
  1242    727
  1243    727
  1244    727
  1245    727
  1246    727
  1247    727
  1248    727
  1249    727
  1250    727
  1251    727
  1252    727
  1253    727
  1254    727
  1255    727
  1256    727
  1257    727
  1258    727
  1259    727
  1260    727
  1261    727
  1262    727
  1263    727
  1264    727
  1265    727
  1266    727
  1267    727
  1268    727
  1269    727
  1270    727
  1271    727
  1272    727
  1276    727
  1277    727
  1278    727
  1236    728
  1237    728
  1238    728
  1239    728
  1240    728
  1242    728
  1243    728
  1244    728
  1245    728
  1248    728
  1249    728
  1250    728
  1251    728
  1252    728
  1253    728
  1254    728
  1255    728
  1256    728
  1257    728
  1262    728
  1263    728
  1264    728
  1269    728
  1270    728
  1228    729
  1229    729
  1230    729
  1231    729
  1232    729
  1233    729
  1237    729
  1238    729
  1239    729
  1240    729
  1243    729
  1244    729
  1245    729
  1246    729
  1247    729
  1248    729
  1249    729
  1250    729
  1251    729
  1256    729
  1257    729
  1258    729
  1259    729
  1260    729
  1263    729
  1264    729
  1265    729
  1222    730
  1223    730
  1224    730
  1225    730
  1226    730
  1227    730
  1228    730
  1229    730
  1230    730
  1231    730
  1232    730
  1237    730
  1238    730
  1239    730
  1240    730
  1242    730
  1243    730
  1244    730
  1245    730
  1246    730
  1251    730
  1252    730
  1253    730
  1254    730
  1255    730
  1256    730
  1257    730
  1258    730
  1259    730
  1260    730
  1218    731
  1219    731
  1220    731
  1221    731
  1222    731
  1223    731
  1224    731
  1225    731
  1226    731
  1230    731
  1231    731
  1232    731
  1241    731
  1242    731
  1243    731
  1244    731
  1245    731
  1246    731
  1247    731
  1250    731
  1251    731
  1252    731
  1253    731
  1254    731
  1226    732
  1227    732
  1218    733
  1219    733
  1220    733
  1221    733
  1222    733
  1223    733
  1224    733
  1225    733
  1226    733
  1227    733
  1228    733
  1199    734
  1200    734
  1201    734
  1202    734
  1203    734
  1204    734
  1205    734
  1206    734
  1207    734
  1208    734
  1214    734
  1215    734
  1216    734
  1217    734
  1218    734
  1219    734
  1220    734
  1221    734
  1222    734
  1195    735
  1196    735
  1197    735
  1198    735
  1199    735
  1200    735
  1201    735
  1202    735
  1203    735
  1204    735
  1209    735
  1210    735
  1211    735
  1212    735
  1213    735
  1214    735
  1215    735
  1216    735
  1217    735
  1223    735
  1224    735
  1225    735
  1189    736
  1190    736
  1191    736
  1192    736
  1193    736
  1194    736
  1195    736
  1196    736
  1197    736
  1198    736
  1199    736
  1204    736
  1205    736
  1206    736
  1207    736
  1208    736
  1209    736
  1210    736
  1211    736
  1212    736
  1218    736
  1219    736
  1220    736
  1221    736
  1225    736
  1226    736
  1227    736
  1184    737
  1185    737
  1186    737
  1187    737
  1188    737
  1189    737
  1190    737
  1191    737
  1192    737
  1193    737
  1200    737
  1201    737
  1202    737
  1203    737
  1204    737
  1205    737
  1206    737
  1207    737
  1213    737
  1214    737
  1215    737
  1216    737
  1219    737
  1220    737
  1221    737
  1222    737
  1179    738
  1180    738
  1181    738
  1182    738
  1183    738
  1184    738
  1185    738
  1186    738
  1187    738
  1188    738
  1195    738
  1196    738
  1197    738
  1198    738
  1199    738
  1200    738
  1201    738
  1202    738
  1208    738
  1209    738
  1210    738
  1211    738
  1215    738
  1216    738
  1217    738
  1174    739
  1175    739
  1176    739
  1177    739
  1178    739
  1179    739
  1180    739
  1181    739
  1182    739
  1183    739
  1184    739
  1190    739
  1191    739
  1192    739
  1193    739
  1194    739
  1195    739
  1196    739
  1197    739
  1198    739
  1204    739
  1205    739
  1206    739
  1207    739
  1208    739
  1211    739
  1212    739
  1169    740
  1170    740
  1171    740
  1172    740
  1173    740
  1174    740
  1175    740
  1176    740
  1177    740
  1178    740
  1179    740
  1185    740
  1186    740
  1187    740
  1188    740
  1191    740
  1192    740
  1193    740
  1194    740
  1200    740
  1201    740
  1202    740
  1203    740
  1204    740
  1205    740
  1206    740
  1207    740
  1208    740
  1164    741
  1165    741
  1166    741
  1167    741
  1168    741
  1169    741
  1170    741
  1171    741
  1172    741
  1173    741
  1174    741
  1180    741
  1181    741
  1182    741
  1183    741
  1184    741
  1187    741
  1188    741
  1189    741
  1196    741
  1197    741
  1198    741
  1199    741
  1202    741
  1203    741
  1204    741
  1163    742
  1164    742
  1165    742
  1166    742
  1167    742
  1168    742
  1169    742
  1170    742
  1176    742
  1177    742
  1178    742
  1179    742
  1180    742
  1181    742
  1184    742
  1185    742
  1192    742
  1193    742
  1194    742
  1195    742
  1198    742
  1199    742
  1200    742
  1161    743
  1162    743
  1163    743
  1164    743
  1165    743
  1172    743
  1173    743
  1174    743
  1175    743
  1176    743
  1177    743
  1178    743
  1179    743
  1180    743
  1181    743
  1195    743
  1196    743
  1168    744
  1169    744
  1170    744
  1171    744
  1172    744
  1173    744
  1174    744
  1175    744
  1176    744
  1165    745
  1166    745
  1167    745
  1168    745
  1169    745
  1170    745
  1171    745
  1172    745
  1173    745
  1146    746
  1147    746
  1148    746
  1149    746
  1150    746
  1160    746
  1161    746
  1162    746
  1163    746
  1164    746
  1165    746
  1166    746
  1167    746
  1168    746
  1169    746
  1140    747
  1141    747
  1142    747
  1143    747
  1144    747
  1145    747
  1148    747
  1149    747
  1150    747
  1151    747
  1157    747
  1158    747
  1159    747
  1162    747
  1163    747
  1164    747
  1165    747
  1166    747
  1172    747
  1173    747
  1174    747
  1175    747
  1176    747
  1177    747
  1137    748
  1138    748
  1139    748
  1140    748
  1141    748
  1142    748
  1144    748
  1145    748
  1146    748
  1154    748
  1155    748
  1156    748
  1159    748
  1160    748
  1161    748
  1162    748
  1163    748
  1169    748
  1170    748
  1171    748
  1172    748
  1173    748
  1179    748
  1133    749
  1134    749
  1135    749
  1136    749
  1137    749
  1138    749
  1139    749
  1140    749
  1141    749
  1142    749
  1143    749
  1150    749
  1151    749
  1152    749
  1153    749
  1154    749
  1155    749
  1156    749
  1157    749
  1158    749
  1159    749
  1167    749
  1168    749
  1169    749
  1170    749
  1175    749
  1176    749
  1130    750
  1131    750
  1132    750
  1133    750
  1134    750
  1135    750
  1136    750
  1137    750
  1138    750
  1139    750
  1140    750
  1146    750
  1147    750
  1148    750
  1149    750
  1150    750
  1151    750
  1152    750
  1153    750
  1154    750
  1155    750
  1163    750
  1164    750
  1165    750
  1166    750
  1167    750
  1172    750
  1173    750
  1127    751
  1128    751
  1129    751
  1130    751
  1131    751
  1132    751
  1133    751
  1134    751
  1135    751
  1136    751
  1137    751
  1143    751
  1144    751
  1145    751
  1146    751
  1147    751
  1148    751
  1149    751
  1150    751
  1151    751
  1152    751
  1160    751
  1161    751
  1162    751
  1163    751
  1164    751
  1168    751
  1169    751
  1170    751
  1124    752
  1125    752
  1126    752
  1127    752
  1128    752
  1129    752
  1130    752
  1131    752
  1132    752
  1133    752
  1134    752
  1140    752
  1141    752
  1142    752
  1143    752
  1144    752
  1145    752
  1146    752
  1147    752
  1148    752
  1149    752
  1150    752
  1158    752
  1159    752
  1160    752
  1161    752
  1162    752
  1165    752
  1166    752
  1167    752
  1120    753
  1121    753
  1122    753
  1123    753
  1124    753
  1125    753
  1126    753
  1127    753
  1128    753
  1129    753
  1130    753
  1138    753
  1139    753
  1140    753
  1141    753
  1142    753
  1143    753
  1144    753
  1145    753
  1146    753
  1147    753
  1155    753
  1156    753
  1157    753
  1158    753
  1159    753
  1160    753
  1162    753
  1163    753
  1164    753
  1165    753
  1117    754
  1118    754
  1119    754
  1120    754
  1121    754
  1122    754
  1123    754
  1124    754
  1125    754
  1126    754
  1127    754
  1128    754
  1135    754
  1136    754
  1137    754
  1138    754
  1142    754
  1143    754
  1144    754
  1152    754
  1153    754
  1154    754
  1155    754
  1156    754
  1157    754
  1158    754
  1159    754
  1160    754
  1161    754
  1162    754
  1114    755
  1115    755
  1116    755
  1117    755
  1118    755
  1119    755
  1120    755
  1121    755
  1122    755
  1123    755
  1124    755
  1125    755
  1132    755
  1133    755
  1134    755
  1135    755
  1136    755
  1139    755
  1140    755
  1141    755
  1149    755
  1150    755
  1151    755
  1152    755
  1157    755
  1158    755
  1159    755
  1111    756
  1112    756
  1113    756
  1114    756
  1115    756
  1116    756
  1117    756
  1118    756
  1119    756
  1120    756
  1121    756
  1122    756
  1130    756
  1131    756
  1132    756
  1133    756
  1137    756
  1138    756
  1147    756
  1148    756
  1149    756
  1150    756
  1151    756
  1152    756
  1155    756
  1156    756
  1157    756
  1108    757
  1109    757
  1110    757
  1111    757
  1112    757
  1113    757
  1114    757
  1115    757
  1116    757
  1117    757
  1118    757
  1119    757
  1127    757
  1128    757
  1129    757
  1130    757
  1131    757
  1134    757
  1135    757
  1136    757
  1145    757
  1146    757
  1147    757
  1148    757
  1149    757
  1150    757
  1151    757
  1152    757
  1153    757
  1154    757
  1155    757
  1110    758
  1111    758
  1112    758
  1113    758
  1114    758
  1115    758
  1116    758
  1117    758
  1124    758
  1125    758
  1126    758
  1127    758
  1128    758
  1129    758
  1130    758
  1131    758
  1132    758
  1133    758
  1134    758
  1147    758
  1148    758
  1149    758
  1150    758
  1151    758
  1152    758
  1153    758
  1122    759
  1123    759
  1124    759
  1125    759
  1126    759
  1128    759
  1129    759
  1130    759
  1131    759
  1147    759
  1148    759
  1149    759
  1150    759
  1119    760
  1120    760
  1121    760
  1122    760
  1123    760
  1124    760
  1125    760
  1126    760
  1127    760
  1128    760
  1117    761
  1118    761
  1119    761
  1120    761
  1121    761
  1122    761
  1123    761
  1124    761
  1125    761
  1126    761
  1115    762
  1116    762
  1117    762
  1118    762
  1119    762
  1120    762
  1121    762
  1122    762
  1123    762
  1124    762
  1112    763
  1113    763
  1114    763
  1115    763
  1116    763
  1117    763
  1118    763
  1119    763
  1120    763
  1121    763
  1090    764
  1091    764
  1092    764
  1093    764
  1109    764
  1110    764
  1111    764
  1112    764
  1113    764
  1114    764
  1115    764
  1116    764
  1117    764
  1118    764
  1119    764
  1129    764
  1130    764
  1131    764
  1132    764
  1133    764
  1134    764
  1135    764
  1088    765
  1089    765
  1090    765
  1091    765
  1092    765
  1093    765
  1097    765
  1098    765
  1107    765
  1108    765
  1109    765
  1110    765
  1111    765
  1112    765
  1113    765
  1114    765
  1115    765
  1116    765
  1117    765
  1125    765
  1126    765
  1127    765
  1128    765
  1129    765
  1130    765
  1131    765
  1085    766
  1086    766
  1087    766
  1088    766
  1089    766
  1090    766
  1091    766
  1092    766
  1093    766
  1094    766
  1095    766
  1096    766
  1105    766
  1106    766
  1107    766
  1108    766
  1109    766
  1110    766
  1111    766
  1112    766
  1113    766
  1114    766
  1115    766
  1123    766
  1124    766
  1125    766
  1126    766
  1127    766
  1128    766
  1129    766
  1130    766
  1131    766
  1134    766
  1082    767
  1083    767
  1084    767
  1085    767
  1086    767
  1087    767
  1088    767
  1089    767
  1090    767
  1091    767
  1092    767
  1093    767
  1103    767
  1104    767
  1105    767
  1106    767
  1107    767
  1108    767
  1109    767
  1110    767
  1111    767
  1112    767
  1113    767
  1121    767
  1122    767
  1123    767
  1124    767
  1125    767
  1126    767
  1127    767
  1128    767
  1129    767
  1130    767
  1131    767
  1132    767
  1080    768
  1081    768
  1082    768
  1083    768
  1084    768
  1085    768
  1086    768
  1087    768
  1088    768
  1089    768
  1090    768
  1091    768
  1101    768
  1102    768
  1103    768
  1104    768
  1105    768
  1106    768
  1107    768
  1108    768
  1109    768
  1110    768
  1111    768
  1117    768
  1118    768
  1119    768
  1120    768
  1121    768
  1122    768
  1123    768
  1124    768
  1125    768
  1126    768
  1127    768
  1128    768
  1129    768
  1130    768
  1077    769
  1078    769
  1079    769
  1080    769
  1081    769
  1082    769
  1083    769
  1084    769
  1085    769
  1086    769
  1087    769
  1088    769
  1089    769
  1098    769
  1099    769
  1100    769
  1101    769
  1102    769
  1103    769
  1104    769
  1105    769
  1106    769
  1107    769
  1108    769
  1117    769
  1118    769
  1119    769
  1120    769
  1121    769
  1122    769
  1123    769
  1124    769
  1125    769
  1126    769
  1127    769
  1128    769
  1075    770
  1076    770
  1077    770
  1078    770
  1079    770
  1080    770
  1081    770
  1082    770
  1083    770
  1084    770
  1085    770
  1086    770
  1096    770
  1097    770
  1098    770
  1099    770
  1100    770
  1101    770
  1102    770
  1103    770
  1104    770
  1105    770
  1106    770
  1107    770
  1115    770
  1116    770
  1117    770
  1118    770
  1119    770
  1120    770
  1121    770
  1122    770
  1123    770
  1124    770
  1125    770
  1126    770
  1072    771
  1073    771
  1074    771
  1075    771
  1076    771
  1077    771
  1078    771
  1079    771
  1080    771
  1081    771
  1082    771
  1083    771
  1084    771
  1094    771
  1095    771
  1096    771
  1097    771
  1098    771
  1099    771
  1100    771
  1101    771
  1102    771
  1103    771
  1104    771
  1105    771
  1113    771
  1114    771
  1115    771
  1116    771
  1117    771
  1118    771
  1119    771
  1120    771
  1121    771
  1122    771
  1123    771
  1124    771
  1070    772
  1071    772
  1072    772
  1073    772
  1074    772
  1075    772
  1076    772
  1077    772
  1078    772
  1079    772
  1080    772
  1081    772
  1092    772
  1093    772
  1094    772
  1095    772
  1096    772
  1097    772
  1098    772
  1099    772
  1100    772
  1101    772
  1102    772
  1103    772
  1111    772
  1112    772
  1113    772
  1114    772
  1115    772
  1116    772
  1117    772
  1118    772
  1119    772
  1120    772
  1121    772
  1122    772
  1068    773
  1069    773
  1070    773
  1071    773
  1072    773
  1073    773
  1074    773
  1075    773
  1076    773
  1077    773
  1078    773
  1079    773
  1090    773
  1091    773
  1092    773
  1093    773
  1094    773
  1095    773
  1096    773
  1097    773
  1098    773
  1099    773
  1100    773
  1101    773
  1109    773
  1110    773
  1111    773
  1112    773
  1113    773
  1114    773
  1115    773
  1116    773
  1117    773
  1118    773
  1119    773
  1120    773
  1121    773
  1065    774
  1066    774
  1067    774
  1068    774
  1069    774
  1070    774
  1071    774
  1072    774
  1073    774
  1074    774
  1075    774
  1076    774
  1077    774
  1088    774
  1089    774
  1090    774
  1091    774
  1092    774
  1093    774
  1094    774
  1095    774
  1096    774
  1097    774
  1098    774
  1099    774
  1107    774
  1108    774
  1109    774
  1110    774
  1111    774
  1112    774
  1113    774
  1114    774
  1115    774
  1116    774
  1117    774
  1118    774
  1119    774
  1063    775
  1064    775
  1065    775
  1066    775
  1067    775
  1068    775
  1069    775
  1070    775
  1071    775
  1072    775
  1073    775
  1074    775
  1075    775
  1086    775
  1087    775
  1088    775
  1089    775
  1090    775
  1091    775
  1092    775
  1093    775
  1094    775
  1095    775
  1096    775
  1097    775
  1105    775
  1106    775
  1107    775
  1108    775
  1109    775
  1110    775
  1111    775
  1112    775
  1113    775
  1114    775
  1115    775
  1116    775
  1117    775
  1061    776
  1062    776
  1063    776
  1064    776
  1065    776
  1066    776
  1067    776
  1068    776
  1069    776
  1070    776
  1071    776
  1072    776
  1073    776
  1074    776
  1084    776
  1085    776
  1086    776
  1087    776
  1088    776
  1089    776
  1090    776
  1091    776
  1092    776
  1093    776
  1094    776
  1095    776
  1104    776
  1105    776
  1106    776
  1107    776
  1108    776
  1109    776
  1110    776
  1111    776
  1112    776
  1113    776
  1114    776
  1115    776
  1116    776
  1059    777
  1060    777
  1061    777
  1062    777
  1063    777
  1064    777
  1065    777
  1066    777
  1067    777
  1068    777
  1069    777
  1070    777
  1071    777
  1072    777
  1082    777
  1083    777
  1084    777
  1085    777
  1086    777
  1087    777
  1088    777
  1089    777
  1090    777
  1091    777
  1092    777
  1093    777
  1102    777
  1103    777
  1104    777
  1105    777
  1106    777
  1107    777
  1108    777
  1109    777
  1110    777
  1111    777
  1112    777
  1113    777
  1114    777
  1057    778
  1058    778
  1059    778
  1060    778
  1061    778
  1062    778
  1063    778
  1064    778
  1065    778
  1066    778
  1067    778
  1068    778
  1069    778
  1080    778
  1081    778
  1082    778
  1083    778
  1084    778
  1085    778
  1086    778
  1087    778
  1088    778
  1089    778
  1090    778
  1091    778
  1101    778
  1102    778
  1103    778
  1104    778
  1105    778
  1106    778
  1107    778
  1108    778
  1109    778
  1110    778
  1111    778
  1112    778
  1113    778
  1056    779
  1057    779
  1058    779
  1059    779
  1060    779
  1061    779
  1062    779
  1063    779
  1064    779
  1065    779
  1066    779
  1067    779
  1068    779
  1079    779
  1080    779
  1081    779
  1082    779
  1083    779
  1084    779
  1085    779
  1086    779
  1087    779
  1088    779
  1089    779
  1099    779
  1100    779
  1101    779
  1102    779
  1103    779
  1104    779
  1105    779
  1106    779
  1107    779
  1108    779
  1109    779
  1110    779
  1111    779
  1054    780
  1055    780
  1056    780
  1057    780
  1058    780
  1059    780
  1060    780
  1061    780
  1062    780
  1063    780
  1064    780
  1065    780
  1077    780
  1078    780
  1079    780
  1080    780
  1081    780
  1082    780
  1083    780
  1084    780
  1085    780
  1086    780
  1087    780
  1088    780
  1097    780
  1098    780
  1099    780
  1100    780
  1101    780
  1102    780
  1103    780
  1104    780
  1105    780
  1106    780
  1107    780
  1108    780
  1109    780
  1055    781
  1056    781
  1057    781
  1058    781
  1059    781
  1060    781
  1061    781
  1062    781
  1063    781
  1064    781
  1075    781
  1076    781
  1077    781
  1078    781
  1079    781
  1080    781
  1081    781
  1082    781
  1083    781
  1084    781
  1085    781
  1100    781
  1101    781
  1102    781
  1103    781
  1104    781
  1105    781
  1106    781
  1107    781
  1108    781
  1072    782
  1073    782
  1074    782
  1075    782
  1076    782
  1077    782
  1078    782
  1079    782
  1080    782
  1081    782
  1082    782
  1083    782
  1084    782
  1105    782
  1106    782
  1071    783
  1072    783
  1073    783
  1074    783
  1075    783
  1076    783
  1077    783
  1078    783
  1079    783
  1080    783
  1081    783
  1082    783
  1069    784
  1070    784
  1071    784
  1072    784
  1073    784
  1074    784
  1075    784
  1076    784
  1077    784
  1078    784
  1079    784
  1080    784
  1081    784
  1068    785
  1069    785
  1070    785
  1071    785
  1072    785
  1073    785
  1074    785
  1075    785
  1076    785
  1077    785
  1078    785
  1079    785
  1080    785
  1066    786
  1067    786
  1068    786
  1069    786
  1070    786
  1071    786
  1072    786
  1073    786
  1074    786
  1075    786
  1076    786
  1077    786
  1078    786
  1064    787
  1065    787
  1066    787
  1067    787
  1068    787
  1069    787
  1070    787
  1071    787
  1072    787
  1073    787
  1074    787
  1075    787
  1076    787
  1063    788
  1064    788
  1065    788
  1066    788
  1067    788
  1068    788
  1069    788
  1070    788
  1071    788
  1072    788
  1073    788
  1062    789
  1063    789
  1064    789
  1065    789
  1066    789
  1067    789
  1068    789
  1069    789
  1070    789
  1071    789
  1072    789
  1073    789
  1060    790
  1061    790
  1062    790
  1063    790
  1064    790
  1065    790
  1066    790
  1067    790
  1068    790
  1069    790
  1070    790
  1071    790
  1058    791
  1059    791
  1060    791
  1061    791
  1062    791
  1063    791
  1064    791
  1065    791
  1066    791
  1067    791
  1068    791
  1069    791
  1070    791
  1057    792
  1058    792
  1059    792
  1060    792
  1061    792
  1062    792
  1063    792
  1064    792
  1065    792
  1066    792
  1067    792
  1068    792
  1069    792
