  1374    712
  1375    712
  1376    712
  1377    712
  1380    712
  1381    712
  1362    713
  1363    713
  1364    713
  1365    713
  1366    713
  1367    713
  1368    713
  1369    713
  1370    713
  1371    713
  1372    713
  1373    713
  1374    713
  1375    713
  1353    714
  1354    714
  1355    714
  1356    714
  1357    714
  1358    714
  1359    714
  1360    714
  1365    714
  1366    714
  1367    714
  1368    714
  1369    714
  1370    714
  1371    714
  1372    714
  1373    714
  1379    714
  1380    714
  1381    714
  1357    715
  1358    715
  1359    715
  1360    715
  1361    715
  1362    715
  1363    715
  1364    715
  1365    715
  1366    715
  1367    715
  1368    715
  1369    715
  1370    715
  1371    715
  1372    715
  1373    715
  1374    715
  1332    716
  1333    716
  1334    716
  1335    716
  1336    716
  1356    716
  1357    716
  1358    716
  1363    716
  1364    716
  1365    716
  1325    717
  1326    717
  1330    717
  1331    717
  1332    717
  1333    717
  1334    717
  1335    717
  1336    717
  1337    717
  1338    717
  1339    717
  1340    717
  1357    717
  1358    717
  1359    717
  1321    718
  1322    718
  1323    718
  1330    718
  1331    718
  1332    718
  1333    718
  1334    718
  1335    718
  1336    718
  1337    718
  1338    718
  1341    718
  1342    718
  1297    719
  1298    719
  1299    719
  1300    719
  1301    719
  1302    719
  1303    719
  1304    719
  1305    719
  1306    719
  1307    719
  1312    719
  1313    719
  1314    719
  1315    719
  1321    719
  1322    719
  1323    719
  1324    719
  1325    719
  1326    719
  1327    719
  1328    719
  1329    719
  1330    719
  1331    719
  1286    720
  1287    720
  1288    720
  1289    720
  1290    720
  1291    720
  1292    720
  1293    720
  1294    720
  1295    720
  1296    720
  1297    720
  1298    720
  1299    720
  1300    720
  1301    720
  1302    720
  1303    720
  1304    720
  1315    720
  1316    720
  1317    720
  1318    720
  1319    720
  1320    720
  1273    721
  1274    721
  1275    721
  1276    721
  1277    721
  1278    721
  1279    721
  1280    721
  1281    721
  1282    721
  1283    721
  1284    721
  1285    721
  1286    721
  1287    721
  1288    721
  1289    721
  1290    721
  1291    721
  1292    721
  1293    721
  1294    721
  1295    721
  1296    721
  1297    721
  1298    721
  1299    721
  1300    721
  1301    721
  1302    721
  1303    721
  1307    721
  1308    721
  1309    721
  1310    721
  1311    721
  1261    722
  1262    722
  1263    722
  1266    722
  1267    722
  1268    722
  1269    722
  1270    722
  1271    722
  1272    722
  1273    722
  1274    722
  1275    722
  1276    722
  1277    722
  1278    722
  1279    722
  1280    722
  1281    722
  1282    722
  1283    722
  1284    722
  1285    722
  1286    722
  1287    722
  1288    722
  1289    722
  1292    722
  1293    722
  1294    722
  1295    722
  1296    722
  1297    722
  1298    722
  1299    722
  1300    722
  1301    722
  1302    722
  1303    722
  1304    722
  1305    722
  1306    722
  1307    722
  1308    722
  1309    722
  1319    722
  1320    722
  1249    723
  1250    723
  1268    723
  1269    723
  1271    723
  1275    723
  1276    723
  1277    723
  1278    723
  1279    723
  1280    723
  1281    723
  1282    723
  1283    723
  1284    723
  1285    723
  1286    723
  1287    723
  1288    723
  1289    723
  1290    723
  1291    723
  1292    723
  1293    723
  1294    723
  1295    723
  1296    723
  1297    723
  1298    723
  1299    723
  1300    723
  1301    723
  1302    723
  1248    724
  1249    724
  1250    724
  1251    724
  1252    724
  1253    724
  1254    724
  1255    724
  1256    724
  1257    724
  1258    724
  1259    724
  1260    724
  1281    724
  1282    724
  1283    724
  1284    724
  1285    724
  1286    724
  1287    724
  1288    724
  1289    724
  1299    724
  1300    724
  1236    725
  1237    725
  1238    725
  1239    725
  1240    725
  1241    725
  1242    725
  1247    725
  1248    725
  1249    725
  1250    725
  1276    725
  1277    725
  1278    725
  1279    725
  1280    725
  1281    725
  1282    725
  1283    725
  1284    725
  1285    725
  1286    725
  1287    725
  1208    726
  1209    726
  1210    726
  1211    726
  1212    726
  1213    726
  1214    726
  1215    726
  1216    726
  1217    726
  1221    726
  1222    726
  1223    726
  1224    726
  1225    726
  1226    726
  1240    726
  1241    726
  1242    726
  1243    726
  1244    726
  1245    726
  1246    726
  1257    726
  1258    726
  1259    726
  1260    726
  1261    726
  1262    726
  1263    726
  1264    726
  1265    726
  1266    726
  1269    726
  1270    726
  1271    726
  1272    726
  1273    726
  1276    726
  1277    726
  1278    726
  1279    726
  1280    726
  1281    726
  1282    726
  1283    726
  1284    726
  1285    726
  1286    726
  1287    726
  1288    726
  1198    727
  1199    727
  1200    727
  1207    727
  1208    727
  1209    727
  1210    727
  1211    727
  1212    727
  1213    727
  1214    727
  1229    727
  1230    727
  1231    727
  1232    727
  1233    727
  1249    727
  1250    727
  1251    727
  1252    727
  1253    727
  1254    727
  1255    727
  1256    727
  1257    727
  1258    727
  1259    727
  1260    727
  1261    727
  1262    727
  1263    727
  1264    727
  1265    727
  1266    727
  1267    727
  1268    727
  1269    727
  1270    727
  1271    727
  1272    727
  1273    727
  1276    727
  1277    727
  1278    727
  1279    727
  1280    727
  1281    727
  1282    727
  1283    727
  1284    727
  1285    727
  1186    728
  1187    728
  1188    728
  1189    728
  1190    728
  1243    728
  1244    728
  1245    728
  1246    728
  1247    728
  1248    728
  1249    728
  1250    728
  1251    728
  1252    728
  1253    728
  1254    728
  1255    728
  1256    728
  1257    728
  1258    728
  1259    728
  1260    728
  1261    728
  1262    728
  1263    728
  1264    728
  1265    728
  1269    728
  1270    728
  1271    728
  1272    728
  1276    728
  1277    728
  1278    728
  1279    728
  1280    728
  1237    729
  1238    729
  1239    729
  1241    729
  1242    729
  1243    729
  1244    729
  1245    729
  1246    729
  1250    729
  1251    729
  1252    729
  1253    729
  1254    729
  1255    729
  1256    729
  1257    729
  1258    729
  1259    729
  1264    729
  1265    729
  1266    729
  1267    729
  1271    729
  1272    729
  1192    730
  1193    730
  1194    730
  1229    730
  1230    730
  1231    730
  1232    730
  1238    730
  1239    730
  1244    730
  1245    730
  1246    730
  1247    730
  1248    730
  1249    730
  1250    730
  1251    730
  1252    730
  1253    730
  1258    730
  1259    730
  1260    730
  1261    730
  1262    730
  1266    730
  1267    730
  1221    731
  1222    731
  1223    731
  1224    731
  1225    731
  1226    731
  1227    731
  1230    731
  1231    731
  1232    731
  1238    731
  1239    731
  1240    731
  1244    731
  1245    731
  1246    731
  1247    731
  1252    731
  1253    731
  1254    731
  1255    731
  1258    731
  1259    731
  1260    731
  1261    731
  1222    732
  1223    732
  1224    732
  1225    732
  1226    732
  1227    732
  1231    732
  1232    732
  1233    732
  1252    732
  1253    732
  1254    732
  1226    733
  1227    733
  1228    733
  1229    733
  1230    733
  1231    733
  1232    733
  1220    734
  1221    734
  1222    734
  1223    734
  1224    734
  1225    734
  1226    734
  1227    734
  1228    734
  1229    734
  1201    735
  1202    735
  1203    735
  1204    735
  1205    735
  1206    735
  1207    735
  1208    735
  1209    735
  1210    735
  1215    735
  1216    735
  1217    735
  1218    735
  1219    735
  1220    735
  1221    735
  1222    735
  1223    735
  1224    735
  1229    735
  1230    735
  1231    735
  1232    735
  1233    735
  1196    736
  1197    736
  1198    736
  1199    736
  1200    736
  1201    736
  1202    736
  1203    736
  1204    736
  1205    736
  1206    736
  1211    736
  1212    736
  1213    736
  1214    736
  1215    736
  1216    736
  1217    736
  1218    736
  1219    736
  1225    736
  1226    736
  1227    736
  1228    736
  1191    737
  1192    737
  1193    737
  1194    737
  1195    737
  1196    737
  1197    737
  1198    737
  1199    737
  1200    737
  1201    737
  1206    737
  1207    737
  1208    737
  1209    737
  1210    737
  1211    737
  1212    737
  1213    737
  1214    737
  1220    737
  1221    737
  1222    737
  1223    737
  1227    737
  1228    737
  1229    737
  1185    738
  1186    738
  1187    738
  1188    738
  1189    738
  1190    738
  1191    738
  1192    738
  1193    738
  1194    738
  1195    738
  1201    738
  1202    738
  1203    738
  1204    738
  1205    738
  1206    738
  1207    738
  1208    738
  1209    738
  1210    738
  1215    738
  1216    738
  1217    738
  1218    738
  1219    738
  1220    738
  1221    738
  1222    738
  1223    738
  1224    738
  1225    738
  1181    739
  1182    739
  1183    739
  1184    739
  1185    739
  1186    739
  1187    739
  1188    739
  1189    739
  1190    739
  1196    739
  1197    739
  1198    739
  1199    739
  1200    739
  1201    739
  1202    739
  1203    739
  1204    739
  1205    739
  1210    739
  1211    739
  1212    739
  1213    739
  1214    739
  1217    739
  1218    739
  1219    739
  1220    739
  1176    740
  1177    740
  1178    740
  1179    740
  1180    740
  1181    740
  1182    740
  1183    740
  1184    740
  1185    740
  1192    740
  1193    740
  1194    740
  1195    740
  1196    740
  1197    740
  1198    740
  1199    740
  1200    740
  1206    740
  1207    740
  1208    740
  1209    740
  1214    740
  1215    740
  1171    741
  1172    741
  1173    741
  1174    741
  1175    741
  1176    741
  1177    741
  1178    741
  1179    741
  1180    741
  1181    741
  1187    741
  1188    741
  1189    741
  1190    741
  1191    741
  1192    741
  1193    741
  1194    741
  1195    741
  1196    741
  1202    741
  1203    741
  1204    741
  1205    741
  1210    741
  1211    741
  1167    742
  1168    742
  1169    742
  1170    742
  1171    742
  1172    742
  1173    742
  1174    742
  1175    742
  1176    742
  1182    742
  1183    742
  1184    742
  1185    742
  1186    742
  1187    742
  1188    742
  1189    742
  1190    742
  1191    742
  1198    742
  1199    742
  1200    742
  1201    742
  1204    742
  1205    742
  1206    742
  1207    742
  1166    743
  1167    743
  1168    743
  1169    743
  1170    743
  1171    743
  1172    743
  1178    743
  1179    743
  1180    743
  1181    743
  1182    743
  1185    743
  1186    743
  1187    743
  1194    743
  1195    743
  1196    743
  1201    743
  1202    743
  1203    743
  1174    744
  1175    744
  1176    744
  1177    744
  1179    744
  1180    744
  1181    744
  1182    744
  1183    744
  1197    744
  1198    744
  1199    744
  1200    744
  1170    745
  1171    745
  1172    745
  1173    745
  1174    745
  1175    745
  1176    745
  1177    745
  1178    745
  1179    745
  1180    745
  1167    746
  1168    746
  1169    746
  1170    746
  1171    746
  1172    746
  1173    746
  1174    746
  1175    746
  1149    747
  1150    747
  1151    747
  1152    747
  1153    747
  1163    747
  1164    747
  1165    747
  1166    747
  1167    747
  1168    747
  1169    747
  1170    747
  1171    747
  1143    748
  1144    748
  1145    748
  1146    748
  1151    748
  1152    748
  1153    748
  1154    748
  1159    748
  1160    748
  1161    748
  1162    748
  1164    748
  1165    748
  1166    748
  1167    748
  1168    748
  1169    748
  1176    748
  1177    748
  1178    748
  1139    749
  1140    749
  1141    749
  1142    749
  1143    749
  1144    749
  1147    749
  1148    749
  1149    749
  1150    749
  1156    749
  1157    749
  1158    749
  1159    749
  1162    749
  1163    749
  1164    749
  1165    749
  1172    749
  1173    749
  1174    749
  1175    749
  1176    749
  1136    750
  1137    750
  1138    750
  1139    750
  1140    750
  1141    750
  1142    750
  1143    750
  1144    750
  1145    750
  1146    750
  1147    750
  1153    750
  1154    750
  1155    750
  1156    750
  1157    750
  1158    750
  1159    750
  1160    750
  1161    750
  1162    750
  1170    750
  1171    750
  1172    750
  1173    750
  1174    750
  1178    750
  1179    750
  1180    750
  1133    751
  1134    751
  1135    751
  1136    751
  1137    751
  1138    751
  1139    751
  1140    751
  1141    751
  1142    751
  1143    751
  1150    751
  1151    751
  1152    751
  1155    751
  1156    751
  1157    751
  1158    751
  1159    751
  1167    751
  1168    751
  1169    751
  1170    751
  1171    751
  1172    751
  1174    751
  1175    751
  1176    751
  1129    752
  1130    752
  1131    752
  1132    752
  1133    752
  1134    752
  1135    752
  1136    752
  1137    752
  1138    752
  1139    752
  1147    752
  1148    752
  1149    752
  1150    752
  1151    752
  1152    752
  1153    752
  1154    752
  1155    752
  1156    752
  1163    752
  1164    752
  1165    752
  1166    752
  1167    752
  1168    752
  1169    752
  1171    752
  1172    752
  1173    752
  1127    753
  1128    753
  1129    753
  1130    753
  1131    753
  1132    753
  1133    753
  1134    753
  1135    753
  1136    753
  1143    753
  1144    753
  1145    753
  1146    753
  1147    753
  1148    753
  1149    753
  1150    753
  1151    753
  1152    753
  1153    753
  1161    753
  1162    753
  1163    753
  1164    753
  1165    753
  1166    753
  1167    753
  1168    753
  1169    753
  1170    753
  1171    753
  1123    754
  1124    754
  1125    754
  1126    754
  1127    754
  1128    754
  1129    754
  1130    754
  1131    754
  1132    754
  1133    754
  1134    754
  1141    754
  1142    754
  1143    754
  1144    754
  1145    754
  1146    754
  1147    754
  1148    754
  1149    754
  1150    754
  1151    754
  1158    754
  1159    754
  1160    754
  1161    754
  1162    754
  1163    754
  1164    754
  1165    754
  1166    754
  1167    754
  1168    754
  1120    755
  1121    755
  1122    755
  1123    755
  1124    755
  1125    755
  1126    755
  1127    755
  1128    755
  1129    755
  1130    755
  1131    755
  1138    755
  1139    755
  1140    755
  1141    755
  1145    755
  1146    755
  1147    755
  1155    755
  1156    755
  1157    755
  1158    755
  1159    755
  1160    755
  1161    755
  1163    755
  1164    755
  1165    755
  1166    755
  1117    756
  1118    756
  1119    756
  1120    756
  1121    756
  1122    756
  1123    756
  1124    756
  1125    756
  1126    756
  1127    756
  1128    756
  1135    756
  1136    756
  1137    756
  1138    756
  1139    756
  1143    756
  1144    756
  1153    756
  1154    756
  1155    756
  1156    756
  1157    756
  1158    756
  1161    756
  1162    756
  1163    756
  1115    757
  1116    757
  1117    757
  1118    757
  1119    757
  1120    757
  1121    757
  1122    757
  1123    757
  1124    757
  1125    757
  1133    757
  1134    757
  1135    757
  1136    757
  1137    757
  1138    757
  1140    757
  1141    757
  1150    757
  1151    757
  1152    757
  1153    757
  1154    757
  1155    757
  1156    757
  1157    757
  1158    757
  1159    757
  1160    757
  1161    757
  1112    758
  1113    758
  1114    758
  1115    758
  1116    758
  1117    758
  1118    758
  1119    758
  1120    758
  1121    758
  1122    758
  1123    758
  1130    758
  1131    758
  1132    758
  1133    758
  1134    758
  1135    758
  1138    758
  1139    758
  1140    758
  1148    758
  1149    758
  1150    758
  1151    758
  1152    758
  1153    758
  1154    758
  1155    758
  1156    758
  1157    758
  1158    758
  1159    758
  1114    759
  1115    759
  1116    759
  1117    759
  1118    759
  1119    759
  1120    759
  1127    759
  1128    759
  1129    759
  1130    759
  1131    759
  1132    759
  1133    759
  1134    759
  1135    759
  1136    759
  1137    759
  1153    759
  1154    759
  1155    759
  1156    759
  1125    760
  1126    760
  1127    760
  1128    760
  1129    760
  1130    760
  1131    760
  1132    760
  1133    760
  1134    760
  1135    760
  1152    760
  1153    760
  1154    760
  1123    761
  1124    761
  1125    761
  1126    761
  1127    761
  1128    761
  1129    761
  1130    761
  1131    761
  1132    761
  1121    762
  1122    762
  1123    762
  1124    762
  1125    762
  1126    762
  1127    762
  1128    762
  1129    762
  1130    762
  1118    763
  1119    763
  1120    763
  1121    763
  1122    763
  1123    763
  1124    763
  1125    763
  1126    763
  1127    763
  1116    764
  1117    764
  1118    764
  1119    764
  1120    764
  1121    764
  1122    764
  1123    764
  1124    764
  1125    764
  1126    764
  1095    765
  1096    765
  1097    765
  1098    765
  1099    765
  1113    765
  1114    765
  1115    765
  1116    765
  1117    765
  1118    765
  1119    765
  1120    765
  1121    765
  1122    765
  1123    765
  1091    766
  1092    766
  1093    766
  1094    766
  1095    766
  1096    766
  1097    766
  1098    766
  1111    766
  1112    766
  1113    766
  1114    766
  1115    766
  1116    766
  1117    766
  1118    766
  1119    766
  1120    766
  1121    766
  1130    766
  1131    766
  1132    766
  1133    766
  1134    766
  1135    766
  1136    766
  1088    767
  1089    767
  1090    767
  1091    767
  1092    767
  1093    767
  1094    767
  1095    767
  1096    767
  1097    767
  1098    767
  1099    767
  1100    767
  1109    767
  1110    767
  1111    767
  1112    767
  1113    767
  1114    767
  1115    767
  1116    767
  1117    767
  1118    767
  1127    767
  1128    767
  1129    767
  1130    767
  1131    767
  1132    767
  1133    767
  1134    767
  1138    767
  1139    767
  1086    768
  1087    768
  1088    768
  1089    768
  1090    768
  1091    768
  1092    768
  1093    768
  1094    768
  1095    768
  1096    768
  1097    768
  1106    768
  1107    768
  1108    768
  1109    768
  1110    768
  1111    768
  1112    768
  1113    768
  1114    768
  1115    768
  1116    768
  1117    768
  1125    768
  1126    768
  1127    768
  1128    768
  1129    768
  1130    768
  1131    768
  1132    768
  1133    768
  1134    768
  1135    768
  1136    768
  1083    769
  1084    769
  1085    769
  1086    769
  1087    769
  1088    769
  1089    769
  1090    769
  1091    769
  1092    769
  1093    769
  1094    769
  1095    769
  1104    769
  1105    769
  1106    769
  1107    769
  1108    769
  1109    769
  1110    769
  1111    769
  1112    769
  1113    769
  1114    769
  1123    769
  1124    769
  1125    769
  1126    769
  1127    769
  1128    769
  1129    769
  1130    769
  1131    769
  1132    769
  1133    769
  1134    769
  1080    770
  1081    770
  1082    770
  1083    770
  1084    770
  1085    770
  1086    770
  1087    770
  1088    770
  1089    770
  1090    770
  1091    770
  1092    770
  1102    770
  1103    770
  1104    770
  1105    770
  1106    770
  1107    770
  1108    770
  1109    770
  1110    770
  1111    770
  1112    770
  1121    770
  1122    770
  1123    770
  1124    770
  1125    770
  1126    770
  1127    770
  1128    770
  1129    770
  1130    770
  1131    770
  1132    770
  1078    771
  1079    771
  1080    771
  1081    771
  1082    771
  1083    771
  1084    771
  1085    771
  1086    771
  1087    771
  1088    771
  1089    771
  1090    771
  1100    771
  1101    771
  1102    771
  1103    771
  1104    771
  1105    771
  1106    771
  1107    771
  1108    771
  1109    771
  1110    771
  1111    771
  1119    771
  1120    771
  1121    771
  1122    771
  1123    771
  1124    771
  1125    771
  1126    771
  1127    771
  1128    771
  1129    771
  1130    771
  1131    771
  1076    772
  1077    772
  1078    772
  1079    772
  1080    772
  1081    772
  1082    772
  1083    772
  1084    772
  1085    772
  1086    772
  1087    772
  1088    772
  1098    772
  1099    772
  1100    772
  1101    772
  1102    772
  1103    772
  1104    772
  1105    772
  1106    772
  1107    772
  1108    772
  1109    772
  1117    772
  1118    772
  1119    772
  1120    772
  1121    772
  1122    772
  1123    772
  1124    772
  1125    772
  1126    772
  1127    772
  1128    772
  1129    772
  1074    773
  1075    773
  1076    773
  1077    773
  1078    773
  1079    773
  1080    773
  1081    773
  1082    773
  1083    773
  1084    773
  1085    773
  1086    773
  1096    773
  1097    773
  1098    773
  1099    773
  1100    773
  1101    773
  1102    773
  1103    773
  1104    773
  1105    773
  1106    773
  1107    773
  1115    773
  1116    773
  1117    773
  1118    773
  1119    773
  1120    773
  1121    773
  1122    773
  1123    773
  1124    773
  1125    773
  1126    773
  1127    773
  1071    774
  1072    774
  1073    774
  1074    774
  1075    774
  1076    774
  1077    774
  1078    774
  1079    774
  1080    774
  1081    774
  1082    774
  1083    774
  1084    774
  1094    774
  1095    774
  1096    774
  1097    774
  1098    774
  1099    774
  1100    774
  1101    774
  1102    774
  1103    774
  1104    774
  1105    774
  1113    774
  1114    774
  1115    774
  1116    774
  1117    774
  1118    774
  1119    774
  1120    774
  1121    774
  1122    774
  1123    774
  1124    774
  1125    774
  1069    775
  1070    775
  1071    775
  1072    775
  1073    775
  1074    775
  1075    775
  1076    775
  1077    775
  1078    775
  1079    775
  1080    775
  1081    775
  1092    775
  1093    775
  1094    775
  1095    775
  1096    775
  1097    775
  1098    775
  1099    775
  1100    775
  1101    775
  1102    775
  1103    775
  1111    775
  1112    775
  1113    775
  1114    775
  1115    775
  1116    775
  1117    775
  1118    775
  1119    775
  1120    775
  1121    775
  1122    775
  1123    775
  1124    775
  1068    776
  1069    776
  1070    776
  1071    776
  1072    776
  1073    776
  1074    776
  1075    776
  1076    776
  1077    776
  1078    776
  1079    776
  1080    776
  1090    776
  1091    776
  1092    776
  1093    776
  1094    776
  1095    776
  1096    776
  1097    776
  1098    776
  1099    776
  1100    776
  1101    776
  1110    776
  1111    776
  1112    776
  1113    776
  1114    776
  1115    776
  1116    776
  1117    776
  1118    776
  1119    776
  1120    776
  1121    776
  1122    776
  1065    777
  1066    777
  1067    777
  1068    777
  1069    777
  1070    777
  1071    777
  1072    777
  1073    777
  1074    777
  1075    777
  1076    777
  1077    777
  1088    777
  1089    777
  1090    777
  1091    777
  1092    777
  1093    777
  1094    777
  1095    777
  1096    777
  1097    777
  1098    777
  1099    777
  1100    777
  1108    777
  1109    777
  1110    777
  1111    777
  1112    777
  1113    777
  1114    777
  1115    777
  1116    777
  1117    777
  1118    777
  1119    777
  1120    777
  1121    777
  1063    778
  1064    778
  1065    778
  1066    778
  1067    778
  1068    778
  1069    778
  1070    778
  1071    778
  1072    778
  1073    778
  1074    778
  1075    778
  1076    778
  1087    778
  1088    778
  1089    778
  1090    778
  1091    778
  1092    778
  1093    778
  1094    778
  1095    778
  1096    778
  1097    778
  1106    778
  1107    778
  1108    778
  1109    778
  1110    778
  1111    778
  1112    778
  1113    778
  1114    778
  1115    778
  1116    778
  1117    778
  1118    778
  1119    778
  1061    779
  1062    779
  1063    779
  1064    779
  1065    779
  1066    779
  1067    779
  1068    779
  1069    779
  1070    779
  1071    779
  1072    779
  1073    779
  1074    779
  1085    779
  1086    779
  1087    779
  1088    779
  1089    779
  1090    779
  1091    779
  1092    779
  1093    779
  1094    779
  1095    779
  1096    779
  1104    779
  1105    779
  1106    779
  1107    779
  1108    779
  1109    779
  1110    779
  1111    779
  1112    779
  1113    779
  1114    779
  1115    779
  1116    779
  1117    779
  1059    780
  1060    780
  1061    780
  1062    780
  1063    780
  1064    780
  1065    780
  1066    780
  1067    780
  1068    780
  1069    780
  1070    780
  1071    780
  1072    780
  1083    780
  1084    780
  1085    780
  1086    780
  1087    780
  1088    780
  1089    780
  1090    780
  1091    780
  1092    780
  1093    780
  1094    780
  1103    780
  1104    780
  1105    780
  1106    780
  1107    780
  1108    780
  1109    780
  1110    780
  1111    780
  1112    780
  1113    780
  1114    780
  1115    780
  1116    780
  1058    781
  1059    781
  1060    781
  1061    781
  1062    781
  1063    781
  1064    781
  1065    781
  1066    781
  1067    781
  1068    781
  1069    781
  1070    781
  1081    781
  1082    781
  1083    781
  1084    781
  1085    781
  1086    781
  1087    781
  1088    781
  1089    781
  1090    781
  1091    781
  1092    781
  1102    781
  1103    781
  1104    781
  1105    781
  1106    781
  1107    781
  1108    781
  1109    781
  1110    781
  1111    781
  1112    781
  1113    781
  1114    781
  1055    782
  1056    782
  1057    782
  1058    782
  1059    782
  1060    782
  1061    782
  1062    782
  1063    782
  1064    782
  1065    782
  1066    782
  1067    782
  1068    782
  1079    782
  1080    782
  1081    782
  1082    782
  1083    782
  1084    782
  1085    782
  1086    782
  1087    782
  1088    782
  1089    782
  1090    782
  1100    782
  1101    782
  1102    782
  1103    782
  1104    782
  1105    782
  1106    782
  1107    782
  1108    782
  1109    782
  1110    782
  1111    782
  1112    782
  1058    783
  1059    783
  1060    783
  1061    783
  1062    783
  1063    783
  1064    783
  1065    783
  1066    783
  1067    783
  1077    783
  1078    783
  1079    783
  1080    783
  1081    783
  1082    783
  1083    783
  1084    783
  1085    783
  1086    783
  1087    783
  1088    783
  1089    783
  1104    783
  1105    783
  1106    783
  1107    783
  1108    783
  1109    783
  1110    783
  1111    783
  1076    784
  1077    784
  1078    784
  1079    784
  1080    784
  1081    784
  1082    784
  1083    784
  1084    784
  1085    784
  1086    784
  1087    784
  1074    785
  1075    785
  1076    785
  1077    785
  1078    785
  1079    785
  1080    785
  1081    785
  1082    785
  1083    785
  1084    785
  1085    785
  1072    786
  1073    786
  1074    786
  1075    786
  1076    786
  1077    786
  1078    786
  1079    786
  1080    786
  1081    786
  1082    786
  1083    786
  1084    786
  1071    787
  1072    787
  1073    787
  1074    787
  1075    787
  1076    787
  1077    787
  1078    787
  1079    787
  1080    787
  1081    787
  1082    787
  1069    788
  1070    788
  1071    788
  1072    788
  1073    788
  1074    788
  1075    788
  1076    788
  1077    788
  1078    788
  1079    788
  1068    789
  1069    789
  1070    789
  1071    789
  1072    789
  1073    789
  1074    789
  1075    789
  1076    789
  1077    789
  1066    790
  1067    790
  1068    790
  1069    790
  1070    790
  1071    790
  1072    790
  1073    790
  1074    790
  1075    790
  1076    790
  1065    791
  1066    791
  1067    791
  1068    791
  1069    791
  1070    791
  1071    791
  1072    791
  1073    791
  1074    791
  1075    791
  1076    791
  1063    792
  1064    792
  1065    792
  1066    792
  1067    792
  1068    792
  1069    792
  1070    792
  1071    792
  1072    792
  1073    792
  1074    792
  1075    792
