  1367    712
  1368    712
  1369    712
  1370    712
  1371    712
  1358    713
  1359    713
  1360    713
  1361    713
  1345    714
  1346    714
  1347    714
  1348    714
  1349    714
  1350    714
  1351    714
  1352    714
  1353    714
  1354    714
  1355    714
  1356    714
  1357    714
  1358    714
  1359    714
  1360    714
  1373    714
  1333    715
  1334    715
  1335    715
  1336    715
  1337    715
  1353    715
  1354    715
  1355    715
  1356    715
  1357    715
  1358    715
  1359    715
  1360    715
  1324    716
  1325    716
  1328    716
  1329    716
  1330    716
  1331    716
  1332    716
  1333    716
  1334    716
  1335    716
  1356    716
  1357    716
  1358    716
  1359    716
  1317    717
  1318    717
  1319    717
  1320    717
  1321    717
  1322    717
  1323    717
  1324    717
  1325    717
  1330    717
  1331    717
  1332    717
  1333    717
  1334    717
  1335    717
  1336    717
  1300    718
  1301    718
  1302    718
  1303    718
  1312    718
  1313    718
  1314    718
  1321    718
  1322    718
  1323    718
  1324    718
  1325    718
  1326    718
  1327    718
  1328    718
  1329    718
  1330    718
  1331    718
  1332    718
  1291    719
  1292    719
  1293    719
  1294    719
  1295    719
  1296    719
  1297    719
  1298    719
  1299    719
  1300    719
  1301    719
  1302    719
  1303    719
  1304    719
  1305    719
  1315    719
  1316    719
  1317    719
  1318    719
  1319    719
  1320    719
  1321    719
  1322    719
  1323    719
  1329    719
  1330    719
  1331    719
  1334    719
  1275    720
  1276    720
  1277    720
  1278    720
  1279    720
  1280    720
  1281    720
  1282    720
  1283    720
  1284    720
  1285    720
  1286    720
  1287    720
  1288    720
  1289    720
  1290    720
  1291    720
  1292    720
  1293    720
  1294    720
  1295    720
  1296    720
  1297    720
  1298    720
  1299    720
  1300    720
  1306    720
  1307    720
  1308    720
  1312    720
  1313    720
  1314    720
  1315    720
  1316    720
  1261    721
  1262    721
  1263    721
  1264    721
  1265    721
  1266    721
  1267    721
  1268    721
  1269    721
  1270    721
  1271    721
  1272    721
  1273    721
  1274    721
  1275    721
  1276    721
  1277    721
  1278    721
  1279    721
  1280    721
  1281    721
  1282    721
  1283    721
  1284    721
  1285    721
  1286    721
  1290    721
  1291    721
  1292    721
  1293    721
  1294    721
  1295    721
  1296    721
  1297    721
  1298    721
  1299    721
  1300    721
  1301    721
  1302    721
  1303    721
  1304    721
  1305    721
  1306    721
  1317    721
  1318    721
  1319    721
  1259    722
  1260    722
  1261    722
  1262    722
  1263    722
  1264    722
  1265    722
  1266    722
  1267    722
  1268    722
  1269    722
  1270    722
  1271    722
  1272    722
  1273    722
  1274    722
  1275    722
  1276    722
  1277    722
  1278    722
  1279    722
  1280    722
  1281    722
  1282    722
  1283    722
  1284    722
  1285    722
  1286    722
  1287    722
  1288    722
  1289    722
  1290    722
  1291    722
  1292    722
  1293    722
  1294    722
  1295    722
  1296    722
  1297    722
  1298    722
  1299    722
  1300    722
  1301    722
  1311    722
  1312    722
  1254    723
  1255    723
  1256    723
  1257    723
  1258    723
  1259    723
  1265    723
  1266    723
  1267    723
  1268    723
  1269    723
  1270    723
  1271    723
  1276    723
  1277    723
  1278    723
  1279    723
  1280    723
  1281    723
  1282    723
  1283    723
  1284    723
  1285    723
  1289    723
  1290    723
  1291    723
  1295    723
  1296    723
  1297    723
  1303    723
  1304    723
  1238    724
  1239    724
  1240    724
  1241    724
  1246    724
  1247    724
  1248    724
  1276    724
  1277    724
  1278    724
  1279    724
  1280    724
  1281    724
  1282    724
  1283    724
  1216    725
  1217    725
  1218    725
  1219    725
  1220    725
  1221    725
  1222    725
  1223    725
  1224    725
  1225    725
  1226    725
  1227    725
  1239    725
  1240    725
  1241    725
  1242    725
  1243    725
  1257    725
  1258    725
  1259    725
  1260    725
  1261    725
  1262    725
  1267    725
  1268    725
  1269    725
  1270    725
  1271    725
  1272    725
  1273    725
  1274    725
  1275    725
  1276    725
  1278    725
  1279    725
  1280    725
  1281    725
  1282    725
  1201    726
  1202    726
  1203    726
  1204    726
  1205    726
  1206    726
  1207    726
  1208    726
  1209    726
  1220    726
  1221    726
  1222    726
  1223    726
  1224    726
  1225    726
  1226    726
  1227    726
  1228    726
  1229    726
  1230    726
  1231    726
  1232    726
  1233    726
  1234    726
  1248    726
  1249    726
  1250    726
  1251    726
  1252    726
  1253    726
  1254    726
  1255    726
  1256    726
  1257    726
  1258    726
  1259    726
  1260    726
  1261    726
  1262    726
  1263    726
  1264    726
  1265    726
  1266    726
  1267    726
  1268    726
  1269    726
  1270    726
  1271    726
  1272    726
  1273    726
  1274    726
  1275    726
  1276    726
  1217    727
  1218    727
  1219    727
  1220    727
  1242    727
  1243    727
  1244    727
  1245    727
  1246    727
  1247    727
  1248    727
  1249    727
  1250    727
  1251    727
  1252    727
  1253    727
  1254    727
  1255    727
  1256    727
  1257    727
  1258    727
  1259    727
  1260    727
  1261    727
  1262    727
  1267    727
  1268    727
  1269    727
  1275    727
  1276    727
  1235    728
  1236    728
  1237    728
  1238    728
  1239    728
  1240    728
  1241    728
  1242    728
  1243    728
  1244    728
  1246    728
  1247    728
  1248    728
  1249    728
  1250    728
  1251    728
  1252    728
  1253    728
  1254    728
  1255    728
  1260    728
  1261    728
  1262    728
  1263    728
  1264    728
  1267    728
  1268    728
  1269    728
  1227    729
  1228    729
  1229    729
  1230    729
  1233    729
  1234    729
  1235    729
  1236    729
  1237    729
  1238    729
  1242    729
  1243    729
  1244    729
  1245    729
  1246    729
  1247    729
  1248    729
  1249    729
  1250    729
  1254    729
  1255    729
  1256    729
  1178    730
  1179    730
  1180    730
  1220    730
  1221    730
  1222    730
  1223    730
  1224    730
  1225    730
  1226    730
  1227    730
  1228    730
  1229    730
  1230    730
  1235    730
  1236    730
  1237    730
  1242    730
  1243    730
  1244    730
  1245    730
  1249    730
  1250    730
  1251    730
  1252    730
  1253    730
  1254    730
  1256    730
  1257    730
  1258    730
  1217    731
  1218    731
  1219    731
  1220    731
  1221    731
  1222    731
  1223    731
  1229    731
  1230    731
  1231    731
  1232    731
  1243    731
  1244    731
  1245    731
  1248    731
  1249    731
  1250    731
  1251    731
  1252    731
  1223    732
  1224    732
  1225    732
  1226    732
  1227    732
  1228    732
  1231    732
  1232    732
  1217    733
  1218    733
  1219    733
  1220    733
  1221    733
  1222    733
  1223    733
  1224    733
  1225    733
  1226    733
  1198    734
  1199    734
  1200    734
  1201    734
  1202    734
  1203    734
  1204    734
  1205    734
  1206    734
  1212    734
  1213    734
  1214    734
  1215    734
  1216    734
  1217    734
  1218    734
  1219    734
  1220    734
  1193    735
  1194    735
  1195    735
  1196    735
  1197    735
  1198    735
  1199    735
  1200    735
  1201    735
  1202    735
  1203    735
  1207    735
  1208    735
  1209    735
  1210    735
  1211    735
  1212    735
  1213    735
  1214    735
  1215    735
  1221    735
  1222    735
  1223    735
  1224    735
  1188    736
  1189    736
  1190    736
  1191    736
  1192    736
  1193    736
  1194    736
  1195    736
  1196    736
  1197    736
  1203    736
  1204    736
  1205    736
  1206    736
  1207    736
  1208    736
  1209    736
  1210    736
  1211    736
  1216    736
  1217    736
  1218    736
  1219    736
  1223    736
  1224    736
  1225    736
  1183    737
  1184    737
  1185    737
  1186    737
  1187    737
  1188    737
  1189    737
  1190    737
  1191    737
  1192    737
  1198    737
  1199    737
  1200    737
  1201    737
  1202    737
  1203    737
  1204    737
  1205    737
  1206    737
  1212    737
  1213    737
  1214    737
  1215    737
  1217    737
  1218    737
  1219    737
  1220    737
  1177    738
  1178    738
  1179    738
  1180    738
  1181    738
  1182    738
  1183    738
  1184    738
  1185    738
  1186    738
  1187    738
  1193    738
  1194    738
  1195    738
  1196    738
  1197    738
  1198    738
  1199    738
  1200    738
  1201    738
  1207    738
  1208    738
  1209    738
  1210    738
  1213    738
  1214    738
  1215    738
  1172    739
  1173    739
  1174    739
  1175    739
  1176    739
  1177    739
  1178    739
  1179    739
  1180    739
  1181    739
  1182    739
  1189    739
  1190    739
  1191    739
  1192    739
  1193    739
  1194    739
  1195    739
  1196    739
  1197    739
  1202    739
  1203    739
  1204    739
  1205    739
  1206    739
  1209    739
  1210    739
  1211    739
  1168    740
  1169    740
  1170    740
  1171    740
  1172    740
  1173    740
  1174    740
  1175    740
  1176    740
  1177    740
  1184    740
  1185    740
  1186    740
  1188    740
  1189    740
  1190    740
  1191    740
  1192    740
  1198    740
  1199    740
  1200    740
  1201    740
  1202    740
  1203    740
  1204    740
  1205    740
  1206    740
  1207    740
  1162    741
  1163    741
  1164    741
  1165    741
  1166    741
  1167    741
  1168    741
  1169    741
  1170    741
  1171    741
  1172    741
  1179    741
  1180    741
  1181    741
  1182    741
  1183    741
  1186    741
  1187    741
  1194    741
  1195    741
  1196    741
  1197    741
  1200    741
  1201    741
  1202    741
  1203    741
  1159    742
  1160    742
  1161    742
  1162    742
  1163    742
  1164    742
  1165    742
  1166    742
  1167    742
  1168    742
  1175    742
  1176    742
  1177    742
  1178    742
  1179    742
  1182    742
  1183    742
  1190    742
  1191    742
  1192    742
  1193    742
  1197    742
  1198    742
  1199    742
  1171    743
  1172    743
  1173    743
  1174    743
  1175    743
  1176    743
  1177    743
  1178    743
  1179    743
  1188    743
  1189    743
  1192    743
  1193    743
  1194    743
  1195    743
  1167    744
  1168    744
  1169    744
  1170    744
  1171    744
  1172    744
  1173    744
  1174    744
  1175    744
  1163    745
  1164    745
  1165    745
  1166    745
  1167    745
  1168    745
  1169    745
  1170    745
  1171    745
  1144    746
  1145    746
  1159    746
  1160    746
  1161    746
  1162    746
  1163    746
  1164    746
  1165    746
  1166    746
  1167    746
  1168    746
  1140    747
  1141    747
  1142    747
  1147    747
  1148    747
  1149    747
  1156    747
  1157    747
  1161    747
  1162    747
  1163    747
  1164    747
  1171    747
  1172    747
  1173    747
  1174    747
  1136    748
  1137    748
  1138    748
  1139    748
  1141    748
  1142    748
  1143    748
  1144    748
  1145    748
  1152    748
  1153    748
  1154    748
  1158    748
  1159    748
  1160    748
  1161    748
  1168    748
  1169    748
  1170    748
  1171    748
  1132    749
  1133    749
  1134    749
  1135    749
  1136    749
  1137    749
  1138    749
  1139    749
  1140    749
  1141    749
  1142    749
  1148    749
  1149    749
  1150    749
  1151    749
  1152    749
  1153    749
  1154    749
  1155    749
  1156    749
  1157    749
  1165    749
  1166    749
  1167    749
  1172    749
  1173    749
  1174    749
  1129    750
  1130    750
  1131    750
  1132    750
  1133    750
  1134    750
  1135    750
  1136    750
  1137    750
  1138    750
  1145    750
  1146    750
  1147    750
  1148    750
  1151    750
  1152    750
  1153    750
  1154    750
  1162    750
  1163    750
  1164    750
  1165    750
  1166    750
  1170    750
  1171    750
  1172    750
  1126    751
  1127    751
  1128    751
  1129    751
  1130    751
  1131    751
  1132    751
  1133    751
  1134    751
  1135    751
  1142    751
  1143    751
  1144    751
  1145    751
  1146    751
  1147    751
  1148    751
  1149    751
  1150    751
  1151    751
  1159    751
  1160    751
  1161    751
  1162    751
  1167    751
  1168    751
  1169    751
  1122    752
  1123    752
  1124    752
  1125    752
  1126    752
  1127    752
  1128    752
  1129    752
  1130    752
  1131    752
  1132    752
  1139    752
  1140    752
  1141    752
  1142    752
  1143    752
  1144    752
  1145    752
  1146    752
  1147    752
  1148    752
  1156    752
  1157    752
  1158    752
  1159    752
  1163    752
  1164    752
  1165    752
  1119    753
  1120    753
  1121    753
  1122    753
  1123    753
  1124    753
  1125    753
  1126    753
  1127    753
  1128    753
  1129    753
  1136    753
  1137    753
  1138    753
  1139    753
  1140    753
  1142    753
  1143    753
  1144    753
  1145    753
  1146    753
  1153    753
  1154    753
  1155    753
  1156    753
  1157    753
  1161    753
  1162    753
  1163    753
  1116    754
  1117    754
  1118    754
  1119    754
  1120    754
  1121    754
  1122    754
  1123    754
  1124    754
  1125    754
  1126    754
  1133    754
  1134    754
  1135    754
  1136    754
  1140    754
  1141    754
  1142    754
  1150    754
  1151    754
  1152    754
  1153    754
  1154    754
  1155    754
  1158    754
  1159    754
  1160    754
  1113    755
  1114    755
  1115    755
  1116    755
  1117    755
  1118    755
  1119    755
  1120    755
  1121    755
  1122    755
  1123    755
  1130    755
  1131    755
  1132    755
  1133    755
  1137    755
  1138    755
  1139    755
  1148    755
  1149    755
  1150    755
  1151    755
  1152    755
  1153    755
  1154    755
  1156    755
  1157    755
  1158    755
  1110    756
  1111    756
  1112    756
  1113    756
  1114    756
  1115    756
  1116    756
  1117    756
  1118    756
  1119    756
  1120    756
  1121    756
  1128    756
  1129    756
  1130    756
  1131    756
  1146    756
  1147    756
  1148    756
  1149    756
  1150    756
  1151    756
  1153    756
  1154    756
  1155    756
  1106    757
  1107    757
  1108    757
  1109    757
  1110    757
  1111    757
  1112    757
  1113    757
  1114    757
  1115    757
  1116    757
  1117    757
  1125    757
  1126    757
  1127    757
  1128    757
  1133    757
  1134    757
  1143    757
  1144    757
  1145    757
  1146    757
  1147    757
  1148    757
  1149    757
  1150    757
  1151    757
  1152    757
  1153    757
  1108    758
  1109    758
  1110    758
  1111    758
  1112    758
  1113    758
  1114    758
  1115    758
  1123    758
  1124    758
  1125    758
  1126    758
  1127    758
  1131    758
  1132    758
  1148    758
  1149    758
  1150    758
  1151    758
  1121    759
  1122    759
  1123    759
  1124    759
  1125    759
  1126    759
  1127    759
  1128    759
  1129    759
  1145    759
  1146    759
  1118    760
  1119    760
  1120    760
  1121    760
  1122    760
  1123    760
  1124    760
  1125    760
  1126    760
  1127    760
  1116    761
  1117    761
  1118    761
  1119    761
  1120    761
  1121    761
  1122    761
  1123    761
  1124    761
  1125    761
  1113    762
  1114    762
  1115    762
  1116    762
  1117    762
  1118    762
  1119    762
  1120    762
  1121    762
  1122    762
  1093    763
  1094    763
  1095    763
  1111    763
  1112    763
  1113    763
  1114    763
  1115    763
  1116    763
  1117    763
  1118    763
  1119    763
  1120    763
  1089    764
  1090    764
  1091    764
  1092    764
  1093    764
  1108    764
  1109    764
  1110    764
  1111    764
  1112    764
  1113    764
  1114    764
  1115    764
  1116    764
  1117    764
  1126    764
  1127    764
  1128    764
  1129    764
  1130    764
  1086    765
  1087    765
  1088    765
  1089    765
  1090    765
  1091    765
  1092    765
  1096    765
  1097    765
  1106    765
  1107    765
  1108    765
  1109    765
  1110    765
  1111    765
  1112    765
  1113    765
  1114    765
  1115    765
  1116    765
  1124    765
  1125    765
  1126    765
  1127    765
  1128    765
  1129    765
  1130    765
  1083    766
  1084    766
  1085    766
  1086    766
  1087    766
  1088    766
  1089    766
  1090    766
  1091    766
  1092    766
  1093    766
  1094    766
  1104    766
  1105    766
  1106    766
  1107    766
  1108    766
  1109    766
  1110    766
  1111    766
  1112    766
  1113    766
  1122    766
  1123    766
  1124    766
  1125    766
  1126    766
  1127    766
  1128    766
  1129    766
  1130    766
  1131    766
  1132    766
  1133    766
  1080    767
  1081    767
  1082    767
  1083    767
  1084    767
  1085    767
  1086    767
  1087    767
  1088    767
  1089    767
  1090    767
  1091    767
  1092    767
  1101    767
  1102    767
  1103    767
  1104    767
  1105    767
  1106    767
  1107    767
  1108    767
  1109    767
  1110    767
  1111    767
  1119    767
  1120    767
  1121    767
  1122    767
  1123    767
  1124    767
  1125    767
  1126    767
  1127    767
  1128    767
  1129    767
  1130    767
  1131    767
  1078    768
  1079    768
  1080    768
  1081    768
  1082    768
  1083    768
  1084    768
  1085    768
  1086    768
  1087    768
  1088    768
  1089    768
  1099    768
  1100    768
  1101    768
  1102    768
  1103    768
  1104    768
  1105    768
  1106    768
  1107    768
  1108    768
  1109    768
  1115    768
  1117    768
  1118    768
  1119    768
  1120    768
  1121    768
  1122    768
  1123    768
  1124    768
  1125    768
  1126    768
  1127    768
  1128    768
  1129    768
  1075    769
  1076    769
  1077    769
  1078    769
  1079    769
  1080    769
  1081    769
  1082    769
  1083    769
  1084    769
  1085    769
  1086    769
  1087    769
  1097    769
  1098    769
  1099    769
  1100    769
  1101    769
  1102    769
  1103    769
  1104    769
  1105    769
  1106    769
  1107    769
  1115    769
  1116    769
  1117    769
  1118    769
  1119    769
  1120    769
  1121    769
  1122    769
  1123    769
  1124    769
  1125    769
  1126    769
  1073    770
  1074    770
  1075    770
  1076    770
  1077    770
  1078    770
  1079    770
  1080    770
  1081    770
  1082    770
  1083    770
  1084    770
  1095    770
  1096    770
  1097    770
  1098    770
  1099    770
  1100    770
  1101    770
  1102    770
  1103    770
  1104    770
  1105    770
  1113    770
  1114    770
  1115    770
  1116    770
  1117    770
  1118    770
  1119    770
  1120    770
  1121    770
  1122    770
  1123    770
  1124    770
  1125    770
  1071    771
  1072    771
  1073    771
  1074    771
  1075    771
  1076    771
  1077    771
  1078    771
  1079    771
  1080    771
  1081    771
  1082    771
  1083    771
  1093    771
  1094    771
  1095    771
  1096    771
  1097    771
  1098    771
  1099    771
  1100    771
  1101    771
  1102    771
  1103    771
  1111    771
  1112    771
  1113    771
  1114    771
  1115    771
  1116    771
  1117    771
  1118    771
  1119    771
  1120    771
  1121    771
  1122    771
  1123    771
  1068    772
  1069    772
  1070    772
  1071    772
  1072    772
  1073    772
  1074    772
  1075    772
  1076    772
  1077    772
  1078    772
  1079    772
  1080    772
  1091    772
  1092    772
  1093    772
  1094    772
  1095    772
  1096    772
  1097    772
  1098    772
  1099    772
  1100    772
  1101    772
  1109    772
  1110    772
  1111    772
  1112    772
  1113    772
  1114    772
  1115    772
  1116    772
  1117    772
  1118    772
  1119    772
  1120    772
  1121    772
  1066    773
  1067    773
  1068    773
  1069    773
  1070    773
  1071    773
  1072    773
  1073    773
  1074    773
  1075    773
  1076    773
  1077    773
  1088    773
  1089    773
  1090    773
  1091    773
  1092    773
  1093    773
  1094    773
  1095    773
  1096    773
  1097    773
  1098    773
  1099    773
  1107    773
  1108    773
  1109    773
  1110    773
  1111    773
  1112    773
  1113    773
  1114    773
  1115    773
  1116    773
  1117    773
  1118    773
  1119    773
  1120    773
  1064    774
  1065    774
  1066    774
  1067    774
  1068    774
  1069    774
  1070    774
  1071    774
  1072    774
  1073    774
  1074    774
  1075    774
  1076    774
  1086    774
  1087    774
  1088    774
  1089    774
  1090    774
  1091    774
  1092    774
  1093    774
  1094    774
  1095    774
  1096    774
  1097    774
  1106    774
  1107    774
  1108    774
  1109    774
  1110    774
  1111    774
  1112    774
  1113    774
  1114    774
  1115    774
  1116    774
  1117    774
  1118    774
  1062    775
  1063    775
  1064    775
  1065    775
  1066    775
  1067    775
  1068    775
  1069    775
  1070    775
  1071    775
  1072    775
  1073    775
  1074    775
  1084    775
  1085    775
  1086    775
  1087    775
  1088    775
  1089    775
  1090    775
  1091    775
  1092    775
  1093    775
  1094    775
  1095    775
  1104    775
  1105    775
  1106    775
  1107    775
  1108    775
  1109    775
  1110    775
  1111    775
  1112    775
  1113    775
  1114    775
  1115    775
  1116    775
  1060    776
  1061    776
  1062    776
  1063    776
  1064    776
  1065    776
  1066    776
  1067    776
  1068    776
  1069    776
  1070    776
  1071    776
  1072    776
  1083    776
  1084    776
  1085    776
  1086    776
  1087    776
  1088    776
  1089    776
  1090    776
  1091    776
  1092    776
  1093    776
  1102    776
  1103    776
  1104    776
  1105    776
  1106    776
  1107    776
  1108    776
  1109    776
  1110    776
  1111    776
  1112    776
  1113    776
  1114    776
  1058    777
  1059    777
  1060    777
  1061    777
  1062    777
  1063    777
  1064    777
  1065    777
  1066    777
  1067    777
  1068    777
  1069    777
  1070    777
  1080    777
  1081    777
  1082    777
  1083    777
  1084    777
  1085    777
  1086    777
  1087    777
  1088    777
  1089    777
  1090    777
  1091    777
  1101    777
  1102    777
  1103    777
  1104    777
  1105    777
  1106    777
  1107    777
  1108    777
  1109    777
  1110    777
  1111    777
  1112    777
  1113    777
  1056    778
  1057    778
  1058    778
  1059    778
  1060    778
  1061    778
  1062    778
  1063    778
  1064    778
  1065    778
  1066    778
  1067    778
  1068    778
  1079    778
  1080    778
  1081    778
  1082    778
  1083    778
  1084    778
  1085    778
  1086    778
  1087    778
  1088    778
  1089    778
  1090    778
  1099    778
  1100    778
  1101    778
  1102    778
  1103    778
  1104    778
  1105    778
  1106    778
  1107    778
  1108    778
  1109    778
  1110    778
  1111    778
  1054    779
  1055    779
  1056    779
  1057    779
  1058    779
  1059    779
  1060    779
  1061    779
  1062    779
  1063    779
  1064    779
  1065    779
  1066    779
  1076    779
  1077    779
  1078    779
  1079    779
  1080    779
  1081    779
  1082    779
  1083    779
  1084    779
  1085    779
  1086    779
  1087    779
  1088    779
  1098    779
  1099    779
  1100    779
  1101    779
  1102    779
  1103    779
  1104    779
  1105    779
  1106    779
  1107    779
  1108    779
  1109    779
  1053    780
  1055    780
  1056    780
  1057    780
  1058    780
  1059    780
  1060    780
  1061    780
  1062    780
  1063    780
  1064    780
  1075    780
  1076    780
  1077    780
  1078    780
  1079    780
  1080    780
  1081    780
  1082    780
  1083    780
  1084    780
  1085    780
  1086    780
  1099    780
  1100    780
  1101    780
  1102    780
  1103    780
  1104    780
  1105    780
  1106    780
  1107    780
  1108    780
  1054    781
  1055    781
  1056    781
  1057    781
  1058    781
  1059    781
  1060    781
  1061    781
  1062    781
  1073    781
  1074    781
  1075    781
  1076    781
  1077    781
  1078    781
  1079    781
  1080    781
  1081    781
  1082    781
  1083    781
  1084    781
  1104    781
  1105    781
  1106    781
  1071    782
  1072    782
  1073    782
  1074    782
  1075    782
  1076    782
  1077    782
  1078    782
  1079    782
  1080    782
  1081    782
  1082    782
  1083    782
  1070    783
  1071    783
  1072    783
  1073    783
  1074    783
  1075    783
  1076    783
  1077    783
  1078    783
  1079    783
  1080    783
  1081    783
  1068    784
  1069    784
  1070    784
  1071    784
  1072    784
  1073    784
  1074    784
  1075    784
  1076    784
  1077    784
  1078    784
  1079    784
  1066    785
  1067    785
  1068    785
  1069    785
  1070    785
  1071    785
  1072    785
  1073    785
  1074    785
  1075    785
  1076    785
  1077    785
  1065    786
  1066    786
  1067    786
  1068    786
  1069    786
  1070    786
  1071    786
  1072    786
  1073    786
  1074    786
  1075    786
  1076    786
  1063    787
  1064    787
  1065    787
  1066    787
  1067    787
  1068    787
  1069    787
  1070    787
  1071    787
  1072    787
  1073    787
  1074    787
  1075    787
  1062    788
  1063    788
  1064    788
  1065    788
  1066    788
  1067    788
  1068    788
  1069    788
  1070    788
  1071    788
  1072    788
  1073    788
  1060    789
  1061    789
  1062    789
  1063    789
  1064    789
  1065    789
  1066    789
  1067    789
  1068    789
  1069    789
  1070    789
  1071    789
  1086    789
  1087    789
  1058    790
  1059    790
  1060    790
  1061    790
  1062    790
  1063    790
  1064    790
  1065    790
  1066    790
  1067    790
  1068    790
  1069    790
  1070    790
  1081    790
  1082    790
  1083    790
  1084    790
  1085    790
  1086    790
  1087    790
  1088    790
  1089    790
  1090    790
  1057    791
  1058    791
  1059    791
  1060    791
  1061    791
  1062    791
  1063    791
  1064    791
  1065    791
  1066    791
  1067    791
  1068    791
  1069    791
  1079    791
  1080    791
  1081    791
  1082    791
  1083    791
  1084    791
  1085    791
  1086    791
  1087    791
  1088    791
  1089    791
  1090    791
  1055    792
  1056    792
  1057    792
  1058    792
  1059    792
  1060    792
  1061    792
  1062    792
  1063    792
  1064    792
  1065    792
  1066    792
  1067    792
  1078    792
  1079    792
  1080    792
  1081    792
  1082    792
  1083    792
  1084    792
  1085    792
  1086    792
  1087    792
  1088    792
  1089    792
  1090    792
