  1377    713
  1378    713
  1379    713
  1380    713
  1381    713
  1404    713
  1405    713
  1406    713
  1367    714
  1368    714
  1369    714
  1370    714
  1371    714
  1372    714
  1373    714
  1374    714
  1375    714
  1395    714
  1396    714
  1397    714
  1356    715
  1357    715
  1361    715
  1364    715
  1365    715
  1366    715
  1367    715
  1368    715
  1369    715
  1370    715
  1371    715
  1372    715
  1386    715
  1387    715
  1344    716
  1345    716
  1346    716
  1347    716
  1348    716
  1349    716
  1350    716
  1370    716
  1371    716
  1372    716
  1379    716
  1380    716
  1381    716
  1335    717
  1336    717
  1337    717
  1338    717
  1344    717
  1345    717
  1346    717
  1347    717
  1348    717
  1349    717
  1332    718
  1333    718
  1334    718
  1335    718
  1336    718
  1337    718
  1338    718
  1339    718
  1340    718
  1341    718
  1342    718
  1343    718
  1344    718
  1345    718
  1346    718
  1347    718
  1348    718
  1349    718
  1353    718
  1354    718
  1321    719
  1322    719
  1331    719
  1332    719
  1333    719
  1334    719
  1339    719
  1340    719
  1341    719
  1342    719
  1345    719
  1346    719
  1347    719
  1348    719
  1349    719
  1299    720
  1300    720
  1301    720
  1302    720
  1303    720
  1304    720
  1305    720
  1306    720
  1307    720
  1308    720
  1309    720
  1310    720
  1311    720
  1312    720
  1313    720
  1314    720
  1315    720
  1316    720
  1317    720
  1318    720
  1319    720
  1320    720
  1327    720
  1328    720
  1329    720
  1331    720
  1332    720
  1333    720
  1334    720
  1335    720
  1336    720
  1337    720
  1289    721
  1290    721
  1291    721
  1292    721
  1293    721
  1294    721
  1295    721
  1296    721
  1297    721
  1298    721
  1299    721
  1300    721
  1301    721
  1302    721
  1303    721
  1304    721
  1305    721
  1306    721
  1307    721
  1308    721
  1309    721
  1310    721
  1311    721
  1312    721
  1313    721
  1322    721
  1323    721
  1326    721
  1327    721
  1328    721
  1329    721
  1330    721
  1331    721
  1332    721
  1339    721
  1340    721
  1341    721
  1280    722
  1281    722
  1282    722
  1283    722
  1284    722
  1285    722
  1286    722
  1287    722
  1288    722
  1289    722
  1290    722
  1291    722
  1292    722
  1293    722
  1294    722
  1295    722
  1296    722
  1297    722
  1298    722
  1299    722
  1300    722
  1301    722
  1302    722
  1303    722
  1306    722
  1307    722
  1308    722
  1309    722
  1310    722
  1311    722
  1312    722
  1313    722
  1316    722
  1317    722
  1318    722
  1319    722
  1334    722
  1265    723
  1266    723
  1281    723
  1282    723
  1283    723
  1284    723
  1285    723
  1286    723
  1287    723
  1288    723
  1289    723
  1290    723
  1291    723
  1292    723
  1293    723
  1294    723
  1295    723
  1296    723
  1297    723
  1298    723
  1303    723
  1304    723
  1305    723
  1306    723
  1307    723
  1308    723
  1309    723
  1310    723
  1311    723
  1312    723
  1313    723
  1314    723
  1257    724
  1260    724
  1261    724
  1262    724
  1281    724
  1282    724
  1283    724
  1284    724
  1285    724
  1286    724
  1287    724
  1288    724
  1289    724
  1290    724
  1291    724
  1292    724
  1293    724
  1294    724
  1295    724
  1296    724
  1297    724
  1300    724
  1301    724
  1302    724
  1306    724
  1307    724
  1308    724
  1309    724
  1310    724
  1311    724
  1312    724
  1254    725
  1255    725
  1256    725
  1257    725
  1258    725
  1259    725
  1260    725
  1261    725
  1262    725
  1263    725
  1264    725
  1265    725
  1266    725
  1267    725
  1268    725
  1269    725
  1277    725
  1287    725
  1288    725
  1289    725
  1290    725
  1291    725
  1292    725
  1294    725
  1295    725
  1296    725
  1297    725
  1311    725
  1312    725
  1313    725
  1244    726
  1245    726
  1246    726
  1247    726
  1248    726
  1249    726
  1250    726
  1256    726
  1257    726
  1284    726
  1285    726
  1286    726
  1287    726
  1288    726
  1289    726
  1290    726
  1291    726
  1292    726
  1293    726
  1294    726
  1295    726
  1296    726
  1217    727
  1218    727
  1219    727
  1220    727
  1224    727
  1225    727
  1226    727
  1227    727
  1228    727
  1229    727
  1230    727
  1231    727
  1232    727
  1233    727
  1244    727
  1245    727
  1246    727
  1247    727
  1248    727
  1249    727
  1250    727
  1251    727
  1252    727
  1265    727
  1266    727
  1267    727
  1268    727
  1269    727
  1270    727
  1271    727
  1272    727
  1273    727
  1274    727
  1278    727
  1279    727
  1280    727
  1281    727
  1282    727
  1283    727
  1284    727
  1285    727
  1286    727
  1287    727
  1290    727
  1291    727
  1292    727
  1294    727
  1295    727
  1296    727
  1205    728
  1206    728
  1207    728
  1208    728
  1209    728
  1210    728
  1211    728
  1215    728
  1216    728
  1217    728
  1218    728
  1219    728
  1220    728
  1221    728
  1222    728
  1223    728
  1224    728
  1225    728
  1226    728
  1227    728
  1230    728
  1231    728
  1232    728
  1233    728
  1235    728
  1236    728
  1237    728
  1238    728
  1239    728
  1240    728
  1241    728
  1242    728
  1243    728
  1244    728
  1245    728
  1246    728
  1258    728
  1259    728
  1260    728
  1261    728
  1262    728
  1263    728
  1264    728
  1265    728
  1266    728
  1267    728
  1268    728
  1269    728
  1270    728
  1271    728
  1272    728
  1273    728
  1274    728
  1275    728
  1276    728
  1277    728
  1278    728
  1279    728
  1280    728
  1281    728
  1282    728
  1285    728
  1286    728
  1287    728
  1293    728
  1294    728
  1193    729
  1194    729
  1195    729
  1196    729
  1197    729
  1198    729
  1199    729
  1200    729
  1204    729
  1215    729
  1216    729
  1217    729
  1218    729
  1219    729
  1220    729
  1221    729
  1222    729
  1223    729
  1224    729
  1225    729
  1226    729
  1227    729
  1228    729
  1229    729
  1252    729
  1253    729
  1254    729
  1255    729
  1256    729
  1257    729
  1258    729
  1259    729
  1260    729
  1261    729
  1262    729
  1263    729
  1264    729
  1265    729
  1266    729
  1267    729
  1268    729
  1269    729
  1270    729
  1271    729
  1272    729
  1273    729
  1274    729
  1278    729
  1279    729
  1280    729
  1281    729
  1282    729
  1285    729
  1286    729
  1287    729
  1288    729
  1184    730
  1189    730
  1190    730
  1191    730
  1192    730
  1193    730
  1194    730
  1195    730
  1196    730
  1197    730
  1198    730
  1199    730
  1200    730
  1211    730
  1212    730
  1213    730
  1214    730
  1215    730
  1216    730
  1217    730
  1246    730
  1247    730
  1248    730
  1249    730
  1250    730
  1251    730
  1252    730
  1253    730
  1254    730
  1255    730
  1259    730
  1260    730
  1261    730
  1262    730
  1263    730
  1264    730
  1265    730
  1266    730
  1267    730
  1268    730
  1273    730
  1274    730
  1275    730
  1276    730
  1277    730
  1278    730
  1279    730
  1280    730
  1184    731
  1185    731
  1186    731
  1187    731
  1188    731
  1201    731
  1202    731
  1203    731
  1204    731
  1205    731
  1239    731
  1240    731
  1241    731
  1242    731
  1246    731
  1247    731
  1248    731
  1249    731
  1254    731
  1255    731
  1256    731
  1257    731
  1258    731
  1259    731
  1260    731
  1261    731
  1262    731
  1267    731
  1268    731
  1269    731
  1270    731
  1271    731
  1272    731
  1274    731
  1275    731
  1276    731
  1185    732
  1191    732
  1192    732
  1232    732
  1233    732
  1234    732
  1235    732
  1236    732
  1237    732
  1238    732
  1239    732
  1240    732
  1241    732
  1242    732
  1243    732
  1247    732
  1248    732
  1249    732
  1250    732
  1251    732
  1252    732
  1253    732
  1254    732
  1255    732
  1256    732
  1261    732
  1262    732
  1263    732
  1264    732
  1265    732
  1266    732
  1267    732
  1268    732
  1269    732
  1270    732
  1271    732
  1228    733
  1229    733
  1230    733
  1231    733
  1232    733
  1233    733
  1234    733
  1235    733
  1236    733
  1237    733
  1241    733
  1242    733
  1243    733
  1250    733
  1251    733
  1252    733
  1253    733
  1254    733
  1255    733
  1256    733
  1257    733
  1258    733
  1262    733
  1263    733
  1264    733
  1265    733
  1266    733
  1236    734
  1237    734
  1238    734
  1239    734
  1240    734
  1245    734
  1246    734
  1257    734
  1258    734
  1259    734
  1230    735
  1231    735
  1232    735
  1233    735
  1234    735
  1235    735
  1236    735
  1237    735
  1238    735
  1239    735
  1211    736
  1212    736
  1213    736
  1214    736
  1215    736
  1216    736
  1217    736
  1218    736
  1219    736
  1226    736
  1227    736
  1228    736
  1229    736
  1230    736
  1231    736
  1232    736
  1233    736
  1234    736
  1235    736
  1206    737
  1207    737
  1208    737
  1209    737
  1210    737
  1211    737
  1212    737
  1213    737
  1214    737
  1215    737
  1216    737
  1221    737
  1222    737
  1223    737
  1224    737
  1225    737
  1226    737
  1227    737
  1228    737
  1229    737
  1230    737
  1235    737
  1236    737
  1237    737
  1238    737
  1239    737
  1201    738
  1202    738
  1203    738
  1204    738
  1205    738
  1206    738
  1207    738
  1208    738
  1209    738
  1210    738
  1211    738
  1216    738
  1217    738
  1218    738
  1219    738
  1220    738
  1221    738
  1222    738
  1223    738
  1224    738
  1225    738
  1226    738
  1231    738
  1232    738
  1233    738
  1234    738
  1235    738
  1236    738
  1237    738
  1238    738
  1239    738
  1240    738
  1196    739
  1197    739
  1198    739
  1199    739
  1200    739
  1201    739
  1202    739
  1203    739
  1204    739
  1205    739
  1206    739
  1212    739
  1213    739
  1214    739
  1215    739
  1216    739
  1217    739
  1218    739
  1219    739
  1220    739
  1221    739
  1226    739
  1227    739
  1228    739
  1229    739
  1230    739
  1231    739
  1232    739
  1233    739
  1234    739
  1235    739
  1236    739
  1192    740
  1193    740
  1194    740
  1195    740
  1196    740
  1197    740
  1198    740
  1199    740
  1200    740
  1201    740
  1207    740
  1208    740
  1209    740
  1210    740
  1211    740
  1212    740
  1213    740
  1214    740
  1215    740
  1216    740
  1222    740
  1223    740
  1224    740
  1225    740
  1226    740
  1229    740
  1230    740
  1231    740
  1186    741
  1187    741
  1188    741
  1189    741
  1190    741
  1191    741
  1192    741
  1193    741
  1194    741
  1195    741
  1196    741
  1197    741
  1203    741
  1204    741
  1205    741
  1206    741
  1207    741
  1208    741
  1209    741
  1210    741
  1211    741
  1212    741
  1218    741
  1219    741
  1220    741
  1221    741
  1222    741
  1223    741
  1224    741
  1225    741
  1226    741
  1227    741
  1182    742
  1183    742
  1184    742
  1185    742
  1186    742
  1187    742
  1188    742
  1189    742
  1190    742
  1191    742
  1192    742
  1198    742
  1199    742
  1200    742
  1201    742
  1202    742
  1203    742
  1204    742
  1205    742
  1206    742
  1207    742
  1208    742
  1214    742
  1215    742
  1216    742
  1217    742
  1218    742
  1219    742
  1220    742
  1221    742
  1222    742
  1223    742
  1178    743
  1179    743
  1180    743
  1181    743
  1182    743
  1183    743
  1184    743
  1185    743
  1186    743
  1187    743
  1194    743
  1195    743
  1196    743
  1197    743
  1198    743
  1199    743
  1200    743
  1201    743
  1202    743
  1203    743
  1209    743
  1210    743
  1211    743
  1212    743
  1213    743
  1214    743
  1215    743
  1216    743
  1217    743
  1218    743
  1219    743
  1173    744
  1174    744
  1175    744
  1176    744
  1177    744
  1178    744
  1179    744
  1180    744
  1181    744
  1182    744
  1183    744
  1190    744
  1191    744
  1192    744
  1197    744
  1198    744
  1206    744
  1207    744
  1208    744
  1209    744
  1212    744
  1213    744
  1214    744
  1215    744
  1176    745
  1177    745
  1178    745
  1179    745
  1180    745
  1181    745
  1187    745
  1188    745
  1189    745
  1190    745
  1201    745
  1202    745
  1203    745
  1204    745
  1209    745
  1210    745
  1211    745
  1170    746
  1171    746
  1172    746
  1182    746
  1183    746
  1184    746
  1185    746
  1186    746
  1189    746
  1190    746
  1191    746
  1205    746
  1206    746
  1207    746
  1208    746
  1179    747
  1180    747
  1181    747
  1182    747
  1183    747
  1184    747
  1185    747
  1186    747
  1187    747
  1188    747
  1175    748
  1176    748
  1177    748
  1178    748
  1179    748
  1180    748
  1181    748
  1182    748
  1183    748
  1184    748
  1171    749
  1172    749
  1173    749
  1174    749
  1175    749
  1176    749
  1177    749
  1178    749
  1179    749
  1180    749
  1181    749
  1151    750
  1152    750
  1153    750
  1154    750
  1159    750
  1160    750
  1161    750
  1168    750
  1169    750
  1170    750
  1171    750
  1173    750
  1174    750
  1175    750
  1176    750
  1177    750
  1178    750
  1185    750
  1186    750
  1187    750
  1188    750
  1189    750
  1190    750
  1191    750
  1148    751
  1149    751
  1150    751
  1151    751
  1155    751
  1156    751
  1157    751
  1158    751
  1165    751
  1166    751
  1171    751
  1172    751
  1173    751
  1174    751
  1181    751
  1182    751
  1183    751
  1184    751
  1185    751
  1144    752
  1145    752
  1146    752
  1147    752
  1148    752
  1149    752
  1150    752
  1151    752
  1152    752
  1153    752
  1154    752
  1161    752
  1162    752
  1163    752
  1164    752
  1168    752
  1169    752
  1170    752
  1171    752
  1179    752
  1180    752
  1181    752
  1182    752
  1183    752
  1184    752
  1185    752
  1187    752
  1188    752
  1189    752
  1190    752
  1141    753
  1142    753
  1143    753
  1144    753
  1145    753
  1146    753
  1147    753
  1148    753
  1149    753
  1150    753
  1151    753
  1158    753
  1159    753
  1160    753
  1161    753
  1162    753
  1165    753
  1166    753
  1167    753
  1168    753
  1176    753
  1177    753
  1178    753
  1179    753
  1180    753
  1181    753
  1182    753
  1183    753
  1184    753
  1185    753
  1186    753
  1138    754
  1139    754
  1140    754
  1141    754
  1142    754
  1143    754
  1144    754
  1145    754
  1146    754
  1147    754
  1148    754
  1155    754
  1156    754
  1157    754
  1158    754
  1159    754
  1160    754
  1161    754
  1162    754
  1163    754
  1164    754
  1165    754
  1173    754
  1174    754
  1175    754
  1176    754
  1177    754
  1178    754
  1180    754
  1181    754
  1182    754
  1183    754
  1135    755
  1136    755
  1137    755
  1138    755
  1139    755
  1140    755
  1141    755
  1142    755
  1143    755
  1144    755
  1145    755
  1153    755
  1154    755
  1155    755
  1156    755
  1157    755
  1158    755
  1159    755
  1160    755
  1161    755
  1162    755
  1170    755
  1171    755
  1172    755
  1173    755
  1174    755
  1175    755
  1176    755
  1178    755
  1179    755
  1180    755
  1181    755
  1132    756
  1133    756
  1134    756
  1135    756
  1136    756
  1137    756
  1138    756
  1139    756
  1140    756
  1141    756
  1142    756
  1150    756
  1151    756
  1152    756
  1153    756
  1156    756
  1157    756
  1158    756
  1159    756
  1160    756
  1167    756
  1168    756
  1169    756
  1170    756
  1171    756
  1172    756
  1173    756
  1174    756
  1176    756
  1177    756
  1129    757
  1130    757
  1131    757
  1132    757
  1133    757
  1134    757
  1135    757
  1136    757
  1137    757
  1138    757
  1139    757
  1140    757
  1147    757
  1148    757
  1149    757
  1150    757
  1151    757
  1155    757
  1156    757
  1157    757
  1165    757
  1166    757
  1167    757
  1168    757
  1169    757
  1170    757
  1171    757
  1172    757
  1173    757
  1174    757
  1175    757
  1126    758
  1127    758
  1128    758
  1129    758
  1130    758
  1131    758
  1132    758
  1133    758
  1134    758
  1135    758
  1136    758
  1137    758
  1144    758
  1145    758
  1146    758
  1147    758
  1148    758
  1149    758
  1150    758
  1153    758
  1154    758
  1162    758
  1163    758
  1164    758
  1165    758
  1166    758
  1167    758
  1168    758
  1169    758
  1170    758
  1171    758
  1172    758
  1173    758
  1123    759
  1124    759
  1125    759
  1126    759
  1127    759
  1128    759
  1129    759
  1130    759
  1131    759
  1132    759
  1133    759
  1134    759
  1142    759
  1143    759
  1144    759
  1145    759
  1146    759
  1148    759
  1149    759
  1150    759
  1151    759
  1152    759
  1160    759
  1161    759
  1162    759
  1163    759
  1164    759
  1165    759
  1166    759
  1167    759
  1168    759
  1169    759
  1170    759
  1171    759
  1120    760
  1121    760
  1122    760
  1123    760
  1124    760
  1125    760
  1126    760
  1127    760
  1128    760
  1129    760
  1130    760
  1131    760
  1132    760
  1139    760
  1140    760
  1141    760
  1142    760
  1143    760
  1144    760
  1147    760
  1148    760
  1149    760
  1158    760
  1159    760
  1160    760
  1161    760
  1162    760
  1163    760
  1164    760
  1165    760
  1166    760
  1167    760
  1168    760
  1169    760
  1118    761
  1119    761
  1120    761
  1121    761
  1122    761
  1123    761
  1124    761
  1125    761
  1126    761
  1127    761
  1128    761
  1129    761
  1130    761
  1137    761
  1138    761
  1139    761
  1140    761
  1141    761
  1142    761
  1143    761
  1146    761
  1147    761
  1156    761
  1157    761
  1158    761
  1159    761
  1160    761
  1161    761
  1162    761
  1163    761
  1164    761
  1165    761
  1166    761
  1167    761
  1116    762
  1122    762
  1123    762
  1124    762
  1125    762
  1126    762
  1127    762
  1135    762
  1136    762
  1137    762
  1138    762
  1139    762
  1140    762
  1141    762
  1143    762
  1144    762
  1145    762
  1157    762
  1158    762
  1159    762
  1160    762
  1161    762
  1162    762
  1163    762
  1164    762
  1116    763
  1117    763
  1118    763
  1119    763
  1120    763
  1121    763
  1122    763
  1123    763
  1124    763
  1133    763
  1134    763
  1135    763
  1136    763
  1137    763
  1138    763
  1139    763
  1140    763
  1141    763
  1142    763
  1143    763
  1159    763
  1160    763
  1161    763
  1162    763
  1163    763
  1130    764
  1131    764
  1132    764
  1133    764
  1134    764
  1135    764
  1136    764
  1137    764
  1138    764
  1139    764
  1140    764
  1128    765
  1129    765
  1130    765
  1131    765
  1132    765
  1133    765
  1134    765
  1135    765
  1136    765
  1137    765
  1138    765
  1127    766
  1128    766
  1129    766
  1130    766
  1131    766
  1132    766
  1133    766
  1134    766
  1135    766
  1136    766
  1124    767
  1125    767
  1126    767
  1127    767
  1128    767
  1129    767
  1130    767
  1131    767
  1132    767
  1133    767
  1134    767
  1121    768
  1122    768
  1123    768
  1124    768
  1125    768
  1126    768
  1127    768
  1129    768
  1130    768
  1131    768
  1099    769
  1100    769
  1101    769
  1102    769
  1103    769
  1104    769
  1119    769
  1120    769
  1121    769
  1122    769
  1123    769
  1124    769
  1125    769
  1126    769
  1127    769
  1128    769
  1129    769
  1130    769
  1139    769
  1140    769
  1141    769
  1142    769
  1143    769
  1144    769
  1145    769
  1146    769
  1096    770
  1097    770
  1098    770
  1099    770
  1100    770
  1101    770
  1102    770
  1103    770
  1108    770
  1117    770
  1118    770
  1119    770
  1120    770
  1121    770
  1122    770
  1123    770
  1124    770
  1126    770
  1127    770
  1136    770
  1137    770
  1138    770
  1139    770
  1140    770
  1141    770
  1142    770
  1143    770
  1144    770
  1094    771
  1095    771
  1096    771
  1097    771
  1098    771
  1099    771
  1100    771
  1101    771
  1102    771
  1103    771
  1104    771
  1105    771
  1106    771
  1115    771
  1116    771
  1117    771
  1118    771
  1119    771
  1120    771
  1121    771
  1122    771
  1124    771
  1125    771
  1134    771
  1135    771
  1136    771
  1137    771
  1138    771
  1139    771
  1140    771
  1141    771
  1142    771
  1143    771
  1144    771
  1092    772
  1093    772
  1094    772
  1095    772
  1096    772
  1097    772
  1098    772
  1099    772
  1100    772
  1101    772
  1102    772
  1103    772
  1113    772
  1114    772
  1115    772
  1116    772
  1117    772
  1118    772
  1119    772
  1120    772
  1121    772
  1122    772
  1123    772
  1124    772
  1132    772
  1133    772
  1134    772
  1135    772
  1136    772
  1137    772
  1138    772
  1139    772
  1140    772
  1141    772
  1142    772
  1143    772
  1144    772
  1145    772
  1089    773
  1090    773
  1091    773
  1092    773
  1093    773
  1094    773
  1095    773
  1096    773
  1097    773
  1098    773
  1099    773
  1100    773
  1101    773
  1111    773
  1112    773
  1113    773
  1114    773
  1115    773
  1116    773
  1117    773
  1118    773
  1119    773
  1120    773
  1121    773
  1122    773
  1130    773
  1131    773
  1132    773
  1133    773
  1134    773
  1135    773
  1136    773
  1137    773
  1138    773
  1139    773
  1140    773
  1141    773
  1142    773
  1143    773
  1087    774
  1088    774
  1089    774
  1090    774
  1091    774
  1092    774
  1093    774
  1094    774
  1095    774
  1096    774
  1097    774
  1098    774
  1099    774
  1109    774
  1110    774
  1111    774
  1112    774
  1113    774
  1114    774
  1115    774
  1116    774
  1117    774
  1118    774
  1119    774
  1120    774
  1129    774
  1130    774
  1131    774
  1132    774
  1133    774
  1134    774
  1135    774
  1136    774
  1137    774
  1138    774
  1139    774
  1140    774
  1141    774
  1084    775
  1085    775
  1086    775
  1087    775
  1088    775
  1089    775
  1090    775
  1091    775
  1092    775
  1093    775
  1094    775
  1095    775
  1096    775
  1097    775
  1107    775
  1108    775
  1109    775
  1110    775
  1111    775
  1112    775
  1113    775
  1114    775
  1115    775
  1116    775
  1117    775
  1118    775
  1126    775
  1127    775
  1128    775
  1129    775
  1130    775
  1131    775
  1132    775
  1133    775
  1134    775
  1135    775
  1136    775
  1137    775
  1138    775
  1139    775
  1082    776
  1083    776
  1084    776
  1085    776
  1086    776
  1087    776
  1088    776
  1089    776
  1090    776
  1091    776
  1092    776
  1093    776
  1094    776
  1095    776
  1105    776
  1106    776
  1107    776
  1108    776
  1109    776
  1110    776
  1111    776
  1112    776
  1113    776
  1114    776
  1115    776
  1116    776
  1117    776
  1124    776
  1125    776
  1126    776
  1127    776
  1128    776
  1129    776
  1130    776
  1131    776
  1132    776
  1133    776
  1134    776
  1135    776
  1136    776
  1137    776
  1080    777
  1081    777
  1082    777
  1083    777
  1084    777
  1085    777
  1086    777
  1087    777
  1088    777
  1089    777
  1090    777
  1091    777
  1092    777
  1093    777
  1103    777
  1104    777
  1105    777
  1106    777
  1107    777
  1108    777
  1109    777
  1110    777
  1111    777
  1112    777
  1113    777
  1114    777
  1123    777
  1124    777
  1125    777
  1126    777
  1127    777
  1128    777
  1129    777
  1130    777
  1131    777
  1132    777
  1133    777
  1134    777
  1135    777
  1078    778
  1079    778
  1080    778
  1081    778
  1082    778
  1083    778
  1084    778
  1085    778
  1086    778
  1087    778
  1088    778
  1089    778
  1090    778
  1091    778
  1102    778
  1103    778
  1104    778
  1105    778
  1106    778
  1107    778
  1108    778
  1109    778
  1110    778
  1111    778
  1112    778
  1113    778
  1121    778
  1122    778
  1123    778
  1124    778
  1125    778
  1126    778
  1127    778
  1128    778
  1129    778
  1130    778
  1131    778
  1132    778
  1133    778
  1134    778
  1076    779
  1077    779
  1078    779
  1079    779
  1080    779
  1081    779
  1082    779
  1083    779
  1084    779
  1085    779
  1086    779
  1087    779
  1088    779
  1100    779
  1101    779
  1102    779
  1103    779
  1104    779
  1105    779
  1106    779
  1107    779
  1108    779
  1109    779
  1110    779
  1111    779
  1120    779
  1121    779
  1122    779
  1123    779
  1124    779
  1125    779
  1126    779
  1127    779
  1128    779
  1129    779
  1130    779
  1131    779
  1132    779
  1074    780
  1075    780
  1076    780
  1077    780
  1078    780
  1079    780
  1080    780
  1081    780
  1082    780
  1083    780
  1084    780
  1085    780
  1086    780
  1098    780
  1099    780
  1100    780
  1101    780
  1102    780
  1103    780
  1104    780
  1105    780
  1106    780
  1107    780
  1108    780
  1109    780
  1118    780
  1119    780
  1120    780
  1121    780
  1122    780
  1123    780
  1124    780
  1125    780
  1126    780
  1127    780
  1128    780
  1129    780
  1130    780
  1131    780
  1072    781
  1073    781
  1074    781
  1075    781
  1076    781
  1077    781
  1078    781
  1079    781
  1080    781
  1081    781
  1082    781
  1083    781
  1084    781
  1085    781
  1096    781
  1097    781
  1098    781
  1099    781
  1100    781
  1101    781
  1102    781
  1103    781
  1104    781
  1105    781
  1106    781
  1107    781
  1108    781
  1117    781
  1118    781
  1119    781
  1120    781
  1121    781
  1122    781
  1123    781
  1124    781
  1125    781
  1126    781
  1127    781
  1128    781
  1129    781
  1070    782
  1071    782
  1072    782
  1073    782
  1074    782
  1075    782
  1076    782
  1077    782
  1078    782
  1079    782
  1080    782
  1081    782
  1082    782
  1083    782
  1094    782
  1095    782
  1096    782
  1097    782
  1098    782
  1099    782
  1100    782
  1101    782
  1102    782
  1103    782
  1104    782
  1115    782
  1116    782
  1117    782
  1118    782
  1119    782
  1120    782
  1121    782
  1122    782
  1123    782
  1124    782
  1125    782
  1126    782
  1127    782
  1128    782
  1069    783
  1070    783
  1071    783
  1072    783
  1073    783
  1074    783
  1075    783
  1076    783
  1077    783
  1078    783
  1079    783
  1080    783
  1081    783
  1093    783
  1094    783
  1095    783
  1096    783
  1097    783
  1098    783
  1099    783
  1100    783
  1101    783
  1102    783
  1113    783
  1114    783
  1115    783
  1116    783
  1117    783
  1118    783
  1119    783
  1120    783
  1121    783
  1122    783
  1123    783
  1124    783
  1125    783
  1126    783
  1127    783
  1066    784
  1067    784
  1068    784
  1069    784
  1070    784
  1071    784
  1072    784
  1073    784
  1074    784
  1075    784
  1076    784
  1077    784
  1078    784
  1079    784
  1080    784
  1091    784
  1092    784
  1093    784
  1094    784
  1095    784
  1096    784
  1097    784
  1098    784
  1099    784
  1100    784
  1101    784
  1102    784
  1103    784
  1112    784
  1113    784
  1114    784
  1115    784
  1116    784
  1117    784
  1118    784
  1119    784
  1120    784
  1121    784
  1122    784
  1123    784
  1124    784
  1125    784
  1065    785
  1066    785
  1067    785
  1068    785
  1069    785
  1070    785
  1071    785
  1072    785
  1073    785
  1074    785
  1075    785
  1076    785
  1077    785
  1078    785
  1089    785
  1090    785
  1091    785
  1092    785
  1093    785
  1094    785
  1095    785
  1096    785
  1097    785
  1098    785
  1099    785
  1100    785
  1101    785
  1111    785
  1112    785
  1113    785
  1114    785
  1115    785
  1116    785
  1117    785
  1118    785
  1119    785
  1120    785
  1121    785
  1122    785
  1123    785
  1124    785
  1064    786
  1065    786
  1066    786
  1067    786
  1068    786
  1069    786
  1070    786
  1071    786
  1072    786
  1073    786
  1074    786
  1075    786
  1076    786
  1087    786
  1088    786
  1089    786
  1090    786
  1091    786
  1092    786
  1093    786
  1094    786
  1095    786
  1096    786
  1097    786
  1098    786
  1099    786
  1109    786
  1110    786
  1111    786
  1112    786
  1113    786
  1114    786
  1115    786
  1116    786
  1117    786
  1118    786
  1119    786
  1120    786
  1121    786
  1122    786
  1064    787
  1065    787
  1066    787
  1067    787
  1068    787
  1069    787
  1070    787
  1071    787
  1072    787
  1073    787
  1074    787
  1075    787
  1086    787
  1087    787
  1088    787
  1089    787
  1090    787
  1091    787
  1092    787
  1093    787
  1094    787
  1095    787
  1096    787
  1097    787
  1098    787
  1108    787
  1109    787
  1110    787
  1111    787
  1112    787
  1113    787
  1114    787
  1115    787
  1116    787
  1117    787
  1118    787
  1119    787
  1120    787
  1121    787
  1066    788
  1067    788
  1068    788
  1069    788
  1070    788
  1071    788
  1072    788
  1073    788
  1084    788
  1085    788
  1086    788
  1087    788
  1088    788
  1089    788
  1090    788
  1091    788
  1092    788
  1093    788
  1094    788
  1095    788
  1096    788
  1109    788
  1110    788
  1111    788
  1112    788
  1113    788
  1114    788
  1115    788
  1116    788
  1117    788
  1118    788
  1119    788
  1120    788
  1083    789
  1084    789
  1085    789
  1086    789
  1087    789
  1088    789
  1089    789
  1090    789
  1091    789
  1092    789
  1093    789
  1094    789
  1110    789
  1111    789
  1117    789
  1118    789
  1119    789
  1081    790
  1082    790
  1083    790
  1084    790
  1085    790
  1086    790
  1087    790
  1088    790
  1089    790
  1090    790
  1091    790
  1092    790
  1093    790
  1079    791
  1080    791
  1081    791
  1082    791
  1083    791
  1084    791
  1085    791
  1086    791
  1087    791
  1088    791
  1089    791
  1090    791
  1091    791
  1092    791
  1078    792
  1079    792
  1080    792
  1081    792
  1082    792
  1083    792
  1084    792
  1085    792
  1086    792
  1087    792
  1088    792
  1089    792
  1090    792
