  1392    712
  1372    713
  1373    713
  1374    713
  1375    713
  1376    713
  1377    713
  1378    713
  1379    713
  1380    713
  1381    713
  1400    713
  1401    713
  1402    713
  1364    714
  1365    714
  1366    714
  1367    714
  1368    714
  1369    714
  1370    714
  1371    714
  1372    714
  1373    714
  1374    714
  1375    714
  1376    714
  1377    714
  1379    714
  1380    714
  1381    714
  1382    714
  1383    714
  1384    714
  1355    715
  1356    715
  1357    715
  1359    715
  1360    715
  1361    715
  1362    715
  1363    715
  1364    715
  1365    715
  1366    715
  1367    715
  1368    715
  1369    715
  1370    715
  1371    715
  1372    715
  1373    715
  1374    715
  1375    715
  1379    715
  1380    715
  1381    715
  1382    715
  1383    715
  1384    715
  1342    716
  1343    716
  1344    716
  1345    716
  1346    716
  1347    716
  1362    716
  1363    716
  1364    716
  1365    716
  1366    716
  1367    716
  1368    716
  1369    716
  1370    716
  1371    716
  1372    716
  1373    716
  1374    716
  1375    716
  1333    717
  1334    717
  1335    717
  1336    717
  1338    717
  1339    717
  1340    717
  1342    717
  1343    717
  1344    717
  1345    717
  1346    717
  1347    717
  1348    717
  1349    717
  1350    717
  1359    717
  1360    717
  1361    717
  1362    717
  1363    717
  1364    717
  1365    717
  1366    717
  1367    717
  1368    717
  1369    717
  1326    718
  1327    718
  1328    718
  1329    718
  1330    718
  1331    718
  1332    718
  1333    718
  1334    718
  1335    718
  1339    718
  1340    718
  1341    718
  1342    718
  1343    718
  1344    718
  1345    718
  1346    718
  1347    718
  1348    718
  1349    718
  1350    718
  1351    718
  1352    718
  1309    719
  1310    719
  1311    719
  1312    719
  1313    719
  1314    719
  1317    719
  1318    719
  1319    719
  1326    719
  1327    719
  1328    719
  1333    719
  1334    719
  1335    719
  1336    719
  1337    719
  1338    719
  1339    719
  1340    719
  1341    719
  1342    719
  1343    719
  1344    719
  1347    719
  1300    720
  1301    720
  1302    720
  1303    720
  1304    720
  1305    720
  1306    720
  1307    720
  1308    720
  1309    720
  1310    720
  1311    720
  1312    720
  1313    720
  1314    720
  1315    720
  1316    720
  1317    720
  1326    720
  1327    720
  1328    720
  1329    720
  1330    720
  1331    720
  1333    720
  1334    720
  1335    720
  1284    721
  1285    721
  1286    721
  1287    721
  1288    721
  1289    721
  1290    721
  1291    721
  1292    721
  1293    721
  1294    721
  1295    721
  1296    721
  1297    721
  1298    721
  1299    721
  1300    721
  1301    721
  1302    721
  1303    721
  1304    721
  1305    721
  1306    721
  1307    721
  1308    721
  1309    721
  1320    721
  1321    721
  1322    721
  1323    721
  1324    721
  1335    721
  1336    721
  1337    721
  1338    721
  1276    722
  1277    722
  1278    722
  1279    722
  1280    722
  1281    722
  1282    722
  1283    722
  1284    722
  1285    722
  1286    722
  1287    722
  1288    722
  1289    722
  1290    722
  1291    722
  1292    722
  1293    722
  1294    722
  1295    722
  1296    722
  1297    722
  1298    722
  1299    722
  1300    722
  1302    722
  1303    722
  1304    722
  1305    722
  1306    722
  1307    722
  1308    722
  1309    722
  1310    722
  1311    722
  1312    722
  1313    722
  1314    722
  1315    722
  1316    722
  1317    722
  1318    722
  1328    722
  1329    722
  1330    722
  1262    723
  1263    723
  1264    723
  1265    723
  1275    723
  1276    723
  1277    723
  1278    723
  1279    723
  1280    723
  1281    723
  1282    723
  1283    723
  1284    723
  1285    723
  1286    723
  1287    723
  1288    723
  1289    723
  1290    723
  1291    723
  1292    723
  1293    723
  1294    723
  1295    723
  1296    723
  1297    723
  1298    723
  1299    723
  1300    723
  1301    723
  1302    723
  1303    723
  1304    723
  1305    723
  1306    723
  1307    723
  1308    723
  1309    723
  1310    723
  1311    723
  1312    723
  1313    723
  1314    723
  1315    723
  1322    723
  1323    723
  1253    724
  1254    724
  1255    724
  1256    724
  1262    724
  1263    724
  1264    724
  1265    724
  1267    724
  1268    724
  1269    724
  1270    724
  1271    724
  1272    724
  1273    724
  1274    724
  1275    724
  1276    724
  1277    724
  1278    724
  1279    724
  1280    724
  1281    724
  1282    724
  1283    724
  1284    724
  1285    724
  1286    724
  1287    724
  1288    724
  1289    724
  1290    724
  1291    724
  1292    724
  1293    724
  1294    724
  1295    724
  1296    724
  1297    724
  1298    724
  1299    724
  1302    724
  1303    724
  1304    724
  1305    724
  1306    724
  1315    724
  1316    724
  1251    725
  1252    725
  1253    725
  1254    725
  1255    725
  1256    725
  1257    725
  1258    725
  1259    725
  1260    725
  1286    725
  1287    725
  1288    725
  1289    725
  1290    725
  1291    725
  1292    725
  1293    725
  1294    725
  1295    725
  1296    725
  1227    726
  1228    726
  1229    726
  1230    726
  1231    726
  1232    726
  1233    726
  1239    726
  1240    726
  1241    726
  1242    726
  1243    726
  1244    726
  1245    726
  1246    726
  1250    726
  1251    726
  1252    726
  1253    726
  1254    726
  1280    726
  1281    726
  1282    726
  1283    726
  1284    726
  1285    726
  1286    726
  1287    726
  1288    726
  1289    726
  1290    726
  1291    726
  1214    727
  1215    727
  1216    727
  1217    727
  1218    727
  1219    727
  1220    727
  1221    727
  1222    727
  1223    727
  1224    727
  1225    727
  1226    727
  1227    727
  1228    727
  1229    727
  1230    727
  1231    727
  1232    727
  1233    727
  1234    727
  1235    727
  1240    727
  1241    727
  1242    727
  1243    727
  1244    727
  1245    727
  1246    727
  1247    727
  1248    727
  1249    727
  1262    727
  1263    727
  1264    727
  1265    727
  1266    727
  1267    727
  1268    727
  1269    727
  1270    727
  1271    727
  1272    727
  1275    727
  1276    727
  1277    727
  1278    727
  1279    727
  1280    727
  1281    727
  1282    727
  1283    727
  1284    727
  1285    727
  1286    727
  1287    727
  1288    727
  1289    727
  1290    727
  1200    728
  1201    728
  1202    728
  1203    728
  1204    728
  1205    728
  1206    728
  1207    728
  1208    728
  1209    728
  1210    728
  1211    728
  1212    728
  1213    728
  1214    728
  1215    728
  1216    728
  1217    728
  1218    728
  1219    728
  1220    728
  1226    728
  1227    728
  1228    728
  1229    728
  1230    728
  1231    728
  1232    728
  1233    728
  1234    728
  1235    728
  1236    728
  1255    728
  1256    728
  1257    728
  1258    728
  1259    728
  1260    728
  1261    728
  1262    728
  1263    728
  1264    728
  1265    728
  1266    728
  1267    728
  1268    728
  1269    728
  1270    728
  1271    728
  1272    728
  1273    728
  1274    728
  1275    728
  1276    728
  1277    728
  1278    728
  1281    728
  1282    728
  1283    728
  1284    728
  1285    728
  1286    728
  1287    728
  1288    728
  1289    728
  1290    728
  1291    728
  1187    729
  1188    729
  1189    729
  1190    729
  1191    729
  1192    729
  1193    729
  1194    729
  1195    729
  1196    729
  1197    729
  1198    729
  1199    729
  1200    729
  1201    729
  1202    729
  1203    729
  1204    729
  1205    729
  1206    729
  1207    729
  1208    729
  1209    729
  1210    729
  1223    729
  1224    729
  1225    729
  1247    729
  1248    729
  1249    729
  1250    729
  1251    729
  1252    729
  1253    729
  1254    729
  1255    729
  1256    729
  1257    729
  1258    729
  1259    729
  1260    729
  1261    729
  1262    729
  1263    729
  1264    729
  1265    729
  1266    729
  1267    729
  1268    729
  1269    729
  1270    729
  1275    729
  1276    729
  1277    729
  1278    729
  1281    729
  1282    729
  1283    729
  1284    729
  1177    730
  1178    730
  1179    730
  1180    730
  1183    730
  1184    730
  1185    730
  1186    730
  1187    730
  1188    730
  1189    730
  1190    730
  1191    730
  1192    730
  1193    730
  1194    730
  1195    730
  1196    730
  1197    730
  1198    730
  1199    730
  1207    730
  1208    730
  1209    730
  1210    730
  1211    730
  1212    730
  1242    730
  1243    730
  1244    730
  1245    730
  1246    730
  1247    730
  1248    730
  1249    730
  1250    730
  1251    730
  1252    730
  1255    730
  1256    730
  1257    730
  1258    730
  1259    730
  1260    730
  1261    730
  1262    730
  1263    730
  1264    730
  1268    730
  1269    730
  1270    730
  1271    730
  1272    730
  1273    730
  1274    730
  1275    730
  1276    730
  1277    730
  1184    731
  1185    731
  1186    731
  1187    731
  1188    731
  1189    731
  1190    731
  1191    731
  1192    731
  1193    731
  1194    731
  1195    731
  1196    731
  1197    731
  1235    731
  1236    731
  1237    731
  1238    731
  1239    731
  1240    731
  1241    731
  1242    731
  1243    731
  1244    731
  1245    731
  1250    731
  1251    731
  1252    731
  1253    731
  1254    731
  1255    731
  1256    731
  1257    731
  1258    731
  1263    731
  1264    731
  1265    731
  1266    731
  1267    731
  1268    731
  1269    731
  1270    731
  1271    731
  1272    731
  1228    732
  1229    732
  1230    732
  1231    732
  1232    732
  1233    732
  1234    732
  1235    732
  1236    732
  1237    732
  1238    732
  1239    732
  1244    732
  1245    732
  1246    732
  1249    732
  1250    732
  1251    732
  1252    732
  1253    732
  1258    732
  1259    732
  1260    732
  1262    732
  1263    732
  1264    732
  1265    732
  1266    732
  1267    732
  1226    733
  1227    733
  1228    733
  1229    733
  1230    733
  1231    733
  1232    733
  1233    733
  1238    733
  1239    733
  1240    733
  1251    733
  1252    733
  1253    733
  1254    733
  1258    733
  1259    733
  1260    733
  1232    734
  1233    734
  1234    734
  1235    734
  1236    734
  1237    734
  1238    734
  1239    734
  1240    734
  1241    734
  1227    735
  1228    735
  1229    735
  1230    735
  1231    735
  1232    735
  1233    735
  1234    735
  1235    735
  1207    736
  1208    736
  1209    736
  1210    736
  1211    736
  1212    736
  1213    736
  1214    736
  1215    736
  1216    736
  1221    736
  1222    736
  1223    736
  1224    736
  1225    736
  1226    736
  1227    736
  1228    736
  1229    736
  1230    736
  1231    736
  1202    737
  1203    737
  1204    737
  1205    737
  1206    737
  1207    737
  1208    737
  1209    737
  1210    737
  1211    737
  1212    737
  1217    737
  1218    737
  1219    737
  1220    737
  1221    737
  1222    737
  1223    737
  1224    737
  1225    737
  1231    737
  1232    737
  1233    737
  1234    737
  1235    737
  1236    737
  1197    738
  1198    738
  1199    738
  1200    738
  1201    738
  1202    738
  1203    738
  1204    738
  1205    738
  1206    738
  1207    738
  1212    738
  1213    738
  1214    738
  1215    738
  1216    738
  1217    738
  1218    738
  1219    738
  1220    738
  1221    738
  1227    738
  1228    738
  1229    738
  1230    738
  1231    738
  1232    738
  1233    738
  1234    738
  1235    738
  1192    739
  1193    739
  1194    739
  1195    739
  1196    739
  1197    739
  1198    739
  1199    739
  1200    739
  1201    739
  1202    739
  1208    739
  1209    739
  1210    739
  1211    739
  1212    739
  1213    739
  1214    739
  1215    739
  1216    739
  1222    739
  1223    739
  1224    739
  1225    739
  1226    739
  1227    739
  1228    739
  1229    739
  1230    739
  1231    739
  1187    740
  1188    740
  1189    740
  1190    740
  1191    740
  1192    740
  1193    740
  1194    740
  1195    740
  1196    740
  1197    740
  1203    740
  1204    740
  1205    740
  1206    740
  1207    740
  1208    740
  1209    740
  1210    740
  1211    740
  1212    740
  1218    740
  1219    740
  1220    740
  1221    740
  1222    740
  1223    740
  1224    740
  1225    740
  1226    740
  1227    740
  1182    741
  1183    741
  1184    741
  1185    741
  1186    741
  1187    741
  1188    741
  1189    741
  1190    741
  1191    741
  1192    741
  1193    741
  1199    741
  1200    741
  1201    741
  1202    741
  1203    741
  1204    741
  1205    741
  1206    741
  1207    741
  1214    741
  1215    741
  1216    741
  1217    741
  1218    741
  1219    741
  1220    741
  1221    741
  1222    741
  1177    742
  1178    742
  1179    742
  1180    742
  1181    742
  1182    742
  1183    742
  1184    742
  1185    742
  1186    742
  1187    742
  1188    742
  1194    742
  1195    742
  1196    742
  1197    742
  1198    742
  1199    742
  1200    742
  1201    742
  1202    742
  1203    742
  1209    742
  1210    742
  1211    742
  1212    742
  1213    742
  1214    742
  1215    742
  1216    742
  1217    742
  1218    742
  1174    743
  1175    743
  1176    743
  1177    743
  1178    743
  1179    743
  1180    743
  1181    743
  1182    743
  1183    743
  1190    743
  1191    743
  1192    743
  1193    743
  1194    743
  1195    743
  1196    743
  1197    743
  1198    743
  1199    743
  1205    743
  1206    743
  1207    743
  1208    743
  1209    743
  1210    743
  1211    743
  1212    743
  1213    743
  1214    743
  1168    744
  1169    744
  1170    744
  1171    744
  1172    744
  1173    744
  1174    744
  1175    744
  1176    744
  1177    744
  1178    744
  1179    744
  1186    744
  1187    744
  1188    744
  1189    744
  1190    744
  1192    744
  1193    744
  1194    744
  1201    744
  1202    744
  1203    744
  1204    744
  1205    744
  1207    744
  1208    744
  1209    744
  1210    744
  1167    745
  1168    745
  1169    745
  1170    745
  1171    745
  1172    745
  1173    745
  1174    745
  1175    745
  1176    745
  1182    745
  1183    745
  1184    745
  1185    745
  1186    745
  1187    745
  1188    745
  1189    745
  1190    745
  1191    745
  1197    745
  1198    745
  1199    745
  1200    745
  1205    745
  1206    745
  1178    746
  1179    746
  1180    746
  1181    746
  1182    746
  1183    746
  1184    746
  1185    746
  1186    746
  1187    746
  1174    747
  1175    747
  1176    747
  1177    747
  1178    747
  1179    747
  1180    747
  1181    747
  1182    747
  1183    747
  1171    748
  1172    748
  1173    748
  1174    748
  1175    748
  1176    748
  1177    748
  1178    748
  1179    748
  1180    748
  1151    749
  1152    749
  1153    749
  1154    749
  1155    749
  1156    749
  1157    749
  1158    749
  1159    749
  1167    749
  1168    749
  1169    749
  1170    749
  1172    749
  1173    749
  1174    749
  1175    749
  1176    749
  1147    750
  1148    750
  1149    750
  1150    750
  1151    750
  1152    750
  1153    750
  1154    750
  1155    750
  1156    750
  1157    750
  1163    750
  1164    750
  1165    750
  1166    750
  1167    750
  1169    750
  1170    750
  1171    750
  1172    750
  1173    750
  1180    750
  1181    750
  1182    750
  1183    750
  1184    750
  1185    750
  1186    750
  1143    751
  1144    751
  1145    751
  1146    751
  1147    751
  1148    751
  1149    751
  1150    751
  1151    751
  1152    751
  1153    751
  1154    751
  1160    751
  1161    751
  1162    751
  1163    751
  1164    751
  1165    751
  1166    751
  1167    751
  1168    751
  1169    751
  1170    751
  1177    751
  1178    751
  1179    751
  1180    751
  1181    751
  1182    751
  1183    751
  1184    751
  1186    751
  1187    751
  1140    752
  1141    752
  1142    752
  1143    752
  1144    752
  1145    752
  1146    752
  1147    752
  1148    752
  1149    752
  1157    752
  1158    752
  1159    752
  1160    752
  1161    752
  1162    752
  1163    752
  1164    752
  1165    752
  1166    752
  1167    752
  1174    752
  1175    752
  1176    752
  1177    752
  1178    752
  1179    752
  1180    752
  1181    752
  1182    752
  1183    752
  1184    752
  1137    753
  1138    753
  1139    753
  1140    753
  1141    753
  1142    753
  1143    753
  1144    753
  1145    753
  1146    753
  1147    753
  1155    753
  1156    753
  1157    753
  1158    753
  1159    753
  1160    753
  1161    753
  1162    753
  1163    753
  1164    753
  1171    753
  1172    753
  1173    753
  1174    753
  1175    753
  1176    753
  1177    753
  1178    753
  1179    753
  1180    753
  1181    753
  1182    753
  1134    754
  1135    754
  1136    754
  1137    754
  1138    754
  1139    754
  1140    754
  1141    754
  1142    754
  1143    754
  1144    754
  1152    754
  1153    754
  1154    754
  1155    754
  1156    754
  1157    754
  1158    754
  1159    754
  1160    754
  1169    754
  1170    754
  1171    754
  1172    754
  1173    754
  1174    754
  1175    754
  1176    754
  1177    754
  1178    754
  1131    755
  1132    755
  1133    755
  1134    755
  1135    755
  1136    755
  1137    755
  1138    755
  1139    755
  1140    755
  1141    755
  1148    755
  1149    755
  1150    755
  1151    755
  1152    755
  1153    755
  1154    755
  1155    755
  1156    755
  1157    755
  1158    755
  1165    755
  1166    755
  1167    755
  1168    755
  1169    755
  1170    755
  1171    755
  1172    755
  1173    755
  1174    755
  1175    755
  1176    755
  1128    756
  1129    756
  1130    756
  1131    756
  1132    756
  1133    756
  1134    756
  1135    756
  1136    756
  1137    756
  1138    756
  1146    756
  1147    756
  1148    756
  1149    756
  1153    756
  1154    756
  1155    756
  1163    756
  1164    756
  1165    756
  1166    756
  1167    756
  1168    756
  1169    756
  1170    756
  1171    756
  1172    756
  1173    756
  1174    756
  1124    757
  1125    757
  1126    757
  1127    757
  1128    757
  1129    757
  1130    757
  1131    757
  1132    757
  1133    757
  1134    757
  1135    757
  1143    757
  1144    757
  1145    757
  1146    757
  1147    757
  1151    757
  1152    757
  1153    757
  1161    757
  1162    757
  1163    757
  1164    757
  1165    757
  1166    757
  1167    757
  1168    757
  1169    757
  1170    757
  1171    757
  1122    758
  1123    758
  1124    758
  1125    758
  1126    758
  1127    758
  1128    758
  1129    758
  1130    758
  1131    758
  1132    758
  1133    758
  1141    758
  1142    758
  1143    758
  1144    758
  1145    758
  1146    758
  1149    758
  1150    758
  1159    758
  1160    758
  1161    758
  1162    758
  1163    758
  1164    758
  1165    758
  1166    758
  1167    758
  1168    758
  1169    758
  1120    759
  1121    759
  1122    759
  1123    759
  1124    759
  1125    759
  1126    759
  1127    759
  1128    759
  1129    759
  1130    759
  1131    759
  1138    759
  1139    759
  1140    759
  1141    759
  1142    759
  1143    759
  1144    759
  1146    759
  1147    759
  1156    759
  1157    759
  1158    759
  1159    759
  1160    759
  1161    759
  1162    759
  1163    759
  1164    759
  1165    759
  1166    759
  1167    759
  1116    760
  1117    760
  1118    760
  1119    760
  1120    760
  1121    760
  1122    760
  1123    760
  1124    760
  1125    760
  1126    760
  1127    760
  1128    760
  1135    760
  1136    760
  1137    760
  1138    760
  1139    760
  1140    760
  1141    760
  1143    760
  1144    760
  1145    760
  1154    760
  1155    760
  1156    760
  1157    760
  1158    760
  1159    760
  1160    760
  1161    760
  1162    760
  1163    760
  1164    760
  1165    760
  1114    761
  1115    761
  1116    761
  1117    761
  1118    761
  1119    761
  1120    761
  1121    761
  1122    761
  1123    761
  1124    761
  1125    761
  1133    761
  1134    761
  1135    761
  1136    761
  1137    761
  1138    761
  1139    761
  1140    761
  1141    761
  1142    761
  1143    761
  1152    761
  1153    761
  1154    761
  1155    761
  1156    761
  1157    761
  1158    761
  1159    761
  1160    761
  1161    761
  1162    761
  1163    761
  1116    762
  1117    762
  1118    762
  1119    762
  1120    762
  1121    762
  1122    762
  1131    762
  1132    762
  1133    762
  1134    762
  1135    762
  1136    762
  1137    762
  1138    762
  1139    762
  1140    762
  1141    762
  1156    762
  1157    762
  1158    762
  1159    762
  1160    762
  1129    763
  1130    763
  1131    763
  1132    763
  1133    763
  1134    763
  1135    763
  1136    763
  1137    763
  1138    763
  1153    763
  1154    763
  1155    763
  1156    763
  1157    763
  1158    763
  1127    764
  1128    764
  1129    764
  1130    764
  1131    764
  1132    764
  1133    764
  1134    764
  1135    764
  1136    764
  1124    765
  1125    765
  1126    765
  1127    765
  1128    765
  1129    765
  1130    765
  1131    765
  1132    765
  1133    765
  1122    766
  1123    766
  1124    766
  1125    766
  1126    766
  1127    766
  1128    766
  1129    766
  1130    766
  1131    766
  1119    767
  1120    767
  1121    767
  1122    767
  1123    767
  1124    767
  1125    767
  1126    767
  1127    767
  1128    767
  1129    767
  1130    767
  1097    768
  1098    768
  1099    768
  1100    768
  1101    768
  1102    768
  1103    768
  1104    768
  1117    768
  1118    768
  1119    768
  1120    768
  1121    768
  1122    768
  1123    768
  1124    768
  1125    768
  1126    768
  1127    768
  1136    768
  1137    768
  1138    768
  1139    768
  1140    768
  1141    768
  1142    768
  1143    768
  1094    769
  1095    769
  1096    769
  1097    769
  1098    769
  1099    769
  1100    769
  1101    769
  1102    769
  1105    769
  1106    769
  1115    769
  1116    769
  1117    769
  1118    769
  1119    769
  1120    769
  1121    769
  1122    769
  1123    769
  1124    769
  1125    769
  1134    769
  1135    769
  1136    769
  1137    769
  1138    769
  1139    769
  1140    769
  1141    769
  1092    770
  1093    770
  1094    770
  1095    770
  1096    770
  1097    770
  1098    770
  1099    770
  1100    770
  1101    770
  1102    770
  1103    770
  1113    770
  1114    770
  1115    770
  1116    770
  1117    770
  1118    770
  1119    770
  1120    770
  1121    770
  1122    770
  1123    770
  1132    770
  1133    770
  1134    770
  1135    770
  1136    770
  1137    770
  1138    770
  1139    770
  1140    770
  1141    770
  1089    771
  1090    771
  1091    771
  1092    771
  1093    771
  1094    771
  1095    771
  1096    771
  1097    771
  1098    771
  1099    771
  1100    771
  1101    771
  1111    771
  1112    771
  1113    771
  1114    771
  1115    771
  1116    771
  1117    771
  1118    771
  1119    771
  1120    771
  1121    771
  1129    771
  1130    771
  1131    771
  1132    771
  1133    771
  1134    771
  1135    771
  1136    771
  1137    771
  1138    771
  1139    771
  1140    771
  1141    771
  1142    771
  1087    772
  1088    772
  1089    772
  1090    772
  1091    772
  1092    772
  1093    772
  1094    772
  1095    772
  1096    772
  1097    772
  1098    772
  1099    772
  1109    772
  1110    772
  1111    772
  1112    772
  1113    772
  1114    772
  1115    772
  1116    772
  1117    772
  1118    772
  1119    772
  1128    772
  1129    772
  1130    772
  1131    772
  1132    772
  1133    772
  1134    772
  1135    772
  1136    772
  1137    772
  1138    772
  1139    772
  1085    773
  1086    773
  1087    773
  1088    773
  1089    773
  1090    773
  1091    773
  1092    773
  1093    773
  1094    773
  1095    773
  1096    773
  1097    773
  1107    773
  1108    773
  1109    773
  1110    773
  1111    773
  1112    773
  1113    773
  1114    773
  1115    773
  1116    773
  1117    773
  1126    773
  1127    773
  1128    773
  1129    773
  1130    773
  1131    773
  1132    773
  1133    773
  1134    773
  1135    773
  1136    773
  1137    773
  1138    773
  1083    774
  1084    774
  1085    774
  1086    774
  1087    774
  1088    774
  1089    774
  1090    774
  1091    774
  1092    774
  1093    774
  1094    774
  1095    774
  1105    774
  1106    774
  1107    774
  1108    774
  1109    774
  1110    774
  1111    774
  1112    774
  1113    774
  1114    774
  1115    774
  1116    774
  1124    774
  1125    774
  1126    774
  1127    774
  1128    774
  1129    774
  1130    774
  1131    774
  1132    774
  1133    774
  1134    774
  1135    774
  1136    774
  1080    775
  1081    775
  1082    775
  1083    775
  1084    775
  1085    775
  1086    775
  1087    775
  1088    775
  1089    775
  1090    775
  1091    775
  1092    775
  1103    775
  1104    775
  1105    775
  1106    775
  1107    775
  1108    775
  1109    775
  1110    775
  1111    775
  1112    775
  1113    775
  1114    775
  1122    775
  1123    775
  1124    775
  1125    775
  1126    775
  1127    775
  1128    775
  1129    775
  1130    775
  1131    775
  1132    775
  1133    775
  1134    775
  1078    776
  1079    776
  1080    776
  1081    776
  1082    776
  1083    776
  1084    776
  1085    776
  1086    776
  1087    776
  1088    776
  1089    776
  1090    776
  1091    776
  1101    776
  1102    776
  1103    776
  1104    776
  1105    776
  1106    776
  1107    776
  1108    776
  1109    776
  1110    776
  1111    776
  1112    776
  1120    776
  1121    776
  1122    776
  1123    776
  1124    776
  1125    776
  1126    776
  1127    776
  1128    776
  1129    776
  1130    776
  1131    776
  1132    776
  1076    777
  1077    777
  1078    777
  1079    777
  1080    777
  1081    777
  1082    777
  1083    777
  1084    777
  1085    777
  1086    777
  1087    777
  1088    777
  1099    777
  1100    777
  1101    777
  1102    777
  1103    777
  1104    777
  1105    777
  1106    777
  1107    777
  1108    777
  1109    777
  1110    777
  1118    777
  1119    777
  1120    777
  1121    777
  1122    777
  1123    777
  1124    777
  1125    777
  1126    777
  1127    777
  1128    777
  1129    777
  1130    777
  1074    778
  1075    778
  1076    778
  1077    778
  1078    778
  1079    778
  1080    778
  1081    778
  1082    778
  1083    778
  1084    778
  1085    778
  1086    778
  1097    778
  1098    778
  1099    778
  1100    778
  1101    778
  1102    778
  1103    778
  1104    778
  1105    778
  1106    778
  1107    778
  1108    778
  1117    778
  1118    778
  1119    778
  1120    778
  1121    778
  1122    778
  1123    778
  1124    778
  1125    778
  1126    778
  1127    778
  1128    778
  1129    778
  1130    778
  1072    779
  1073    779
  1074    779
  1075    779
  1076    779
  1077    779
  1078    779
  1079    779
  1080    779
  1081    779
  1082    779
  1083    779
  1084    779
  1095    779
  1096    779
  1097    779
  1098    779
  1099    779
  1100    779
  1101    779
  1102    779
  1103    779
  1104    779
  1105    779
  1106    779
  1107    779
  1115    779
  1116    779
  1117    779
  1118    779
  1119    779
  1120    779
  1121    779
  1122    779
  1123    779
  1124    779
  1125    779
  1126    779
  1127    779
  1128    779
  1070    780
  1071    780
  1072    780
  1073    780
  1074    780
  1075    780
  1076    780
  1077    780
  1078    780
  1079    780
  1080    780
  1081    780
  1082    780
  1083    780
  1093    780
  1094    780
  1095    780
  1096    780
  1097    780
  1098    780
  1099    780
  1100    780
  1101    780
  1102    780
  1103    780
  1104    780
  1105    780
  1114    780
  1115    780
  1116    780
  1117    780
  1118    780
  1119    780
  1120    780
  1121    780
  1122    780
  1123    780
  1124    780
  1125    780
  1126    780
  1068    781
  1069    781
  1070    781
  1071    781
  1072    781
  1073    781
  1074    781
  1075    781
  1076    781
  1077    781
  1078    781
  1079    781
  1080    781
  1092    781
  1093    781
  1094    781
  1095    781
  1096    781
  1097    781
  1098    781
  1099    781
  1100    781
  1101    781
  1102    781
  1103    781
  1112    781
  1113    781
  1114    781
  1115    781
  1116    781
  1117    781
  1118    781
  1119    781
  1120    781
  1121    781
  1122    781
  1123    781
  1124    781
  1125    781
  1066    782
  1067    782
  1068    782
  1069    782
  1070    782
  1071    782
  1072    782
  1073    782
  1074    782
  1075    782
  1076    782
  1077    782
  1078    782
  1079    782
  1090    782
  1091    782
  1092    782
  1093    782
  1094    782
  1095    782
  1096    782
  1097    782
  1098    782
  1099    782
  1100    782
  1101    782
  1111    782
  1112    782
  1113    782
  1114    782
  1115    782
  1116    782
  1117    782
  1118    782
  1119    782
  1120    782
  1121    782
  1122    782
  1123    782
  1065    783
  1066    783
  1067    783
  1068    783
  1069    783
  1070    783
  1071    783
  1072    783
  1073    783
  1074    783
  1075    783
  1076    783
  1077    783
  1088    783
  1089    783
  1090    783
  1091    783
  1092    783
  1093    783
  1094    783
  1095    783
  1096    783
  1097    783
  1098    783
  1099    783
  1109    783
  1110    783
  1111    783
  1112    783
  1113    783
  1114    783
  1115    783
  1116    783
  1117    783
  1118    783
  1119    783
  1120    783
  1121    783
  1122    783
  1062    784
  1063    784
  1064    784
  1065    784
  1066    784
  1067    784
  1068    784
  1069    784
  1070    784
  1071    784
  1072    784
  1073    784
  1074    784
  1075    784
  1076    784
  1086    784
  1087    784
  1088    784
  1089    784
  1090    784
  1091    784
  1092    784
  1093    784
  1094    784
  1095    784
  1096    784
  1097    784
  1098    784
  1108    784
  1109    784
  1110    784
  1111    784
  1112    784
  1113    784
  1114    784
  1115    784
  1116    784
  1117    784
  1118    784
  1119    784
  1120    784
  1121    784
  1061    785
  1062    785
  1063    785
  1064    785
  1065    785
  1066    785
  1067    785
  1068    785
  1069    785
  1070    785
  1071    785
  1072    785
  1073    785
  1074    785
  1085    785
  1086    785
  1087    785
  1088    785
  1089    785
  1090    785
  1091    785
  1092    785
  1093    785
  1094    785
  1095    785
  1096    785
  1106    785
  1107    785
  1108    785
  1109    785
  1110    785
  1111    785
  1112    785
  1113    785
  1114    785
  1115    785
  1116    785
  1117    785
  1118    785
  1119    785
  1061    786
  1062    786
  1063    786
  1064    786
  1065    786
  1066    786
  1067    786
  1068    786
  1069    786
  1070    786
  1071    786
  1072    786
  1083    786
  1084    786
  1085    786
  1086    786
  1087    786
  1088    786
  1089    786
  1090    786
  1091    786
  1092    786
  1093    786
  1094    786
  1095    786
  1105    786
  1106    786
  1107    786
  1108    786
  1109    786
  1110    786
  1111    786
  1112    786
  1113    786
  1114    786
  1115    786
  1116    786
  1117    786
  1118    786
  1061    787
  1062    787
  1063    787
  1064    787
  1065    787
  1066    787
  1067    787
  1068    787
  1069    787
  1070    787
  1082    787
  1083    787
  1084    787
  1085    787
  1086    787
  1087    787
  1088    787
  1089    787
  1090    787
  1091    787
  1092    787
  1093    787
  1110    787
  1111    787
  1112    787
  1113    787
  1114    787
  1115    787
  1116    787
  1079    788
  1080    788
  1081    788
  1082    788
  1083    788
  1084    788
  1085    788
  1086    788
  1087    788
  1088    788
  1089    788
  1090    788
  1091    788
  1092    788
  1109    788
  1110    788
  1111    788
  1078    789
  1079    789
  1080    789
  1081    789
  1082    789
  1083    789
  1084    789
  1085    789
  1086    789
  1087    789
  1088    789
  1089    789
  1090    789
  1077    790
  1078    790
  1079    790
  1080    790
  1081    790
  1082    790
  1083    790
  1084    790
  1085    790
  1086    790
  1087    790
  1088    790
  1089    790
  1075    791
  1076    791
  1077    791
  1078    791
  1079    791
  1080    791
  1081    791
  1082    791
  1083    791
  1084    791
  1085    791
  1086    791
  1087    791
  1074    792
  1075    792
  1076    792
  1077    792
  1078    792
  1079    792
  1080    792
  1081    792
  1082    792
  1083    792
  1084    792
  1085    792
  1086    792
