  1397    712
  1398    712
  1399    712
  1400    712
  1380    713
  1381    713
  1382    713
  1383    713
  1384    713
  1385    713
  1386    713
  1368    714
  1369    714
  1370    714
  1371    714
  1372    714
  1373    714
  1374    714
  1375    714
  1376    714
  1377    714
  1378    714
  1379    714
  1380    714
  1381    714
  1382    714
  1383    714
  1395    714
  1396    714
  1397    714
  1398    714
  1399    714
  1400    714
  1358    715
  1359    715
  1360    715
  1361    715
  1362    715
  1363    715
  1364    715
  1365    715
  1366    715
  1367    715
  1368    715
  1369    715
  1370    715
  1371    715
  1372    715
  1373    715
  1374    715
  1375    715
  1376    715
  1377    715
  1378    715
  1379    715
  1380    715
  1388    715
  1389    715
  1390    715
  1391    715
  1392    715
  1393    715
  1348    716
  1349    716
  1350    716
  1351    716
  1352    716
  1353    716
  1368    716
  1369    716
  1370    716
  1371    716
  1372    716
  1379    716
  1380    716
  1381    716
  1382    716
  1383    716
  1384    716
  1336    717
  1337    717
  1338    717
  1339    717
  1340    717
  1341    717
  1342    717
  1343    717
  1344    717
  1345    717
  1346    717
  1347    717
  1348    717
  1349    717
  1350    717
  1351    717
  1352    717
  1373    717
  1374    717
  1375    717
  1376    717
  1334    718
  1335    718
  1336    718
  1337    718
  1338    718
  1339    718
  1340    718
  1341    718
  1342    718
  1343    718
  1344    718
  1345    718
  1346    718
  1347    718
  1348    718
  1349    718
  1350    718
  1351    718
  1352    718
  1368    718
  1369    718
  1370    718
  1315    719
  1316    719
  1317    719
  1324    719
  1325    719
  1332    719
  1333    719
  1334    719
  1335    719
  1338    719
  1339    719
  1340    719
  1341    719
  1342    719
  1343    719
  1344    719
  1345    719
  1346    719
  1347    719
  1348    719
  1349    719
  1352    719
  1307    720
  1308    720
  1309    720
  1310    720
  1311    720
  1312    720
  1313    720
  1314    720
  1315    720
  1316    720
  1317    720
  1319    720
  1320    720
  1321    720
  1322    720
  1323    720
  1324    720
  1325    720
  1326    720
  1327    720
  1333    720
  1334    720
  1335    720
  1336    720
  1337    720
  1338    720
  1339    720
  1340    720
  1341    720
  1342    720
  1343    720
  1344    720
  1293    721
  1294    721
  1295    721
  1296    721
  1297    721
  1298    721
  1299    721
  1300    721
  1301    721
  1302    721
  1303    721
  1304    721
  1305    721
  1306    721
  1307    721
  1308    721
  1309    721
  1310    721
  1311    721
  1312    721
  1313    721
  1314    721
  1315    721
  1316    721
  1328    721
  1329    721
  1336    721
  1337    721
  1338    721
  1344    721
  1345    721
  1346    721
  1279    722
  1280    722
  1281    722
  1282    722
  1283    722
  1284    722
  1285    722
  1286    722
  1287    722
  1288    722
  1289    722
  1290    722
  1291    722
  1292    722
  1293    722
  1294    722
  1295    722
  1296    722
  1297    722
  1298    722
  1299    722
  1300    722
  1301    722
  1302    722
  1303    722
  1304    722
  1305    722
  1306    722
  1307    722
  1308    722
  1309    722
  1310    722
  1311    722
  1312    722
  1313    722
  1318    722
  1319    722
  1320    722
  1321    722
  1322    722
  1323    722
  1324    722
  1325    722
  1336    722
  1337    722
  1338    722
  1269    723
  1270    723
  1271    723
  1285    723
  1286    723
  1287    723
  1288    723
  1289    723
  1290    723
  1291    723
  1292    723
  1293    723
  1294    723
  1295    723
  1296    723
  1297    723
  1298    723
  1299    723
  1300    723
  1301    723
  1302    723
  1303    723
  1304    723
  1305    723
  1306    723
  1307    723
  1308    723
  1309    723
  1310    723
  1311    723
  1312    723
  1313    723
  1314    723
  1315    723
  1316    723
  1317    723
  1318    723
  1319    723
  1320    723
  1321    723
  1322    723
  1257    724
  1258    724
  1259    724
  1260    724
  1261    724
  1262    724
  1286    724
  1287    724
  1288    724
  1289    724
  1290    724
  1291    724
  1292    724
  1293    724
  1294    724
  1295    724
  1296    724
  1297    724
  1298    724
  1299    724
  1300    724
  1301    724
  1302    724
  1303    724
  1304    724
  1305    724
  1306    724
  1307    724
  1308    724
  1309    724
  1310    724
  1311    724
  1312    724
  1313    724
  1314    724
  1315    724
  1316    724
  1255    725
  1256    725
  1257    725
  1258    725
  1259    725
  1260    725
  1261    725
  1264    725
  1265    725
  1266    725
  1267    725
  1268    725
  1269    725
  1270    725
  1271    725
  1272    725
  1273    725
  1277    725
  1278    725
  1279    725
  1280    725
  1281    725
  1282    725
  1290    725
  1291    725
  1292    725
  1293    725
  1294    725
  1295    725
  1296    725
  1297    725
  1298    725
  1299    725
  1300    725
  1301    725
  1302    725
  1303    725
  1304    725
  1305    725
  1309    725
  1310    725
  1311    725
  1313    725
  1314    725
  1315    725
  1316    725
  1317    725
  1248    726
  1249    726
  1250    726
  1253    726
  1254    726
  1255    726
  1256    726
  1257    726
  1258    726
  1259    726
  1260    726
  1288    726
  1289    726
  1290    726
  1291    726
  1292    726
  1293    726
  1294    726
  1295    726
  1296    726
  1297    726
  1298    726
  1225    727
  1226    727
  1227    727
  1228    727
  1229    727
  1230    727
  1231    727
  1232    727
  1233    727
  1234    727
  1235    727
  1236    727
  1237    727
  1238    727
  1239    727
  1240    727
  1241    727
  1254    727
  1255    727
  1256    727
  1257    727
  1269    727
  1270    727
  1271    727
  1272    727
  1273    727
  1274    727
  1275    727
  1282    727
  1283    727
  1284    727
  1285    727
  1286    727
  1287    727
  1288    727
  1289    727
  1290    727
  1291    727
  1295    727
  1296    727
  1297    727
  1212    728
  1213    728
  1214    728
  1215    728
  1216    728
  1228    728
  1229    728
  1230    728
  1231    728
  1241    728
  1242    728
  1243    728
  1244    728
  1245    728
  1246    728
  1247    728
  1248    728
  1261    728
  1262    728
  1263    728
  1264    728
  1265    728
  1266    728
  1267    728
  1268    728
  1269    728
  1270    728
  1271    728
  1272    728
  1273    728
  1274    728
  1275    728
  1276    728
  1277    728
  1278    728
  1281    728
  1282    728
  1283    728
  1284    728
  1285    728
  1289    728
  1290    728
  1291    728
  1197    729
  1198    729
  1199    729
  1200    729
  1201    729
  1202    729
  1203    729
  1204    729
  1230    729
  1231    729
  1232    729
  1233    729
  1234    729
  1235    729
  1255    729
  1256    729
  1257    729
  1258    729
  1259    729
  1260    729
  1261    729
  1262    729
  1263    729
  1264    729
  1265    729
  1266    729
  1267    729
  1268    729
  1269    729
  1270    729
  1271    729
  1272    729
  1273    729
  1274    729
  1275    729
  1276    729
  1277    729
  1281    729
  1282    729
  1283    729
  1284    729
  1285    729
  1288    729
  1289    729
  1290    729
  1291    729
  1292    729
  1185    730
  1186    730
  1187    730
  1188    730
  1189    730
  1190    730
  1191    730
  1192    730
  1193    730
  1194    730
  1195    730
  1196    730
  1197    730
  1198    730
  1199    730
  1200    730
  1201    730
  1202    730
  1203    730
  1204    730
  1250    730
  1251    730
  1252    730
  1253    730
  1254    730
  1255    730
  1256    730
  1257    730
  1258    730
  1259    730
  1263    730
  1264    730
  1265    730
  1266    730
  1267    730
  1268    730
  1269    730
  1270    730
  1271    730
  1272    730
  1275    730
  1276    730
  1277    730
  1278    730
  1283    730
  1284    730
  1285    730
  1187    731
  1188    731
  1189    731
  1190    731
  1191    731
  1192    731
  1193    731
  1194    731
  1195    731
  1207    731
  1208    731
  1209    731
  1210    731
  1243    731
  1244    731
  1245    731
  1246    731
  1247    731
  1248    731
  1249    731
  1250    731
  1251    731
  1252    731
  1253    731
  1254    731
  1257    731
  1258    731
  1259    731
  1260    731
  1261    731
  1262    731
  1263    731
  1264    731
  1265    731
  1266    731
  1271    731
  1272    731
  1273    731
  1277    731
  1278    731
  1279    731
  1166    732
  1167    732
  1182    732
  1183    732
  1184    732
  1185    732
  1186    732
  1187    732
  1194    732
  1195    732
  1196    732
  1197    732
  1198    732
  1235    732
  1236    732
  1237    732
  1238    732
  1239    732
  1240    732
  1241    732
  1243    732
  1244    732
  1245    732
  1246    732
  1251    732
  1252    732
  1253    732
  1254    732
  1255    732
  1256    732
  1257    732
  1258    732
  1259    732
  1260    732
  1263    732
  1264    732
  1265    732
  1266    732
  1267    732
  1268    732
  1270    732
  1271    732
  1272    732
  1273    732
  1274    732
  1275    732
  1229    733
  1230    733
  1231    733
  1232    733
  1233    733
  1234    733
  1235    733
  1236    733
  1237    733
  1238    733
  1239    733
  1240    733
  1245    733
  1246    733
  1247    733
  1253    733
  1254    733
  1258    733
  1259    733
  1260    733
  1261    733
  1262    733
  1263    733
  1266    733
  1267    733
  1268    733
  1269    733
  1231    734
  1232    734
  1233    734
  1234    734
  1235    734
  1240    734
  1241    734
  1242    734
  1243    734
  1248    734
  1249    734
  1260    734
  1261    734
  1262    734
  1235    735
  1236    735
  1237    735
  1238    735
  1239    735
  1240    735
  1241    735
  1242    735
  1243    735
  1244    735
  1215    736
  1216    736
  1217    736
  1218    736
  1219    736
  1220    736
  1228    736
  1229    736
  1230    736
  1231    736
  1232    736
  1233    736
  1234    736
  1235    736
  1236    736
  1237    736
  1238    736
  1210    737
  1211    737
  1212    737
  1213    737
  1214    737
  1215    737
  1216    737
  1217    737
  1218    737
  1219    737
  1224    737
  1225    737
  1226    737
  1227    737
  1228    737
  1229    737
  1230    737
  1231    737
  1232    737
  1233    737
  1239    737
  1240    737
  1241    737
  1242    737
  1243    737
  1204    738
  1205    738
  1206    738
  1207    738
  1208    738
  1209    738
  1210    738
  1211    738
  1212    738
  1213    738
  1214    738
  1215    738
  1219    738
  1220    738
  1221    738
  1222    738
  1223    738
  1224    738
  1225    738
  1226    738
  1227    738
  1228    738
  1229    738
  1234    738
  1235    738
  1236    738
  1237    738
  1238    738
  1239    738
  1199    739
  1200    739
  1201    739
  1202    739
  1203    739
  1204    739
  1205    739
  1206    739
  1207    739
  1208    739
  1209    739
  1210    739
  1215    739
  1216    739
  1217    739
  1218    739
  1219    739
  1220    739
  1221    739
  1222    739
  1223    739
  1224    739
  1229    739
  1230    739
  1231    739
  1232    739
  1233    739
  1234    739
  1235    739
  1236    739
  1237    739
  1238    739
  1195    740
  1196    740
  1197    740
  1198    740
  1199    740
  1200    740
  1201    740
  1202    740
  1203    740
  1204    740
  1205    740
  1210    740
  1211    740
  1212    740
  1213    740
  1214    740
  1215    740
  1216    740
  1217    740
  1218    740
  1219    740
  1220    740
  1225    740
  1226    740
  1227    740
  1228    740
  1229    740
  1231    740
  1232    740
  1233    740
  1234    740
  1235    740
  1190    741
  1191    741
  1192    741
  1193    741
  1194    741
  1195    741
  1196    741
  1197    741
  1198    741
  1199    741
  1200    741
  1206    741
  1207    741
  1208    741
  1209    741
  1210    741
  1211    741
  1212    741
  1213    741
  1214    741
  1215    741
  1221    741
  1222    741
  1223    741
  1224    741
  1225    741
  1227    741
  1228    741
  1229    741
  1230    741
  1184    742
  1185    742
  1186    742
  1187    742
  1188    742
  1189    742
  1190    742
  1191    742
  1192    742
  1193    742
  1194    742
  1195    742
  1196    742
  1202    742
  1203    742
  1204    742
  1205    742
  1206    742
  1207    742
  1208    742
  1209    742
  1210    742
  1217    742
  1218    742
  1219    742
  1220    742
  1221    742
  1223    742
  1224    742
  1225    742
  1226    742
  1180    743
  1181    743
  1182    743
  1183    743
  1184    743
  1185    743
  1186    743
  1187    743
  1188    743
  1189    743
  1190    743
  1191    743
  1197    743
  1198    743
  1199    743
  1200    743
  1201    743
  1202    743
  1203    743
  1204    743
  1205    743
  1206    743
  1207    743
  1213    743
  1214    743
  1215    743
  1216    743
  1217    743
  1218    743
  1219    743
  1220    743
  1221    743
  1222    743
  1177    744
  1178    744
  1179    744
  1180    744
  1181    744
  1182    744
  1183    744
  1184    744
  1185    744
  1186    744
  1193    744
  1194    744
  1195    744
  1196    744
  1200    744
  1201    744
  1202    744
  1208    744
  1209    744
  1210    744
  1211    744
  1212    744
  1215    744
  1216    744
  1217    744
  1218    744
  1171    745
  1172    745
  1173    745
  1174    745
  1175    745
  1176    745
  1177    745
  1178    745
  1179    745
  1180    745
  1181    745
  1182    745
  1183    745
  1184    745
  1189    745
  1190    745
  1191    745
  1192    745
  1205    745
  1206    745
  1207    745
  1208    745
  1212    745
  1213    745
  1214    745
  1171    746
  1172    746
  1173    746
  1174    746
  1175    746
  1176    746
  1177    746
  1178    746
  1179    746
  1185    746
  1186    746
  1187    746
  1188    746
  1189    746
  1193    746
  1194    746
  1201    746
  1202    746
  1209    746
  1210    746
  1211    746
  1181    747
  1182    747
  1183    747
  1184    747
  1185    747
  1186    747
  1187    747
  1188    747
  1189    747
  1190    747
  1191    747
  1178    748
  1179    748
  1180    748
  1181    748
  1182    748
  1183    748
  1184    748
  1185    748
  1186    748
  1187    748
  1188    748
  1175    749
  1176    749
  1177    749
  1178    749
  1180    749
  1181    749
  1182    749
  1183    749
  1184    749
  1154    750
  1155    750
  1156    750
  1157    750
  1158    750
  1159    750
  1161    750
  1162    750
  1171    750
  1172    750
  1173    750
  1174    750
  1175    750
  1176    750
  1177    750
  1178    750
  1179    750
  1180    750
  1181    750
  1151    751
  1152    751
  1153    751
  1154    751
  1160    751
  1161    751
  1162    751
  1168    751
  1169    751
  1170    751
  1171    751
  1172    751
  1173    751
  1174    751
  1175    751
  1176    751
  1177    751
  1178    751
  1185    751
  1186    751
  1187    751
  1188    751
  1147    752
  1148    752
  1149    752
  1150    752
  1151    752
  1152    752
  1153    752
  1155    752
  1156    752
  1157    752
  1158    752
  1164    752
  1165    752
  1166    752
  1167    752
  1168    752
  1171    752
  1172    752
  1173    752
  1174    752
  1181    752
  1182    752
  1183    752
  1184    752
  1185    752
  1186    752
  1187    752
  1191    752
  1192    752
  1193    752
  1143    753
  1144    753
  1145    753
  1146    753
  1147    753
  1148    753
  1149    753
  1150    753
  1151    753
  1152    753
  1153    753
  1154    753
  1161    753
  1162    753
  1163    753
  1164    753
  1165    753
  1166    753
  1167    753
  1168    753
  1169    753
  1170    753
  1171    753
  1179    753
  1180    753
  1181    753
  1182    753
  1183    753
  1184    753
  1185    753
  1186    753
  1187    753
  1188    753
  1189    753
  1141    754
  1142    754
  1143    754
  1144    754
  1145    754
  1146    754
  1148    754
  1149    754
  1150    754
  1151    754
  1152    754
  1159    754
  1160    754
  1161    754
  1162    754
  1163    754
  1164    754
  1165    754
  1166    754
  1167    754
  1168    754
  1176    754
  1177    754
  1178    754
  1179    754
  1180    754
  1184    754
  1185    754
  1186    754
  1137    755
  1138    755
  1139    755
  1140    755
  1141    755
  1142    755
  1143    755
  1144    755
  1145    755
  1146    755
  1147    755
  1148    755
  1149    755
  1156    755
  1157    755
  1158    755
  1161    755
  1162    755
  1163    755
  1164    755
  1165    755
  1173    755
  1174    755
  1175    755
  1176    755
  1177    755
  1180    755
  1181    755
  1182    755
  1183    755
  1135    756
  1136    756
  1137    756
  1138    756
  1139    756
  1140    756
  1141    756
  1142    756
  1143    756
  1144    756
  1145    756
  1146    756
  1153    756
  1154    756
  1155    756
  1156    756
  1159    756
  1160    756
  1161    756
  1162    756
  1163    756
  1170    756
  1171    756
  1172    756
  1173    756
  1174    756
  1175    756
  1179    756
  1180    756
  1181    756
  1132    757
  1133    757
  1134    757
  1135    757
  1136    757
  1137    757
  1138    757
  1139    757
  1140    757
  1141    757
  1142    757
  1143    757
  1150    757
  1151    757
  1152    757
  1153    757
  1154    757
  1157    757
  1158    757
  1159    757
  1160    757
  1168    757
  1169    757
  1170    757
  1171    757
  1172    757
  1173    757
  1174    757
  1175    757
  1176    757
  1177    757
  1178    757
  1129    758
  1130    758
  1131    758
  1132    758
  1133    758
  1134    758
  1135    758
  1136    758
  1137    758
  1138    758
  1139    758
  1140    758
  1147    758
  1148    758
  1149    758
  1150    758
  1151    758
  1152    758
  1155    758
  1156    758
  1157    758
  1158    758
  1166    758
  1167    758
  1168    758
  1169    758
  1170    758
  1171    758
  1172    758
  1173    758
  1174    758
  1175    758
  1176    758
  1127    759
  1128    759
  1129    759
  1130    759
  1131    759
  1132    759
  1133    759
  1134    759
  1135    759
  1136    759
  1137    759
  1138    759
  1145    759
  1146    759
  1147    759
  1148    759
  1149    759
  1150    759
  1151    759
  1152    759
  1153    759
  1154    759
  1155    759
  1163    759
  1164    759
  1165    759
  1166    759
  1167    759
  1168    759
  1169    759
  1170    759
  1171    759
  1172    759
  1173    759
  1174    759
  1124    760
  1125    760
  1126    760
  1127    760
  1128    760
  1129    760
  1130    760
  1131    760
  1132    760
  1133    760
  1134    760
  1135    760
  1142    760
  1143    760
  1144    760
  1145    760
  1146    760
  1147    760
  1148    760
  1149    760
  1150    760
  1151    760
  1152    760
  1161    760
  1162    760
  1163    760
  1164    760
  1165    760
  1166    760
  1167    760
  1168    760
  1169    760
  1170    760
  1171    760
  1172    760
  1121    761
  1122    761
  1123    761
  1124    761
  1125    761
  1126    761
  1127    761
  1128    761
  1129    761
  1130    761
  1131    761
  1132    761
  1133    761
  1140    761
  1141    761
  1142    761
  1143    761
  1144    761
  1145    761
  1147    761
  1148    761
  1149    761
  1150    761
  1159    761
  1160    761
  1161    761
  1162    761
  1163    761
  1164    761
  1165    761
  1166    761
  1167    761
  1168    761
  1169    761
  1170    761
  1118    762
  1119    762
  1120    762
  1121    762
  1122    762
  1123    762
  1124    762
  1125    762
  1126    762
  1127    762
  1128    762
  1129    762
  1130    762
  1138    762
  1139    762
  1140    762
  1141    762
  1142    762
  1146    762
  1147    762
  1148    762
  1157    762
  1158    762
  1159    762
  1160    762
  1161    762
  1162    762
  1163    762
  1164    762
  1165    762
  1166    762
  1167    762
  1168    762
  1121    763
  1122    763
  1123    763
  1124    763
  1125    763
  1126    763
  1127    763
  1135    763
  1136    763
  1137    763
  1138    763
  1139    763
  1140    763
  1141    763
  1144    763
  1145    763
  1159    763
  1160    763
  1161    763
  1162    763
  1163    763
  1164    763
  1165    763
  1166    763
  1134    764
  1135    764
  1136    764
  1137    764
  1138    764
  1139    764
  1140    764
  1141    764
  1142    764
  1143    764
  1160    764
  1161    764
  1162    764
  1163    764
  1164    764
  1131    765
  1132    765
  1133    765
  1134    765
  1135    765
  1136    765
  1137    765
  1138    765
  1139    765
  1140    765
  1141    765
  1129    766
  1130    766
  1131    766
  1132    766
  1133    766
  1134    766
  1135    766
  1136    766
  1137    766
  1138    766
  1139    766
  1127    767
  1128    767
  1129    767
  1130    767
  1131    767
  1132    767
  1133    767
  1134    767
  1135    767
  1136    767
  1137    767
  1124    768
  1125    768
  1126    768
  1127    768
  1128    768
  1129    768
  1130    768
  1131    768
  1133    768
  1134    768
  1135    768
  1103    769
  1104    769
  1105    769
  1106    769
  1123    769
  1124    769
  1125    769
  1126    769
  1127    769
  1128    769
  1129    769
  1130    769
  1131    769
  1132    769
  1133    769
  1100    770
  1101    770
  1102    770
  1103    770
  1104    770
  1105    770
  1120    770
  1121    770
  1122    770
  1123    770
  1124    770
  1125    770
  1126    770
  1127    770
  1128    770
  1129    770
  1130    770
  1131    770
  1139    770
  1140    770
  1141    770
  1142    770
  1143    770
  1144    770
  1145    770
  1146    770
  1147    770
  1097    771
  1098    771
  1099    771
  1100    771
  1101    771
  1102    771
  1103    771
  1104    771
  1105    771
  1118    771
  1119    771
  1120    771
  1121    771
  1122    771
  1123    771
  1124    771
  1125    771
  1126    771
  1127    771
  1128    771
  1129    771
  1137    771
  1138    771
  1139    771
  1140    771
  1141    771
  1142    771
  1143    771
  1144    771
  1145    771
  1146    771
  1147    771
  1094    772
  1095    772
  1096    772
  1097    772
  1098    772
  1099    772
  1100    772
  1101    772
  1102    772
  1103    772
  1104    772
  1105    772
  1106    772
  1107    772
  1116    772
  1117    772
  1118    772
  1119    772
  1120    772
  1121    772
  1122    772
  1123    772
  1124    772
  1125    772
  1126    772
  1127    772
  1136    772
  1137    772
  1138    772
  1139    772
  1140    772
  1141    772
  1142    772
  1143    772
  1144    772
  1145    772
  1146    772
  1092    773
  1093    773
  1094    773
  1095    773
  1096    773
  1097    773
  1098    773
  1099    773
  1100    773
  1101    773
  1102    773
  1103    773
  1104    773
  1114    773
  1115    773
  1116    773
  1117    773
  1118    773
  1119    773
  1120    773
  1121    773
  1122    773
  1123    773
  1124    773
  1125    773
  1132    773
  1133    773
  1134    773
  1135    773
  1136    773
  1137    773
  1138    773
  1139    773
  1140    773
  1141    773
  1142    773
  1143    773
  1144    773
  1145    773
  1146    773
  1090    774
  1091    774
  1092    774
  1093    774
  1094    774
  1095    774
  1096    774
  1097    774
  1098    774
  1099    774
  1100    774
  1101    774
  1102    774
  1112    774
  1113    774
  1114    774
  1115    774
  1116    774
  1117    774
  1118    774
  1119    774
  1120    774
  1121    774
  1122    774
  1123    774
  1131    774
  1132    774
  1133    774
  1134    774
  1135    774
  1136    774
  1137    774
  1138    774
  1139    774
  1140    774
  1141    774
  1142    774
  1143    774
  1144    774
  1088    775
  1089    775
  1090    775
  1091    775
  1092    775
  1093    775
  1094    775
  1095    775
  1096    775
  1097    775
  1098    775
  1099    775
  1100    775
  1110    775
  1111    775
  1112    775
  1113    775
  1114    775
  1115    775
  1116    775
  1117    775
  1118    775
  1119    775
  1120    775
  1121    775
  1130    775
  1131    775
  1132    775
  1133    775
  1134    775
  1135    775
  1136    775
  1137    775
  1138    775
  1139    775
  1140    775
  1141    775
  1142    775
  1085    776
  1086    776
  1087    776
  1088    776
  1089    776
  1090    776
  1091    776
  1092    776
  1093    776
  1094    776
  1095    776
  1096    776
  1097    776
  1098    776
  1108    776
  1109    776
  1110    776
  1111    776
  1112    776
  1113    776
  1114    776
  1115    776
  1116    776
  1117    776
  1118    776
  1119    776
  1128    776
  1129    776
  1130    776
  1131    776
  1132    776
  1133    776
  1134    776
  1135    776
  1136    776
  1137    776
  1138    776
  1139    776
  1140    776
  1084    777
  1085    777
  1086    777
  1087    777
  1088    777
  1089    777
  1090    777
  1091    777
  1092    777
  1093    777
  1094    777
  1095    777
  1096    777
  1106    777
  1107    777
  1108    777
  1109    777
  1110    777
  1111    777
  1112    777
  1113    777
  1114    777
  1115    777
  1116    777
  1117    777
  1118    777
  1126    777
  1127    777
  1128    777
  1129    777
  1130    777
  1131    777
  1132    777
  1133    777
  1134    777
  1135    777
  1136    777
  1137    777
  1138    777
  1081    778
  1082    778
  1083    778
  1084    778
  1085    778
  1086    778
  1087    778
  1088    778
  1089    778
  1090    778
  1091    778
  1092    778
  1093    778
  1094    778
  1105    778
  1106    778
  1107    778
  1108    778
  1109    778
  1110    778
  1111    778
  1112    778
  1113    778
  1114    778
  1115    778
  1116    778
  1124    778
  1125    778
  1126    778
  1127    778
  1128    778
  1129    778
  1130    778
  1131    778
  1132    778
  1133    778
  1134    778
  1135    778
  1136    778
  1137    778
  1079    779
  1080    779
  1081    779
  1082    779
  1083    779
  1084    779
  1085    779
  1086    779
  1087    779
  1088    779
  1089    779
  1090    779
  1091    779
  1092    779
  1103    779
  1104    779
  1105    779
  1106    779
  1107    779
  1108    779
  1109    779
  1110    779
  1111    779
  1112    779
  1113    779
  1114    779
  1123    779
  1124    779
  1125    779
  1126    779
  1127    779
  1128    779
  1129    779
  1130    779
  1131    779
  1132    779
  1133    779
  1134    779
  1135    779
  1136    779
  1077    780
  1078    780
  1079    780
  1080    780
  1081    780
  1082    780
  1083    780
  1084    780
  1085    780
  1086    780
  1087    780
  1088    780
  1089    780
  1090    780
  1101    780
  1102    780
  1103    780
  1104    780
  1105    780
  1106    780
  1107    780
  1108    780
  1109    780
  1110    780
  1111    780
  1112    780
  1121    780
  1122    780
  1123    780
  1124    780
  1125    780
  1126    780
  1127    780
  1128    780
  1129    780
  1130    780
  1131    780
  1132    780
  1133    780
  1134    780
  1076    781
  1077    781
  1078    781
  1079    781
  1080    781
  1081    781
  1082    781
  1083    781
  1084    781
  1085    781
  1086    781
  1087    781
  1088    781
  1099    781
  1100    781
  1101    781
  1102    781
  1103    781
  1104    781
  1105    781
  1106    781
  1107    781
  1108    781
  1109    781
  1110    781
  1111    781
  1120    781
  1121    781
  1122    781
  1123    781
  1124    781
  1125    781
  1126    781
  1127    781
  1128    781
  1129    781
  1130    781
  1131    781
  1132    781
  1133    781
  1073    782
  1074    782
  1075    782
  1076    782
  1077    782
  1078    782
  1079    782
  1080    782
  1081    782
  1082    782
  1083    782
  1084    782
  1085    782
  1086    782
  1098    782
  1099    782
  1100    782
  1101    782
  1102    782
  1103    782
  1104    782
  1105    782
  1106    782
  1107    782
  1108    782
  1109    782
  1118    782
  1119    782
  1120    782
  1121    782
  1122    782
  1123    782
  1124    782
  1125    782
  1126    782
  1127    782
  1128    782
  1129    782
  1130    782
  1131    782
  1072    783
  1073    783
  1074    783
  1075    783
  1076    783
  1077    783
  1078    783
  1079    783
  1080    783
  1081    783
  1082    783
  1083    783
  1084    783
  1085    783
  1096    783
  1097    783
  1098    783
  1099    783
  1100    783
  1101    783
  1102    783
  1103    783
  1104    783
  1105    783
  1106    783
  1107    783
  1108    783
  1116    783
  1117    783
  1118    783
  1119    783
  1120    783
  1121    783
  1122    783
  1123    783
  1124    783
  1125    783
  1126    783
  1127    783
  1128    783
  1129    783
  1130    783
  1070    784
  1071    784
  1072    784
  1073    784
  1074    784
  1075    784
  1076    784
  1077    784
  1078    784
  1079    784
  1080    784
  1081    784
  1082    784
  1083    784
  1094    784
  1095    784
  1096    784
  1097    784
  1098    784
  1099    784
  1100    784
  1101    784
  1102    784
  1103    784
  1104    784
  1105    784
  1106    784
  1115    784
  1116    784
  1117    784
  1118    784
  1119    784
  1120    784
  1121    784
  1122    784
  1123    784
  1124    784
  1125    784
  1126    784
  1127    784
  1128    784
  1068    785
  1069    785
  1070    785
  1071    785
  1072    785
  1073    785
  1074    785
  1075    785
  1076    785
  1077    785
  1078    785
  1079    785
  1080    785
  1081    785
  1082    785
  1093    785
  1094    785
  1095    785
  1096    785
  1097    785
  1098    785
  1099    785
  1100    785
  1101    785
  1102    785
  1103    785
  1104    785
  1114    785
  1115    785
  1116    785
  1117    785
  1118    785
  1119    785
  1120    785
  1121    785
  1122    785
  1123    785
  1124    785
  1125    785
  1126    785
  1127    785
  1067    786
  1068    786
  1069    786
  1070    786
  1071    786
  1072    786
  1073    786
  1074    786
  1075    786
  1076    786
  1077    786
  1078    786
  1079    786
  1080    786
  1091    786
  1092    786
  1093    786
  1094    786
  1095    786
  1096    786
  1097    786
  1098    786
  1099    786
  1100    786
  1101    786
  1102    786
  1103    786
  1112    786
  1113    786
  1114    786
  1115    786
  1116    786
  1117    786
  1118    786
  1119    786
  1120    786
  1121    786
  1122    786
  1123    786
  1124    786
  1125    786
  1126    786
  1064    787
  1065    787
  1066    787
  1067    787
  1068    787
  1069    787
  1070    787
  1071    787
  1072    787
  1073    787
  1074    787
  1075    787
  1076    787
  1077    787
  1078    787
  1089    787
  1090    787
  1091    787
  1092    787
  1093    787
  1094    787
  1095    787
  1096    787
  1097    787
  1098    787
  1099    787
  1100    787
  1101    787
  1112    787
  1113    787
  1114    787
  1115    787
  1116    787
  1117    787
  1118    787
  1119    787
  1120    787
  1121    787
  1122    787
  1123    787
  1124    787
  1063    788
  1064    788
  1065    788
  1066    788
  1067    788
  1068    788
  1069    788
  1070    788
  1071    788
  1072    788
  1073    788
  1074    788
  1075    788
  1076    788
  1087    788
  1088    788
  1089    788
  1090    788
  1091    788
  1092    788
  1093    788
  1094    788
  1095    788
  1096    788
  1097    788
  1098    788
  1099    788
  1110    788
  1111    788
  1112    788
  1113    788
  1114    788
  1115    788
  1116    788
  1117    788
  1118    788
  1119    788
  1120    788
  1121    788
  1122    788
  1123    788
  1067    789
  1068    789
  1069    789
  1070    789
  1071    789
  1072    789
  1073    789
  1074    789
  1075    789
  1086    789
  1087    789
  1088    789
  1089    789
  1090    789
  1091    789
  1092    789
  1093    789
  1094    789
  1095    789
  1096    789
  1097    789
  1098    789
  1112    789
  1113    789
  1114    789
  1115    789
  1116    789
  1117    789
  1118    789
  1119    789
  1120    789
  1121    789
  1122    789
  1085    790
  1086    790
  1087    790
  1088    790
  1089    790
  1090    790
  1091    790
  1092    790
  1093    790
  1094    790
  1095    790
  1096    790
  1083    791
  1084    791
  1085    791
  1086    791
  1087    791
  1088    791
  1089    791
  1090    791
  1091    791
  1092    791
  1093    791
  1094    791
  1095    791
  1081    792
  1082    792
  1083    792
  1084    792
  1085    792
  1086    792
  1087    792
  1088    792
  1089    792
  1090    792
  1091    792
  1092    792
  1093    792
  1094    792
