  1391    713
  1392    713
  1393    713
  1394    713
  1379    714
  1380    714
  1381    714
  1382    714
  1383    714
  1384    714
  1385    714
  1386    714
  1387    714
  1388    714
  1389    714
  1390    714
  1391    714
  1392    714
  1372    715
  1373    715
  1374    715
  1375    715
  1376    715
  1377    715
  1378    715
  1379    715
  1380    715
  1381    715
  1382    715
  1383    715
  1384    715
  1385    715
  1386    715
  1387    715
  1388    715
  1389    715
  1390    715
  1391    715
  1392    715
  1401    715
  1370    716
  1374    716
  1375    716
  1376    716
  1377    716
  1378    716
  1379    716
  1380    716
  1381    716
  1382    716
  1383    716
  1384    716
  1385    716
  1386    716
  1387    716
  1388    716
  1389    716
  1390    716
  1391    716
  1392    716
  1393    716
  1349    717
  1350    717
  1351    717
  1352    717
  1353    717
  1354    717
  1355    717
  1356    717
  1357    717
  1358    717
  1359    717
  1360    717
  1374    717
  1375    717
  1376    717
  1377    717
  1378    717
  1383    717
  1384    717
  1385    717
  1344    718
  1345    718
  1346    718
  1350    718
  1351    718
  1352    718
  1353    718
  1354    718
  1355    718
  1356    718
  1357    718
  1358    718
  1359    718
  1360    718
  1361    718
  1343    719
  1344    719
  1346    719
  1347    719
  1353    719
  1354    719
  1355    719
  1356    719
  1357    719
  1358    719
  1359    719
  1360    719
  1361    719
  1362    719
  1328    720
  1329    720
  1330    720
  1331    720
  1332    720
  1333    720
  1334    720
  1335    720
  1343    720
  1344    720
  1345    720
  1346    720
  1347    720
  1348    720
  1349    720
  1350    720
  1351    720
  1352    720
  1353    720
  1354    720
  1314    721
  1315    721
  1316    721
  1317    721
  1318    721
  1319    721
  1320    721
  1321    721
  1322    721
  1323    721
  1324    721
  1325    721
  1326    721
  1327    721
  1337    721
  1338    721
  1342    721
  1343    721
  1344    721
  1345    721
  1346    721
  1347    721
  1296    722
  1297    722
  1298    722
  1299    722
  1300    722
  1301    722
  1302    722
  1303    722
  1304    722
  1305    722
  1306    722
  1307    722
  1308    722
  1309    722
  1310    722
  1311    722
  1312    722
  1313    722
  1314    722
  1315    722
  1316    722
  1317    722
  1318    722
  1319    722
  1320    722
  1330    722
  1331    722
  1332    722
  1336    722
  1337    722
  1338    722
  1339    722
  1340    722
  1341    722
  1347    722
  1348    722
  1349    722
  1288    723
  1289    723
  1290    723
  1291    723
  1292    723
  1293    723
  1294    723
  1295    723
  1296    723
  1297    723
  1298    723
  1299    723
  1300    723
  1301    723
  1302    723
  1303    723
  1304    723
  1305    723
  1306    723
  1307    723
  1308    723
  1309    723
  1310    723
  1311    723
  1312    723
  1313    723
  1314    723
  1315    723
  1316    723
  1317    723
  1318    723
  1319    723
  1320    723
  1321    723
  1322    723
  1323    723
  1324    723
  1325    723
  1326    723
  1327    723
  1328    723
  1329    723
  1330    723
  1342    723
  1343    723
  1274    724
  1275    724
  1276    724
  1277    724
  1288    724
  1289    724
  1290    724
  1291    724
  1292    724
  1293    724
  1294    724
  1295    724
  1296    724
  1297    724
  1298    724
  1299    724
  1300    724
  1301    724
  1302    724
  1303    724
  1304    724
  1305    724
  1306    724
  1307    724
  1308    724
  1309    724
  1310    724
  1311    724
  1315    724
  1316    724
  1317    724
  1318    724
  1319    724
  1320    724
  1321    724
  1322    724
  1323    724
  1324    724
  1325    724
  1326    724
  1327    724
  1265    725
  1266    725
  1267    725
  1275    725
  1276    725
  1277    725
  1278    725
  1279    725
  1280    725
  1281    725
  1282    725
  1289    725
  1290    725
  1291    725
  1292    725
  1293    725
  1294    725
  1295    725
  1296    725
  1297    725
  1298    725
  1299    725
  1300    725
  1301    725
  1302    725
  1303    725
  1304    725
  1305    725
  1309    725
  1310    725
  1311    725
  1314    725
  1315    725
  1316    725
  1317    725
  1318    725
  1319    725
  1320    725
  1321    725
  1322    725
  1264    726
  1265    726
  1266    726
  1267    726
  1268    726
  1269    726
  1270    726
  1271    726
  1272    726
  1273    726
  1299    726
  1300    726
  1301    726
  1302    726
  1303    726
  1304    726
  1305    726
  1311    726
  1319    726
  1320    726
  1321    726
  1322    726
  1253    727
  1254    727
  1260    727
  1261    727
  1262    727
  1263    727
  1264    727
  1265    727
  1294    727
  1295    727
  1296    727
  1297    727
  1298    727
  1299    727
  1300    727
  1301    727
  1302    727
  1231    728
  1232    728
  1233    728
  1234    728
  1237    728
  1238    728
  1239    728
  1240    728
  1241    728
  1242    728
  1243    728
  1244    728
  1245    728
  1246    728
  1247    728
  1257    728
  1258    728
  1259    728
  1260    728
  1261    728
  1262    728
  1263    728
  1264    728
  1276    728
  1277    728
  1278    728
  1279    728
  1280    728
  1281    728
  1282    728
  1283    728
  1284    728
  1288    728
  1289    728
  1290    728
  1291    728
  1292    728
  1293    728
  1294    728
  1295    728
  1296    728
  1297    728
  1301    728
  1302    728
  1219    729
  1220    729
  1221    729
  1222    729
  1223    729
  1224    729
  1225    729
  1226    729
  1227    729
  1228    729
  1229    729
  1230    729
  1231    729
  1232    729
  1233    729
  1238    729
  1239    729
  1240    729
  1241    729
  1242    729
  1243    729
  1244    729
  1245    729
  1246    729
  1247    729
  1248    729
  1249    729
  1250    729
  1251    729
  1252    729
  1269    729
  1270    729
  1271    729
  1272    729
  1273    729
  1274    729
  1275    729
  1276    729
  1277    729
  1278    729
  1279    729
  1282    729
  1283    729
  1284    729
  1285    729
  1286    729
  1287    729
  1288    729
  1289    729
  1290    729
  1291    729
  1295    729
  1296    729
  1297    729
  1202    730
  1203    730
  1204    730
  1205    730
  1206    730
  1207    730
  1208    730
  1209    730
  1210    730
  1211    730
  1212    730
  1213    730
  1214    730
  1215    730
  1216    730
  1217    730
  1218    730
  1219    730
  1220    730
  1221    730
  1222    730
  1223    730
  1224    730
  1236    730
  1237    730
  1238    730
  1239    730
  1240    730
  1263    730
  1264    730
  1265    730
  1266    730
  1267    730
  1268    730
  1269    730
  1270    730
  1271    730
  1272    730
  1273    730
  1278    730
  1279    730
  1280    730
  1281    730
  1282    730
  1283    730
  1284    730
  1285    730
  1290    730
  1291    730
  1292    730
  1293    730
  1298    730
  1201    731
  1202    731
  1203    731
  1204    731
  1205    731
  1206    731
  1207    731
  1208    731
  1209    731
  1210    731
  1211    731
  1212    731
  1213    731
  1214    731
  1215    731
  1217    731
  1224    731
  1225    731
  1226    731
  1227    731
  1228    731
  1256    731
  1257    731
  1258    731
  1259    731
  1260    731
  1261    731
  1262    731
  1263    731
  1264    731
  1265    731
  1270    731
  1271    731
  1272    731
  1273    731
  1274    731
  1275    731
  1276    731
  1277    731
  1278    731
  1284    731
  1285    731
  1286    731
  1287    731
  1290    731
  1291    731
  1292    731
  1293    731
  1215    732
  1216    732
  1250    732
  1251    732
  1252    732
  1253    732
  1254    732
  1255    732
  1256    732
  1257    732
  1258    732
  1259    732
  1260    732
  1265    732
  1266    732
  1267    732
  1268    732
  1269    732
  1270    732
  1271    732
  1272    732
  1273    732
  1279    732
  1280    732
  1281    732
  1282    732
  1283    732
  1287    732
  1288    732
  1244    733
  1245    733
  1246    733
  1247    733
  1248    733
  1249    733
  1250    733
  1251    733
  1252    733
  1253    733
  1254    733
  1259    733
  1260    733
  1261    733
  1264    733
  1265    733
  1266    733
  1267    733
  1268    733
  1273    733
  1274    733
  1275    733
  1276    733
  1280    733
  1281    733
  1282    733
  1238    734
  1239    734
  1240    734
  1241    734
  1242    734
  1243    734
  1244    734
  1245    734
  1246    734
  1247    734
  1248    734
  1249    734
  1254    734
  1255    734
  1256    734
  1257    734
  1260    734
  1261    734
  1262    734
  1263    734
  1268    734
  1269    734
  1270    734
  1274    734
  1275    734
  1276    734
  1277    734
  1239    735
  1240    735
  1248    735
  1249    735
  1250    735
  1251    735
  1252    735
  1255    735
  1256    735
  1257    735
  1264    735
  1265    735
  1270    735
  1271    735
  1243    736
  1244    736
  1245    736
  1246    736
  1247    736
  1248    736
  1249    736
  1250    736
  1251    736
  1238    737
  1239    737
  1240    737
  1241    737
  1242    737
  1243    737
  1244    737
  1245    737
  1246    737
  1247    737
  1218    738
  1219    738
  1220    738
  1221    738
  1222    738
  1223    738
  1224    738
  1225    738
  1226    738
  1227    738
  1233    738
  1234    738
  1235    738
  1236    738
  1237    738
  1238    738
  1239    738
  1240    738
  1241    738
  1242    738
  1214    739
  1215    739
  1216    739
  1217    739
  1218    739
  1219    739
  1220    739
  1221    739
  1222    739
  1223    739
  1229    739
  1230    739
  1234    739
  1235    739
  1236    739
  1237    739
  1244    739
  1245    739
  1246    739
  1247    739
  1210    740
  1211    740
  1212    740
  1213    740
  1214    740
  1215    740
  1216    740
  1217    740
  1218    740
  1219    740
  1225    740
  1226    740
  1227    740
  1228    740
  1231    740
  1232    740
  1233    740
  1240    740
  1241    740
  1242    740
  1243    740
  1247    740
  1248    740
  1249    740
  1205    741
  1206    741
  1207    741
  1208    741
  1209    741
  1210    741
  1211    741
  1212    741
  1213    741
  1214    741
  1220    741
  1221    741
  1222    741
  1223    741
  1224    741
  1225    741
  1226    741
  1227    741
  1228    741
  1229    741
  1235    741
  1236    741
  1237    741
  1238    741
  1239    741
  1240    741
  1241    741
  1242    741
  1243    741
  1244    741
  1200    742
  1201    742
  1202    742
  1203    742
  1204    742
  1205    742
  1206    742
  1207    742
  1208    742
  1209    742
  1210    742
  1217    742
  1218    742
  1219    742
  1220    742
  1221    742
  1222    742
  1223    742
  1224    742
  1225    742
  1232    742
  1233    742
  1234    742
  1235    742
  1236    742
  1237    742
  1238    742
  1239    742
  1240    742
  1241    742
  1195    743
  1196    743
  1197    743
  1198    743
  1199    743
  1200    743
  1201    743
  1202    743
  1203    743
  1204    743
  1205    743
  1212    743
  1213    743
  1214    743
  1215    743
  1216    743
  1217    743
  1218    743
  1219    743
  1220    743
  1228    743
  1229    743
  1230    743
  1231    743
  1234    743
  1235    743
  1236    743
  1191    744
  1192    744
  1193    744
  1194    744
  1195    744
  1196    744
  1197    744
  1198    744
  1199    744
  1200    744
  1201    744
  1208    744
  1209    744
  1210    744
  1211    744
  1212    744
  1213    744
  1214    744
  1215    744
  1216    744
  1217    744
  1223    744
  1224    744
  1225    744
  1226    744
  1227    744
  1228    744
  1231    744
  1232    744
  1188    745
  1189    745
  1190    745
  1191    745
  1192    745
  1193    745
  1194    745
  1195    745
  1196    745
  1197    745
  1204    745
  1205    745
  1206    745
  1209    745
  1210    745
  1211    745
  1212    745
  1213    745
  1214    745
  1220    745
  1221    745
  1222    745
  1223    745
  1227    745
  1228    745
  1229    745
  1182    746
  1183    746
  1184    746
  1185    746
  1186    746
  1187    746
  1188    746
  1189    746
  1190    746
  1191    746
  1192    746
  1200    746
  1201    746
  1202    746
  1203    746
  1208    746
  1209    746
  1216    746
  1217    746
  1218    746
  1219    746
  1220    746
  1222    746
  1223    746
  1224    746
  1225    746
  1184    747
  1185    747
  1186    747
  1187    747
  1188    747
  1189    747
  1196    747
  1197    747
  1198    747
  1199    747
  1200    747
  1213    747
  1214    747
  1215    747
  1216    747
  1220    747
  1221    747
  1222    747
  1179    748
  1180    748
  1181    748
  1182    748
  1183    748
  1184    748
  1185    748
  1192    748
  1193    748
  1194    748
  1195    748
  1196    748
  1197    748
  1198    748
  1200    748
  1201    748
  1218    748
  1219    748
  1189    749
  1190    749
  1191    749
  1192    749
  1193    749
  1194    749
  1195    749
  1196    749
  1197    749
  1198    749
  1186    750
  1187    750
  1188    750
  1189    750
  1191    750
  1192    750
  1193    750
  1194    750
  1195    750
  1182    751
  1183    751
  1184    751
  1185    751
  1186    751
  1188    751
  1189    751
  1190    751
  1191    751
  1163    752
  1164    752
  1165    752
  1179    752
  1180    752
  1181    752
  1182    752
  1183    752
  1184    752
  1185    752
  1186    752
  1187    752
  1188    752
  1159    753
  1160    753
  1161    753
  1162    753
  1163    753
  1165    753
  1166    753
  1167    753
  1168    753
  1176    753
  1177    753
  1178    753
  1179    753
  1180    753
  1181    753
  1182    753
  1183    753
  1184    753
  1185    753
  1186    753
  1194    753
  1195    753
  1196    753
  1197    753
  1198    753
  1199    753
  1155    754
  1156    754
  1157    754
  1158    754
  1159    754
  1160    754
  1161    754
  1162    754
  1163    754
  1164    754
  1165    754
  1166    754
  1173    754
  1174    754
  1175    754
  1176    754
  1179    754
  1180    754
  1181    754
  1182    754
  1183    754
  1191    754
  1192    754
  1193    754
  1194    754
  1195    754
  1196    754
  1197    754
  1198    754
  1152    755
  1153    755
  1154    755
  1155    755
  1156    755
  1157    755
  1158    755
  1159    755
  1160    755
  1161    755
  1162    755
  1163    755
  1170    755
  1171    755
  1172    755
  1173    755
  1177    755
  1178    755
  1179    755
  1189    755
  1190    755
  1191    755
  1192    755
  1193    755
  1197    755
  1198    755
  1199    755
  1149    756
  1150    756
  1151    756
  1152    756
  1153    756
  1154    756
  1155    756
  1156    756
  1157    756
  1158    756
  1159    756
  1160    756
  1168    756
  1169    756
  1170    756
  1171    756
  1172    756
  1173    756
  1174    756
  1175    756
  1176    756
  1177    756
  1186    756
  1187    756
  1188    756
  1189    756
  1190    756
  1193    756
  1194    756
  1195    756
  1196    756
  1146    757
  1147    757
  1148    757
  1149    757
  1150    757
  1151    757
  1152    757
  1153    757
  1154    757
  1155    757
  1156    757
  1157    757
  1164    757
  1165    757
  1166    757
  1167    757
  1168    757
  1169    757
  1170    757
  1171    757
  1172    757
  1173    757
  1174    757
  1182    757
  1183    757
  1184    757
  1185    757
  1186    757
  1187    757
  1188    757
  1189    757
  1190    757
  1191    757
  1192    757
  1193    757
  1144    758
  1145    758
  1146    758
  1147    758
  1148    758
  1149    758
  1150    758
  1151    758
  1152    758
  1153    758
  1154    758
  1162    758
  1163    758
  1164    758
  1165    758
  1166    758
  1167    758
  1170    758
  1171    758
  1180    758
  1181    758
  1182    758
  1183    758
  1184    758
  1188    758
  1189    758
  1190    758
  1141    759
  1142    759
  1143    759
  1144    759
  1145    759
  1146    759
  1147    759
  1148    759
  1149    759
  1150    759
  1151    759
  1159    759
  1160    759
  1161    759
  1162    759
  1163    759
  1164    759
  1165    759
  1166    759
  1167    759
  1168    759
  1169    759
  1178    759
  1179    759
  1180    759
  1181    759
  1182    759
  1183    759
  1187    759
  1188    759
  1138    760
  1139    760
  1140    760
  1141    760
  1142    760
  1143    760
  1144    760
  1145    760
  1146    760
  1147    760
  1148    760
  1149    760
  1157    760
  1158    760
  1159    760
  1160    760
  1161    760
  1162    760
  1163    760
  1165    760
  1166    760
  1167    760
  1175    760
  1176    760
  1177    760
  1178    760
  1179    760
  1180    760
  1181    760
  1182    760
  1183    760
  1185    760
  1135    761
  1136    761
  1137    761
  1138    761
  1139    761
  1140    761
  1141    761
  1142    761
  1143    761
  1144    761
  1145    761
  1146    761
  1147    761
  1154    761
  1155    761
  1156    761
  1157    761
  1158    761
  1159    761
  1160    761
  1161    761
  1162    761
  1163    761
  1164    761
  1173    761
  1174    761
  1175    761
  1176    761
  1177    761
  1178    761
  1179    761
  1180    761
  1181    761
  1182    761
  1183    761
  1184    761
  1133    762
  1134    762
  1135    762
  1136    762
  1137    762
  1138    762
  1139    762
  1140    762
  1141    762
  1142    762
  1143    762
  1144    762
  1152    762
  1153    762
  1154    762
  1155    762
  1156    762
  1157    762
  1158    762
  1159    762
  1160    762
  1161    762
  1162    762
  1171    762
  1172    762
  1173    762
  1174    762
  1175    762
  1176    762
  1177    762
  1178    762
  1179    762
  1180    762
  1181    762
  1182    762
  1131    763
  1132    763
  1133    763
  1134    763
  1135    763
  1136    763
  1137    763
  1138    763
  1139    763
  1140    763
  1141    763
  1142    763
  1151    763
  1152    763
  1153    763
  1154    763
  1155    763
  1156    763
  1157    763
  1158    763
  1159    763
  1169    763
  1170    763
  1171    763
  1172    763
  1173    763
  1174    763
  1175    763
  1176    763
  1177    763
  1178    763
  1179    763
  1180    763
  1128    764
  1129    764
  1130    764
  1131    764
  1132    764
  1133    764
  1134    764
  1135    764
  1136    764
  1137    764
  1138    764
  1139    764
  1140    764
  1148    764
  1149    764
  1150    764
  1151    764
  1152    764
  1153    764
  1154    764
  1155    764
  1156    764
  1157    764
  1168    764
  1169    764
  1170    764
  1171    764
  1172    764
  1173    764
  1174    764
  1175    764
  1176    764
  1177    764
  1178    764
  1126    765
  1127    765
  1128    765
  1129    765
  1130    765
  1131    765
  1132    765
  1133    765
  1134    765
  1135    765
  1136    765
  1137    765
  1146    765
  1147    765
  1148    765
  1149    765
  1150    765
  1151    765
  1152    765
  1153    765
  1154    765
  1155    765
  1166    765
  1167    765
  1168    765
  1169    765
  1170    765
  1171    765
  1172    765
  1173    765
  1174    765
  1175    765
  1176    765
  1177    765
  1128    766
  1129    766
  1130    766
  1131    766
  1132    766
  1133    766
  1134    766
  1135    766
  1144    766
  1145    766
  1146    766
  1147    766
  1148    766
  1149    766
  1150    766
  1151    766
  1152    766
  1153    766
  1168    766
  1169    766
  1170    766
  1171    766
  1172    766
  1173    766
  1174    766
  1142    767
  1143    767
  1144    767
  1145    767
  1146    767
  1147    767
  1148    767
  1149    767
  1150    767
  1151    767
  1152    767
  1171    767
  1172    767
  1139    768
  1140    768
  1141    768
  1142    768
  1143    768
  1144    768
  1145    768
  1146    768
  1147    768
  1148    768
  1149    768
  1150    768
  1138    769
  1139    769
  1140    769
  1141    769
  1142    769
  1143    769
  1144    769
  1145    769
  1146    769
  1147    769
  1148    769
  1136    770
  1137    770
  1138    770
  1139    770
  1140    770
  1141    770
  1142    770
  1143    770
  1144    770
  1145    770
  1134    771
  1135    771
  1136    771
  1137    771
  1138    771
  1139    771
  1140    771
  1141    771
  1142    771
  1143    771
  1144    771
  1131    772
  1132    772
  1133    772
  1134    772
  1135    772
  1136    772
  1137    772
  1138    772
  1139    772
  1140    772
  1141    772
  1142    772
  1109    773
  1110    773
  1111    773
  1112    773
  1113    773
  1114    773
  1115    773
  1130    773
  1131    773
  1132    773
  1133    773
  1134    773
  1135    773
  1136    773
  1137    773
  1138    773
  1139    773
  1140    773
  1152    773
  1153    773
  1106    774
  1107    774
  1108    774
  1109    774
  1110    774
  1111    774
  1112    774
  1113    774
  1114    774
  1127    774
  1128    774
  1129    774
  1130    774
  1131    774
  1132    774
  1133    774
  1134    774
  1135    774
  1136    774
  1137    774
  1138    774
  1148    774
  1149    774
  1150    774
  1151    774
  1152    774
  1153    774
  1154    774
  1155    774
  1103    775
  1104    775
  1105    775
  1106    775
  1107    775
  1108    775
  1109    775
  1110    775
  1111    775
  1112    775
  1113    775
  1114    775
  1115    775
  1125    775
  1126    775
  1127    775
  1128    775
  1129    775
  1130    775
  1131    775
  1132    775
  1133    775
  1134    775
  1135    775
  1136    775
  1145    775
  1146    775
  1147    775
  1148    775
  1149    775
  1150    775
  1151    775
  1152    775
  1153    775
  1154    775
  1155    775
  1156    775
  1101    776
  1102    776
  1103    776
  1104    776
  1105    776
  1106    776
  1107    776
  1108    776
  1109    776
  1110    776
  1111    776
  1112    776
  1113    776
  1124    776
  1125    776
  1126    776
  1127    776
  1128    776
  1129    776
  1130    776
  1131    776
  1132    776
  1133    776
  1134    776
  1144    776
  1145    776
  1146    776
  1147    776
  1148    776
  1149    776
  1150    776
  1151    776
  1152    776
  1153    776
  1154    776
  1155    776
  1156    776
  1099    777
  1100    777
  1101    777
  1102    777
  1103    777
  1104    777
  1105    777
  1106    777
  1107    777
  1108    777
  1109    777
  1110    777
  1111    777
  1122    777
  1123    777
  1124    777
  1125    777
  1126    777
  1127    777
  1128    777
  1129    777
  1130    777
  1131    777
  1132    777
  1133    777
  1142    777
  1143    777
  1144    777
  1145    777
  1146    777
  1147    777
  1148    777
  1149    777
  1150    777
  1151    777
  1152    777
  1153    777
  1154    777
  1097    778
  1098    778
  1099    778
  1100    778
  1101    778
  1102    778
  1103    778
  1104    778
  1105    778
  1106    778
  1107    778
  1108    778
  1109    778
  1120    778
  1121    778
  1122    778
  1123    778
  1124    778
  1125    778
  1126    778
  1127    778
  1128    778
  1129    778
  1130    778
  1131    778
  1141    778
  1142    778
  1143    778
  1144    778
  1145    778
  1146    778
  1147    778
  1148    778
  1149    778
  1150    778
  1151    778
  1152    778
  1153    778
  1095    779
  1096    779
  1097    779
  1098    779
  1099    779
  1100    779
  1101    779
  1102    779
  1103    779
  1104    779
  1105    779
  1106    779
  1107    779
  1108    779
  1118    779
  1119    779
  1120    779
  1121    779
  1122    779
  1123    779
  1124    779
  1125    779
  1126    779
  1127    779
  1128    779
  1129    779
  1139    779
  1140    779
  1141    779
  1142    779
  1143    779
  1144    779
  1145    779
  1146    779
  1147    779
  1148    779
  1149    779
  1150    779
  1151    779
  1093    780
  1094    780
  1095    780
  1096    780
  1097    780
  1098    780
  1099    780
  1100    780
  1101    780
  1102    780
  1103    780
  1104    780
  1117    780
  1118    780
  1119    780
  1120    780
  1121    780
  1122    780
  1123    780
  1124    780
  1125    780
  1126    780
  1127    780
  1137    780
  1138    780
  1139    780
  1140    780
  1141    780
  1142    780
  1143    780
  1144    780
  1145    780
  1146    780
  1147    780
  1148    780
  1149    780
  1091    781
  1092    781
  1093    781
  1094    781
  1095    781
  1096    781
  1097    781
  1098    781
  1099    781
  1100    781
  1101    781
  1102    781
  1103    781
  1115    781
  1116    781
  1117    781
  1118    781
  1119    781
  1120    781
  1121    781
  1122    781
  1123    781
  1124    781
  1125    781
  1126    781
  1135    781
  1136    781
  1137    781
  1138    781
  1139    781
  1140    781
  1141    781
  1142    781
  1143    781
  1144    781
  1145    781
  1146    781
  1147    781
  1148    781
  1089    782
  1090    782
  1091    782
  1092    782
  1093    782
  1094    782
  1095    782
  1096    782
  1097    782
  1098    782
  1099    782
  1100    782
  1101    782
  1102    782
  1113    782
  1114    782
  1115    782
  1116    782
  1117    782
  1118    782
  1119    782
  1120    782
  1121    782
  1122    782
  1123    782
  1124    782
  1134    782
  1135    782
  1136    782
  1137    782
  1138    782
  1139    782
  1140    782
  1141    782
  1142    782
  1143    782
  1144    782
  1145    782
  1146    782
  1147    782
  1087    783
  1088    783
  1089    783
  1090    783
  1091    783
  1092    783
  1093    783
  1094    783
  1095    783
  1096    783
  1097    783
  1098    783
  1099    783
  1100    783
  1112    783
  1113    783
  1114    783
  1115    783
  1116    783
  1117    783
  1118    783
  1119    783
  1120    783
  1121    783
  1122    783
  1123    783
  1132    783
  1133    783
  1134    783
  1135    783
  1136    783
  1137    783
  1138    783
  1139    783
  1140    783
  1141    783
  1142    783
  1143    783
  1144    783
  1145    783
  1085    784
  1086    784
  1087    784
  1088    784
  1089    784
  1090    784
  1091    784
  1092    784
  1093    784
  1094    784
  1095    784
  1096    784
  1097    784
  1098    784
  1110    784
  1111    784
  1112    784
  1113    784
  1114    784
  1115    784
  1116    784
  1117    784
  1118    784
  1119    784
  1120    784
  1121    784
  1122    784
  1131    784
  1132    784
  1133    784
  1134    784
  1135    784
  1136    784
  1137    784
  1138    784
  1139    784
  1140    784
  1141    784
  1142    784
  1143    784
  1144    784
  1084    785
  1085    785
  1086    785
  1087    785
  1088    785
  1089    785
  1090    785
  1091    785
  1092    785
  1093    785
  1094    785
  1095    785
  1096    785
  1108    785
  1109    785
  1110    785
  1111    785
  1112    785
  1113    785
  1114    785
  1115    785
  1116    785
  1117    785
  1118    785
  1119    785
  1120    785
  1129    785
  1130    785
  1131    785
  1132    785
  1133    785
  1134    785
  1135    785
  1136    785
  1137    785
  1138    785
  1139    785
  1140    785
  1141    785
  1142    785
  1143    785
  1081    786
  1082    786
  1083    786
  1084    786
  1085    786
  1086    786
  1087    786
  1088    786
  1089    786
  1090    786
  1091    786
  1092    786
  1093    786
  1094    786
  1095    786
  1107    786
  1108    786
  1109    786
  1110    786
  1111    786
  1112    786
  1113    786
  1114    786
  1115    786
  1116    786
  1117    786
  1118    786
  1128    786
  1129    786
  1130    786
  1131    786
  1132    786
  1133    786
  1134    786
  1135    786
  1136    786
  1137    786
  1138    786
  1139    786
  1140    786
  1141    786
  1080    787
  1081    787
  1082    787
  1083    787
  1084    787
  1085    787
  1086    787
  1087    787
  1088    787
  1089    787
  1090    787
  1091    787
  1092    787
  1093    787
  1105    787
  1106    787
  1107    787
  1108    787
  1109    787
  1110    787
  1111    787
  1112    787
  1113    787
  1114    787
  1115    787
  1116    787
  1117    787
  1127    787
  1128    787
  1129    787
  1130    787
  1131    787
  1132    787
  1133    787
  1134    787
  1135    787
  1136    787
  1137    787
  1138    787
  1139    787
  1140    787
  1078    788
  1079    788
  1080    788
  1081    788
  1082    788
  1083    788
  1084    788
  1085    788
  1086    788
  1087    788
  1088    788
  1089    788
  1090    788
  1091    788
  1103    788
  1104    788
  1105    788
  1106    788
  1107    788
  1108    788
  1109    788
  1110    788
  1111    788
  1112    788
  1113    788
  1114    788
  1115    788
  1125    788
  1126    788
  1127    788
  1128    788
  1129    788
  1130    788
  1131    788
  1132    788
  1133    788
  1134    788
  1135    788
  1136    788
  1137    788
  1138    788
  1139    788
  1076    789
  1077    789
  1078    789
  1079    789
  1080    789
  1081    789
  1082    789
  1083    789
  1084    789
  1085    789
  1086    789
  1087    789
  1088    789
  1089    789
  1102    789
  1103    789
  1104    789
  1105    789
  1106    789
  1107    789
  1108    789
  1109    789
  1110    789
  1111    789
  1112    789
  1113    789
  1114    789
  1124    789
  1125    789
  1126    789
  1127    789
  1128    789
  1129    789
  1130    789
  1131    789
  1132    789
  1133    789
  1134    789
  1135    789
  1136    789
  1075    790
  1076    790
  1077    790
  1078    790
  1079    790
  1080    790
  1081    790
  1082    790
  1083    790
  1084    790
  1085    790
  1086    790
  1087    790
  1088    790
  1100    790
  1101    790
  1102    790
  1103    790
  1104    790
  1105    790
  1106    790
  1107    790
  1108    790
  1109    790
  1110    790
  1111    790
  1112    790
  1123    790
  1124    790
  1125    790
  1126    790
  1127    790
  1128    790
  1129    790
  1130    790
  1131    790
  1132    790
  1133    790
  1134    790
  1135    790
  1136    790
  1073    791
  1074    791
  1075    791
  1076    791
  1077    791
  1078    791
  1079    791
  1080    791
  1081    791
  1082    791
  1083    791
  1084    791
  1085    791
  1086    791
  1098    791
  1099    791
  1100    791
  1101    791
  1102    791
  1103    791
  1104    791
  1105    791
  1106    791
  1107    791
  1108    791
  1109    791
  1110    791
  1121    791
  1122    791
  1123    791
  1124    791
  1125    791
  1126    791
  1127    791
  1128    791
  1129    791
  1130    791
  1131    791
  1132    791
  1133    791
  1134    791
  1135    791
  1072    792
  1073    792
  1074    792
  1075    792
  1076    792
  1077    792
  1078    792
  1079    792
  1080    792
  1081    792
  1082    792
  1083    792
  1084    792
  1085    792
  1098    792
  1099    792
  1100    792
  1101    792
  1102    792
  1103    792
  1104    792
  1105    792
  1106    792
  1107    792
  1108    792
  1109    792
  1120    792
  1121    792
  1122    792
  1123    792
  1124    792
  1125    792
  1126    792
  1127    792
  1128    792
  1129    792
  1130    792
  1131    792
  1132    792
  1133    792
  1134    792
