  1408    711
  1409    711
  1410    711
  1401    712
  1402    712
  1403    712
  1404    712
  1405    712
  1384    713
  1385    713
  1386    713
  1387    713
  1388    713
  1389    713
  1390    713
  1391    713
  1392    713
  1373    714
  1374    714
  1375    714
  1376    714
  1377    714
  1378    714
  1379    714
  1380    714
  1381    714
  1382    714
  1383    714
  1384    714
  1385    714
  1386    714
  1387    714
  1388    714
  1389    714
  1390    714
  1391    714
  1401    714
  1402    714
  1403    714
  1367    715
  1368    715
  1369    715
  1370    715
  1371    715
  1372    715
  1373    715
  1374    715
  1375    715
  1376    715
  1380    715
  1381    715
  1382    715
  1383    715
  1385    715
  1386    715
  1387    715
  1388    715
  1389    715
  1390    715
  1393    715
  1394    715
  1395    715
  1353    716
  1354    716
  1355    716
  1356    716
  1369    716
  1370    716
  1371    716
  1372    716
  1373    716
  1374    716
  1375    716
  1376    716
  1377    716
  1378    716
  1379    716
  1380    716
  1381    716
  1382    716
  1383    716
  1385    716
  1386    716
  1387    716
  1388    716
  1343    717
  1344    717
  1345    717
  1346    717
  1347    717
  1348    717
  1349    717
  1350    717
  1351    717
  1352    717
  1353    717
  1354    717
  1355    717
  1356    717
  1357    717
  1369    717
  1370    717
  1371    717
  1372    717
  1373    717
  1374    717
  1375    717
  1376    717
  1378    717
  1379    717
  1380    717
  1338    718
  1339    718
  1340    718
  1341    718
  1342    718
  1343    718
  1344    718
  1345    718
  1346    718
  1347    718
  1348    718
  1349    718
  1350    718
  1351    718
  1352    718
  1353    718
  1354    718
  1355    718
  1356    718
  1371    718
  1335    719
  1336    719
  1337    719
  1338    719
  1339    719
  1340    719
  1341    719
  1347    719
  1348    719
  1349    719
  1350    719
  1351    719
  1352    719
  1353    719
  1354    719
  1355    719
  1310    720
  1311    720
  1312    720
  1313    720
  1314    720
  1315    720
  1316    720
  1317    720
  1318    720
  1319    720
  1327    720
  1328    720
  1329    720
  1335    720
  1336    720
  1337    720
  1338    720
  1339    720
  1340    720
  1341    720
  1342    720
  1343    720
  1344    720
  1345    720
  1353    720
  1354    720
  1355    720
  1298    721
  1299    721
  1300    721
  1301    721
  1302    721
  1303    721
  1304    721
  1305    721
  1306    721
  1307    721
  1308    721
  1309    721
  1310    721
  1311    721
  1312    721
  1313    721
  1314    721
  1315    721
  1316    721
  1317    721
  1318    721
  1330    721
  1331    721
  1332    721
  1334    721
  1335    721
  1336    721
  1337    721
  1338    721
  1339    721
  1340    721
  1341    721
  1342    721
  1348    721
  1289    722
  1290    722
  1291    722
  1292    722
  1293    722
  1294    722
  1295    722
  1296    722
  1297    722
  1298    722
  1299    722
  1300    722
  1301    722
  1302    722
  1303    722
  1304    722
  1305    722
  1306    722
  1307    722
  1308    722
  1309    722
  1310    722
  1311    722
  1312    722
  1313    722
  1314    722
  1315    722
  1316    722
  1323    722
  1324    722
  1325    722
  1339    722
  1340    722
  1341    722
  1342    722
  1276    723
  1277    723
  1278    723
  1279    723
  1280    723
  1281    723
  1282    723
  1283    723
  1284    723
  1285    723
  1286    723
  1287    723
  1288    723
  1289    723
  1290    723
  1291    723
  1292    723
  1293    723
  1294    723
  1295    723
  1296    723
  1297    723
  1298    723
  1299    723
  1300    723
  1301    723
  1302    723
  1303    723
  1304    723
  1305    723
  1308    723
  1309    723
  1310    723
  1311    723
  1312    723
  1313    723
  1314    723
  1315    723
  1316    723
  1317    723
  1318    723
  1319    723
  1320    723
  1321    723
  1322    723
  1323    723
  1324    723
  1325    723
  1335    723
  1287    724
  1288    724
  1289    724
  1290    724
  1291    724
  1292    724
  1293    724
  1294    724
  1295    724
  1296    724
  1297    724
  1298    724
  1299    724
  1300    724
  1301    724
  1302    724
  1303    724
  1304    724
  1307    724
  1308    724
  1309    724
  1310    724
  1311    724
  1312    724
  1313    724
  1314    724
  1315    724
  1316    724
  1317    724
  1318    724
  1319    724
  1320    724
  1327    724
  1328    724
  1260    725
  1261    725
  1262    725
  1263    725
  1268    725
  1269    725
  1270    725
  1271    725
  1272    725
  1273    725
  1274    725
  1279    725
  1280    725
  1281    725
  1282    725
  1283    725
  1284    725
  1285    725
  1286    725
  1287    725
  1288    725
  1289    725
  1293    725
  1294    725
  1295    725
  1296    725
  1297    725
  1298    725
  1302    725
  1303    725
  1304    725
  1305    725
  1309    725
  1310    725
  1311    725
  1312    725
  1313    725
  1314    725
  1315    725
  1320    725
  1321    725
  1322    725
  1254    726
  1255    726
  1256    726
  1257    726
  1258    726
  1259    726
  1260    726
  1261    726
  1262    726
  1263    726
  1264    726
  1265    726
  1293    726
  1294    726
  1295    726
  1296    726
  1297    726
  1298    726
  1299    726
  1300    726
  1301    726
  1302    726
  1303    726
  1304    726
  1231    727
  1232    727
  1233    727
  1234    727
  1235    727
  1236    727
  1237    727
  1238    727
  1239    727
  1240    727
  1241    727
  1245    727
  1246    727
  1257    727
  1258    727
  1259    727
  1260    727
  1276    727
  1277    727
  1278    727
  1286    727
  1287    727
  1288    727
  1289    727
  1290    727
  1291    727
  1292    727
  1293    727
  1294    727
  1295    727
  1299    727
  1300    727
  1301    727
  1217    728
  1218    728
  1219    728
  1220    728
  1221    728
  1222    728
  1223    728
  1224    728
  1225    728
  1226    728
  1227    728
  1228    728
  1229    728
  1230    728
  1231    728
  1232    728
  1233    728
  1234    728
  1235    728
  1236    728
  1237    728
  1238    728
  1239    728
  1249    728
  1250    728
  1251    728
  1252    728
  1253    728
  1254    728
  1268    728
  1269    728
  1270    728
  1271    728
  1272    728
  1273    728
  1274    728
  1275    728
  1276    728
  1277    728
  1278    728
  1279    728
  1280    728
  1281    728
  1282    728
  1283    728
  1284    728
  1285    728
  1286    728
  1287    728
  1288    728
  1289    728
  1290    728
  1293    728
  1294    728
  1295    728
  1296    728
  1299    728
  1300    728
  1301    728
  1302    728
  1205    729
  1206    729
  1207    729
  1208    729
  1209    729
  1210    729
  1211    729
  1212    729
  1213    729
  1214    729
  1215    729
  1216    729
  1218    729
  1219    729
  1236    729
  1237    729
  1238    729
  1239    729
  1240    729
  1241    729
  1260    729
  1261    729
  1262    729
  1263    729
  1264    729
  1265    729
  1266    729
  1267    729
  1268    729
  1269    729
  1270    729
  1271    729
  1272    729
  1273    729
  1274    729
  1275    729
  1276    729
  1277    729
  1278    729
  1279    729
  1280    729
  1281    729
  1282    729
  1283    729
  1284    729
  1288    729
  1289    729
  1290    729
  1293    729
  1294    729
  1295    729
  1296    729
  1297    729
  1195    730
  1196    730
  1197    730
  1198    730
  1199    730
  1200    730
  1201    730
  1202    730
  1203    730
  1204    730
  1205    730
  1206    730
  1207    730
  1208    730
  1209    730
  1210    730
  1211    730
  1212    730
  1213    730
  1214    730
  1230    730
  1231    730
  1254    730
  1255    730
  1256    730
  1257    730
  1258    730
  1259    730
  1260    730
  1261    730
  1262    730
  1263    730
  1264    730
  1268    730
  1269    730
  1270    730
  1271    730
  1272    730
  1273    730
  1274    730
  1275    730
  1276    730
  1277    730
  1281    730
  1282    730
  1283    730
  1284    730
  1285    730
  1289    730
  1290    730
  1291    730
  1198    731
  1199    731
  1200    731
  1201    731
  1202    731
  1203    731
  1204    731
  1205    731
  1206    731
  1207    731
  1208    731
  1209    731
  1210    731
  1211    731
  1212    731
  1213    731
  1214    731
  1215    731
  1248    731
  1249    731
  1250    731
  1251    731
  1252    731
  1253    731
  1254    731
  1255    731
  1256    731
  1257    731
  1258    731
  1263    731
  1264    731
  1265    731
  1266    731
  1267    731
  1268    731
  1269    731
  1270    731
  1271    731
  1276    731
  1277    731
  1278    731
  1279    731
  1283    731
  1284    731
  1285    731
  1201    732
  1202    732
  1203    732
  1204    732
  1242    732
  1243    732
  1244    732
  1245    732
  1246    732
  1247    732
  1248    732
  1249    732
  1250    732
  1251    732
  1252    732
  1253    732
  1258    732
  1259    732
  1260    732
  1261    732
  1262    732
  1263    732
  1264    732
  1265    732
  1266    732
  1271    732
  1272    732
  1273    732
  1279    732
  1280    732
  1235    733
  1236    733
  1237    733
  1238    733
  1239    733
  1240    733
  1241    733
  1242    733
  1243    733
  1244    733
  1245    733
  1246    733
  1251    733
  1252    733
  1253    733
  1254    733
  1255    733
  1257    733
  1258    733
  1259    733
  1260    733
  1264    733
  1265    733
  1266    733
  1267    733
  1268    733
  1272    733
  1273    733
  1274    733
  1275    733
  1233    734
  1234    734
  1235    734
  1236    734
  1237    734
  1238    734
  1239    734
  1240    734
  1241    734
  1246    734
  1247    734
  1248    734
  1249    734
  1253    734
  1254    734
  1255    734
  1258    734
  1259    734
  1260    734
  1265    734
  1266    734
  1267    734
  1241    735
  1242    735
  1243    735
  1244    735
  1245    735
  1246    735
  1247    735
  1248    735
  1234    736
  1235    736
  1236    736
  1237    736
  1238    736
  1239    736
  1240    736
  1241    736
  1242    736
  1243    736
  1244    736
  1216    737
  1217    737
  1218    737
  1219    737
  1220    737
  1221    737
  1222    737
  1223    737
  1230    737
  1231    737
  1232    737
  1233    737
  1234    737
  1235    737
  1236    737
  1237    737
  1238    737
  1239    737
  1211    738
  1212    738
  1213    738
  1214    738
  1215    738
  1216    738
  1217    738
  1218    738
  1219    738
  1220    738
  1221    738
  1225    738
  1226    738
  1227    738
  1228    738
  1229    738
  1230    738
  1231    738
  1232    738
  1233    738
  1234    738
  1240    738
  1241    738
  1242    738
  1243    738
  1206    739
  1207    739
  1208    739
  1209    739
  1210    739
  1211    739
  1212    739
  1213    739
  1214    739
  1215    739
  1216    739
  1221    739
  1222    739
  1223    739
  1224    739
  1225    739
  1226    739
  1227    739
  1228    739
  1229    739
  1230    739
  1236    739
  1237    739
  1238    739
  1239    739
  1240    739
  1241    739
  1242    739
  1243    739
  1244    739
  1245    739
  1201    740
  1202    740
  1203    740
  1204    740
  1205    740
  1206    740
  1207    740
  1208    740
  1209    740
  1210    740
  1211    740
  1217    740
  1218    740
  1219    740
  1220    740
  1221    740
  1222    740
  1223    740
  1224    740
  1225    740
  1231    740
  1232    740
  1233    740
  1234    740
  1235    740
  1236    740
  1237    740
  1238    740
  1239    740
  1240    740
  1196    741
  1197    741
  1198    741
  1199    741
  1200    741
  1201    741
  1202    741
  1203    741
  1204    741
  1205    741
  1206    741
  1212    741
  1213    741
  1214    741
  1215    741
  1216    741
  1217    741
  1218    741
  1219    741
  1220    741
  1221    741
  1227    741
  1228    741
  1229    741
  1230    741
  1231    741
  1232    741
  1234    741
  1235    741
  1236    741
  1192    742
  1193    742
  1194    742
  1195    742
  1196    742
  1197    742
  1198    742
  1199    742
  1200    742
  1201    742
  1208    742
  1209    742
  1210    742
  1211    742
  1212    742
  1213    742
  1214    742
  1215    742
  1216    742
  1217    742
  1223    742
  1224    742
  1225    742
  1226    742
  1227    742
  1228    742
  1229    742
  1230    742
  1231    742
  1232    742
  1233    742
  1187    743
  1188    743
  1189    743
  1190    743
  1191    743
  1192    743
  1193    743
  1194    743
  1195    743
  1196    743
  1197    743
  1198    743
  1204    743
  1205    743
  1206    743
  1207    743
  1208    743
  1209    743
  1210    743
  1211    743
  1212    743
  1213    743
  1219    743
  1220    743
  1221    743
  1222    743
  1223    743
  1225    743
  1226    743
  1227    743
  1228    743
  1183    744
  1184    744
  1185    744
  1186    744
  1187    744
  1188    744
  1189    744
  1190    744
  1191    744
  1192    744
  1193    744
  1199    744
  1200    744
  1201    744
  1202    744
  1203    744
  1205    744
  1206    744
  1207    744
  1208    744
  1209    744
  1215    744
  1216    744
  1217    744
  1218    744
  1219    744
  1220    744
  1221    744
  1222    744
  1223    744
  1224    744
  1178    745
  1179    745
  1180    745
  1181    745
  1182    745
  1183    745
  1184    745
  1185    745
  1186    745
  1187    745
  1188    745
  1189    745
  1190    745
  1196    745
  1197    745
  1198    745
  1199    745
  1203    745
  1204    745
  1205    745
  1212    745
  1213    745
  1214    745
  1215    745
  1216    745
  1217    745
  1218    745
  1219    745
  1220    745
  1221    745
  1174    746
  1175    746
  1176    746
  1179    746
  1180    746
  1181    746
  1182    746
  1183    746
  1184    746
  1191    746
  1192    746
  1193    746
  1194    746
  1195    746
  1200    746
  1201    746
  1207    746
  1208    746
  1209    746
  1210    746
  1211    746
  1212    746
  1214    746
  1215    746
  1216    746
  1217    746
  1175    747
  1176    747
  1177    747
  1178    747
  1179    747
  1180    747
  1188    747
  1189    747
  1190    747
  1191    747
  1192    747
  1193    747
  1194    747
  1195    747
  1196    747
  1197    747
  1211    747
  1212    747
  1213    747
  1185    748
  1186    748
  1187    748
  1188    748
  1189    748
  1190    748
  1191    748
  1192    748
  1193    748
  1194    748
  1181    749
  1182    749
  1183    749
  1184    749
  1185    749
  1186    749
  1187    749
  1188    749
  1189    749
  1190    749
  1177    750
  1178    750
  1179    750
  1180    750
  1181    750
  1183    750
  1184    750
  1185    750
  1186    750
  1187    750
  1157    751
  1158    751
  1159    751
  1160    751
  1161    751
  1162    751
  1174    751
  1175    751
  1176    751
  1177    751
  1178    751
  1181    751
  1182    751
  1183    751
  1184    751
  1154    752
  1155    752
  1156    752
  1157    752
  1158    752
  1159    752
  1160    752
  1161    752
  1162    752
  1163    752
  1164    752
  1170    752
  1171    752
  1172    752
  1173    752
  1174    752
  1178    752
  1179    752
  1180    752
  1188    752
  1189    752
  1190    752
  1191    752
  1192    752
  1150    753
  1151    753
  1152    753
  1153    753
  1154    753
  1155    753
  1156    753
  1157    753
  1158    753
  1159    753
  1160    753
  1161    753
  1167    753
  1168    753
  1169    753
  1170    753
  1171    753
  1172    753
  1173    753
  1175    753
  1176    753
  1177    753
  1178    753
  1185    753
  1186    753
  1187    753
  1188    753
  1189    753
  1190    753
  1194    753
  1195    753
  1196    753
  1147    754
  1148    754
  1149    754
  1150    754
  1151    754
  1152    754
  1153    754
  1154    754
  1155    754
  1156    754
  1157    754
  1165    754
  1166    754
  1167    754
  1168    754
  1169    754
  1170    754
  1171    754
  1172    754
  1173    754
  1174    754
  1175    754
  1182    754
  1183    754
  1184    754
  1185    754
  1186    754
  1187    754
  1188    754
  1189    754
  1190    754
  1191    754
  1192    754
  1193    754
  1144    755
  1145    755
  1146    755
  1147    755
  1148    755
  1149    755
  1150    755
  1151    755
  1152    755
  1153    755
  1154    755
  1155    755
  1162    755
  1163    755
  1164    755
  1165    755
  1168    755
  1169    755
  1170    755
  1171    755
  1172    755
  1179    755
  1180    755
  1181    755
  1182    755
  1183    755
  1184    755
  1185    755
  1186    755
  1187    755
  1188    755
  1189    755
  1142    756
  1143    756
  1144    756
  1145    756
  1146    756
  1147    756
  1148    756
  1149    756
  1150    756
  1151    756
  1152    756
  1159    756
  1160    756
  1161    756
  1162    756
  1163    756
  1164    756
  1166    756
  1167    756
  1168    756
  1169    756
  1177    756
  1178    756
  1179    756
  1180    756
  1181    756
  1182    756
  1183    756
  1184    756
  1185    756
  1186    756
  1187    756
  1138    757
  1139    757
  1140    757
  1141    757
  1142    757
  1143    757
  1144    757
  1145    757
  1146    757
  1147    757
  1148    757
  1149    757
  1157    757
  1158    757
  1159    757
  1160    757
  1161    757
  1162    757
  1163    757
  1164    757
  1165    757
  1166    757
  1174    757
  1175    757
  1176    757
  1177    757
  1178    757
  1179    757
  1180    757
  1181    757
  1182    757
  1183    757
  1184    757
  1135    758
  1136    758
  1137    758
  1138    758
  1139    758
  1140    758
  1141    758
  1142    758
  1143    758
  1144    758
  1145    758
  1146    758
  1154    758
  1155    758
  1156    758
  1157    758
  1158    758
  1159    758
  1160    758
  1161    758
  1162    758
  1163    758
  1164    758
  1172    758
  1173    758
  1174    758
  1175    758
  1176    758
  1177    758
  1178    758
  1179    758
  1180    758
  1181    758
  1182    758
  1183    758
  1133    759
  1134    759
  1135    759
  1136    759
  1137    759
  1138    759
  1139    759
  1140    759
  1141    759
  1142    759
  1143    759
  1144    759
  1151    759
  1152    759
  1153    759
  1154    759
  1155    759
  1159    759
  1160    759
  1161    759
  1170    759
  1171    759
  1172    759
  1173    759
  1174    759
  1175    759
  1176    759
  1177    759
  1178    759
  1179    759
  1180    759
  1130    760
  1131    760
  1132    760
  1133    760
  1134    760
  1135    760
  1136    760
  1137    760
  1138    760
  1139    760
  1140    760
  1141    760
  1149    760
  1150    760
  1151    760
  1152    760
  1153    760
  1154    760
  1157    760
  1158    760
  1159    760
  1167    760
  1168    760
  1169    760
  1170    760
  1171    760
  1172    760
  1173    760
  1174    760
  1175    760
  1176    760
  1177    760
  1178    760
  1127    761
  1128    761
  1129    761
  1130    761
  1131    761
  1132    761
  1133    761
  1134    761
  1135    761
  1136    761
  1137    761
  1138    761
  1139    761
  1146    761
  1147    761
  1148    761
  1149    761
  1150    761
  1151    761
  1152    761
  1153    761
  1154    761
  1155    761
  1156    761
  1165    761
  1166    761
  1167    761
  1168    761
  1169    761
  1170    761
  1171    761
  1172    761
  1173    761
  1174    761
  1175    761
  1176    761
  1125    762
  1126    762
  1127    762
  1128    762
  1129    762
  1130    762
  1131    762
  1132    762
  1133    762
  1134    762
  1135    762
  1136    762
  1144    762
  1145    762
  1146    762
  1147    762
  1148    762
  1149    762
  1150    762
  1151    762
  1152    762
  1153    762
  1154    762
  1163    762
  1164    762
  1165    762
  1166    762
  1167    762
  1168    762
  1169    762
  1170    762
  1171    762
  1172    762
  1173    762
  1174    762
  1122    763
  1123    763
  1124    763
  1125    763
  1126    763
  1127    763
  1128    763
  1129    763
  1130    763
  1131    763
  1132    763
  1133    763
  1134    763
  1142    763
  1143    763
  1144    763
  1145    763
  1146    763
  1147    763
  1148    763
  1149    763
  1150    763
  1151    763
  1152    763
  1161    763
  1162    763
  1163    763
  1164    763
  1165    763
  1166    763
  1167    763
  1168    763
  1169    763
  1170    763
  1171    763
  1172    763
  1120    764
  1121    764
  1122    764
  1125    764
  1126    764
  1127    764
  1128    764
  1129    764
  1130    764
  1131    764
  1140    764
  1141    764
  1142    764
  1143    764
  1144    764
  1145    764
  1148    764
  1149    764
  1150    764
  1163    764
  1164    764
  1165    764
  1166    764
  1167    764
  1168    764
  1169    764
  1170    764
  1121    765
  1122    765
  1123    765
  1124    765
  1126    765
  1127    765
  1138    765
  1139    765
  1140    765
  1141    765
  1142    765
  1143    765
  1144    765
  1145    765
  1146    765
  1147    765
  1164    765
  1165    765
  1166    765
  1167    765
  1168    765
  1135    766
  1136    766
  1137    766
  1138    766
  1139    766
  1140    766
  1141    766
  1142    766
  1143    766
  1144    766
  1145    766
  1134    767
  1135    767
  1136    767
  1137    767
  1138    767
  1139    767
  1140    767
  1141    767
  1142    767
  1143    767
  1131    768
  1132    768
  1133    768
  1134    768
  1135    768
  1136    768
  1137    768
  1138    768
  1139    768
  1140    768
  1141    768
  1130    769
  1131    769
  1132    769
  1133    769
  1134    769
  1135    769
  1136    769
  1137    769
  1138    769
  1139    769
  1127    770
  1128    770
  1129    770
  1130    770
  1131    770
  1132    770
  1133    770
  1134    770
  1135    770
  1136    770
  1137    770
  1104    771
  1105    771
  1106    771
  1107    771
  1108    771
  1109    771
  1125    771
  1126    771
  1127    771
  1128    771
  1129    771
  1130    771
  1131    771
  1132    771
  1133    771
  1134    771
  1135    771
  1145    771
  1146    771
  1147    771
  1148    771
  1149    771
  1150    771
  1102    772
  1103    772
  1104    772
  1105    772
  1106    772
  1107    772
  1108    772
  1109    772
  1123    772
  1124    772
  1125    772
  1126    772
  1127    772
  1128    772
  1129    772
  1130    772
  1131    772
  1132    772
  1133    772
  1134    772
  1142    772
  1143    772
  1144    772
  1145    772
  1146    772
  1147    772
  1148    772
  1149    772
  1150    772
  1151    772
  1100    773
  1101    773
  1102    773
  1103    773
  1104    773
  1105    773
  1106    773
  1107    773
  1108    773
  1109    773
  1110    773
  1111    773
  1121    773
  1122    773
  1123    773
  1124    773
  1125    773
  1126    773
  1127    773
  1128    773
  1129    773
  1130    773
  1131    773
  1141    773
  1142    773
  1143    773
  1144    773
  1145    773
  1146    773
  1147    773
  1148    773
  1149    773
  1150    773
  1151    773
  1152    773
  1153    773
  1097    774
  1098    774
  1099    774
  1100    774
  1101    774
  1102    774
  1103    774
  1104    774
  1105    774
  1106    774
  1107    774
  1108    774
  1109    774
  1119    774
  1120    774
  1121    774
  1122    774
  1123    774
  1124    774
  1125    774
  1126    774
  1127    774
  1128    774
  1129    774
  1130    774
  1139    774
  1140    774
  1141    774
  1142    774
  1143    774
  1144    774
  1145    774
  1146    774
  1147    774
  1148    774
  1149    774
  1150    774
  1151    774
  1095    775
  1096    775
  1097    775
  1098    775
  1099    775
  1100    775
  1101    775
  1102    775
  1103    775
  1104    775
  1105    775
  1106    775
  1107    775
  1117    775
  1118    775
  1119    775
  1120    775
  1121    775
  1122    775
  1123    775
  1124    775
  1125    775
  1126    775
  1127    775
  1128    775
  1137    775
  1138    775
  1139    775
  1140    775
  1141    775
  1142    775
  1143    775
  1144    775
  1145    775
  1146    775
  1147    775
  1148    775
  1149    775
  1093    776
  1094    776
  1095    776
  1096    776
  1097    776
  1098    776
  1099    776
  1100    776
  1101    776
  1102    776
  1103    776
  1104    776
  1105    776
  1115    776
  1116    776
  1117    776
  1118    776
  1119    776
  1120    776
  1121    776
  1122    776
  1123    776
  1124    776
  1125    776
  1126    776
  1135    776
  1136    776
  1137    776
  1138    776
  1139    776
  1140    776
  1141    776
  1142    776
  1143    776
  1144    776
  1145    776
  1146    776
  1147    776
  1090    777
  1091    777
  1092    777
  1093    777
  1094    777
  1095    777
  1096    777
  1097    777
  1098    777
  1099    777
  1100    777
  1101    777
  1102    777
  1103    777
  1113    777
  1114    777
  1115    777
  1116    777
  1117    777
  1118    777
  1119    777
  1120    777
  1121    777
  1122    777
  1123    777
  1124    777
  1133    777
  1134    777
  1135    777
  1136    777
  1137    777
  1138    777
  1139    777
  1140    777
  1141    777
  1142    777
  1143    777
  1144    777
  1145    777
  1146    777
  1088    778
  1089    778
  1090    778
  1091    778
  1092    778
  1093    778
  1094    778
  1095    778
  1096    778
  1097    778
  1098    778
  1099    778
  1100    778
  1101    778
  1111    778
  1112    778
  1113    778
  1114    778
  1115    778
  1116    778
  1117    778
  1118    778
  1119    778
  1120    778
  1121    778
  1122    778
  1123    778
  1131    778
  1132    778
  1133    778
  1134    778
  1135    778
  1136    778
  1137    778
  1138    778
  1139    778
  1140    778
  1141    778
  1142    778
  1143    778
  1144    778
  1086    779
  1087    779
  1088    779
  1089    779
  1090    779
  1091    779
  1092    779
  1093    779
  1094    779
  1095    779
  1096    779
  1097    779
  1098    779
  1099    779
  1110    779
  1111    779
  1112    779
  1113    779
  1114    779
  1115    779
  1116    779
  1117    779
  1118    779
  1119    779
  1120    779
  1121    779
  1130    779
  1131    779
  1132    779
  1133    779
  1134    779
  1135    779
  1136    779
  1137    779
  1138    779
  1139    779
  1140    779
  1141    779
  1142    779
  1084    780
  1085    780
  1086    780
  1087    780
  1088    780
  1089    780
  1090    780
  1091    780
  1092    780
  1093    780
  1094    780
  1095    780
  1096    780
  1097    780
  1108    780
  1109    780
  1110    780
  1111    780
  1112    780
  1113    780
  1114    780
  1115    780
  1116    780
  1117    780
  1118    780
  1119    780
  1120    780
  1128    780
  1129    780
  1130    780
  1131    780
  1132    780
  1133    780
  1134    780
  1135    780
  1136    780
  1137    780
  1138    780
  1139    780
  1140    780
  1082    781
  1083    781
  1084    781
  1085    781
  1086    781
  1087    781
  1088    781
  1089    781
  1090    781
  1091    781
  1092    781
  1093    781
  1094    781
  1095    781
  1107    781
  1108    781
  1109    781
  1110    781
  1111    781
  1112    781
  1113    781
  1114    781
  1115    781
  1116    781
  1117    781
  1118    781
  1127    781
  1128    781
  1129    781
  1130    781
  1131    781
  1132    781
  1133    781
  1134    781
  1135    781
  1136    781
  1137    781
  1138    781
  1139    781
  1140    781
  1080    782
  1081    782
  1082    782
  1083    782
  1084    782
  1085    782
  1086    782
  1087    782
  1088    782
  1089    782
  1090    782
  1091    782
  1092    782
  1093    782
  1104    782
  1105    782
  1106    782
  1107    782
  1108    782
  1109    782
  1110    782
  1111    782
  1112    782
  1113    782
  1114    782
  1115    782
  1116    782
  1125    782
  1126    782
  1127    782
  1128    782
  1129    782
  1130    782
  1131    782
  1132    782
  1133    782
  1134    782
  1135    782
  1136    782
  1137    782
  1138    782
  1078    783
  1079    783
  1080    783
  1081    783
  1082    783
  1083    783
  1084    783
  1085    783
  1086    783
  1087    783
  1088    783
  1089    783
  1090    783
  1091    783
  1102    783
  1103    783
  1104    783
  1105    783
  1106    783
  1107    783
  1108    783
  1109    783
  1110    783
  1111    783
  1112    783
  1113    783
  1114    783
  1124    783
  1125    783
  1126    783
  1127    783
  1128    783
  1129    783
  1130    783
  1131    783
  1132    783
  1133    783
  1134    783
  1135    783
  1136    783
  1137    783
  1077    784
  1078    784
  1079    784
  1080    784
  1081    784
  1082    784
  1083    784
  1084    784
  1085    784
  1086    784
  1087    784
  1088    784
  1089    784
  1101    784
  1102    784
  1103    784
  1104    784
  1105    784
  1106    784
  1107    784
  1108    784
  1109    784
  1110    784
  1111    784
  1112    784
  1113    784
  1122    784
  1123    784
  1124    784
  1125    784
  1126    784
  1127    784
  1128    784
  1129    784
  1130    784
  1131    784
  1132    784
  1133    784
  1134    784
  1135    784
  1075    785
  1076    785
  1077    785
  1078    785
  1079    785
  1080    785
  1081    785
  1082    785
  1083    785
  1084    785
  1085    785
  1086    785
  1087    785
  1088    785
  1099    785
  1100    785
  1101    785
  1102    785
  1103    785
  1104    785
  1105    785
  1106    785
  1107    785
  1108    785
  1109    785
  1110    785
  1111    785
  1121    785
  1122    785
  1123    785
  1124    785
  1125    785
  1126    785
  1127    785
  1128    785
  1129    785
  1130    785
  1131    785
  1132    785
  1133    785
  1134    785
  1073    786
  1074    786
  1075    786
  1076    786
  1077    786
  1078    786
  1079    786
  1080    786
  1081    786
  1082    786
  1083    786
  1084    786
  1085    786
  1086    786
  1087    786
  1098    786
  1099    786
  1100    786
  1101    786
  1102    786
  1103    786
  1104    786
  1105    786
  1106    786
  1107    786
  1108    786
  1109    786
  1110    786
  1120    786
  1121    786
  1122    786
  1123    786
  1124    786
  1125    786
  1126    786
  1127    786
  1128    786
  1129    786
  1130    786
  1131    786
  1132    786
  1133    786
  1071    787
  1072    787
  1073    787
  1074    787
  1075    787
  1076    787
  1077    787
  1078    787
  1079    787
  1080    787
  1081    787
  1082    787
  1083    787
  1084    787
  1085    787
  1096    787
  1097    787
  1098    787
  1099    787
  1100    787
  1101    787
  1102    787
  1103    787
  1104    787
  1105    787
  1106    787
  1107    787
  1108    787
  1118    787
  1119    787
  1120    787
  1121    787
  1122    787
  1123    787
  1124    787
  1125    787
  1126    787
  1127    787
  1128    787
  1129    787
  1130    787
  1131    787
  1070    788
  1071    788
  1072    788
  1073    788
  1074    788
  1075    788
  1076    788
  1077    788
  1078    788
  1079    788
  1080    788
  1081    788
  1082    788
  1083    788
  1095    788
  1096    788
  1097    788
  1098    788
  1099    788
  1100    788
  1101    788
  1102    788
  1103    788
  1104    788
  1105    788
  1106    788
  1116    788
  1117    788
  1118    788
  1119    788
  1120    788
  1121    788
  1122    788
  1123    788
  1124    788
  1125    788
  1126    788
  1127    788
  1128    788
  1129    788
  1130    788
  1068    789
  1069    789
  1070    789
  1071    789
  1072    789
  1073    789
  1074    789
  1075    789
  1076    789
  1077    789
  1078    789
  1079    789
  1080    789
  1081    789
  1093    789
  1094    789
  1095    789
  1096    789
  1097    789
  1098    789
  1099    789
  1100    789
  1101    789
  1102    789
  1103    789
  1104    789
  1105    789
  1116    789
  1117    789
  1118    789
  1119    789
  1120    789
  1121    789
  1122    789
  1123    789
  1124    789
  1125    789
  1126    789
  1127    789
  1128    789
  1129    789
  1066    790
  1067    790
  1068    790
  1069    790
  1070    790
  1071    790
  1072    790
  1073    790
  1074    790
  1075    790
  1076    790
  1077    790
  1078    790
  1079    790
  1080    790
  1091    790
  1092    790
  1093    790
  1094    790
  1095    790
  1096    790
  1097    790
  1098    790
  1099    790
  1100    790
  1101    790
  1102    790
  1103    790
  1104    790
  1114    790
  1115    790
  1116    790
  1117    790
  1118    790
  1119    790
  1120    790
  1121    790
  1122    790
  1123    790
  1124    790
  1125    790
  1126    790
  1127    790
  1069    791
  1070    791
  1071    791
  1072    791
  1073    791
  1074    791
  1075    791
  1076    791
  1077    791
  1078    791
  1090    791
  1091    791
  1092    791
  1093    791
  1094    791
  1095    791
  1096    791
  1097    791
  1098    791
  1099    791
  1100    791
  1101    791
  1102    791
  1115    791
  1116    791
  1117    791
  1118    791
  1119    791
  1120    791
  1121    791
  1122    791
  1123    791
  1124    791
  1071    792
  1072    792
  1073    792
  1074    792
  1075    792
  1088    792
  1089    792
  1090    792
  1091    792
  1092    792
  1093    792
  1094    792
  1095    792
  1096    792
  1097    792
  1098    792
  1099    792
  1100    792
  1101    792
  1118    792
  1119    792
