  1395    713
  1396    713
  1397    713
  1398    713
  1399    713
  1400    713
  1401    713
  1402    713
  1384    714
  1385    714
  1386    714
  1387    714
  1388    714
  1389    714
  1390    714
  1391    714
  1392    714
  1393    714
  1394    714
  1395    714
  1374    715
  1375    715
  1376    715
  1377    715
  1378    715
  1379    715
  1380    715
  1381    715
  1382    715
  1383    715
  1384    715
  1385    715
  1386    715
  1387    715
  1388    715
  1389    715
  1390    715
  1391    715
  1392    715
  1393    715
  1365    716
  1366    716
  1367    716
  1368    716
  1369    716
  1370    716
  1374    716
  1375    716
  1376    716
  1377    716
  1378    716
  1379    716
  1380    716
  1381    716
  1382    716
  1383    716
  1384    716
  1385    716
  1386    716
  1387    716
  1388    716
  1389    716
  1390    716
  1354    717
  1355    717
  1356    717
  1357    717
  1358    717
  1359    717
  1360    717
  1361    717
  1362    717
  1363    717
  1376    717
  1377    717
  1378    717
  1379    717
  1380    717
  1381    717
  1382    717
  1383    717
  1384    717
  1385    717
  1386    717
  1387    717
  1388    717
  1389    717
  1390    717
  1351    718
  1352    718
  1353    718
  1354    718
  1355    718
  1356    718
  1357    718
  1358    718
  1359    718
  1360    718
  1361    718
  1362    718
  1363    718
  1364    718
  1365    718
  1379    718
  1380    718
  1381    718
  1382    718
  1383    718
  1384    718
  1385    718
  1354    719
  1355    719
  1356    719
  1357    719
  1358    719
  1359    719
  1360    719
  1361    719
  1362    719
  1363    719
  1364    719
  1324    720
  1325    720
  1326    720
  1327    720
  1328    720
  1339    720
  1340    720
  1341    720
  1342    720
  1350    720
  1351    720
  1352    720
  1353    720
  1354    720
  1355    720
  1356    720
  1357    720
  1358    720
  1359    720
  1360    720
  1361    720
  1319    721
  1320    721
  1321    721
  1322    721
  1323    721
  1324    721
  1325    721
  1326    721
  1327    721
  1328    721
  1329    721
  1330    721
  1331    721
  1345    721
  1346    721
  1347    721
  1353    721
  1303    722
  1304    722
  1305    722
  1306    722
  1307    722
  1308    722
  1309    722
  1310    722
  1311    722
  1312    722
  1313    722
  1314    722
  1315    722
  1317    722
  1318    722
  1319    722
  1320    722
  1321    722
  1322    722
  1323    722
  1324    722
  1325    722
  1334    722
  1335    722
  1336    722
  1337    722
  1338    722
  1339    722
  1340    722
  1353    722
  1354    722
  1355    722
  1292    723
  1293    723
  1294    723
  1295    723
  1296    723
  1297    723
  1298    723
  1299    723
  1300    723
  1301    723
  1302    723
  1303    723
  1304    723
  1305    723
  1306    723
  1307    723
  1308    723
  1309    723
  1310    723
  1311    723
  1312    723
  1313    723
  1314    723
  1315    723
  1316    723
  1317    723
  1318    723
  1319    723
  1320    723
  1321    723
  1322    723
  1323    723
  1324    723
  1325    723
  1326    723
  1327    723
  1328    723
  1329    723
  1330    723
  1334    723
  1335    723
  1336    723
  1337    723
  1288    724
  1289    724
  1290    724
  1291    724
  1292    724
  1293    724
  1294    724
  1295    724
  1296    724
  1297    724
  1298    724
  1299    724
  1300    724
  1301    724
  1302    724
  1303    724
  1304    724
  1305    724
  1306    724
  1307    724
  1308    724
  1309    724
  1310    724
  1311    724
  1312    724
  1313    724
  1314    724
  1315    724
  1316    724
  1317    724
  1318    724
  1321    724
  1322    724
  1323    724
  1324    724
  1325    724
  1326    724
  1327    724
  1328    724
  1329    724
  1330    724
  1268    725
  1269    725
  1270    725
  1290    725
  1296    725
  1297    725
  1298    725
  1299    725
  1300    725
  1301    725
  1302    725
  1303    725
  1304    725
  1305    725
  1306    725
  1307    725
  1308    725
  1309    725
  1310    725
  1311    725
  1312    725
  1313    725
  1314    725
  1315    725
  1316    725
  1317    725
  1318    725
  1319    725
  1320    725
  1321    725
  1322    725
  1323    725
  1324    725
  1325    725
  1326    725
  1327    725
  1328    725
  1267    726
  1268    726
  1269    726
  1270    726
  1271    726
  1272    726
  1273    726
  1274    726
  1275    726
  1276    726
  1277    726
  1278    726
  1279    726
  1280    726
  1289    726
  1290    726
  1291    726
  1292    726
  1299    726
  1300    726
  1301    726
  1302    726
  1306    726
  1307    726
  1308    726
  1309    726
  1310    726
  1311    726
  1312    726
  1313    726
  1321    726
  1325    726
  1326    726
  1327    726
  1261    727
  1262    727
  1263    727
  1264    727
  1265    727
  1266    727
  1267    727
  1268    727
  1269    727
  1270    727
  1271    727
  1272    727
  1302    727
  1303    727
  1304    727
  1305    727
  1306    727
  1307    727
  1308    727
  1309    727
  1238    728
  1239    728
  1240    728
  1241    728
  1242    728
  1243    728
  1244    728
  1264    728
  1265    728
  1266    728
  1267    728
  1279    728
  1280    728
  1281    728
  1282    728
  1283    728
  1284    728
  1285    728
  1295    728
  1296    728
  1297    728
  1298    728
  1299    728
  1300    728
  1301    728
  1302    728
  1303    728
  1304    728
  1305    728
  1307    728
  1308    728
  1309    728
  1223    729
  1224    729
  1225    729
  1226    729
  1227    729
  1234    729
  1235    729
  1236    729
  1237    729
  1238    729
  1239    729
  1240    729
  1241    729
  1242    729
  1243    729
  1253    729
  1254    729
  1255    729
  1256    729
  1275    729
  1276    729
  1277    729
  1278    729
  1279    729
  1280    729
  1281    729
  1282    729
  1283    729
  1287    729
  1288    729
  1289    729
  1290    729
  1291    729
  1294    729
  1295    729
  1301    729
  1302    729
  1303    729
  1304    729
  1213    730
  1214    730
  1215    730
  1216    730
  1217    730
  1218    730
  1219    730
  1220    730
  1221    730
  1222    730
  1223    730
  1224    730
  1225    730
  1226    730
  1227    730
  1228    730
  1229    730
  1244    730
  1245    730
  1246    730
  1247    730
  1248    730
  1269    730
  1270    730
  1271    730
  1272    730
  1273    730
  1274    730
  1275    730
  1276    730
  1277    730
  1278    730
  1283    730
  1284    730
  1285    730
  1289    730
  1290    730
  1295    730
  1296    730
  1297    730
  1298    730
  1299    730
  1303    730
  1304    730
  1200    731
  1201    731
  1202    731
  1203    731
  1204    731
  1205    731
  1206    731
  1207    731
  1211    731
  1212    731
  1213    731
  1220    731
  1221    731
  1222    731
  1223    731
  1236    731
  1263    731
  1264    731
  1265    731
  1266    731
  1267    731
  1268    731
  1269    731
  1270    731
  1271    731
  1272    731
  1273    731
  1277    731
  1278    731
  1279    731
  1280    731
  1281    731
  1282    731
  1283    731
  1284    731
  1285    731
  1290    731
  1291    731
  1297    731
  1298    731
  1299    731
  1195    732
  1196    732
  1197    732
  1198    732
  1199    732
  1200    732
  1201    732
  1202    732
  1203    732
  1204    732
  1205    732
  1206    732
  1207    732
  1208    732
  1209    732
  1220    732
  1221    732
  1222    732
  1223    732
  1256    732
  1257    732
  1258    732
  1259    732
  1260    732
  1261    732
  1262    732
  1263    732
  1264    732
  1265    732
  1270    732
  1271    732
  1272    732
  1273    732
  1274    732
  1275    732
  1276    732
  1277    732
  1278    732
  1279    732
  1285    732
  1286    732
  1287    732
  1195    733
  1196    733
  1197    733
  1198    733
  1199    733
  1200    733
  1201    733
  1202    733
  1204    733
  1212    733
  1213    733
  1251    733
  1252    733
  1253    733
  1254    733
  1255    733
  1256    733
  1257    733
  1258    733
  1259    733
  1260    733
  1265    733
  1266    733
  1267    733
  1268    733
  1269    733
  1270    733
  1271    733
  1272    733
  1273    733
  1279    733
  1280    733
  1281    733
  1282    733
  1283    733
  1286    733
  1287    733
  1288    733
  1196    734
  1197    734
  1198    734
  1199    734
  1200    734
  1245    734
  1246    734
  1247    734
  1248    734
  1249    734
  1250    734
  1251    734
  1252    734
  1253    734
  1254    734
  1260    734
  1261    734
  1266    734
  1267    734
  1268    734
  1274    734
  1275    734
  1276    734
  1277    734
  1278    734
  1280    734
  1281    734
  1282    734
  1283    734
  1241    735
  1242    735
  1243    735
  1244    735
  1245    735
  1246    735
  1247    735
  1248    735
  1249    735
  1255    735
  1256    735
  1257    735
  1258    735
  1263    735
  1268    735
  1269    735
  1270    735
  1275    735
  1276    735
  1277    735
  1278    735
  1248    736
  1249    736
  1250    736
  1251    736
  1252    736
  1253    736
  1254    736
  1256    736
  1243    737
  1244    737
  1245    737
  1246    737
  1247    737
  1248    737
  1249    737
  1250    737
  1251    737
  1252    737
  1224    738
  1225    738
  1239    738
  1240    738
  1241    738
  1242    738
  1243    738
  1244    738
  1245    738
  1246    738
  1247    738
  1248    738
  1219    739
  1220    739
  1221    739
  1222    739
  1223    739
  1224    739
  1225    739
  1226    739
  1227    739
  1228    739
  1229    739
  1234    739
  1235    739
  1236    739
  1237    739
  1238    739
  1240    739
  1241    739
  1242    739
  1243    739
  1244    739
  1249    739
  1250    739
  1251    739
  1252    739
  1216    740
  1217    740
  1218    740
  1219    740
  1220    740
  1221    740
  1222    740
  1223    740
  1224    740
  1231    740
  1232    740
  1233    740
  1234    740
  1235    740
  1236    740
  1237    740
  1238    740
  1239    740
  1245    740
  1246    740
  1247    740
  1248    740
  1249    740
  1211    741
  1212    741
  1213    741
  1214    741
  1215    741
  1216    741
  1217    741
  1218    741
  1219    741
  1220    741
  1227    741
  1228    741
  1229    741
  1230    741
  1231    741
  1232    741
  1233    741
  1234    741
  1235    741
  1241    741
  1242    741
  1243    741
  1244    741
  1245    741
  1246    741
  1247    741
  1248    741
  1249    741
  1250    741
  1251    741
  1206    742
  1207    742
  1208    742
  1209    742
  1210    742
  1211    742
  1212    742
  1213    742
  1214    742
  1215    742
  1216    742
  1222    742
  1223    742
  1224    742
  1225    742
  1226    742
  1227    742
  1228    742
  1229    742
  1230    742
  1231    742
  1237    742
  1238    742
  1239    742
  1240    742
  1241    742
  1242    742
  1243    742
  1244    742
  1245    742
  1246    742
  1201    743
  1202    743
  1203    743
  1204    743
  1205    743
  1207    743
  1208    743
  1209    743
  1210    743
  1211    743
  1212    743
  1218    743
  1219    743
  1220    743
  1221    743
  1222    743
  1223    743
  1224    743
  1225    743
  1226    743
  1227    743
  1233    743
  1234    743
  1235    743
  1236    743
  1239    743
  1240    743
  1241    743
  1242    743
  1197    744
  1198    744
  1199    744
  1200    744
  1201    744
  1202    744
  1203    744
  1204    744
  1205    744
  1206    744
  1207    744
  1214    744
  1215    744
  1216    744
  1217    744
  1218    744
  1219    744
  1220    744
  1221    744
  1222    744
  1223    744
  1229    744
  1230    744
  1231    744
  1232    744
  1233    744
  1236    744
  1237    744
  1238    744
  1239    744
  1193    745
  1194    745
  1195    745
  1196    745
  1197    745
  1198    745
  1199    745
  1200    745
  1201    745
  1202    745
  1203    745
  1210    745
  1211    745
  1212    745
  1213    745
  1214    745
  1215    745
  1216    745
  1217    745
  1218    745
  1219    745
  1226    745
  1227    745
  1228    745
  1229    745
  1230    745
  1233    745
  1234    745
  1235    745
  1190    746
  1191    746
  1192    746
  1193    746
  1194    746
  1195    746
  1196    746
  1197    746
  1198    746
  1199    746
  1207    746
  1208    746
  1209    746
  1213    746
  1214    746
  1215    746
  1222    746
  1223    746
  1224    746
  1225    746
  1229    746
  1230    746
  1231    746
  1184    747
  1185    747
  1186    747
  1187    747
  1188    747
  1189    747
  1190    747
  1191    747
  1192    747
  1193    747
  1194    747
  1195    747
  1202    747
  1203    747
  1204    747
  1205    747
  1219    747
  1220    747
  1221    747
  1222    747
  1226    747
  1227    747
  1228    747
  1187    748
  1188    748
  1189    748
  1190    748
  1191    748
  1192    748
  1198    748
  1199    748
  1200    748
  1201    748
  1202    748
  1203    748
  1206    748
  1207    748
  1208    748
  1224    748
  1225    748
  1195    749
  1196    749
  1197    749
  1198    749
  1199    749
  1200    749
  1202    749
  1203    749
  1204    749
  1192    750
  1193    750
  1194    750
  1195    750
  1196    750
  1197    750
  1198    750
  1199    750
  1200    750
  1201    750
  1188    751
  1189    751
  1190    751
  1191    751
  1192    751
  1194    751
  1195    751
  1196    751
  1197    751
  1185    752
  1186    752
  1187    752
  1188    752
  1189    752
  1190    752
  1191    752
  1192    752
  1193    752
  1194    752
  1165    753
  1166    753
  1167    753
  1168    753
  1182    753
  1183    753
  1184    753
  1185    753
  1189    753
  1190    753
  1191    753
  1192    753
  1161    754
  1162    754
  1163    754
  1164    754
  1165    754
  1166    754
  1167    754
  1168    754
  1169    754
  1170    754
  1171    754
  1172    754
  1173    754
  1180    754
  1181    754
  1182    754
  1183    754
  1184    754
  1185    754
  1186    754
  1187    754
  1188    754
  1189    754
  1197    754
  1198    754
  1199    754
  1200    754
  1201    754
  1202    754
  1158    755
  1159    755
  1160    755
  1161    755
  1162    755
  1163    755
  1164    755
  1165    755
  1166    755
  1167    755
  1168    755
  1176    755
  1177    755
  1178    755
  1179    755
  1180    755
  1181    755
  1182    755
  1183    755
  1184    755
  1185    755
  1195    755
  1196    755
  1197    755
  1198    755
  1199    755
  1200    755
  1201    755
  1203    755
  1204    755
  1155    756
  1156    756
  1157    756
  1158    756
  1159    756
  1160    756
  1161    756
  1162    756
  1163    756
  1164    756
  1165    756
  1166    756
  1173    756
  1174    756
  1175    756
  1176    756
  1180    756
  1181    756
  1182    756
  1183    756
  1192    756
  1193    756
  1194    756
  1195    756
  1196    756
  1197    756
  1199    756
  1200    756
  1201    756
  1202    756
  1152    757
  1153    757
  1154    757
  1155    757
  1156    757
  1157    757
  1158    757
  1159    757
  1160    757
  1161    757
  1162    757
  1163    757
  1170    757
  1171    757
  1172    757
  1173    757
  1174    757
  1175    757
  1178    757
  1179    757
  1180    757
  1189    757
  1190    757
  1191    757
  1192    757
  1193    757
  1194    757
  1195    757
  1196    757
  1197    757
  1198    757
  1199    757
  1150    758
  1151    758
  1152    758
  1153    758
  1154    758
  1155    758
  1156    758
  1157    758
  1158    758
  1159    758
  1160    758
  1168    758
  1169    758
  1170    758
  1171    758
  1172    758
  1173    758
  1174    758
  1175    758
  1176    758
  1177    758
  1186    758
  1187    758
  1188    758
  1189    758
  1190    758
  1191    758
  1192    758
  1193    758
  1194    758
  1195    758
  1196    758
  1147    759
  1148    759
  1149    759
  1150    759
  1151    759
  1152    759
  1153    759
  1154    759
  1155    759
  1156    759
  1157    759
  1165    759
  1166    759
  1167    759
  1168    759
  1169    759
  1170    759
  1171    759
  1172    759
  1173    759
  1174    759
  1175    759
  1184    759
  1185    759
  1186    759
  1187    759
  1188    759
  1189    759
  1190    759
  1191    759
  1192    759
  1193    759
  1194    759
  1144    760
  1145    760
  1146    760
  1147    760
  1148    760
  1149    760
  1150    760
  1151    760
  1152    760
  1153    760
  1154    760
  1155    760
  1163    760
  1164    760
  1165    760
  1166    760
  1167    760
  1168    760
  1169    760
  1170    760
  1171    760
  1172    760
  1173    760
  1181    760
  1182    760
  1183    760
  1184    760
  1185    760
  1186    760
  1187    760
  1188    760
  1189    760
  1190    760
  1191    760
  1192    760
  1141    761
  1142    761
  1143    761
  1144    761
  1145    761
  1146    761
  1147    761
  1148    761
  1149    761
  1150    761
  1151    761
  1152    761
  1160    761
  1161    761
  1162    761
  1163    761
  1164    761
  1165    761
  1166    761
  1167    761
  1168    761
  1169    761
  1170    761
  1179    761
  1180    761
  1181    761
  1182    761
  1183    761
  1184    761
  1185    761
  1186    761
  1187    761
  1188    761
  1189    761
  1190    761
  1139    762
  1140    762
  1141    762
  1142    762
  1143    762
  1144    762
  1145    762
  1146    762
  1147    762
  1148    762
  1149    762
  1150    762
  1158    762
  1159    762
  1160    762
  1161    762
  1162    762
  1163    762
  1164    762
  1165    762
  1166    762
  1167    762
  1168    762
  1177    762
  1178    762
  1179    762
  1180    762
  1181    762
  1182    762
  1183    762
  1184    762
  1185    762
  1186    762
  1187    762
  1188    762
  1137    763
  1138    763
  1139    763
  1140    763
  1141    763
  1142    763
  1143    763
  1144    763
  1145    763
  1146    763
  1147    763
  1156    763
  1157    763
  1158    763
  1159    763
  1160    763
  1161    763
  1162    763
  1163    763
  1164    763
  1165    763
  1175    763
  1176    763
  1177    763
  1178    763
  1179    763
  1180    763
  1181    763
  1182    763
  1183    763
  1184    763
  1185    763
  1186    763
  1134    764
  1135    764
  1136    764
  1137    764
  1138    764
  1139    764
  1140    764
  1141    764
  1142    764
  1143    764
  1144    764
  1145    764
  1154    764
  1155    764
  1156    764
  1157    764
  1158    764
  1159    764
  1160    764
  1162    764
  1163    764
  1173    764
  1174    764
  1175    764
  1176    764
  1177    764
  1178    764
  1179    764
  1180    764
  1181    764
  1182    764
  1183    764
  1184    764
  1132    765
  1133    765
  1134    765
  1135    765
  1136    765
  1137    765
  1138    765
  1139    765
  1140    765
  1141    765
  1142    765
  1143    765
  1152    765
  1153    765
  1154    765
  1155    765
  1156    765
  1157    765
  1158    765
  1160    765
  1161    765
  1171    765
  1172    765
  1173    765
  1174    765
  1175    765
  1176    765
  1177    765
  1178    765
  1179    765
  1180    765
  1181    765
  1182    765
  1129    766
  1130    766
  1131    766
  1132    766
  1133    766
  1134    766
  1135    766
  1136    766
  1137    766
  1138    766
  1139    766
  1140    766
  1141    766
  1149    766
  1150    766
  1151    766
  1152    766
  1153    766
  1154    766
  1155    766
  1156    766
  1157    766
  1159    766
  1170    766
  1171    766
  1172    766
  1173    766
  1174    766
  1175    766
  1176    766
  1177    766
  1178    766
  1179    766
  1180    766
  1181    766
  1127    767
  1128    767
  1129    767
  1131    767
  1132    767
  1133    767
  1134    767
  1135    767
  1136    767
  1137    767
  1138    767
  1147    767
  1148    767
  1149    767
  1150    767
  1151    767
  1152    767
  1153    767
  1154    767
  1155    767
  1156    767
  1157    767
  1168    767
  1169    767
  1171    767
  1172    767
  1173    767
  1174    767
  1175    767
  1176    767
  1177    767
  1178    767
  1179    767
  1145    768
  1146    768
  1147    768
  1148    768
  1149    768
  1150    768
  1151    768
  1152    768
  1153    768
  1154    768
  1155    768
  1175    768
  1176    768
  1177    768
  1143    769
  1144    769
  1145    769
  1146    769
  1147    769
  1148    769
  1149    769
  1150    769
  1151    769
  1152    769
  1153    769
  1154    769
  1142    770
  1143    770
  1144    770
  1145    770
  1146    770
  1147    770
  1148    770
  1149    770
  1150    770
  1151    770
  1152    770
  1140    771
  1141    771
  1142    771
  1143    771
  1144    771
  1145    771
  1146    771
  1147    771
  1148    771
  1149    771
  1138    772
  1139    772
  1140    772
  1141    772
  1142    772
  1143    772
  1144    772
  1145    772
  1146    772
  1147    772
  1148    772
  1135    773
  1136    773
  1137    773
  1138    773
  1139    773
  1140    773
  1141    773
  1142    773
  1143    773
  1144    773
  1145    773
  1146    773
  1113    774
  1114    774
  1115    774
  1116    774
  1133    774
  1134    774
  1135    774
  1136    774
  1137    774
  1138    774
  1139    774
  1140    774
  1141    774
  1142    774
  1143    774
  1144    774
  1111    775
  1112    775
  1113    775
  1114    775
  1115    775
  1116    775
  1132    775
  1133    775
  1134    775
  1135    775
  1136    775
  1137    775
  1138    775
  1139    775
  1140    775
  1141    775
  1142    775
  1152    775
  1153    775
  1154    775
  1155    775
  1156    775
  1157    775
  1158    775
  1159    775
  1160    775
  1161    775
  1108    776
  1109    776
  1110    776
  1111    776
  1112    776
  1113    776
  1114    776
  1115    776
  1116    776
  1119    776
  1130    776
  1131    776
  1132    776
  1133    776
  1134    776
  1135    776
  1136    776
  1137    776
  1138    776
  1139    776
  1140    776
  1141    776
  1151    776
  1152    776
  1153    776
  1154    776
  1155    776
  1156    776
  1157    776
  1158    776
  1159    776
  1105    777
  1106    777
  1107    777
  1108    777
  1109    777
  1110    777
  1111    777
  1112    777
  1113    777
  1114    777
  1115    777
  1116    777
  1117    777
  1128    777
  1129    777
  1130    777
  1131    777
  1132    777
  1133    777
  1134    777
  1135    777
  1136    777
  1137    777
  1138    777
  1139    777
  1148    777
  1149    777
  1150    777
  1151    777
  1152    777
  1153    777
  1154    777
  1155    777
  1156    777
  1157    777
  1158    777
  1160    777
  1161    777
  1103    778
  1104    778
  1105    778
  1106    778
  1107    778
  1108    778
  1109    778
  1110    778
  1111    778
  1112    778
  1113    778
  1114    778
  1115    778
  1126    778
  1127    778
  1128    778
  1129    778
  1130    778
  1131    778
  1132    778
  1133    778
  1134    778
  1135    778
  1136    778
  1137    778
  1147    778
  1148    778
  1149    778
  1150    778
  1151    778
  1152    778
  1153    778
  1154    778
  1155    778
  1156    778
  1157    778
  1158    778
  1159    778
  1101    779
  1102    779
  1103    779
  1104    779
  1105    779
  1106    779
  1107    779
  1108    779
  1109    779
  1110    779
  1111    779
  1112    779
  1113    779
  1124    779
  1125    779
  1126    779
  1127    779
  1128    779
  1129    779
  1130    779
  1131    779
  1132    779
  1133    779
  1134    779
  1135    779
  1145    779
  1146    779
  1147    779
  1148    779
  1149    779
  1150    779
  1151    779
  1152    779
  1153    779
  1154    779
  1155    779
  1156    779
  1157    779
  1100    780
  1101    780
  1102    780
  1103    780
  1104    780
  1105    780
  1106    780
  1107    780
  1108    780
  1109    780
  1110    780
  1111    780
  1123    780
  1124    780
  1125    780
  1126    780
  1127    780
  1128    780
  1129    780
  1130    780
  1131    780
  1132    780
  1133    780
  1134    780
  1143    780
  1144    780
  1145    780
  1146    780
  1147    780
  1148    780
  1149    780
  1150    780
  1151    780
  1152    780
  1153    780
  1154    780
  1155    780
  1156    780
  1097    781
  1098    781
  1099    781
  1100    781
  1101    781
  1102    781
  1103    781
  1104    781
  1105    781
  1106    781
  1107    781
  1108    781
  1109    781
  1110    781
  1121    781
  1122    781
  1123    781
  1124    781
  1125    781
  1126    781
  1127    781
  1128    781
  1129    781
  1130    781
  1131    781
  1132    781
  1142    781
  1143    781
  1144    781
  1145    781
  1146    781
  1147    781
  1148    781
  1149    781
  1150    781
  1151    781
  1152    781
  1153    781
  1154    781
  1095    782
  1096    782
  1097    782
  1098    782
  1099    782
  1100    782
  1101    782
  1102    782
  1103    782
  1104    782
  1105    782
  1106    782
  1107    782
  1108    782
  1119    782
  1120    782
  1121    782
  1122    782
  1123    782
  1124    782
  1125    782
  1126    782
  1127    782
  1128    782
  1129    782
  1130    782
  1140    782
  1141    782
  1142    782
  1143    782
  1144    782
  1145    782
  1146    782
  1147    782
  1148    782
  1149    782
  1150    782
  1151    782
  1152    782
  1153    782
  1093    783
  1094    783
  1095    783
  1096    783
  1097    783
  1098    783
  1099    783
  1100    783
  1101    783
  1102    783
  1103    783
  1104    783
  1105    783
  1106    783
  1118    783
  1119    783
  1120    783
  1121    783
  1122    783
  1123    783
  1124    783
  1125    783
  1126    783
  1127    783
  1128    783
  1129    783
  1139    783
  1140    783
  1141    783
  1142    783
  1143    783
  1144    783
  1145    783
  1146    783
  1147    783
  1148    783
  1149    783
  1150    783
  1151    783
  1091    784
  1092    784
  1093    784
  1094    784
  1095    784
  1096    784
  1097    784
  1098    784
  1099    784
  1100    784
  1101    784
  1102    784
  1103    784
  1104    784
  1117    784
  1118    784
  1119    784
  1120    784
  1121    784
  1122    784
  1123    784
  1124    784
  1125    784
  1126    784
  1127    784
  1128    784
  1137    784
  1138    784
  1139    784
  1140    784
  1141    784
  1142    784
  1143    784
  1144    784
  1145    784
  1146    784
  1147    784
  1148    784
  1149    784
  1150    784
  1089    785
  1090    785
  1091    785
  1092    785
  1093    785
  1094    785
  1095    785
  1096    785
  1097    785
  1098    785
  1099    785
  1100    785
  1101    785
  1102    785
  1114    785
  1115    785
  1116    785
  1117    785
  1118    785
  1119    785
  1120    785
  1121    785
  1122    785
  1123    785
  1124    785
  1125    785
  1126    785
  1136    785
  1137    785
  1138    785
  1139    785
  1140    785
  1141    785
  1142    785
  1143    785
  1144    785
  1145    785
  1146    785
  1147    785
  1148    785
  1087    786
  1088    786
  1089    786
  1090    786
  1091    786
  1092    786
  1093    786
  1094    786
  1095    786
  1096    786
  1097    786
  1098    786
  1099    786
  1100    786
  1101    786
  1113    786
  1114    786
  1115    786
  1116    786
  1117    786
  1118    786
  1119    786
  1120    786
  1121    786
  1122    786
  1123    786
  1124    786
  1125    786
  1134    786
  1135    786
  1136    786
  1137    786
  1138    786
  1139    786
  1140    786
  1141    786
  1142    786
  1143    786
  1144    786
  1145    786
  1146    786
  1147    786
  1086    787
  1087    787
  1088    787
  1089    787
  1090    787
  1091    787
  1092    787
  1093    787
  1094    787
  1095    787
  1096    787
  1097    787
  1098    787
  1111    787
  1112    787
  1113    787
  1114    787
  1115    787
  1116    787
  1117    787
  1118    787
  1119    787
  1120    787
  1121    787
  1122    787
  1123    787
  1133    787
  1134    787
  1135    787
  1136    787
  1137    787
  1138    787
  1139    787
  1140    787
  1141    787
  1142    787
  1143    787
  1144    787
  1145    787
  1146    787
  1147    787
  1084    788
  1085    788
  1086    788
  1087    788
  1088    788
  1089    788
  1090    788
  1091    788
  1092    788
  1093    788
  1094    788
  1095    788
  1096    788
  1097    788
  1110    788
  1111    788
  1112    788
  1113    788
  1114    788
  1115    788
  1116    788
  1117    788
  1118    788
  1119    788
  1120    788
  1121    788
  1122    788
  1132    788
  1133    788
  1134    788
  1135    788
  1136    788
  1137    788
  1138    788
  1139    788
  1140    788
  1141    788
  1142    788
  1143    788
  1144    788
  1145    788
  1083    789
  1084    789
  1085    789
  1086    789
  1087    789
  1088    789
  1089    789
  1090    789
  1091    789
  1092    789
  1093    789
  1094    789
  1095    789
  1108    789
  1109    789
  1110    789
  1111    789
  1112    789
  1113    789
  1114    789
  1115    789
  1116    789
  1117    789
  1118    789
  1119    789
  1120    789
  1130    789
  1131    789
  1132    789
  1133    789
  1134    789
  1135    789
  1136    789
  1137    789
  1138    789
  1139    789
  1140    789
  1141    789
  1142    789
  1143    789
  1144    789
  1081    790
  1082    790
  1083    790
  1084    790
  1085    790
  1086    790
  1087    790
  1088    790
  1089    790
  1090    790
  1091    790
  1092    790
  1093    790
  1094    790
  1107    790
  1108    790
  1109    790
  1110    790
  1111    790
  1112    790
  1113    790
  1114    790
  1115    790
  1116    790
  1117    790
  1118    790
  1119    790
  1129    790
  1130    790
  1131    790
  1132    790
  1133    790
  1134    790
  1135    790
  1136    790
  1137    790
  1138    790
  1139    790
  1140    790
  1141    790
  1142    790
  1079    791
  1080    791
  1081    791
  1082    791
  1083    791
  1084    791
  1085    791
  1086    791
  1087    791
  1088    791
  1089    791
  1090    791
  1091    791
  1092    791
  1093    791
  1105    791
  1106    791
  1107    791
  1108    791
  1109    791
  1110    791
  1111    791
  1112    791
  1113    791
  1114    791
  1115    791
  1116    791
  1117    791
  1128    791
  1129    791
  1130    791
  1131    791
  1132    791
  1133    791
  1134    791
  1135    791
  1136    791
  1137    791
  1138    791
  1139    791
  1140    791
  1141    791
  1142    791
  1078    792
  1079    792
  1080    792
  1081    792
  1082    792
  1083    792
  1084    792
  1085    792
  1086    792
  1087    792
  1088    792
  1089    792
  1090    792
  1091    792
  1104    792
  1105    792
  1106    792
  1107    792
  1108    792
  1109    792
  1110    792
  1111    792
  1112    792
  1113    792
  1114    792
  1115    792
  1116    792
  1127    792
  1128    792
  1129    792
  1130    792
  1131    792
  1132    792
  1133    792
  1134    792
  1135    792
  1136    792
  1137    792
  1138    792
  1139    792
  1140    792
