  1401    713
  1402    713
  1403    713
  1404    713
  1405    713
  1406    713
  1407    713
  1408    713
  1409    713
  1391    714
  1392    714
  1393    714
  1394    714
  1395    714
  1396    714
  1397    714
  1398    714
  1399    714
  1400    714
  1401    714
  1384    715
  1385    715
  1386    715
  1387    715
  1388    715
  1389    715
  1390    715
  1391    715
  1392    715
  1393    715
  1394    715
  1395    715
  1396    715
  1397    715
  1398    715
  1399    715
  1400    715
  1401    715
  1371    716
  1372    716
  1373    716
  1379    716
  1380    716
  1381    716
  1382    716
  1383    716
  1384    716
  1385    716
  1386    716
  1387    716
  1388    716
  1389    716
  1390    716
  1391    716
  1392    716
  1393    716
  1394    716
  1395    716
  1396    716
  1397    716
  1398    716
  1399    716
  1400    716
  1401    716
  1402    716
  1361    717
  1362    717
  1363    717
  1381    717
  1382    717
  1383    717
  1384    717
  1385    717
  1386    717
  1387    717
  1388    717
  1389    717
  1390    717
  1392    717
  1393    717
  1394    717
  1395    717
  1360    718
  1361    718
  1362    718
  1366    718
  1367    718
  1368    718
  1382    718
  1383    718
  1384    718
  1385    718
  1386    718
  1387    718
  1388    718
  1351    719
  1352    719
  1353    719
  1363    719
  1364    719
  1365    719
  1344    720
  1345    720
  1346    720
  1356    720
  1357    720
  1358    720
  1359    720
  1360    720
  1361    720
  1323    721
  1324    721
  1325    721
  1326    721
  1327    721
  1328    721
  1329    721
  1330    721
  1351    721
  1352    721
  1360    721
  1361    721
  1310    722
  1311    722
  1312    722
  1313    722
  1314    722
  1319    722
  1320    722
  1321    722
  1322    722
  1323    722
  1324    722
  1325    722
  1326    722
  1344    722
  1345    722
  1346    722
  1347    722
  1348    722
  1349    722
  1350    722
  1358    722
  1359    722
  1298    723
  1299    723
  1300    723
  1301    723
  1302    723
  1303    723
  1304    723
  1305    723
  1306    723
  1308    723
  1316    723
  1317    723
  1318    723
  1319    723
  1320    723
  1321    723
  1322    723
  1323    723
  1324    723
  1325    723
  1326    723
  1335    723
  1336    723
  1337    723
  1339    723
  1340    723
  1341    723
  1342    723
  1343    723
  1297    724
  1298    724
  1299    724
  1300    724
  1301    724
  1302    724
  1303    724
  1304    724
  1305    724
  1306    724
  1307    724
  1308    724
  1309    724
  1310    724
  1311    724
  1312    724
  1313    724
  1314    724
  1315    724
  1316    724
  1317    724
  1318    724
  1319    724
  1320    724
  1321    724
  1324    724
  1325    724
  1326    724
  1327    724
  1328    724
  1329    724
  1330    724
  1331    724
  1332    724
  1333    724
  1334    724
  1335    724
  1336    724
  1337    724
  1338    724
  1339    724
  1276    725
  1299    725
  1300    725
  1301    725
  1302    725
  1303    725
  1304    725
  1305    725
  1306    725
  1307    725
  1308    725
  1309    725
  1310    725
  1311    725
  1312    725
  1313    725
  1314    725
  1315    725
  1320    725
  1321    725
  1322    725
  1323    725
  1324    725
  1325    725
  1326    725
  1327    725
  1330    725
  1331    725
  1270    726
  1271    726
  1272    726
  1273    726
  1274    726
  1275    726
  1276    726
  1277    726
  1278    726
  1279    726
  1285    726
  1286    726
  1290    726
  1291    726
  1292    726
  1295    726
  1296    726
  1297    726
  1298    726
  1299    726
  1300    726
  1301    726
  1302    726
  1303    726
  1304    726
  1305    726
  1306    726
  1307    726
  1308    726
  1309    726
  1310    726
  1311    726
  1315    726
  1316    726
  1325    726
  1326    726
  1327    726
  1268    727
  1269    727
  1270    727
  1271    727
  1272    727
  1273    727
  1274    727
  1275    727
  1276    727
  1277    727
  1278    727
  1304    727
  1305    727
  1306    727
  1307    727
  1308    727
  1309    727
  1310    727
  1311    727
  1312    727
  1313    727
  1259    728
  1260    728
  1261    728
  1262    728
  1263    728
  1264    728
  1265    728
  1268    728
  1269    728
  1270    728
  1300    728
  1301    728
  1302    728
  1303    728
  1304    728
  1305    728
  1306    728
  1307    728
  1308    728
  1232    729
  1233    729
  1234    729
  1235    729
  1236    729
  1237    729
  1238    729
  1239    729
  1240    729
  1241    729
  1242    729
  1243    729
  1244    729
  1245    729
  1246    729
  1247    729
  1248    729
  1249    729
  1250    729
  1260    729
  1261    729
  1262    729
  1263    729
  1264    729
  1265    729
  1266    729
  1281    729
  1282    729
  1283    729
  1284    729
  1285    729
  1286    729
  1287    729
  1288    729
  1289    729
  1290    729
  1295    729
  1296    729
  1297    729
  1298    729
  1299    729
  1300    729
  1301    729
  1302    729
  1303    729
  1308    729
  1309    729
  1310    729
  1220    730
  1221    730
  1222    730
  1223    730
  1224    730
  1225    730
  1226    730
  1227    730
  1228    730
  1229    730
  1230    730
  1231    730
  1232    730
  1233    730
  1234    730
  1235    730
  1236    730
  1237    730
  1238    730
  1239    730
  1240    730
  1241    730
  1242    730
  1243    730
  1244    730
  1248    730
  1249    730
  1250    730
  1251    730
  1252    730
  1253    730
  1254    730
  1255    730
  1274    730
  1275    730
  1276    730
  1277    730
  1278    730
  1279    730
  1280    730
  1281    730
  1282    730
  1283    730
  1288    730
  1289    730
  1290    730
  1291    730
  1292    730
  1293    730
  1294    730
  1295    730
  1296    730
  1302    730
  1303    730
  1304    730
  1309    730
  1210    731
  1211    731
  1212    731
  1213    731
  1214    731
  1215    731
  1216    731
  1217    731
  1218    731
  1219    731
  1220    731
  1221    731
  1222    731
  1223    731
  1224    731
  1225    731
  1226    731
  1227    731
  1228    731
  1240    731
  1241    731
  1242    731
  1269    731
  1270    731
  1271    731
  1272    731
  1273    731
  1274    731
  1275    731
  1276    731
  1277    731
  1283    731
  1284    731
  1285    731
  1286    731
  1287    731
  1288    731
  1289    731
  1290    731
  1295    731
  1296    731
  1297    731
  1298    731
  1299    731
  1302    731
  1303    731
  1304    731
  1199    732
  1200    732
  1201    732
  1202    732
  1203    732
  1204    732
  1205    732
  1208    732
  1209    732
  1210    732
  1211    732
  1212    732
  1213    732
  1214    732
  1215    732
  1216    732
  1217    732
  1218    732
  1219    732
  1220    732
  1221    732
  1222    732
  1223    732
  1263    732
  1264    732
  1265    732
  1266    732
  1267    732
  1268    732
  1269    732
  1270    732
  1271    732
  1272    732
  1277    732
  1278    732
  1279    732
  1280    732
  1281    732
  1282    732
  1283    732
  1284    732
  1285    732
  1291    732
  1292    732
  1293    732
  1297    732
  1298    732
  1299    732
  1199    733
  1200    733
  1201    733
  1202    733
  1203    733
  1204    733
  1205    733
  1206    733
  1211    733
  1212    733
  1213    733
  1214    733
  1215    733
  1216    733
  1217    733
  1218    733
  1219    733
  1256    733
  1257    733
  1258    733
  1259    733
  1260    733
  1261    733
  1262    733
  1263    733
  1264    733
  1265    733
  1271    733
  1272    733
  1273    733
  1274    733
  1275    733
  1276    733
  1277    733
  1278    733
  1279    733
  1286    733
  1287    733
  1288    733
  1294    733
  1198    734
  1199    734
  1205    734
  1206    734
  1250    734
  1251    734
  1252    734
  1253    734
  1254    734
  1255    734
  1256    734
  1257    734
  1258    734
  1259    734
  1260    734
  1266    734
  1267    734
  1268    734
  1269    734
  1270    734
  1271    734
  1272    734
  1273    734
  1274    734
  1279    734
  1280    734
  1281    734
  1282    734
  1283    734
  1284    734
  1285    734
  1286    734
  1287    734
  1288    734
  1289    734
  1245    735
  1246    735
  1247    735
  1248    735
  1249    735
  1250    735
  1251    735
  1252    735
  1253    735
  1254    735
  1255    735
  1261    735
  1262    735
  1263    735
  1267    735
  1268    735
  1269    735
  1274    735
  1275    735
  1276    735
  1277    735
  1278    735
  1281    735
  1282    735
  1283    735
  1284    735
  1244    736
  1245    736
  1246    736
  1247    736
  1248    736
  1256    736
  1257    736
  1258    736
  1259    736
  1277    736
  1278    736
  1250    737
  1251    737
  1252    737
  1253    737
  1254    737
  1255    737
  1256    737
  1257    737
  1258    737
  1245    738
  1246    738
  1247    738
  1248    738
  1249    738
  1250    738
  1251    738
  1252    738
  1253    738
  1226    739
  1227    739
  1228    739
  1229    739
  1230    739
  1231    739
  1232    739
  1233    739
  1234    739
  1241    739
  1242    739
  1243    739
  1244    739
  1245    739
  1246    739
  1247    739
  1248    739
  1249    739
  1221    740
  1222    740
  1223    740
  1224    740
  1225    740
  1226    740
  1227    740
  1228    740
  1229    740
  1230    740
  1231    740
  1236    740
  1237    740
  1238    740
  1239    740
  1241    740
  1242    740
  1243    740
  1244    740
  1245    740
  1252    740
  1253    740
  1254    740
  1255    740
  1218    741
  1219    741
  1220    741
  1221    741
  1222    741
  1223    741
  1224    741
  1225    741
  1226    741
  1233    741
  1234    741
  1235    741
  1236    741
  1237    741
  1238    741
  1239    741
  1240    741
  1241    741
  1248    741
  1249    741
  1250    741
  1251    741
  1252    741
  1253    741
  1254    741
  1255    741
  1256    741
  1213    742
  1214    742
  1215    742
  1216    742
  1217    742
  1218    742
  1219    742
  1220    742
  1221    742
  1222    742
  1229    742
  1230    742
  1231    742
  1232    742
  1233    742
  1234    742
  1235    742
  1236    742
  1237    742
  1243    742
  1244    742
  1245    742
  1246    742
  1247    742
  1248    742
  1249    742
  1250    742
  1251    742
  1252    742
  1253    742
  1208    743
  1209    743
  1210    743
  1211    743
  1212    743
  1213    743
  1214    743
  1215    743
  1216    743
  1217    743
  1224    743
  1225    743
  1226    743
  1227    743
  1228    743
  1229    743
  1230    743
  1231    743
  1232    743
  1233    743
  1239    743
  1240    743
  1241    743
  1242    743
  1243    743
  1245    743
  1246    743
  1247    743
  1248    743
  1249    743
  1203    744
  1204    744
  1205    744
  1206    744
  1207    744
  1208    744
  1209    744
  1210    744
  1211    744
  1212    744
  1213    744
  1220    744
  1221    744
  1222    744
  1223    744
  1224    744
  1225    744
  1226    744
  1227    744
  1228    744
  1229    744
  1236    744
  1237    744
  1238    744
  1239    744
  1240    744
  1241    744
  1242    744
  1243    744
  1244    744
  1245    744
  1199    745
  1200    745
  1201    745
  1202    745
  1203    745
  1204    745
  1205    745
  1206    745
  1207    745
  1208    745
  1209    745
  1216    745
  1217    745
  1218    745
  1219    745
  1220    745
  1221    745
  1222    745
  1223    745
  1224    745
  1225    745
  1232    745
  1233    745
  1234    745
  1235    745
  1236    745
  1237    745
  1238    745
  1239    745
  1240    745
  1241    745
  1196    746
  1197    746
  1198    746
  1199    746
  1200    746
  1201    746
  1202    746
  1203    746
  1204    746
  1205    746
  1206    746
  1213    746
  1214    746
  1215    746
  1216    746
  1218    746
  1219    746
  1220    746
  1221    746
  1229    746
  1230    746
  1231    746
  1235    746
  1236    746
  1237    746
  1192    747
  1193    747
  1194    747
  1195    747
  1196    747
  1197    747
  1198    747
  1199    747
  1200    747
  1201    747
  1208    747
  1209    747
  1210    747
  1211    747
  1212    747
  1215    747
  1216    747
  1217    747
  1225    747
  1226    747
  1227    747
  1228    747
  1232    747
  1233    747
  1234    747
  1187    748
  1188    748
  1189    748
  1190    748
  1191    748
  1192    748
  1193    748
  1194    748
  1195    748
  1196    748
  1197    748
  1205    748
  1206    748
  1207    748
  1208    748
  1213    748
  1214    748
  1222    748
  1223    748
  1224    748
  1225    748
  1229    748
  1230    748
  1231    748
  1189    749
  1190    749
  1191    749
  1192    749
  1193    749
  1194    749
  1201    749
  1202    749
  1203    749
  1204    749
  1205    749
  1206    749
  1209    749
  1210    749
  1218    749
  1219    749
  1221    749
  1227    749
  1228    749
  1197    750
  1198    750
  1199    750
  1200    750
  1201    750
  1202    750
  1203    750
  1204    750
  1205    750
  1206    750
  1220    750
  1221    750
  1222    750
  1223    750
  1224    750
  1195    751
  1196    751
  1197    751
  1198    751
  1199    751
  1200    751
  1201    751
  1202    751
  1203    751
  1191    752
  1192    752
  1193    752
  1194    752
  1195    752
  1197    752
  1198    752
  1199    752
  1200    752
  1188    753
  1189    753
  1190    753
  1191    753
  1192    753
  1195    753
  1196    753
  1197    753
  1169    754
  1170    754
  1171    754
  1172    754
  1173    754
  1174    754
  1175    754
  1185    754
  1186    754
  1187    754
  1188    754
  1191    754
  1192    754
  1193    754
  1194    754
  1195    754
  1165    755
  1166    755
  1167    755
  1168    755
  1169    755
  1170    755
  1171    755
  1172    755
  1173    755
  1174    755
  1175    755
  1183    755
  1184    755
  1185    755
  1190    755
  1191    755
  1192    755
  1201    755
  1202    755
  1203    755
  1204    755
  1205    755
  1206    755
  1161    756
  1162    756
  1163    756
  1164    756
  1165    756
  1166    756
  1167    756
  1168    756
  1169    756
  1170    756
  1171    756
  1180    756
  1181    756
  1182    756
  1184    756
  1185    756
  1186    756
  1187    756
  1188    756
  1189    756
  1198    756
  1199    756
  1200    756
  1201    756
  1202    756
  1203    756
  1204    756
  1205    756
  1158    757
  1159    757
  1160    757
  1161    757
  1162    757
  1163    757
  1164    757
  1165    757
  1166    757
  1167    757
  1168    757
  1169    757
  1177    757
  1178    757
  1179    757
  1180    757
  1181    757
  1182    757
  1183    757
  1184    757
  1185    757
  1186    757
  1195    757
  1196    757
  1197    757
  1198    757
  1199    757
  1200    757
  1201    757
  1202    757
  1203    757
  1204    757
  1205    757
  1206    757
  1156    758
  1157    758
  1158    758
  1159    758
  1160    758
  1161    758
  1162    758
  1163    758
  1164    758
  1165    758
  1166    758
  1174    758
  1175    758
  1176    758
  1177    758
  1178    758
  1180    758
  1181    758
  1182    758
  1183    758
  1193    758
  1194    758
  1195    758
  1196    758
  1197    758
  1198    758
  1199    758
  1200    758
  1201    758
  1202    758
  1203    758
  1153    759
  1154    759
  1155    759
  1156    759
  1157    759
  1158    759
  1159    759
  1160    759
  1161    759
  1162    759
  1163    759
  1171    759
  1172    759
  1173    759
  1174    759
  1175    759
  1177    759
  1178    759
  1179    759
  1180    759
  1181    759
  1190    759
  1191    759
  1192    759
  1193    759
  1194    759
  1195    759
  1196    759
  1197    759
  1198    759
  1199    759
  1200    759
  1150    760
  1151    760
  1152    760
  1153    760
  1154    760
  1155    760
  1156    760
  1157    760
  1158    760
  1159    760
  1160    760
  1161    760
  1169    760
  1170    760
  1171    760
  1172    760
  1176    760
  1177    760
  1178    760
  1179    760
  1187    760
  1188    760
  1189    760
  1190    760
  1191    760
  1192    760
  1193    760
  1194    760
  1195    760
  1196    760
  1197    760
  1198    760
  1148    761
  1149    761
  1150    761
  1151    761
  1152    761
  1153    761
  1154    761
  1155    761
  1156    761
  1157    761
  1158    761
  1166    761
  1167    761
  1168    761
  1169    761
  1170    761
  1171    761
  1172    761
  1175    761
  1176    761
  1185    761
  1186    761
  1187    761
  1188    761
  1189    761
  1190    761
  1191    761
  1192    761
  1193    761
  1194    761
  1195    761
  1196    761
  1145    762
  1146    762
  1147    762
  1148    762
  1149    762
  1150    762
  1151    762
  1152    762
  1153    762
  1154    762
  1155    762
  1156    762
  1164    762
  1165    762
  1166    762
  1167    762
  1168    762
  1169    762
  1170    762
  1171    762
  1172    762
  1173    762
  1174    762
  1183    762
  1184    762
  1185    762
  1186    762
  1187    762
  1188    762
  1189    762
  1190    762
  1191    762
  1192    762
  1193    762
  1194    762
  1142    763
  1143    763
  1144    763
  1145    763
  1146    763
  1147    763
  1148    763
  1149    763
  1150    763
  1151    763
  1152    763
  1153    763
  1162    763
  1163    763
  1164    763
  1165    763
  1166    763
  1167    763
  1168    763
  1169    763
  1170    763
  1171    763
  1172    763
  1181    763
  1182    763
  1183    763
  1184    763
  1185    763
  1186    763
  1187    763
  1188    763
  1189    763
  1190    763
  1191    763
  1192    763
  1140    764
  1141    764
  1142    764
  1143    764
  1144    764
  1145    764
  1146    764
  1147    764
  1148    764
  1149    764
  1150    764
  1151    764
  1160    764
  1161    764
  1162    764
  1163    764
  1164    764
  1165    764
  1166    764
  1167    764
  1168    764
  1169    764
  1179    764
  1180    764
  1181    764
  1182    764
  1183    764
  1184    764
  1185    764
  1186    764
  1187    764
  1188    764
  1189    764
  1190    764
  1138    765
  1139    765
  1140    765
  1141    765
  1142    765
  1143    765
  1144    765
  1145    765
  1146    765
  1147    765
  1148    765
  1157    765
  1158    765
  1159    765
  1160    765
  1161    765
  1162    765
  1163    765
  1164    765
  1165    765
  1166    765
  1167    765
  1177    765
  1178    765
  1179    765
  1180    765
  1181    765
  1182    765
  1183    765
  1184    765
  1185    765
  1186    765
  1187    765
  1188    765
  1136    766
  1137    766
  1138    766
  1139    766
  1140    766
  1141    766
  1142    766
  1143    766
  1144    766
  1145    766
  1146    766
  1156    766
  1157    766
  1158    766
  1159    766
  1160    766
  1161    766
  1162    766
  1163    766
  1164    766
  1165    766
  1175    766
  1176    766
  1177    766
  1178    766
  1179    766
  1180    766
  1181    766
  1182    766
  1183    766
  1184    766
  1185    766
  1186    766
  1133    767
  1134    767
  1135    767
  1136    767
  1137    767
  1138    767
  1139    767
  1140    767
  1141    767
  1142    767
  1143    767
  1144    767
  1154    767
  1155    767
  1156    767
  1157    767
  1158    767
  1159    767
  1160    767
  1161    767
  1162    767
  1163    767
  1174    767
  1175    767
  1176    767
  1177    767
  1178    767
  1179    767
  1180    767
  1181    767
  1182    767
  1183    767
  1184    767
  1185    767
  1131    768
  1132    768
  1133    768
  1134    768
  1135    768
  1136    768
  1137    768
  1138    768
  1139    768
  1140    768
  1141    768
  1142    768
  1151    768
  1152    768
  1153    768
  1154    768
  1155    768
  1156    768
  1157    768
  1158    768
  1159    768
  1160    768
  1172    768
  1173    768
  1174    768
  1175    768
  1176    768
  1177    768
  1178    768
  1179    768
  1180    768
  1181    768
  1182    768
  1183    768
  1133    769
  1134    769
  1135    769
  1136    769
  1137    769
  1138    769
  1139    769
  1140    769
  1149    769
  1150    769
  1151    769
  1152    769
  1153    769
  1154    769
  1155    769
  1156    769
  1157    769
  1158    769
  1159    769
  1174    769
  1175    769
  1176    769
  1177    769
  1178    769
  1179    769
  1180    769
  1181    769
  1148    770
  1149    770
  1150    770
  1151    770
  1152    770
  1153    770
  1154    770
  1155    770
  1156    770
  1157    770
  1174    770
  1175    770
  1176    770
  1177    770
  1178    770
  1179    770
  1146    771
  1147    771
  1148    771
  1149    771
  1150    771
  1151    771
  1152    771
  1153    771
  1154    771
  1155    771
  1156    771
  1144    772
  1145    772
  1146    772
  1147    772
  1148    772
  1149    772
  1150    772
  1151    772
  1152    772
  1153    772
  1154    772
  1142    773
  1143    773
  1144    773
  1145    773
  1146    773
  1147    773
  1148    773
  1149    773
  1150    773
  1151    773
  1152    773
  1140    774
  1141    774
  1142    774
  1143    774
  1144    774
  1145    774
  1146    774
  1147    774
  1148    774
  1149    774
  1150    774
  1138    775
  1139    775
  1140    775
  1141    775
  1142    775
  1143    775
  1144    775
  1145    775
  1146    775
  1147    775
  1148    775
  1115    776
  1116    776
  1117    776
  1118    776
  1119    776
  1120    776
  1121    776
  1122    776
  1136    776
  1137    776
  1138    776
  1139    776
  1140    776
  1141    776
  1142    776
  1143    776
  1144    776
  1145    776
  1146    776
  1112    777
  1113    777
  1114    777
  1115    777
  1116    777
  1117    777
  1118    777
  1119    777
  1120    777
  1121    777
  1134    777
  1135    777
  1136    777
  1137    777
  1138    777
  1139    777
  1140    777
  1141    777
  1142    777
  1143    777
  1144    777
  1145    777
  1155    777
  1156    777
  1157    777
  1158    777
  1159    777
  1160    777
  1161    777
  1162    777
  1163    777
  1110    778
  1111    778
  1112    778
  1113    778
  1114    778
  1115    778
  1116    778
  1117    778
  1118    778
  1119    778
  1120    778
  1132    778
  1133    778
  1134    778
  1135    778
  1136    778
  1137    778
  1138    778
  1139    778
  1140    778
  1141    778
  1142    778
  1143    778
  1154    778
  1155    778
  1156    778
  1157    778
  1158    778
  1159    778
  1160    778
  1161    778
  1162    778
  1163    778
  1108    779
  1109    779
  1110    779
  1111    779
  1112    779
  1113    779
  1114    779
  1115    779
  1116    779
  1117    779
  1118    779
  1119    779
  1131    779
  1132    779
  1133    779
  1134    779
  1135    779
  1136    779
  1137    779
  1138    779
  1139    779
  1140    779
  1141    779
  1152    779
  1153    779
  1154    779
  1155    779
  1156    779
  1157    779
  1158    779
  1159    779
  1160    779
  1161    779
  1162    779
  1163    779
  1164    779
  1106    780
  1107    780
  1108    780
  1109    780
  1110    780
  1111    780
  1112    780
  1113    780
  1114    780
  1115    780
  1116    780
  1117    780
  1118    780
  1129    780
  1130    780
  1131    780
  1132    780
  1133    780
  1134    780
  1135    780
  1136    780
  1137    780
  1138    780
  1139    780
  1150    780
  1151    780
  1152    780
  1153    780
  1154    780
  1155    780
  1156    780
  1157    780
  1158    780
  1159    780
  1160    780
  1161    780
  1162    780
  1163    780
  1104    781
  1105    781
  1106    781
  1107    781
  1108    781
  1109    781
  1110    781
  1111    781
  1112    781
  1113    781
  1114    781
  1115    781
  1116    781
  1127    781
  1128    781
  1129    781
  1130    781
  1131    781
  1132    781
  1133    781
  1134    781
  1135    781
  1136    781
  1137    781
  1138    781
  1148    781
  1149    781
  1150    781
  1151    781
  1152    781
  1153    781
  1154    781
  1155    781
  1156    781
  1157    781
  1158    781
  1159    781
  1160    781
  1161    781
  1102    782
  1103    782
  1104    782
  1105    782
  1106    782
  1107    782
  1108    782
  1109    782
  1110    782
  1111    782
  1112    782
  1113    782
  1114    782
  1126    782
  1127    782
  1128    782
  1129    782
  1130    782
  1131    782
  1132    782
  1133    782
  1134    782
  1135    782
  1136    782
  1137    782
  1147    782
  1148    782
  1149    782
  1150    782
  1151    782
  1152    782
  1153    782
  1154    782
  1155    782
  1156    782
  1157    782
  1158    782
  1159    782
  1100    783
  1101    783
  1102    783
  1103    783
  1104    783
  1105    783
  1106    783
  1107    783
  1108    783
  1109    783
  1110    783
  1111    783
  1112    783
  1124    783
  1125    783
  1126    783
  1127    783
  1128    783
  1129    783
  1130    783
  1131    783
  1132    783
  1133    783
  1134    783
  1135    783
  1146    783
  1147    783
  1148    783
  1149    783
  1150    783
  1151    783
  1152    783
  1153    783
  1154    783
  1155    783
  1156    783
  1157    783
  1158    783
  1098    784
  1099    784
  1100    784
  1101    784
  1102    784
  1103    784
  1104    784
  1105    784
  1106    784
  1107    784
  1108    784
  1109    784
  1110    784
  1122    784
  1123    784
  1124    784
  1125    784
  1126    784
  1127    784
  1128    784
  1129    784
  1130    784
  1131    784
  1132    784
  1133    784
  1134    784
  1144    784
  1145    784
  1146    784
  1147    784
  1148    784
  1149    784
  1150    784
  1151    784
  1152    784
  1153    784
  1154    784
  1155    784
  1156    784
  1096    785
  1097    785
  1098    785
  1099    785
  1100    785
  1101    785
  1102    785
  1103    785
  1104    785
  1105    785
  1106    785
  1107    785
  1108    785
  1109    785
  1121    785
  1122    785
  1123    785
  1124    785
  1125    785
  1126    785
  1127    785
  1128    785
  1129    785
  1130    785
  1131    785
  1132    785
  1142    785
  1143    785
  1144    785
  1145    785
  1146    785
  1147    785
  1148    785
  1149    785
  1150    785
  1151    785
  1152    785
  1153    785
  1154    785
  1094    786
  1095    786
  1096    786
  1097    786
  1098    786
  1099    786
  1100    786
  1101    786
  1102    786
  1103    786
  1104    786
  1105    786
  1106    786
  1107    786
  1119    786
  1120    786
  1121    786
  1122    786
  1123    786
  1124    786
  1125    786
  1126    786
  1127    786
  1128    786
  1129    786
  1130    786
  1131    786
  1140    786
  1141    786
  1142    786
  1143    786
  1144    786
  1145    786
  1146    786
  1147    786
  1148    786
  1149    786
  1150    786
  1151    786
  1152    786
  1153    786
  1154    786
  1092    787
  1093    787
  1094    787
  1095    787
  1096    787
  1097    787
  1098    787
  1099    787
  1100    787
  1101    787
  1102    787
  1103    787
  1104    787
  1105    787
  1106    787
  1118    787
  1119    787
  1120    787
  1121    787
  1122    787
  1123    787
  1124    787
  1125    787
  1126    787
  1127    787
  1128    787
  1129    787
  1139    787
  1140    787
  1141    787
  1142    787
  1143    787
  1144    787
  1145    787
  1146    787
  1147    787
  1148    787
  1149    787
  1150    787
  1151    787
  1152    787
  1091    788
  1092    788
  1093    788
  1094    788
  1095    788
  1096    788
  1097    788
  1098    788
  1099    788
  1100    788
  1101    788
  1102    788
  1103    788
  1104    788
  1116    788
  1117    788
  1118    788
  1119    788
  1120    788
  1121    788
  1122    788
  1123    788
  1124    788
  1125    788
  1126    788
  1127    788
  1128    788
  1138    788
  1139    788
  1140    788
  1141    788
  1142    788
  1143    788
  1144    788
  1145    788
  1146    788
  1147    788
  1148    788
  1149    788
  1150    788
  1151    788
  1089    789
  1090    789
  1091    789
  1092    789
  1093    789
  1094    789
  1095    789
  1096    789
  1097    789
  1098    789
  1099    789
  1100    789
  1101    789
  1115    789
  1116    789
  1117    789
  1118    789
  1119    789
  1120    789
  1121    789
  1122    789
  1123    789
  1124    789
  1125    789
  1126    789
  1137    789
  1138    789
  1139    789
  1140    789
  1141    789
  1142    789
  1143    789
  1144    789
  1145    789
  1146    789
  1147    789
  1148    789
  1149    789
  1150    789
  1087    790
  1088    790
  1089    790
  1090    790
  1091    790
  1092    790
  1093    790
  1094    790
  1095    790
  1096    790
  1097    790
  1098    790
  1099    790
  1100    790
  1113    790
  1114    790
  1115    790
  1116    790
  1117    790
  1118    790
  1119    790
  1120    790
  1121    790
  1122    790
  1123    790
  1124    790
  1125    790
  1135    790
  1136    790
  1137    790
  1138    790
  1139    790
  1140    790
  1141    790
  1142    790
  1143    790
  1144    790
  1145    790
  1146    790
  1147    790
  1148    790
  1149    790
  1086    791
  1087    791
  1088    791
  1089    791
  1090    791
  1091    791
  1092    791
  1093    791
  1094    791
  1095    791
  1096    791
  1097    791
  1098    791
  1099    791
  1112    791
  1113    791
  1114    791
  1115    791
  1116    791
  1117    791
  1118    791
  1119    791
  1120    791
  1121    791
  1122    791
  1123    791
  1124    791
  1134    791
  1135    791
  1136    791
  1137    791
  1138    791
  1139    791
  1140    791
  1141    791
  1142    791
  1143    791
  1144    791
  1145    791
  1146    791
  1147    791
  1148    791
  1084    792
  1085    792
  1086    792
  1087    792
  1088    792
  1089    792
  1090    792
  1091    792
  1092    792
  1093    792
  1094    792
  1095    792
  1096    792
  1097    792
  1110    792
  1111    792
  1112    792
  1113    792
  1114    792
  1115    792
  1116    792
  1117    792
  1118    792
  1119    792
  1120    792
  1121    792
  1122    792
  1133    792
  1134    792
  1135    792
  1136    792
  1137    792
  1138    792
  1139    792
  1140    792
  1141    792
  1142    792
  1143    792
  1144    792
  1145    792
  1146    792
  1147    792
