  1422    712
  1423    712
  1412    713
  1413    713
  1414    713
  1396    714
  1397    714
  1398    714
  1399    714
  1400    714
  1401    714
  1402    714
  1403    714
  1406    714
  1407    714
  1421    714
  1422    714
  1423    714
  1388    715
  1389    715
  1390    715
  1391    715
  1392    715
  1393    715
  1394    715
  1395    715
  1396    715
  1397    715
  1398    715
  1399    715
  1400    715
  1401    715
  1402    715
  1403    715
  1413    715
  1414    715
  1376    716
  1377    716
  1378    716
  1379    716
  1380    716
  1381    716
  1382    716
  1384    716
  1385    716
  1386    716
  1396    716
  1397    716
  1398    716
  1399    716
  1400    716
  1405    716
  1366    717
  1367    717
  1368    717
  1369    717
  1370    717
  1397    717
  1398    717
  1399    717
  1400    717
  1357    718
  1358    718
  1359    718
  1360    718
  1361    718
  1362    718
  1363    718
  1364    718
  1365    718
  1366    718
  1367    718
  1368    718
  1369    718
  1370    718
  1371    718
  1372    718
  1373    718
  1352    719
  1353    719
  1354    719
  1355    719
  1356    719
  1357    719
  1358    719
  1359    719
  1360    719
  1361    719
  1366    719
  1367    719
  1368    719
  1369    719
  1370    719
  1349    720
  1350    720
  1361    720
  1362    720
  1363    720
  1364    720
  1365    720
  1366    720
  1367    720
  1368    720
  1369    720
  1370    720
  1330    721
  1331    721
  1332    721
  1333    721
  1356    721
  1357    721
  1358    721
  1359    721
  1360    721
  1361    721
  1319    722
  1323    722
  1324    722
  1325    722
  1326    722
  1327    722
  1328    722
  1329    722
  1330    722
  1331    722
  1332    722
  1333    722
  1345    722
  1346    722
  1347    722
  1348    722
  1349    722
  1350    722
  1351    722
  1352    722
  1353    722
  1354    722
  1355    722
  1307    723
  1308    723
  1309    723
  1310    723
  1311    723
  1312    723
  1313    723
  1317    723
  1318    723
  1319    723
  1320    723
  1321    723
  1322    723
  1323    723
  1324    723
  1325    723
  1326    723
  1327    723
  1328    723
  1342    723
  1343    723
  1344    723
  1345    723
  1346    723
  1347    723
  1348    723
  1349    723
  1350    723
  1298    724
  1299    724
  1300    724
  1301    724
  1302    724
  1303    724
  1304    724
  1305    724
  1306    724
  1307    724
  1308    724
  1309    724
  1310    724
  1311    724
  1312    724
  1313    724
  1314    724
  1315    724
  1316    724
  1317    724
  1318    724
  1319    724
  1320    724
  1321    724
  1322    724
  1323    724
  1324    724
  1325    724
  1326    724
  1331    724
  1332    724
  1333    724
  1334    724
  1335    724
  1336    724
  1337    724
  1338    724
  1339    724
  1340    724
  1341    724
  1342    724
  1343    724
  1344    724
  1296    725
  1297    725
  1298    725
  1299    725
  1300    725
  1301    725
  1302    725
  1303    725
  1304    725
  1305    725
  1306    725
  1307    725
  1308    725
  1309    725
  1310    725
  1311    725
  1312    725
  1313    725
  1314    725
  1315    725
  1316    725
  1317    725
  1318    725
  1323    725
  1324    725
  1325    725
  1326    725
  1327    725
  1328    725
  1329    725
  1330    725
  1331    725
  1334    725
  1335    725
  1342    725
  1343    725
  1344    725
  1297    726
  1298    726
  1299    726
  1300    726
  1301    726
  1302    726
  1303    726
  1304    726
  1305    726
  1306    726
  1307    726
  1308    726
  1309    726
  1310    726
  1311    726
  1312    726
  1313    726
  1318    726
  1319    726
  1328    726
  1329    726
  1330    726
  1272    727
  1273    727
  1275    727
  1276    727
  1277    727
  1278    727
  1279    727
  1280    727
  1281    727
  1282    727
  1283    727
  1295    727
  1311    727
  1312    727
  1313    727
  1314    727
  1264    728
  1265    728
  1266    728
  1267    728
  1268    728
  1269    728
  1270    728
  1271    728
  1272    728
  1273    728
  1306    728
  1307    728
  1308    728
  1309    728
  1310    728
  1311    728
  1312    728
  1313    728
  1240    729
  1241    729
  1242    729
  1243    729
  1244    729
  1245    729
  1246    729
  1247    729
  1248    729
  1251    729
  1252    729
  1253    729
  1254    729
  1265    729
  1266    729
  1267    729
  1268    729
  1269    729
  1270    729
  1271    729
  1285    729
  1286    729
  1287    729
  1288    729
  1289    729
  1290    729
  1291    729
  1298    729
  1299    729
  1300    729
  1301    729
  1302    729
  1303    729
  1304    729
  1305    729
  1306    729
  1311    729
  1312    729
  1313    729
  1314    729
  1231    730
  1237    730
  1238    730
  1239    730
  1240    730
  1241    730
  1242    730
  1243    730
  1244    730
  1245    730
  1246    730
  1247    730
  1248    730
  1249    730
  1250    730
  1258    730
  1259    730
  1260    730
  1261    730
  1279    730
  1280    730
  1281    730
  1282    730
  1283    730
  1284    730
  1285    730
  1286    730
  1287    730
  1288    730
  1289    730
  1292    730
  1293    730
  1294    730
  1295    730
  1296    730
  1297    730
  1298    730
  1299    730
  1300    730
  1305    730
  1306    730
  1307    730
  1308    730
  1309    730
  1310    730
  1215    731
  1216    731
  1217    731
  1223    731
  1224    731
  1225    731
  1226    731
  1227    731
  1228    731
  1229    731
  1230    731
  1231    731
  1242    731
  1243    731
  1244    731
  1245    731
  1246    731
  1247    731
  1248    731
  1249    731
  1250    731
  1273    731
  1274    731
  1275    731
  1276    731
  1277    731
  1278    731
  1279    731
  1280    731
  1281    731
  1282    731
  1283    731
  1288    731
  1289    731
  1290    731
  1291    731
  1292    731
  1293    731
  1294    731
  1295    731
  1296    731
  1301    731
  1302    731
  1308    731
  1309    731
  1205    732
  1206    732
  1207    732
  1208    732
  1209    732
  1210    732
  1211    732
  1216    732
  1217    732
  1225    732
  1239    732
  1267    732
  1268    732
  1269    732
  1270    732
  1271    732
  1272    732
  1273    732
  1274    732
  1275    732
  1276    732
  1282    732
  1283    732
  1284    732
  1285    732
  1286    732
  1287    732
  1288    732
  1289    732
  1296    732
  1297    732
  1301    732
  1302    732
  1303    732
  1304    732
  1204    733
  1205    733
  1206    733
  1207    733
  1208    733
  1209    733
  1210    733
  1211    733
  1212    733
  1261    733
  1262    733
  1263    733
  1264    733
  1265    733
  1266    733
  1267    733
  1268    733
  1269    733
  1270    733
  1276    733
  1277    733
  1278    733
  1279    733
  1280    733
  1281    733
  1282    733
  1283    733
  1284    733
  1290    733
  1291    733
  1292    733
  1293    733
  1207    734
  1208    734
  1209    734
  1256    734
  1257    734
  1258    734
  1259    734
  1260    734
  1261    734
  1262    734
  1263    734
  1264    734
  1265    734
  1271    734
  1272    734
  1273    734
  1274    734
  1275    734
  1276    734
  1277    734
  1278    734
  1285    734
  1286    734
  1287    734
  1288    734
  1188    735
  1189    735
  1202    735
  1203    735
  1250    735
  1251    735
  1252    735
  1253    735
  1254    735
  1255    735
  1256    735
  1257    735
  1258    735
  1259    735
  1266    735
  1267    735
  1268    735
  1269    735
  1270    735
  1271    735
  1272    735
  1273    735
  1274    735
  1280    735
  1281    735
  1282    735
  1285    735
  1286    735
  1287    735
  1288    735
  1247    736
  1248    736
  1249    736
  1250    736
  1251    736
  1252    736
  1253    736
  1254    736
  1260    736
  1261    736
  1262    736
  1263    736
  1274    736
  1275    736
  1276    736
  1281    736
  1282    736
  1283    736
  1255    737
  1256    737
  1257    737
  1258    737
  1259    737
  1260    737
  1261    737
  1262    737
  1263    737
  1264    737
  1275    737
  1276    737
  1250    738
  1251    738
  1252    738
  1253    738
  1254    738
  1255    738
  1256    738
  1257    738
  1258    738
  1245    739
  1246    739
  1247    739
  1248    739
  1249    739
  1250    739
  1251    739
  1252    739
  1253    739
  1225    740
  1226    740
  1227    740
  1228    740
  1229    740
  1230    740
  1233    740
  1234    740
  1235    740
  1241    740
  1242    740
  1243    740
  1244    740
  1245    740
  1246    740
  1247    740
  1248    740
  1249    740
  1250    740
  1258    740
  1259    740
  1260    740
  1222    741
  1223    741
  1224    741
  1225    741
  1226    741
  1227    741
  1228    741
  1229    741
  1230    741
  1231    741
  1237    741
  1238    741
  1239    741
  1240    741
  1241    741
  1242    741
  1243    741
  1244    741
  1245    741
  1251    741
  1252    741
  1253    741
  1254    741
  1255    741
  1256    741
  1217    742
  1218    742
  1219    742
  1220    742
  1221    742
  1222    742
  1223    742
  1224    742
  1225    742
  1226    742
  1233    742
  1234    742
  1235    742
  1236    742
  1237    742
  1238    742
  1239    742
  1240    742
  1241    742
  1247    742
  1248    742
  1249    742
  1250    742
  1251    742
  1252    742
  1253    742
  1254    742
  1255    742
  1256    742
  1257    742
  1213    743
  1214    743
  1215    743
  1216    743
  1217    743
  1218    743
  1219    743
  1220    743
  1221    743
  1222    743
  1229    743
  1230    743
  1231    743
  1232    743
  1233    743
  1234    743
  1235    743
  1236    743
  1237    743
  1245    743
  1246    743
  1247    743
  1248    743
  1249    743
  1250    743
  1251    743
  1252    743
  1253    743
  1208    744
  1209    744
  1210    744
  1211    744
  1212    744
  1213    744
  1214    744
  1215    744
  1216    744
  1217    744
  1218    744
  1224    744
  1225    744
  1226    744
  1227    744
  1228    744
  1229    744
  1230    744
  1231    744
  1232    744
  1233    744
  1240    744
  1241    744
  1242    744
  1243    744
  1244    744
  1246    744
  1247    744
  1248    744
  1249    744
  1204    745
  1205    745
  1206    745
  1207    745
  1208    745
  1209    745
  1210    745
  1211    745
  1212    745
  1213    745
  1214    745
  1220    745
  1221    745
  1222    745
  1223    745
  1224    745
  1225    745
  1226    745
  1227    745
  1228    745
  1229    745
  1230    745
  1236    745
  1237    745
  1238    745
  1239    745
  1240    745
  1241    745
  1243    745
  1244    745
  1245    745
  1200    746
  1201    746
  1202    746
  1203    746
  1204    746
  1205    746
  1206    746
  1207    746
  1208    746
  1209    746
  1217    746
  1218    746
  1219    746
  1220    746
  1221    746
  1222    746
  1223    746
  1224    746
  1225    746
  1226    746
  1232    746
  1233    746
  1234    746
  1235    746
  1236    746
  1240    746
  1241    746
  1242    746
  1196    747
  1197    747
  1198    747
  1199    747
  1200    747
  1201    747
  1202    747
  1203    747
  1204    747
  1205    747
  1206    747
  1213    747
  1214    747
  1215    747
  1216    747
  1219    747
  1220    747
  1221    747
  1229    747
  1230    747
  1231    747
  1232    747
  1236    747
  1237    747
  1238    747
  1192    748
  1193    748
  1194    748
  1195    748
  1196    748
  1197    748
  1198    748
  1199    748
  1200    748
  1201    748
  1210    748
  1211    748
  1212    748
  1217    748
  1218    748
  1227    748
  1228    748
  1229    748
  1233    748
  1234    748
  1235    748
  1193    749
  1194    749
  1195    749
  1196    749
  1197    749
  1198    749
  1206    749
  1207    749
  1208    749
  1222    749
  1223    749
  1224    749
  1225    749
  1226    749
  1227    749
  1230    749
  1231    749
  1232    749
  1191    750
  1192    750
  1193    750
  1201    750
  1202    750
  1203    750
  1204    750
  1205    750
  1206    750
  1207    750
  1220    750
  1221    750
  1227    750
  1228    750
  1229    750
  1199    751
  1200    751
  1201    751
  1202    751
  1203    751
  1204    751
  1205    751
  1206    751
  1207    751
  1208    751
  1222    751
  1223    751
  1224    751
  1195    752
  1196    752
  1197    752
  1198    752
  1199    752
  1202    752
  1203    752
  1204    752
  1193    753
  1194    753
  1195    753
  1196    753
  1197    753
  1198    753
  1199    753
  1200    753
  1201    753
  1202    753
  1189    754
  1190    754
  1191    754
  1192    754
  1193    754
  1194    754
  1195    754
  1196    754
  1197    754
  1198    754
  1199    754
  1169    755
  1170    755
  1171    755
  1172    755
  1173    755
  1174    755
  1175    755
  1176    755
  1177    755
  1186    755
  1187    755
  1188    755
  1189    755
  1193    755
  1194    755
  1195    755
  1196    755
  1165    756
  1166    756
  1167    756
  1168    756
  1169    756
  1173    756
  1174    756
  1175    756
  1176    756
  1183    756
  1184    756
  1185    756
  1186    756
  1187    756
  1191    756
  1192    756
  1193    756
  1202    756
  1203    756
  1204    756
  1205    756
  1206    756
  1207    756
  1162    757
  1163    757
  1164    757
  1165    757
  1166    757
  1167    757
  1170    757
  1171    757
  1172    757
  1181    757
  1182    757
  1183    757
  1184    757
  1185    757
  1187    757
  1188    757
  1189    757
  1190    757
  1199    757
  1200    757
  1201    757
  1202    757
  1203    757
  1204    757
  1205    757
  1206    757
  1207    757
  1208    757
  1209    757
  1160    758
  1161    758
  1162    758
  1163    758
  1164    758
  1165    758
  1166    758
  1167    758
  1168    758
  1169    758
  1170    758
  1178    758
  1179    758
  1180    758
  1181    758
  1182    758
  1183    758
  1184    758
  1185    758
  1186    758
  1187    758
  1196    758
  1197    758
  1198    758
  1199    758
  1200    758
  1201    758
  1202    758
  1203    758
  1204    758
  1205    758
  1206    758
  1207    758
  1157    759
  1158    759
  1159    759
  1160    759
  1161    759
  1162    759
  1163    759
  1164    759
  1165    759
  1166    759
  1167    759
  1175    759
  1176    759
  1177    759
  1178    759
  1179    759
  1180    759
  1181    759
  1182    759
  1183    759
  1184    759
  1185    759
  1194    759
  1195    759
  1196    759
  1197    759
  1198    759
  1199    759
  1200    759
  1201    759
  1202    759
  1203    759
  1204    759
  1154    760
  1155    760
  1156    760
  1157    760
  1158    760
  1159    760
  1160    760
  1161    760
  1162    760
  1163    760
  1164    760
  1173    760
  1174    760
  1175    760
  1176    760
  1177    760
  1178    760
  1179    760
  1180    760
  1181    760
  1182    760
  1191    760
  1192    760
  1193    760
  1194    760
  1195    760
  1196    760
  1197    760
  1198    760
  1199    760
  1200    760
  1201    760
  1202    760
  1151    761
  1152    761
  1153    761
  1154    761
  1155    761
  1156    761
  1157    761
  1158    761
  1159    761
  1160    761
  1161    761
  1162    761
  1170    761
  1171    761
  1172    761
  1173    761
  1174    761
  1175    761
  1176    761
  1177    761
  1178    761
  1179    761
  1180    761
  1189    761
  1190    761
  1191    761
  1192    761
  1193    761
  1194    761
  1195    761
  1196    761
  1197    761
  1198    761
  1199    761
  1149    762
  1150    762
  1151    762
  1152    762
  1153    762
  1154    762
  1155    762
  1156    762
  1157    762
  1158    762
  1159    762
  1160    762
  1168    762
  1169    762
  1170    762
  1171    762
  1172    762
  1173    762
  1174    762
  1175    762
  1176    762
  1177    762
  1187    762
  1188    762
  1189    762
  1190    762
  1191    762
  1192    762
  1193    762
  1194    762
  1195    762
  1196    762
  1197    762
  1146    763
  1147    763
  1148    763
  1149    763
  1150    763
  1151    763
  1152    763
  1153    763
  1154    763
  1155    763
  1156    763
  1157    763
  1166    763
  1167    763
  1168    763
  1169    763
  1170    763
  1171    763
  1172    763
  1173    763
  1174    763
  1175    763
  1185    763
  1186    763
  1187    763
  1188    763
  1189    763
  1190    763
  1191    763
  1192    763
  1193    763
  1194    763
  1195    763
  1144    764
  1145    764
  1146    764
  1147    764
  1148    764
  1149    764
  1150    764
  1151    764
  1152    764
  1153    764
  1154    764
  1155    764
  1164    764
  1165    764
  1166    764
  1167    764
  1168    764
  1169    764
  1170    764
  1171    764
  1172    764
  1173    764
  1183    764
  1184    764
  1185    764
  1186    764
  1187    764
  1188    764
  1189    764
  1190    764
  1191    764
  1192    764
  1193    764
  1141    765
  1142    765
  1143    765
  1144    765
  1145    765
  1146    765
  1147    765
  1148    765
  1149    765
  1150    765
  1151    765
  1152    765
  1153    765
  1161    765
  1162    765
  1163    765
  1164    765
  1165    765
  1166    765
  1167    765
  1169    765
  1170    765
  1171    765
  1181    765
  1182    765
  1183    765
  1184    765
  1185    765
  1186    765
  1187    765
  1188    765
  1189    765
  1190    765
  1191    765
  1139    766
  1140    766
  1141    766
  1142    766
  1143    766
  1144    766
  1145    766
  1146    766
  1147    766
  1148    766
  1149    766
  1150    766
  1159    766
  1160    766
  1161    766
  1162    766
  1163    766
  1164    766
  1165    766
  1166    766
  1167    766
  1168    766
  1179    766
  1180    766
  1181    766
  1182    766
  1183    766
  1184    766
  1185    766
  1186    766
  1187    766
  1188    766
  1189    766
  1190    766
  1137    767
  1138    767
  1139    767
  1140    767
  1141    767
  1142    767
  1143    767
  1144    767
  1145    767
  1146    767
  1147    767
  1148    767
  1157    767
  1158    767
  1159    767
  1160    767
  1161    767
  1162    767
  1163    767
  1164    767
  1165    767
  1166    767
  1177    767
  1178    767
  1179    767
  1180    767
  1181    767
  1182    767
  1183    767
  1184    767
  1185    767
  1186    767
  1187    767
  1188    767
  1134    768
  1135    768
  1136    768
  1137    768
  1138    768
  1139    768
  1140    768
  1141    768
  1142    768
  1143    768
  1144    768
  1145    768
  1146    768
  1155    768
  1156    768
  1157    768
  1158    768
  1159    768
  1160    768
  1161    768
  1162    768
  1163    768
  1164    768
  1165    768
  1175    768
  1176    768
  1177    768
  1178    768
  1179    768
  1180    768
  1181    768
  1182    768
  1183    768
  1184    768
  1185    768
  1186    768
  1135    769
  1136    769
  1137    769
  1138    769
  1139    769
  1140    769
  1141    769
  1142    769
  1143    769
  1153    769
  1154    769
  1155    769
  1156    769
  1157    769
  1158    769
  1159    769
  1160    769
  1161    769
  1162    769
  1174    769
  1175    769
  1176    769
  1177    769
  1178    769
  1179    769
  1180    769
  1181    769
  1182    769
  1183    769
  1184    769
  1135    770
  1136    770
  1137    770
  1138    770
  1139    770
  1140    770
  1141    770
  1151    770
  1152    770
  1153    770
  1154    770
  1155    770
  1156    770
  1157    770
  1158    770
  1159    770
  1160    770
  1161    770
  1175    770
  1176    770
  1177    770
  1178    770
  1179    770
  1180    770
  1181    770
  1182    770
  1183    770
  1149    771
  1150    771
  1151    771
  1152    771
  1153    771
  1154    771
  1155    771
  1156    771
  1157    771
  1158    771
  1159    771
  1175    771
  1176    771
  1177    771
  1178    771
  1179    771
  1180    771
  1181    771
  1148    772
  1149    772
  1150    772
  1151    772
  1152    772
  1153    772
  1154    772
  1155    772
  1156    772
  1157    772
  1146    773
  1147    773
  1148    773
  1149    773
  1150    773
  1151    773
  1152    773
  1153    773
  1154    773
  1155    773
  1144    774
  1145    774
  1146    774
  1147    774
  1148    774
  1149    774
  1150    774
  1151    774
  1152    774
  1153    774
  1142    775
  1143    775
  1144    775
  1145    775
  1146    775
  1147    775
  1148    775
  1149    775
  1150    775
  1151    775
  1152    775
  1140    776
  1141    776
  1142    776
  1143    776
  1144    776
  1145    776
  1146    776
  1147    776
  1148    776
  1149    776
  1150    776
  1116    777
  1117    777
  1118    777
  1119    777
  1120    777
  1121    777
  1122    777
  1123    777
  1137    777
  1138    777
  1139    777
  1140    777
  1141    777
  1142    777
  1143    777
  1144    777
  1145    777
  1146    777
  1147    777
  1148    777
  1114    778
  1115    778
  1116    778
  1117    778
  1118    778
  1119    778
  1120    778
  1121    778
  1122    778
  1136    778
  1137    778
  1138    778
  1139    778
  1140    778
  1141    778
  1142    778
  1143    778
  1144    778
  1145    778
  1146    778
  1147    778
  1157    778
  1158    778
  1159    778
  1160    778
  1161    778
  1162    778
  1163    778
  1164    778
  1165    778
  1112    779
  1113    779
  1114    779
  1115    779
  1116    779
  1117    779
  1118    779
  1119    779
  1120    779
  1121    779
  1122    779
  1123    779
  1134    779
  1135    779
  1136    779
  1137    779
  1138    779
  1139    779
  1140    779
  1141    779
  1142    779
  1143    779
  1144    779
  1145    779
  1155    779
  1156    779
  1157    779
  1158    779
  1159    779
  1160    779
  1161    779
  1162    779
  1163    779
  1164    779
  1165    779
  1109    780
  1110    780
  1111    780
  1112    780
  1113    780
  1114    780
  1115    780
  1116    780
  1117    780
  1118    780
  1119    780
  1120    780
  1121    780
  1132    780
  1133    780
  1134    780
  1135    780
  1136    780
  1137    780
  1138    780
  1139    780
  1140    780
  1141    780
  1142    780
  1143    780
  1153    780
  1154    780
  1155    780
  1156    780
  1157    780
  1158    780
  1159    780
  1160    780
  1161    780
  1162    780
  1163    780
  1164    780
  1165    780
  1166    780
  1108    781
  1109    781
  1110    781
  1111    781
  1112    781
  1113    781
  1114    781
  1115    781
  1116    781
  1117    781
  1118    781
  1119    781
  1131    781
  1132    781
  1133    781
  1134    781
  1135    781
  1136    781
  1137    781
  1138    781
  1139    781
  1140    781
  1141    781
  1152    781
  1153    781
  1154    781
  1155    781
  1156    781
  1157    781
  1158    781
  1159    781
  1160    781
  1161    781
  1162    781
  1163    781
  1164    781
  1105    782
  1106    782
  1107    782
  1108    782
  1109    782
  1110    782
  1111    782
  1112    782
  1113    782
  1114    782
  1115    782
  1116    782
  1117    782
  1118    782
  1129    782
  1130    782
  1131    782
  1132    782
  1133    782
  1134    782
  1135    782
  1136    782
  1137    782
  1138    782
  1139    782
  1140    782
  1150    782
  1151    782
  1152    782
  1153    782
  1154    782
  1155    782
  1156    782
  1157    782
  1158    782
  1159    782
  1160    782
  1161    782
  1162    782
  1163    782
  1104    783
  1105    783
  1106    783
  1107    783
  1108    783
  1109    783
  1110    783
  1111    783
  1112    783
  1113    783
  1114    783
  1115    783
  1116    783
  1128    783
  1129    783
  1130    783
  1131    783
  1132    783
  1133    783
  1134    783
  1135    783
  1136    783
  1137    783
  1138    783
  1149    783
  1150    783
  1151    783
  1152    783
  1153    783
  1154    783
  1155    783
  1156    783
  1157    783
  1158    783
  1159    783
  1160    783
  1161    783
  1102    784
  1103    784
  1104    784
  1105    784
  1106    784
  1107    784
  1108    784
  1109    784
  1110    784
  1111    784
  1112    784
  1113    784
  1114    784
  1126    784
  1127    784
  1128    784
  1129    784
  1130    784
  1131    784
  1132    784
  1133    784
  1134    784
  1135    784
  1136    784
  1137    784
  1147    784
  1148    784
  1149    784
  1150    784
  1151    784
  1152    784
  1153    784
  1154    784
  1155    784
  1156    784
  1157    784
  1158    784
  1159    784
  1099    785
  1100    785
  1101    785
  1102    785
  1103    785
  1104    785
  1105    785
  1106    785
  1107    785
  1108    785
  1109    785
  1110    785
  1111    785
  1112    785
  1124    785
  1125    785
  1126    785
  1127    785
  1128    785
  1129    785
  1130    785
  1131    785
  1132    785
  1133    785
  1134    785
  1135    785
  1136    785
  1146    785
  1147    785
  1148    785
  1149    785
  1150    785
  1151    785
  1152    785
  1153    785
  1154    785
  1155    785
  1156    785
  1157    785
  1158    785
  1098    786
  1099    786
  1100    786
  1101    786
  1102    786
  1103    786
  1104    786
  1105    786
  1106    786
  1107    786
  1108    786
  1109    786
  1110    786
  1123    786
  1124    786
  1125    786
  1126    786
  1127    786
  1128    786
  1129    786
  1130    786
  1131    786
  1132    786
  1133    786
  1134    786
  1144    786
  1145    786
  1146    786
  1147    786
  1148    786
  1149    786
  1150    786
  1151    786
  1152    786
  1153    786
  1154    786
  1155    786
  1156    786
  1157    786
  1096    787
  1097    787
  1098    787
  1099    787
  1100    787
  1101    787
  1102    787
  1103    787
  1104    787
  1105    787
  1106    787
  1107    787
  1108    787
  1109    787
  1121    787
  1122    787
  1123    787
  1124    787
  1125    787
  1126    787
  1127    787
  1128    787
  1129    787
  1130    787
  1131    787
  1132    787
  1133    787
  1143    787
  1144    787
  1145    787
  1146    787
  1147    787
  1148    787
  1149    787
  1150    787
  1151    787
  1152    787
  1153    787
  1154    787
  1155    787
  1156    787
  1094    788
  1095    788
  1096    788
  1097    788
  1098    788
  1099    788
  1100    788
  1101    788
  1102    788
  1103    788
  1104    788
  1105    788
  1106    788
  1107    788
  1119    788
  1120    788
  1121    788
  1122    788
  1123    788
  1124    788
  1125    788
  1126    788
  1127    788
  1128    788
  1129    788
  1130    788
  1131    788
  1132    788
  1142    788
  1143    788
  1144    788
  1145    788
  1146    788
  1147    788
  1148    788
  1149    788
  1150    788
  1151    788
  1152    788
  1153    788
  1154    788
  1155    788
  1092    789
  1093    789
  1094    789
  1095    789
  1096    789
  1097    789
  1098    789
  1099    789
  1100    789
  1101    789
  1102    789
  1103    789
  1104    789
  1105    789
  1118    789
  1119    789
  1120    789
  1121    789
  1122    789
  1123    789
  1124    789
  1125    789
  1126    789
  1127    789
  1128    789
  1129    789
  1130    789
  1140    789
  1141    789
  1142    789
  1143    789
  1144    789
  1145    789
  1146    789
  1147    789
  1148    789
  1149    789
  1150    789
  1151    789
  1152    789
  1153    789
  1091    790
  1092    790
  1093    790
  1094    790
  1095    790
  1096    790
  1097    790
  1098    790
  1099    790
  1100    790
  1101    790
  1102    790
  1103    790
  1104    790
  1116    790
  1117    790
  1118    790
  1119    790
  1120    790
  1121    790
  1122    790
  1123    790
  1124    790
  1125    790
  1126    790
  1127    790
  1128    790
  1129    790
  1139    790
  1140    790
  1141    790
  1142    790
  1143    790
  1144    790
  1145    790
  1146    790
  1147    790
  1148    790
  1149    790
  1150    790
  1151    790
  1152    790
  1089    791
  1090    791
  1091    791
  1092    791
  1093    791
  1094    791
  1095    791
  1096    791
  1097    791
  1098    791
  1099    791
  1100    791
  1101    791
  1102    791
  1115    791
  1116    791
  1117    791
  1118    791
  1119    791
  1120    791
  1121    791
  1122    791
  1123    791
  1124    791
  1125    791
  1126    791
  1127    791
  1138    791
  1139    791
  1140    791
  1141    791
  1142    791
  1143    791
  1144    791
  1145    791
  1146    791
  1147    791
  1148    791
  1149    791
  1150    791
  1151    791
  1088    792
  1089    792
  1090    792
  1091    792
  1092    792
  1093    792
  1094    792
  1095    792
  1096    792
  1097    792
  1098    792
  1099    792
  1100    792
  1101    792
  1114    792
  1115    792
  1116    792
  1117    792
  1118    792
  1119    792
  1120    792
  1121    792
  1122    792
  1123    792
  1124    792
  1125    792
  1126    792
  1137    792
  1138    792
  1139    792
  1140    792
  1141    792
  1142    792
  1143    792
  1144    792
  1145    792
  1146    792
  1147    792
  1148    792
  1149    792
  1150    792
