  1427    713
  1428    713
  1429    713
  1409    714
  1410    714
  1411    714
  1412    714
  1413    714
  1414    714
  1415    714
  1416    714
  1417    714
  1424    714
  1401    715
  1402    715
  1403    715
  1404    715
  1405    715
  1406    715
  1407    715
  1408    715
  1409    715
  1410    715
  1427    715
  1428    715
  1429    715
  1393    716
  1394    716
  1395    716
  1396    716
  1397    716
  1398    716
  1399    716
  1400    716
  1401    716
  1402    716
  1403    716
  1404    716
  1405    716
  1406    716
  1407    716
  1408    716
  1388    717
  1389    717
  1390    717
  1391    717
  1392    717
  1393    717
  1394    717
  1395    717
  1396    717
  1397    717
  1398    717
  1399    717
  1400    717
  1401    717
  1402    717
  1403    717
  1404    717
  1405    717
  1406    717
  1407    717
  1409    717
  1410    717
  1411    717
  1412    717
  1371    718
  1372    718
  1373    718
  1374    718
  1376    718
  1377    718
  1378    718
  1379    718
  1391    718
  1392    718
  1393    718
  1394    718
  1395    718
  1396    718
  1397    718
  1398    718
  1399    718
  1400    718
  1404    718
  1405    718
  1406    718
  1363    719
  1364    719
  1365    719
  1366    719
  1367    719
  1368    719
  1369    719
  1370    719
  1371    719
  1372    719
  1373    719
  1374    719
  1375    719
  1376    719
  1377    719
  1378    719
  1379    719
  1390    719
  1391    719
  1392    719
  1398    719
  1399    719
  1400    719
  1362    720
  1363    720
  1364    720
  1365    720
  1366    720
  1372    720
  1373    720
  1374    720
  1357    721
  1358    721
  1359    721
  1367    721
  1368    721
  1369    721
  1370    721
  1371    721
  1372    721
  1334    722
  1335    722
  1336    722
  1337    722
  1338    722
  1359    722
  1360    722
  1361    722
  1362    722
  1363    722
  1364    722
  1365    722
  1366    722
  1367    722
  1368    722
  1369    722
  1370    722
  1371    722
  1324    723
  1325    723
  1326    723
  1327    723
  1328    723
  1329    723
  1330    723
  1331    723
  1332    723
  1333    723
  1334    723
  1335    723
  1336    723
  1337    723
  1338    723
  1339    723
  1340    723
  1353    723
  1354    723
  1357    723
  1358    723
  1359    723
  1360    723
  1361    723
  1362    723
  1363    723
  1364    723
  1365    723
  1369    723
  1370    723
  1371    723
  1372    723
  1312    724
  1313    724
  1314    724
  1315    724
  1316    724
  1317    724
  1318    724
  1319    724
  1320    724
  1321    724
  1322    724
  1323    724
  1324    724
  1329    724
  1330    724
  1331    724
  1332    724
  1333    724
  1334    724
  1335    724
  1346    724
  1347    724
  1348    724
  1349    724
  1351    724
  1352    724
  1353    724
  1354    724
  1355    724
  1356    724
  1357    724
  1358    724
  1364    724
  1365    724
  1366    724
  1302    725
  1303    725
  1304    725
  1305    725
  1306    725
  1307    725
  1308    725
  1309    725
  1310    725
  1311    725
  1312    725
  1313    725
  1314    725
  1315    725
  1316    725
  1317    725
  1318    725
  1319    725
  1320    725
  1321    725
  1322    725
  1323    725
  1324    725
  1325    725
  1326    725
  1327    725
  1328    725
  1329    725
  1330    725
  1331    725
  1332    725
  1333    725
  1334    725
  1335    725
  1336    725
  1337    725
  1338    725
  1339    725
  1340    725
  1341    725
  1342    725
  1345    725
  1346    725
  1347    725
  1348    725
  1349    725
  1350    725
  1357    725
  1358    725
  1359    725
  1302    726
  1303    726
  1304    726
  1305    726
  1306    726
  1307    726
  1308    726
  1309    726
  1310    726
  1311    726
  1312    726
  1313    726
  1314    726
  1315    726
  1316    726
  1317    726
  1318    726
  1319    726
  1320    726
  1321    726
  1322    726
  1323    726
  1324    726
  1325    726
  1326    726
  1327    726
  1333    726
  1334    726
  1335    726
  1336    726
  1337    726
  1338    726
  1339    726
  1340    726
  1344    726
  1345    726
  1351    726
  1352    726
  1353    726
  1279    727
  1280    727
  1281    727
  1282    727
  1283    727
  1284    727
  1285    727
  1305    727
  1306    727
  1307    727
  1308    727
  1309    727
  1310    727
  1311    727
  1312    727
  1313    727
  1314    727
  1315    727
  1316    727
  1317    727
  1318    727
  1319    727
  1320    727
  1321    727
  1325    727
  1326    727
  1327    727
  1328    727
  1329    727
  1331    727
  1332    727
  1333    727
  1334    727
  1335    727
  1336    727
  1337    727
  1338    727
  1339    727
  1340    727
  1278    728
  1279    728
  1280    728
  1281    728
  1282    728
  1283    728
  1284    728
  1285    728
  1286    728
  1287    728
  1288    728
  1289    728
  1290    728
  1291    728
  1292    728
  1293    728
  1298    728
  1299    728
  1300    728
  1301    728
  1302    728
  1303    728
  1304    728
  1305    728
  1306    728
  1312    728
  1313    728
  1314    728
  1315    728
  1320    728
  1321    728
  1322    728
  1323    728
  1272    729
  1273    729
  1278    729
  1279    729
  1280    729
  1281    729
  1282    729
  1314    729
  1315    729
  1316    729
  1317    729
  1318    729
  1319    729
  1320    729
  1321    729
  1322    729
  1247    730
  1248    730
  1249    730
  1250    730
  1251    730
  1252    730
  1253    730
  1274    730
  1275    730
  1276    730
  1277    730
  1278    730
  1296    730
  1297    730
  1307    730
  1308    730
  1309    730
  1310    730
  1311    730
  1312    730
  1313    730
  1314    730
  1315    730
  1235    731
  1236    731
  1237    731
  1238    731
  1239    731
  1240    731
  1241    731
  1246    731
  1247    731
  1248    731
  1249    731
  1250    731
  1251    731
  1252    731
  1253    731
  1254    731
  1255    731
  1268    731
  1269    731
  1270    731
  1271    731
  1272    731
  1288    731
  1289    731
  1290    731
  1291    731
  1292    731
  1293    731
  1294    731
  1295    731
  1296    731
  1297    731
  1298    731
  1301    731
  1302    731
  1303    731
  1304    731
  1305    731
  1306    731
  1307    731
  1308    731
  1309    731
  1310    731
  1315    731
  1316    731
  1317    731
  1318    731
  1319    731
  1224    732
  1225    732
  1226    732
  1227    732
  1228    732
  1229    732
  1230    732
  1231    732
  1232    732
  1233    732
  1234    732
  1235    732
  1236    732
  1237    732
  1238    732
  1239    732
  1240    732
  1259    732
  1260    732
  1261    732
  1282    732
  1283    732
  1284    732
  1285    732
  1286    732
  1287    732
  1288    732
  1289    732
  1290    732
  1291    732
  1297    732
  1298    732
  1299    732
  1300    732
  1301    732
  1302    732
  1303    732
  1304    732
  1309    732
  1310    732
  1311    732
  1312    732
  1315    732
  1316    732
  1317    732
  1318    732
  1212    733
  1213    733
  1214    733
  1215    733
  1216    733
  1217    733
  1218    733
  1219    733
  1223    733
  1224    733
  1225    733
  1226    733
  1227    733
  1228    733
  1229    733
  1230    733
  1231    733
  1232    733
  1233    733
  1234    733
  1235    733
  1236    733
  1276    733
  1277    733
  1278    733
  1279    733
  1280    733
  1281    733
  1282    733
  1283    733
  1284    733
  1285    733
  1286    733
  1290    733
  1291    733
  1292    733
  1293    733
  1294    733
  1295    733
  1296    733
  1297    733
  1298    733
  1299    733
  1304    733
  1305    733
  1306    733
  1307    733
  1311    733
  1312    733
  1313    733
  1314    733
  1206    734
  1207    734
  1208    734
  1209    734
  1210    734
  1211    734
  1212    734
  1213    734
  1214    734
  1215    734
  1216    734
  1217    734
  1218    734
  1219    734
  1220    734
  1221    734
  1222    734
  1223    734
  1224    734
  1225    734
  1226    734
  1227    734
  1228    734
  1229    734
  1230    734
  1231    734
  1235    734
  1236    734
  1237    734
  1238    734
  1239    734
  1271    734
  1272    734
  1273    734
  1274    734
  1275    734
  1276    734
  1277    734
  1278    734
  1279    734
  1280    734
  1281    734
  1286    734
  1287    734
  1288    734
  1289    734
  1290    734
  1291    734
  1292    734
  1293    734
  1300    734
  1301    734
  1306    734
  1307    734
  1206    735
  1207    735
  1208    735
  1209    735
  1210    735
  1211    735
  1212    735
  1213    735
  1214    735
  1216    735
  1220    735
  1221    735
  1222    735
  1223    735
  1224    735
  1225    735
  1227    735
  1228    735
  1229    735
  1265    735
  1266    735
  1267    735
  1268    735
  1269    735
  1270    735
  1271    735
  1272    735
  1273    735
  1274    735
  1280    735
  1281    735
  1282    735
  1283    735
  1284    735
  1285    735
  1286    735
  1287    735
  1288    735
  1294    735
  1295    735
  1296    735
  1297    735
  1303    735
  1215    736
  1216    736
  1217    736
  1260    736
  1261    736
  1262    736
  1263    736
  1264    736
  1265    736
  1266    736
  1267    736
  1268    736
  1269    736
  1275    736
  1276    736
  1277    736
  1280    736
  1281    736
  1282    736
  1283    736
  1289    736
  1290    736
  1291    736
  1292    736
  1297    736
  1298    736
  1299    736
  1254    737
  1255    737
  1256    737
  1257    737
  1258    737
  1259    737
  1260    737
  1261    737
  1262    737
  1263    737
  1264    737
  1265    737
  1270    737
  1271    737
  1272    737
  1277    737
  1278    737
  1284    737
  1285    737
  1286    737
  1287    737
  1291    737
  1292    737
  1293    737
  1251    738
  1252    738
  1253    738
  1254    738
  1255    738
  1256    738
  1257    738
  1258    738
  1265    738
  1266    738
  1267    738
  1268    738
  1272    738
  1273    738
  1279    738
  1280    738
  1281    738
  1282    738
  1283    738
  1285    738
  1286    738
  1287    738
  1288    738
  1260    739
  1261    739
  1262    739
  1263    739
  1264    739
  1265    739
  1266    739
  1267    739
  1268    739
  1269    739
  1255    740
  1256    740
  1257    740
  1258    740
  1259    740
  1260    740
  1261    740
  1262    740
  1263    740
  1264    740
  1237    741
  1238    741
  1239    741
  1240    741
  1251    741
  1252    741
  1253    741
  1254    741
  1255    741
  1256    741
  1257    741
  1258    741
  1259    741
  1260    741
  1232    742
  1233    742
  1234    742
  1235    742
  1236    742
  1237    742
  1238    742
  1239    742
  1240    742
  1241    742
  1247    742
  1248    742
  1249    742
  1250    742
  1251    742
  1252    742
  1253    742
  1254    742
  1255    742
  1256    742
  1262    742
  1263    742
  1264    742
  1265    742
  1227    743
  1228    743
  1229    743
  1230    743
  1231    743
  1232    743
  1233    743
  1234    743
  1235    743
  1236    743
  1237    743
  1243    743
  1244    743
  1245    743
  1246    743
  1247    743
  1248    743
  1249    743
  1250    743
  1251    743
  1258    743
  1259    743
  1260    743
  1261    743
  1223    744
  1224    744
  1225    744
  1226    744
  1227    744
  1228    744
  1229    744
  1230    744
  1231    744
  1232    744
  1239    744
  1240    744
  1241    744
  1242    744
  1243    744
  1244    744
  1245    744
  1246    744
  1247    744
  1248    744
  1254    744
  1255    744
  1256    744
  1257    744
  1258    744
  1259    744
  1261    744
  1262    744
  1263    744
  1218    745
  1219    745
  1220    745
  1221    745
  1222    745
  1223    745
  1224    745
  1225    745
  1226    745
  1227    745
  1228    745
  1229    745
  1235    745
  1236    745
  1237    745
  1238    745
  1239    745
  1240    745
  1241    745
  1242    745
  1243    745
  1244    745
  1250    745
  1251    745
  1252    745
  1253    745
  1254    745
  1255    745
  1256    745
  1257    745
  1258    745
  1259    745
  1260    745
  1214    746
  1215    746
  1216    746
  1217    746
  1218    746
  1219    746
  1220    746
  1221    746
  1222    746
  1223    746
  1224    746
  1231    746
  1232    746
  1233    746
  1234    746
  1235    746
  1236    746
  1237    746
  1238    746
  1239    746
  1240    746
  1247    746
  1248    746
  1249    746
  1250    746
  1251    746
  1252    746
  1253    746
  1254    746
  1255    746
  1256    746
  1211    747
  1212    747
  1213    747
  1214    747
  1215    747
  1216    747
  1217    747
  1218    747
  1219    747
  1220    747
  1228    747
  1229    747
  1230    747
  1231    747
  1232    747
  1233    747
  1234    747
  1235    747
  1236    747
  1237    747
  1244    747
  1245    747
  1246    747
  1247    747
  1248    747
  1249    747
  1250    747
  1251    747
  1252    747
  1253    747
  1206    748
  1207    748
  1208    748
  1209    748
  1210    748
  1211    748
  1212    748
  1213    748
  1214    748
  1215    748
  1216    748
  1217    748
  1224    748
  1225    748
  1226    748
  1227    748
  1228    748
  1229    748
  1230    748
  1231    748
  1232    748
  1233    748
  1239    748
  1240    748
  1241    748
  1242    748
  1243    748
  1244    748
  1245    748
  1246    748
  1247    748
  1248    748
  1249    748
  1203    749
  1204    749
  1205    749
  1206    749
  1207    749
  1208    749
  1209    749
  1210    749
  1211    749
  1212    749
  1213    749
  1220    749
  1221    749
  1222    749
  1223    749
  1224    749
  1225    749
  1227    749
  1228    749
  1229    749
  1230    749
  1237    749
  1238    749
  1239    749
  1240    749
  1241    749
  1242    749
  1243    749
  1244    749
  1245    749
  1246    749
  1199    750
  1200    750
  1201    750
  1202    750
  1203    750
  1204    750
  1205    750
  1206    750
  1207    750
  1208    750
  1217    750
  1218    750
  1219    750
  1220    750
  1221    750
  1223    750
  1224    750
  1225    750
  1226    750
  1233    750
  1234    750
  1235    750
  1236    750
  1237    750
  1238    750
  1239    750
  1240    750
  1241    750
  1242    750
  1243    750
  1244    750
  1195    751
  1196    751
  1197    751
  1198    751
  1199    751
  1200    751
  1201    751
  1202    751
  1203    751
  1204    751
  1205    751
  1206    751
  1214    751
  1215    751
  1216    751
  1221    751
  1222    751
  1223    751
  1230    751
  1231    751
  1232    751
  1233    751
  1234    751
  1236    751
  1237    751
  1238    751
  1239    751
  1240    751
  1196    752
  1197    752
  1198    752
  1199    752
  1200    752
  1201    752
  1202    752
  1209    752
  1210    752
  1211    752
  1212    752
  1235    752
  1236    752
  1237    752
  1207    753
  1208    753
  1209    753
  1210    753
  1211    753
  1232    753
  1233    753
  1234    753
  1203    754
  1204    754
  1205    754
  1206    754
  1207    754
  1208    754
  1209    754
  1210    754
  1211    754
  1212    754
  1213    754
  1201    755
  1202    755
  1203    755
  1204    755
  1205    755
  1206    755
  1207    755
  1208    755
  1209    755
  1210    755
  1198    756
  1199    756
  1200    756
  1201    756
  1202    756
  1203    756
  1204    756
  1205    756
  1206    756
  1207    756
  1195    757
  1196    757
  1197    757
  1198    757
  1199    757
  1200    757
  1201    757
  1202    757
  1203    757
  1204    757
  1173    758
  1174    758
  1175    758
  1176    758
  1177    758
  1192    758
  1193    758
  1194    758
  1195    758
  1196    758
  1197    758
  1198    758
  1199    758
  1200    758
  1201    758
  1202    758
  1211    758
  1212    758
  1213    758
  1214    758
  1215    758
  1216    758
  1217    758
  1171    759
  1172    759
  1173    759
  1174    759
  1175    759
  1176    759
  1180    759
  1181    759
  1189    759
  1190    759
  1191    759
  1192    759
  1193    759
  1194    759
  1195    759
  1196    759
  1197    759
  1198    759
  1199    759
  1208    759
  1209    759
  1210    759
  1211    759
  1212    759
  1213    759
  1214    759
  1215    759
  1167    760
  1168    760
  1169    760
  1170    760
  1171    760
  1172    760
  1173    760
  1174    760
  1175    760
  1176    760
  1177    760
  1178    760
  1179    760
  1187    760
  1188    760
  1189    760
  1190    760
  1191    760
  1192    760
  1193    760
  1194    760
  1195    760
  1196    760
  1197    760
  1206    760
  1207    760
  1208    760
  1209    760
  1210    760
  1211    760
  1212    760
  1213    760
  1214    760
  1215    760
  1216    760
  1165    761
  1166    761
  1167    761
  1168    761
  1169    761
  1170    761
  1171    761
  1172    761
  1173    761
  1174    761
  1175    761
  1176    761
  1184    761
  1185    761
  1186    761
  1187    761
  1188    761
  1189    761
  1190    761
  1191    761
  1192    761
  1193    761
  1194    761
  1203    761
  1204    761
  1205    761
  1206    761
  1207    761
  1208    761
  1209    761
  1210    761
  1211    761
  1212    761
  1213    761
  1214    761
  1162    762
  1163    762
  1164    762
  1165    762
  1166    762
  1167    762
  1168    762
  1169    762
  1170    762
  1171    762
  1172    762
  1173    762
  1181    762
  1182    762
  1183    762
  1184    762
  1185    762
  1186    762
  1187    762
  1189    762
  1190    762
  1191    762
  1201    762
  1202    762
  1203    762
  1204    762
  1205    762
  1206    762
  1207    762
  1208    762
  1209    762
  1210    762
  1211    762
  1212    762
  1159    763
  1160    763
  1161    763
  1162    763
  1163    763
  1164    763
  1165    763
  1166    763
  1167    763
  1168    763
  1169    763
  1170    763
  1171    763
  1179    763
  1180    763
  1181    763
  1182    763
  1183    763
  1184    763
  1185    763
  1186    763
  1187    763
  1188    763
  1189    763
  1199    763
  1200    763
  1201    763
  1202    763
  1203    763
  1204    763
  1205    763
  1206    763
  1207    763
  1208    763
  1209    763
  1157    764
  1158    764
  1159    764
  1160    764
  1161    764
  1162    764
  1163    764
  1164    764
  1165    764
  1166    764
  1167    764
  1168    764
  1177    764
  1178    764
  1179    764
  1180    764
  1181    764
  1182    764
  1183    764
  1184    764
  1185    764
  1186    764
  1187    764
  1196    764
  1197    764
  1198    764
  1199    764
  1200    764
  1201    764
  1202    764
  1203    764
  1204    764
  1205    764
  1206    764
  1207    764
  1155    765
  1156    765
  1157    765
  1158    765
  1159    765
  1160    765
  1161    765
  1162    765
  1163    765
  1164    765
  1165    765
  1166    765
  1175    765
  1176    765
  1177    765
  1178    765
  1179    765
  1180    765
  1181    765
  1182    765
  1183    765
  1184    765
  1185    765
  1193    765
  1194    765
  1195    765
  1196    765
  1197    765
  1198    765
  1199    765
  1200    765
  1201    765
  1202    765
  1203    765
  1204    765
  1205    765
  1152    766
  1153    766
  1154    766
  1155    766
  1156    766
  1157    766
  1158    766
  1159    766
  1160    766
  1161    766
  1162    766
  1163    766
  1172    766
  1173    766
  1174    766
  1175    766
  1176    766
  1177    766
  1178    766
  1179    766
  1180    766
  1181    766
  1182    766
  1191    766
  1192    766
  1193    766
  1194    766
  1195    766
  1196    766
  1197    766
  1198    766
  1199    766
  1200    766
  1201    766
  1202    766
  1203    766
  1150    767
  1151    767
  1152    767
  1153    767
  1154    767
  1155    767
  1156    767
  1157    767
  1158    767
  1159    767
  1160    767
  1161    767
  1162    767
  1170    767
  1171    767
  1172    767
  1173    767
  1174    767
  1175    767
  1176    767
  1177    767
  1178    767
  1179    767
  1180    767
  1190    767
  1191    767
  1192    767
  1193    767
  1194    767
  1195    767
  1196    767
  1197    767
  1198    767
  1199    767
  1200    767
  1201    767
  1147    768
  1148    768
  1149    768
  1150    768
  1151    768
  1152    768
  1153    768
  1154    768
  1155    768
  1156    768
  1157    768
  1158    768
  1159    768
  1168    768
  1169    768
  1170    768
  1171    768
  1172    768
  1173    768
  1174    768
  1175    768
  1177    768
  1178    768
  1188    768
  1189    768
  1190    768
  1191    768
  1192    768
  1193    768
  1194    768
  1195    768
  1196    768
  1197    768
  1198    768
  1199    768
  1200    768
  1146    769
  1147    769
  1148    769
  1149    769
  1150    769
  1151    769
  1152    769
  1153    769
  1154    769
  1155    769
  1156    769
  1157    769
  1166    769
  1167    769
  1168    769
  1169    769
  1170    769
  1171    769
  1172    769
  1173    769
  1174    769
  1175    769
  1176    769
  1186    769
  1187    769
  1188    769
  1189    769
  1190    769
  1191    769
  1192    769
  1193    769
  1194    769
  1195    769
  1196    769
  1197    769
  1198    769
  1144    770
  1145    770
  1146    770
  1147    770
  1148    770
  1149    770
  1150    770
  1151    770
  1152    770
  1153    770
  1154    770
  1155    770
  1164    770
  1165    770
  1166    770
  1167    770
  1168    770
  1169    770
  1170    770
  1171    770
  1172    770
  1173    770
  1174    770
  1185    770
  1186    770
  1187    770
  1188    770
  1189    770
  1190    770
  1191    770
  1192    770
  1193    770
  1194    770
  1195    770
  1196    770
  1141    771
  1142    771
  1143    771
  1144    771
  1145    771
  1146    771
  1147    771
  1148    771
  1149    771
  1150    771
  1151    771
  1152    771
  1153    771
  1162    771
  1163    771
  1164    771
  1165    771
  1166    771
  1167    771
  1168    771
  1169    771
  1170    771
  1171    771
  1172    771
  1184    771
  1185    771
  1186    771
  1187    771
  1188    771
  1189    771
  1190    771
  1191    771
  1192    771
  1193    771
  1194    771
  1195    771
  1139    772
  1140    772
  1141    772
  1142    772
  1143    772
  1144    772
  1145    772
  1146    772
  1147    772
  1148    772
  1149    772
  1150    772
  1151    772
  1160    772
  1161    772
  1162    772
  1163    772
  1164    772
  1165    772
  1166    772
  1167    772
  1168    772
  1169    772
  1170    772
  1171    772
  1182    772
  1183    772
  1184    772
  1185    772
  1186    772
  1187    772
  1188    772
  1189    772
  1190    772
  1191    772
  1192    772
  1193    772
  1140    773
  1141    773
  1142    773
  1143    773
  1144    773
  1145    773
  1146    773
  1147    773
  1148    773
  1149    773
  1158    773
  1159    773
  1160    773
  1161    773
  1162    773
  1163    773
  1164    773
  1165    773
  1166    773
  1167    773
  1168    773
  1169    773
  1170    773
  1181    773
  1182    773
  1183    773
  1184    773
  1185    773
  1186    773
  1187    773
  1188    773
  1189    773
  1190    773
  1191    773
  1192    773
  1143    774
  1144    774
  1145    774
  1146    774
  1157    774
  1158    774
  1159    774
  1160    774
  1161    774
  1162    774
  1163    774
  1164    774
  1165    774
  1166    774
  1167    774
  1188    774
  1189    774
  1190    774
  1155    775
  1156    775
  1157    775
  1158    775
  1159    775
  1160    775
  1161    775
  1162    775
  1163    775
  1164    775
  1165    775
  1166    775
  1154    776
  1155    776
  1156    776
  1157    776
  1158    776
  1159    776
  1160    776
  1161    776
  1162    776
  1163    776
  1164    776
  1151    777
  1152    777
  1153    777
  1154    777
  1155    777
  1156    777
  1157    777
  1158    777
  1159    777
  1160    777
  1161    777
  1162    777
  1150    778
  1151    778
  1152    778
  1153    778
  1154    778
  1155    778
  1156    778
  1157    778
  1158    778
  1159    778
  1160    778
  1148    779
  1149    779
  1150    779
  1151    779
  1152    779
  1153    779
  1154    779
  1155    779
  1156    779
  1157    779
  1158    779
  1159    779
  1146    780
  1147    780
  1148    780
  1149    780
  1150    780
  1151    780
  1152    780
  1153    780
  1154    780
  1155    780
  1156    780
  1157    780
  1144    781
  1145    781
  1146    781
  1147    781
  1148    781
  1149    781
  1150    781
  1151    781
  1152    781
  1153    781
  1154    781
  1155    781
  1156    781
  1143    782
  1144    782
  1145    782
  1146    782
  1147    782
  1148    782
  1149    782
  1150    782
  1151    782
  1152    782
  1153    782
  1154    782
  1164    782
  1165    782
  1166    782
  1167    782
  1168    782
  1169    782
  1170    782
  1171    782
  1172    782
  1173    782
  1174    782
  1141    783
  1142    783
  1143    783
  1144    783
  1145    783
  1146    783
  1147    783
  1148    783
  1149    783
  1150    783
  1151    783
  1152    783
  1153    783
  1163    783
  1164    783
  1165    783
  1166    783
  1167    783
  1168    783
  1169    783
  1170    783
  1171    783
  1172    783
  1173    783
  1140    784
  1141    784
  1142    784
  1143    784
  1144    784
  1145    784
  1146    784
  1147    784
  1148    784
  1149    784
  1150    784
  1151    784
  1162    784
  1163    784
  1164    784
  1165    784
  1166    784
  1167    784
  1168    784
  1169    784
  1170    784
  1171    784
  1172    784
  1138    785
  1139    785
  1140    785
  1141    785
  1142    785
  1143    785
  1144    785
  1145    785
  1146    785
  1147    785
  1148    785
  1149    785
  1160    785
  1161    785
  1162    785
  1163    785
  1164    785
  1165    785
  1166    785
  1167    785
  1168    785
  1169    785
  1170    785
  1171    785
  1172    785
  1173    785
  1137    786
  1138    786
  1139    786
  1140    786
  1141    786
  1142    786
  1143    786
  1144    786
  1145    786
  1146    786
  1147    786
  1148    786
  1159    786
  1160    786
  1161    786
  1162    786
  1163    786
  1164    786
  1165    786
  1166    786
  1167    786
  1168    786
  1169    786
  1170    786
  1171    786
  1135    787
  1136    787
  1137    787
  1138    787
  1139    787
  1140    787
  1141    787
  1142    787
  1143    787
  1144    787
  1145    787
  1146    787
  1147    787
  1157    787
  1158    787
  1159    787
  1160    787
  1161    787
  1162    787
  1163    787
  1164    787
  1165    787
  1166    787
  1167    787
  1168    787
  1169    787
  1170    787
  1134    788
  1135    788
  1136    788
  1137    788
  1138    788
  1139    788
  1140    788
  1141    788
  1142    788
  1143    788
  1144    788
  1145    788
  1156    788
  1157    788
  1158    788
  1159    788
  1160    788
  1161    788
  1162    788
  1163    788
  1164    788
  1165    788
  1166    788
  1167    788
  1168    788
  1132    789
  1133    789
  1134    789
  1135    789
  1136    789
  1137    789
  1138    789
  1139    789
  1140    789
  1141    789
  1142    789
  1143    789
  1144    789
  1154    789
  1155    789
  1156    789
  1157    789
  1158    789
  1159    789
  1160    789
  1161    789
  1162    789
  1163    789
  1164    789
  1165    789
  1166    789
  1167    789
  1168    789
  1131    790
  1132    790
  1133    790
  1134    790
  1135    790
  1136    790
  1137    790
  1138    790
  1139    790
  1140    790
  1141    790
  1142    790
  1153    790
  1154    790
  1155    790
  1156    790
  1157    790
  1158    790
  1159    790
  1160    790
  1161    790
  1162    790
  1163    790
  1164    790
  1165    790
  1166    790
  1129    791
  1130    791
  1131    791
  1132    791
  1133    791
  1134    791
  1135    791
  1136    791
  1137    791
  1138    791
  1139    791
  1140    791
  1141    791
  1142    791
  1152    791
  1153    791
  1154    791
  1155    791
  1156    791
  1157    791
  1158    791
  1159    791
  1160    791
  1161    791
  1162    791
  1163    791
  1164    791
  1165    791
  1128    792
  1129    792
  1130    792
  1131    792
  1132    792
  1133    792
  1134    792
  1135    792
  1136    792
  1137    792
  1138    792
  1139    792
  1140    792
  1150    792
  1151    792
  1152    792
  1153    792
  1154    792
  1155    792
  1156    792
  1157    792
  1158    792
  1159    792
  1160    792
  1161    792
  1162    792
  1163    792
  1164    792
