  1427    711
  1423    712
  1424    712
  1425    712
  1426    712
  1415    713
  1416    713
  1417    713
  1418    713
  1419    713
  1420    713
  1399    714
  1400    714
  1401    714
  1402    714
  1403    714
  1404    714
  1390    715
  1391    715
  1392    715
  1393    715
  1394    715
  1395    715
  1396    715
  1397    715
  1398    715
  1399    715
  1400    715
  1401    715
  1402    715
  1403    715
  1404    715
  1405    715
  1406    715
  1407    715
  1382    716
  1383    716
  1384    716
  1385    716
  1386    716
  1387    716
  1388    716
  1389    716
  1390    716
  1391    716
  1392    716
  1393    716
  1394    716
  1395    716
  1396    716
  1397    716
  1398    716
  1399    716
  1400    716
  1401    716
  1402    716
  1403    716
  1368    717
  1369    717
  1370    717
  1371    717
  1372    717
  1373    717
  1374    717
  1379    717
  1385    717
  1386    717
  1387    717
  1388    717
  1389    717
  1390    717
  1391    717
  1392    717
  1393    717
  1394    717
  1395    717
  1396    717
  1397    717
  1398    717
  1399    717
  1400    717
  1401    717
  1402    717
  1359    718
  1360    718
  1361    718
  1362    718
  1363    718
  1364    718
  1365    718
  1366    718
  1367    718
  1368    718
  1369    718
  1370    718
  1371    718
  1372    718
  1373    718
  1374    718
  1375    718
  1376    718
  1386    718
  1387    718
  1388    718
  1389    718
  1390    718
  1394    718
  1395    718
  1396    718
  1359    719
  1360    719
  1361    719
  1362    719
  1367    719
  1368    719
  1369    719
  1370    719
  1371    719
  1372    719
  1373    719
  1374    719
  1352    720
  1353    720
  1354    720
  1360    720
  1361    720
  1362    720
  1363    720
  1364    720
  1365    720
  1366    720
  1367    720
  1368    720
  1369    720
  1370    720
  1331    721
  1332    721
  1333    721
  1334    721
  1356    721
  1357    721
  1358    721
  1359    721
  1360    721
  1361    721
  1362    721
  1363    721
  1364    721
  1365    721
  1322    722
  1323    722
  1324    722
  1325    722
  1326    722
  1327    722
  1328    722
  1329    722
  1330    722
  1331    722
  1332    722
  1333    722
  1334    722
  1350    722
  1351    722
  1352    722
  1353    722
  1354    722
  1355    722
  1357    722
  1358    722
  1359    722
  1360    722
  1306    723
  1307    723
  1308    723
  1309    723
  1310    723
  1311    723
  1312    723
  1313    723
  1314    723
  1315    723
  1316    723
  1317    723
  1318    723
  1319    723
  1325    723
  1326    723
  1327    723
  1328    723
  1329    723
  1330    723
  1331    723
  1343    723
  1344    723
  1345    723
  1346    723
  1347    723
  1348    723
  1349    723
  1298    724
  1299    724
  1300    724
  1301    724
  1302    724
  1303    724
  1304    724
  1305    724
  1306    724
  1307    724
  1308    724
  1309    724
  1313    724
  1314    724
  1315    724
  1316    724
  1317    724
  1318    724
  1319    724
  1320    724
  1321    724
  1322    724
  1323    724
  1324    724
  1325    724
  1326    724
  1327    724
  1328    724
  1329    724
  1330    724
  1334    724
  1335    724
  1336    724
  1337    724
  1338    724
  1339    724
  1340    724
  1341    724
  1344    724
  1345    724
  1346    724
  1352    724
  1353    724
  1286    725
  1287    725
  1288    725
  1295    725
  1296    725
  1297    725
  1298    725
  1299    725
  1300    725
  1301    725
  1302    725
  1303    725
  1304    725
  1305    725
  1306    725
  1307    725
  1308    725
  1309    725
  1310    725
  1311    725
  1312    725
  1313    725
  1314    725
  1315    725
  1316    725
  1317    725
  1318    725
  1319    725
  1320    725
  1321    725
  1322    725
  1323    725
  1324    725
  1325    725
  1329    725
  1330    725
  1331    725
  1332    725
  1333    725
  1334    725
  1335    725
  1336    725
  1339    725
  1340    725
  1345    725
  1346    725
  1347    725
  1274    726
  1275    726
  1276    726
  1277    726
  1278    726
  1282    726
  1283    726
  1284    726
  1285    726
  1286    726
  1301    726
  1302    726
  1303    726
  1304    726
  1305    726
  1306    726
  1307    726
  1308    726
  1309    726
  1310    726
  1311    726
  1312    726
  1313    726
  1314    726
  1315    726
  1316    726
  1317    726
  1318    726
  1319    726
  1322    726
  1323    726
  1325    726
  1326    726
  1327    726
  1328    726
  1329    726
  1330    726
  1331    726
  1332    726
  1334    726
  1335    726
  1341    726
  1342    726
  1343    726
  1273    727
  1274    727
  1275    727
  1276    727
  1277    727
  1278    727
  1279    727
  1280    727
  1281    727
  1282    727
  1283    727
  1284    727
  1285    727
  1286    727
  1287    727
  1294    727
  1295    727
  1296    727
  1297    727
  1298    727
  1299    727
  1305    727
  1306    727
  1307    727
  1308    727
  1309    727
  1314    727
  1315    727
  1316    727
  1317    727
  1318    727
  1328    727
  1329    727
  1330    727
  1333    727
  1334    727
  1335    727
  1269    728
  1270    728
  1274    728
  1275    728
  1276    728
  1277    728
  1278    728
  1309    728
  1310    728
  1311    728
  1312    728
  1313    728
  1314    728
  1315    728
  1316    728
  1317    728
  1244    729
  1245    729
  1246    729
  1247    729
  1248    729
  1249    729
  1250    729
  1259    729
  1270    729
  1271    729
  1272    729
  1288    729
  1289    729
  1290    729
  1291    729
  1301    729
  1302    729
  1303    729
  1304    729
  1305    729
  1306    729
  1307    729
  1308    729
  1309    729
  1310    729
  1311    729
  1233    730
  1234    730
  1235    730
  1236    730
  1237    730
  1238    730
  1239    730
  1240    730
  1241    730
  1242    730
  1243    730
  1244    730
  1245    730
  1247    730
  1248    730
  1249    730
  1250    730
  1261    730
  1262    730
  1263    730
  1264    730
  1265    730
  1266    730
  1267    730
  1268    730
  1269    730
  1283    730
  1284    730
  1285    730
  1286    730
  1287    730
  1288    730
  1289    730
  1290    730
  1291    730
  1295    730
  1296    730
  1297    730
  1298    730
  1301    730
  1302    730
  1303    730
  1309    730
  1310    730
  1311    730
  1312    730
  1225    731
  1226    731
  1227    731
  1228    731
  1229    731
  1230    731
  1231    731
  1232    731
  1233    731
  1234    731
  1235    731
  1236    731
  1237    731
  1238    731
  1239    731
  1240    731
  1241    731
  1242    731
  1250    731
  1251    731
  1252    731
  1253    731
  1254    731
  1255    731
  1277    731
  1278    731
  1279    731
  1280    731
  1281    731
  1282    731
  1283    731
  1284    731
  1285    731
  1286    731
  1291    731
  1292    731
  1293    731
  1297    731
  1298    731
  1303    731
  1304    731
  1305    731
  1306    731
  1307    731
  1308    731
  1309    731
  1310    731
  1311    731
  1312    731
  1210    732
  1211    732
  1212    732
  1215    732
  1216    732
  1217    732
  1218    732
  1219    732
  1220    732
  1221    732
  1222    732
  1223    732
  1224    732
  1225    732
  1226    732
  1227    732
  1228    732
  1229    732
  1230    732
  1231    732
  1232    732
  1240    732
  1241    732
  1242    732
  1243    732
  1244    732
  1245    732
  1271    732
  1272    732
  1273    732
  1274    732
  1276    732
  1277    732
  1278    732
  1279    732
  1280    732
  1286    732
  1287    732
  1288    732
  1289    732
  1290    732
  1291    732
  1292    732
  1293    732
  1298    732
  1299    732
  1300    732
  1304    732
  1305    732
  1306    732
  1307    732
  1196    733
  1197    733
  1198    733
  1199    733
  1200    733
  1201    733
  1202    733
  1203    733
  1204    733
  1205    733
  1206    733
  1207    733
  1208    733
  1209    733
  1210    733
  1211    733
  1212    733
  1214    733
  1215    733
  1216    733
  1217    733
  1218    733
  1219    733
  1220    733
  1221    733
  1228    733
  1229    733
  1230    733
  1231    733
  1232    733
  1264    733
  1265    733
  1266    733
  1267    733
  1268    733
  1269    733
  1271    733
  1272    733
  1279    733
  1280    733
  1281    733
  1282    733
  1283    733
  1284    733
  1285    733
  1286    733
  1287    733
  1288    733
  1293    733
  1294    733
  1295    733
  1296    733
  1300    733
  1301    733
  1185    734
  1186    734
  1199    734
  1200    734
  1201    734
  1202    734
  1203    734
  1204    734
  1205    734
  1206    734
  1207    734
  1208    734
  1209    734
  1210    734
  1258    734
  1259    734
  1260    734
  1261    734
  1262    734
  1263    734
  1264    734
  1265    734
  1266    734
  1267    734
  1268    734
  1274    734
  1275    734
  1276    734
  1277    734
  1278    734
  1279    734
  1280    734
  1281    734
  1282    734
  1287    734
  1288    734
  1289    734
  1290    734
  1291    734
  1294    734
  1295    734
  1296    734
  1200    735
  1201    735
  1202    735
  1203    735
  1204    735
  1205    735
  1206    735
  1207    735
  1208    735
  1253    735
  1254    735
  1255    735
  1256    735
  1257    735
  1258    735
  1259    735
  1260    735
  1261    735
  1262    735
  1263    735
  1268    735
  1269    735
  1270    735
  1274    735
  1275    735
  1276    735
  1277    735
  1283    735
  1284    735
  1285    735
  1286    735
  1287    735
  1289    735
  1290    735
  1291    735
  1247    736
  1248    736
  1249    736
  1250    736
  1251    736
  1252    736
  1253    736
  1254    736
  1255    736
  1256    736
  1257    736
  1258    736
  1264    736
  1265    736
  1278    736
  1279    736
  1280    736
  1284    736
  1285    736
  1286    736
  1287    736
  1248    737
  1249    737
  1258    737
  1259    737
  1260    737
  1261    737
  1280    737
  1281    737
  1253    738
  1254    738
  1255    738
  1256    738
  1257    738
  1258    738
  1259    738
  1260    738
  1261    738
  1248    739
  1249    739
  1250    739
  1251    739
  1252    739
  1253    739
  1254    739
  1255    739
  1256    739
  1257    739
  1228    740
  1229    740
  1230    740
  1231    740
  1232    740
  1233    740
  1243    740
  1244    740
  1245    740
  1246    740
  1247    740
  1248    740
  1249    740
  1250    740
  1251    740
  1252    740
  1224    741
  1225    741
  1226    741
  1227    741
  1228    741
  1229    741
  1230    741
  1231    741
  1232    741
  1233    741
  1234    741
  1239    741
  1240    741
  1241    741
  1242    741
  1243    741
  1244    741
  1245    741
  1246    741
  1247    741
  1248    741
  1255    741
  1256    741
  1257    741
  1258    741
  1221    742
  1222    742
  1223    742
  1224    742
  1225    742
  1226    742
  1227    742
  1228    742
  1229    742
  1230    742
  1236    742
  1237    742
  1238    742
  1239    742
  1240    742
  1241    742
  1242    742
  1243    742
  1244    742
  1245    742
  1251    742
  1252    742
  1253    742
  1254    742
  1216    743
  1217    743
  1218    743
  1219    743
  1220    743
  1221    743
  1222    743
  1223    743
  1224    743
  1225    743
  1232    743
  1233    743
  1234    743
  1235    743
  1236    743
  1237    743
  1238    743
  1239    743
  1240    743
  1246    743
  1247    743
  1248    743
  1249    743
  1250    743
  1251    743
  1252    743
  1253    743
  1254    743
  1255    743
  1211    744
  1212    744
  1213    744
  1214    744
  1215    744
  1216    744
  1217    744
  1218    744
  1219    744
  1220    744
  1228    744
  1229    744
  1230    744
  1231    744
  1232    744
  1233    744
  1234    744
  1235    744
  1236    744
  1244    744
  1245    744
  1246    744
  1250    744
  1251    744
  1252    744
  1207    745
  1208    745
  1209    745
  1210    745
  1211    745
  1212    745
  1213    745
  1214    745
  1215    745
  1216    745
  1217    745
  1224    745
  1225    745
  1226    745
  1227    745
  1228    745
  1229    745
  1230    745
  1231    745
  1232    745
  1239    745
  1240    745
  1241    745
  1242    745
  1243    745
  1246    745
  1247    745
  1248    745
  1202    746
  1203    746
  1204    746
  1205    746
  1206    746
  1207    746
  1208    746
  1209    746
  1210    746
  1211    746
  1212    746
  1220    746
  1221    746
  1222    746
  1223    746
  1224    746
  1225    746
  1226    746
  1227    746
  1228    746
  1229    746
  1235    746
  1236    746
  1237    746
  1238    746
  1239    746
  1240    746
  1242    746
  1243    746
  1244    746
  1245    746
  1199    747
  1200    747
  1201    747
  1202    747
  1203    747
  1204    747
  1205    747
  1206    747
  1207    747
  1208    747
  1209    747
  1216    747
  1217    747
  1218    747
  1219    747
  1220    747
  1221    747
  1222    747
  1223    747
  1224    747
  1225    747
  1232    747
  1233    747
  1234    747
  1235    747
  1236    747
  1237    747
  1238    747
  1239    747
  1240    747
  1241    747
  1195    748
  1196    748
  1197    748
  1198    748
  1199    748
  1200    748
  1201    748
  1202    748
  1203    748
  1204    748
  1212    748
  1213    748
  1214    748
  1215    748
  1218    748
  1219    748
  1220    748
  1221    748
  1229    748
  1230    748
  1231    748
  1232    748
  1233    748
  1234    748
  1235    748
  1236    748
  1237    748
  1238    748
  1191    749
  1192    749
  1193    749
  1194    749
  1195    749
  1196    749
  1197    749
  1198    749
  1199    749
  1200    749
  1201    749
  1209    749
  1210    749
  1211    749
  1212    749
  1216    749
  1217    749
  1218    749
  1226    749
  1227    749
  1228    749
  1229    749
  1231    749
  1232    749
  1233    749
  1234    749
  1235    749
  1193    750
  1194    750
  1195    750
  1196    750
  1197    750
  1205    750
  1206    750
  1207    750
  1208    750
  1213    750
  1214    750
  1222    750
  1223    750
  1224    750
  1225    750
  1229    750
  1230    750
  1231    750
  1189    751
  1190    751
  1191    751
  1192    751
  1193    751
  1194    751
  1201    751
  1202    751
  1203    751
  1204    751
  1205    751
  1210    751
  1211    751
  1226    751
  1227    751
  1228    751
  1199    752
  1200    752
  1201    752
  1202    752
  1203    752
  1205    752
  1206    752
  1207    752
  1208    752
  1196    753
  1197    753
  1198    753
  1199    753
  1200    753
  1202    753
  1203    753
  1204    753
  1193    754
  1194    754
  1195    754
  1196    754
  1197    754
  1198    754
  1199    754
  1200    754
  1201    754
  1202    754
  1189    755
  1190    755
  1191    755
  1192    755
  1193    755
  1194    755
  1195    755
  1196    755
  1197    755
  1198    755
  1199    755
  1169    756
  1170    756
  1171    756
  1172    756
  1187    756
  1188    756
  1189    756
  1190    756
  1191    756
  1192    756
  1193    756
  1194    756
  1195    756
  1196    756
  1204    756
  1205    756
  1206    756
  1207    756
  1208    756
  1209    756
  1210    756
  1165    757
  1166    757
  1167    757
  1168    757
  1169    757
  1170    757
  1171    757
  1172    757
  1174    757
  1175    757
  1184    757
  1185    757
  1186    757
  1187    757
  1188    757
  1189    757
  1190    757
  1191    757
  1192    757
  1193    757
  1202    757
  1203    757
  1204    757
  1205    757
  1206    757
  1207    757
  1208    757
  1162    758
  1163    758
  1164    758
  1165    758
  1166    758
  1167    758
  1168    758
  1169    758
  1170    758
  1171    758
  1172    758
  1173    758
  1180    758
  1181    758
  1182    758
  1183    758
  1184    758
  1185    758
  1189    758
  1190    758
  1199    758
  1200    758
  1201    758
  1202    758
  1203    758
  1204    758
  1205    758
  1206    758
  1207    758
  1208    758
  1209    758
  1210    758
  1159    759
  1160    759
  1161    759
  1162    759
  1163    759
  1164    759
  1165    759
  1166    759
  1167    759
  1168    759
  1169    759
  1170    759
  1178    759
  1179    759
  1180    759
  1181    759
  1182    759
  1183    759
  1184    759
  1185    759
  1186    759
  1187    759
  1188    759
  1197    759
  1198    759
  1199    759
  1200    759
  1201    759
  1202    759
  1203    759
  1204    759
  1205    759
  1206    759
  1207    759
  1157    760
  1158    760
  1159    760
  1160    760
  1161    760
  1162    760
  1163    760
  1164    760
  1165    760
  1166    760
  1167    760
  1175    760
  1176    760
  1177    760
  1178    760
  1179    760
  1180    760
  1181    760
  1182    760
  1183    760
  1184    760
  1185    760
  1194    760
  1195    760
  1196    760
  1197    760
  1198    760
  1199    760
  1200    760
  1201    760
  1202    760
  1203    760
  1204    760
  1154    761
  1155    761
  1156    761
  1157    761
  1158    761
  1159    761
  1160    761
  1161    761
  1162    761
  1163    761
  1164    761
  1165    761
  1173    761
  1174    761
  1175    761
  1176    761
  1177    761
  1178    761
  1179    761
  1180    761
  1181    761
  1182    761
  1183    761
  1192    761
  1193    761
  1194    761
  1195    761
  1196    761
  1197    761
  1198    761
  1199    761
  1200    761
  1201    761
  1202    761
  1151    762
  1152    762
  1153    762
  1154    762
  1155    762
  1156    762
  1157    762
  1158    762
  1159    762
  1160    762
  1161    762
  1162    762
  1171    762
  1172    762
  1173    762
  1174    762
  1175    762
  1176    762
  1177    762
  1178    762
  1179    762
  1180    762
  1181    762
  1189    762
  1190    762
  1191    762
  1192    762
  1193    762
  1194    762
  1195    762
  1196    762
  1197    762
  1198    762
  1199    762
  1200    762
  1149    763
  1150    763
  1151    763
  1152    763
  1153    763
  1154    763
  1155    763
  1156    763
  1157    763
  1158    763
  1159    763
  1160    763
  1168    763
  1169    763
  1170    763
  1171    763
  1172    763
  1173    763
  1174    763
  1175    763
  1176    763
  1177    763
  1178    763
  1187    763
  1188    763
  1189    763
  1190    763
  1191    763
  1192    763
  1193    763
  1194    763
  1195    763
  1196    763
  1197    763
  1198    763
  1146    764
  1147    764
  1148    764
  1149    764
  1150    764
  1151    764
  1152    764
  1153    764
  1154    764
  1155    764
  1156    764
  1157    764
  1166    764
  1167    764
  1168    764
  1169    764
  1170    764
  1171    764
  1172    764
  1173    764
  1174    764
  1175    764
  1176    764
  1185    764
  1186    764
  1187    764
  1188    764
  1189    764
  1190    764
  1191    764
  1192    764
  1193    764
  1194    764
  1195    764
  1196    764
  1197    764
  1144    765
  1145    765
  1146    765
  1147    765
  1148    765
  1149    765
  1150    765
  1151    765
  1152    765
  1153    765
  1154    765
  1155    765
  1164    765
  1165    765
  1166    765
  1167    765
  1168    765
  1169    765
  1170    765
  1171    765
  1172    765
  1173    765
  1174    765
  1183    765
  1184    765
  1185    765
  1186    765
  1187    765
  1188    765
  1189    765
  1190    765
  1191    765
  1192    765
  1193    765
  1194    765
  1195    765
  1142    766
  1143    766
  1144    766
  1145    766
  1146    766
  1147    766
  1148    766
  1149    766
  1150    766
  1151    766
  1152    766
  1153    766
  1162    766
  1163    766
  1164    766
  1165    766
  1166    766
  1167    766
  1168    766
  1169    766
  1170    766
  1171    766
  1172    766
  1182    766
  1183    766
  1184    766
  1185    766
  1186    766
  1187    766
  1188    766
  1189    766
  1190    766
  1191    766
  1192    766
  1193    766
  1140    767
  1141    767
  1142    767
  1143    767
  1144    767
  1145    767
  1146    767
  1147    767
  1148    767
  1149    767
  1150    767
  1151    767
  1160    767
  1161    767
  1162    767
  1163    767
  1164    767
  1165    767
  1166    767
  1167    767
  1168    767
  1169    767
  1170    767
  1179    767
  1180    767
  1181    767
  1182    767
  1183    767
  1184    767
  1185    767
  1186    767
  1187    767
  1188    767
  1189    767
  1190    767
  1191    767
  1137    768
  1138    768
  1139    768
  1140    768
  1141    768
  1142    768
  1143    768
  1144    768
  1145    768
  1146    768
  1147    768
  1148    768
  1149    768
  1158    768
  1159    768
  1160    768
  1161    768
  1162    768
  1163    768
  1164    768
  1165    768
  1166    768
  1167    768
  1178    768
  1179    768
  1180    768
  1181    768
  1182    768
  1183    768
  1184    768
  1185    768
  1186    768
  1187    768
  1188    768
  1189    768
  1135    769
  1136    769
  1137    769
  1138    769
  1139    769
  1140    769
  1141    769
  1142    769
  1143    769
  1144    769
  1145    769
  1146    769
  1147    769
  1156    769
  1157    769
  1158    769
  1159    769
  1160    769
  1161    769
  1162    769
  1163    769
  1164    769
  1165    769
  1166    769
  1177    769
  1178    769
  1179    769
  1180    769
  1181    769
  1182    769
  1183    769
  1184    769
  1185    769
  1186    769
  1187    769
  1188    769
  1136    770
  1137    770
  1138    770
  1139    770
  1140    770
  1141    770
  1142    770
  1143    770
  1144    770
  1154    770
  1155    770
  1156    770
  1157    770
  1158    770
  1159    770
  1160    770
  1161    770
  1162    770
  1163    770
  1164    770
  1175    770
  1176    770
  1177    770
  1178    770
  1179    770
  1180    770
  1181    770
  1182    770
  1183    770
  1184    770
  1185    770
  1186    770
  1136    771
  1137    771
  1138    771
  1139    771
  1140    771
  1141    771
  1142    771
  1152    771
  1153    771
  1154    771
  1155    771
  1156    771
  1157    771
  1158    771
  1159    771
  1160    771
  1161    771
  1162    771
  1177    771
  1178    771
  1179    771
  1180    771
  1181    771
  1182    771
  1183    771
  1184    771
  1150    772
  1151    772
  1152    772
  1153    772
  1154    772
  1155    772
  1156    772
  1157    772
  1158    772
  1159    772
  1160    772
  1177    772
  1178    772
  1179    772
  1180    772
  1181    772
  1182    772
  1148    773
  1149    773
  1150    773
  1151    773
  1152    773
  1153    773
  1154    773
  1155    773
  1156    773
  1157    773
  1158    773
  1147    774
  1148    774
  1149    774
  1150    774
  1151    774
  1152    774
  1153    774
  1154    774
  1155    774
  1156    774
  1157    774
  1145    775
  1146    775
  1147    775
  1148    775
  1149    775
  1150    775
  1151    775
  1152    775
  1153    775
  1154    775
  1155    775
  1143    776
  1144    776
  1145    776
  1146    776
  1147    776
  1148    776
  1149    776
  1150    776
  1151    776
  1152    776
  1153    776
  1140    777
  1141    777
  1142    777
  1143    777
  1144    777
  1145    777
  1146    777
  1147    777
  1148    777
  1149    777
  1150    777
  1151    777
  1152    777
  1117    778
  1118    778
  1119    778
  1120    778
  1121    778
  1122    778
  1123    778
  1124    778
  1139    778
  1140    778
  1141    778
  1142    778
  1143    778
  1144    778
  1145    778
  1146    778
  1147    778
  1148    778
  1149    778
  1150    778
  1115    779
  1116    779
  1117    779
  1118    779
  1119    779
  1120    779
  1121    779
  1122    779
  1123    779
  1137    779
  1138    779
  1139    779
  1140    779
  1141    779
  1142    779
  1143    779
  1144    779
  1145    779
  1146    779
  1147    779
  1148    779
  1159    779
  1160    779
  1161    779
  1162    779
  1163    779
  1164    779
  1165    779
  1166    779
  1167    779
  1113    780
  1114    780
  1115    780
  1116    780
  1117    780
  1118    780
  1119    780
  1120    780
  1121    780
  1122    780
  1123    780
  1124    780
  1125    780
  1136    780
  1137    780
  1138    780
  1139    780
  1140    780
  1141    780
  1142    780
  1143    780
  1144    780
  1145    780
  1146    780
  1157    780
  1158    780
  1159    780
  1160    780
  1161    780
  1162    780
  1163    780
  1164    780
  1165    780
  1166    780
  1167    780
  1111    781
  1112    781
  1113    781
  1114    781
  1115    781
  1116    781
  1117    781
  1118    781
  1119    781
  1120    781
  1121    781
  1122    781
  1123    781
  1134    781
  1135    781
  1136    781
  1137    781
  1138    781
  1139    781
  1140    781
  1141    781
  1142    781
  1143    781
  1144    781
  1145    781
  1156    781
  1157    781
  1158    781
  1159    781
  1160    781
  1161    781
  1162    781
  1163    781
  1164    781
  1165    781
  1166    781
  1167    781
  1108    782
  1109    782
  1110    782
  1111    782
  1112    782
  1113    782
  1114    782
  1115    782
  1116    782
  1117    782
  1118    782
  1119    782
  1120    782
  1121    782
  1132    782
  1133    782
  1134    782
  1135    782
  1136    782
  1137    782
  1138    782
  1139    782
  1140    782
  1141    782
  1142    782
  1143    782
  1154    782
  1155    782
  1156    782
  1157    782
  1158    782
  1159    782
  1160    782
  1161    782
  1162    782
  1163    782
  1164    782
  1165    782
  1166    782
  1107    783
  1108    783
  1109    783
  1110    783
  1111    783
  1112    783
  1113    783
  1114    783
  1115    783
  1116    783
  1117    783
  1118    783
  1119    783
  1131    783
  1132    783
  1133    783
  1134    783
  1135    783
  1136    783
  1137    783
  1138    783
  1139    783
  1140    783
  1141    783
  1152    783
  1153    783
  1154    783
  1155    783
  1156    783
  1157    783
  1158    783
  1159    783
  1160    783
  1161    783
  1162    783
  1163    783
  1164    783
  1105    784
  1106    784
  1107    784
  1108    784
  1109    784
  1110    784
  1111    784
  1112    784
  1113    784
  1114    784
  1115    784
  1116    784
  1117    784
  1118    784
  1129    784
  1130    784
  1131    784
  1132    784
  1133    784
  1134    784
  1135    784
  1136    784
  1137    784
  1138    784
  1139    784
  1140    784
  1150    784
  1151    784
  1152    784
  1153    784
  1154    784
  1155    784
  1156    784
  1157    784
  1158    784
  1159    784
  1160    784
  1161    784
  1162    784
  1163    784
  1103    785
  1104    785
  1105    785
  1106    785
  1107    785
  1108    785
  1109    785
  1110    785
  1111    785
  1112    785
  1113    785
  1114    785
  1115    785
  1116    785
  1127    785
  1128    785
  1129    785
  1130    785
  1131    785
  1132    785
  1133    785
  1134    785
  1135    785
  1136    785
  1137    785
  1138    785
  1139    785
  1149    785
  1150    785
  1151    785
  1152    785
  1153    785
  1154    785
  1155    785
  1156    785
  1157    785
  1158    785
  1159    785
  1160    785
  1161    785
  1162    785
  1101    786
  1102    786
  1103    786
  1104    786
  1105    786
  1106    786
  1107    786
  1108    786
  1109    786
  1110    786
  1111    786
  1112    786
  1113    786
  1114    786
  1126    786
  1127    786
  1128    786
  1129    786
  1130    786
  1131    786
  1132    786
  1133    786
  1134    786
  1135    786
  1136    786
  1137    786
  1147    786
  1148    786
  1149    786
  1150    786
  1151    786
  1152    786
  1153    786
  1154    786
  1155    786
  1156    786
  1157    786
  1158    786
  1159    786
  1160    786
  1099    787
  1100    787
  1101    787
  1102    787
  1103    787
  1104    787
  1105    787
  1106    787
  1107    787
  1108    787
  1109    787
  1110    787
  1111    787
  1112    787
  1124    787
  1125    787
  1126    787
  1127    787
  1128    787
  1129    787
  1130    787
  1131    787
  1132    787
  1133    787
  1134    787
  1135    787
  1136    787
  1146    787
  1147    787
  1148    787
  1149    787
  1150    787
  1151    787
  1152    787
  1153    787
  1154    787
  1155    787
  1156    787
  1157    787
  1158    787
  1159    787
  1098    788
  1099    788
  1100    788
  1101    788
  1102    788
  1103    788
  1104    788
  1105    788
  1106    788
  1107    788
  1108    788
  1109    788
  1110    788
  1122    788
  1123    788
  1124    788
  1125    788
  1126    788
  1127    788
  1128    788
  1129    788
  1130    788
  1131    788
  1132    788
  1133    788
  1134    788
  1135    788
  1144    788
  1145    788
  1146    788
  1147    788
  1148    788
  1149    788
  1150    788
  1151    788
  1152    788
  1153    788
  1154    788
  1155    788
  1156    788
  1157    788
  1095    789
  1096    789
  1097    789
  1098    789
  1099    789
  1100    789
  1101    789
  1102    789
  1103    789
  1104    789
  1105    789
  1106    789
  1107    789
  1108    789
  1109    789
  1121    789
  1122    789
  1123    789
  1124    789
  1125    789
  1126    789
  1127    789
  1128    789
  1129    789
  1130    789
  1131    789
  1132    789
  1133    789
  1143    789
  1144    789
  1145    789
  1146    789
  1147    789
  1148    789
  1149    789
  1150    789
  1151    789
  1152    789
  1153    789
  1154    789
  1155    789
  1156    789
  1094    790
  1095    790
  1096    790
  1097    790
  1098    790
  1099    790
  1100    790
  1101    790
  1102    790
  1103    790
  1104    790
  1105    790
  1106    790
  1107    790
  1120    790
  1121    790
  1122    790
  1123    790
  1124    790
  1125    790
  1126    790
  1127    790
  1128    790
  1129    790
  1130    790
  1131    790
  1132    790
  1142    790
  1143    790
  1144    790
  1145    790
  1146    790
  1147    790
  1148    790
  1149    790
  1150    790
  1151    790
  1152    790
  1153    790
  1154    790
  1155    790
  1092    791
  1093    791
  1094    791
  1095    791
  1096    791
  1097    791
  1098    791
  1099    791
  1100    791
  1101    791
  1102    791
  1103    791
  1104    791
  1105    791
  1118    791
  1119    791
  1120    791
  1121    791
  1122    791
  1123    791
  1124    791
  1125    791
  1126    791
  1127    791
  1128    791
  1129    791
  1130    791
  1141    791
  1142    791
  1143    791
  1144    791
  1145    791
  1146    791
  1147    791
  1148    791
  1149    791
  1150    791
  1151    791
  1152    791
  1153    791
  1091    792
  1092    792
  1093    792
  1094    792
  1095    792
  1096    792
  1097    792
  1098    792
  1099    792
  1100    792
  1101    792
  1102    792
  1103    792
  1104    792
  1117    792
  1118    792
  1119    792
  1120    792
  1121    792
  1122    792
  1123    792
  1124    792
  1125    792
  1126    792
  1127    792
  1128    792
  1129    792
  1140    792
  1141    792
  1142    792
  1143    792
  1144    792
  1145    792
  1146    792
  1147    792
  1148    792
  1149    792
  1150    792
  1151    792
  1152    792
