  1427    712
  1428    712
  1422    713
  1423    713
  1424    713
  1425    713
  1426    713
  1404    714
  1405    714
  1406    714
  1407    714
  1408    714
  1409    714
  1410    714
  1411    714
  1412    714
  1413    714
  1414    714
  1415    714
  1416    714
  1396    715
  1397    715
  1398    715
  1399    715
  1400    715
  1401    715
  1402    715
  1403    715
  1404    715
  1405    715
  1406    715
  1407    715
  1408    715
  1409    715
  1410    715
  1411    715
  1424    715
  1425    715
  1426    715
  1427    715
  1428    715
  1386    716
  1387    716
  1388    716
  1389    716
  1390    716
  1391    716
  1392    716
  1393    716
  1394    716
  1395    716
  1396    716
  1397    716
  1398    716
  1399    716
  1400    716
  1401    716
  1402    716
  1403    716
  1404    716
  1405    716
  1406    716
  1407    716
  1408    716
  1379    717
  1380    717
  1381    717
  1382    717
  1383    717
  1384    717
  1385    717
  1386    717
  1387    717
  1388    717
  1391    717
  1392    717
  1393    717
  1394    717
  1395    717
  1396    717
  1397    717
  1398    717
  1399    717
  1400    717
  1401    717
  1402    717
  1403    717
  1404    717
  1405    717
  1406    717
  1407    717
  1367    718
  1368    718
  1369    718
  1370    718
  1371    718
  1372    718
  1373    718
  1374    718
  1375    718
  1376    718
  1377    718
  1378    718
  1379    718
  1380    718
  1381    718
  1382    718
  1389    718
  1390    718
  1391    718
  1401    718
  1402    718
  1403    718
  1404    718
  1405    718
  1358    719
  1359    719
  1360    719
  1361    719
  1362    719
  1363    719
  1364    719
  1365    719
  1366    719
  1367    719
  1368    719
  1369    719
  1370    719
  1371    719
  1372    719
  1373    719
  1374    719
  1375    719
  1376    719
  1355    720
  1356    720
  1357    720
  1358    720
  1359    720
  1360    720
  1361    720
  1362    720
  1363    720
  1364    720
  1365    720
  1366    720
  1367    720
  1368    720
  1369    720
  1370    720
  1371    720
  1372    720
  1379    720
  1380    720
  1346    721
  1347    721
  1355    721
  1356    721
  1357    721
  1358    721
  1363    721
  1364    721
  1365    721
  1366    721
  1367    721
  1368    721
  1369    721
  1370    721
  1371    721
  1372    721
  1373    721
  1374    721
  1328    722
  1329    722
  1330    722
  1331    722
  1332    722
  1333    722
  1334    722
  1335    722
  1344    722
  1345    722
  1346    722
  1347    722
  1356    722
  1357    722
  1358    722
  1359    722
  1360    722
  1361    722
  1362    722
  1363    722
  1364    722
  1365    722
  1366    722
  1367    722
  1368    722
  1369    722
  1314    723
  1315    723
  1316    723
  1317    723
  1318    723
  1319    723
  1320    723
  1321    723
  1322    723
  1323    723
  1324    723
  1325    723
  1326    723
  1327    723
  1328    723
  1329    723
  1330    723
  1331    723
  1332    723
  1333    723
  1334    723
  1335    723
  1336    723
  1337    723
  1338    723
  1339    723
  1340    723
  1348    723
  1349    723
  1350    723
  1354    723
  1355    723
  1356    723
  1357    723
  1358    723
  1359    723
  1360    723
  1361    723
  1366    723
  1367    723
  1368    723
  1369    723
  1307    724
  1308    724
  1309    724
  1310    724
  1311    724
  1312    724
  1313    724
  1314    724
  1315    724
  1316    724
  1317    724
  1318    724
  1319    724
  1320    724
  1321    724
  1322    724
  1323    724
  1324    724
  1325    724
  1326    724
  1327    724
  1328    724
  1329    724
  1330    724
  1331    724
  1332    724
  1343    724
  1344    724
  1345    724
  1350    724
  1351    724
  1352    724
  1353    724
  1354    724
  1361    724
  1362    724
  1296    725
  1297    725
  1298    725
  1299    725
  1300    725
  1301    725
  1302    725
  1303    725
  1304    725
  1305    725
  1306    725
  1307    725
  1308    725
  1309    725
  1310    725
  1311    725
  1312    725
  1313    725
  1314    725
  1315    725
  1316    725
  1317    725
  1318    725
  1319    725
  1320    725
  1321    725
  1322    725
  1323    725
  1324    725
  1325    725
  1326    725
  1327    725
  1329    725
  1330    725
  1331    725
  1332    725
  1333    725
  1334    725
  1335    725
  1336    725
  1337    725
  1338    725
  1339    725
  1340    725
  1341    725
  1342    725
  1343    725
  1344    725
  1345    725
  1346    725
  1347    725
  1348    725
  1349    725
  1355    725
  1356    725
  1286    726
  1287    726
  1288    726
  1289    726
  1290    726
  1291    726
  1293    726
  1294    726
  1295    726
  1296    726
  1297    726
  1298    726
  1299    726
  1300    726
  1301    726
  1302    726
  1303    726
  1304    726
  1305    726
  1306    726
  1307    726
  1308    726
  1309    726
  1310    726
  1311    726
  1312    726
  1313    726
  1314    726
  1315    726
  1316    726
  1317    726
  1318    726
  1319    726
  1320    726
  1321    726
  1322    726
  1323    726
  1324    726
  1325    726
  1328    726
  1329    726
  1330    726
  1331    726
  1333    726
  1334    726
  1335    726
  1338    726
  1339    726
  1340    726
  1341    726
  1349    726
  1350    726
  1276    727
  1277    727
  1278    727
  1290    727
  1291    727
  1292    727
  1293    727
  1294    727
  1303    727
  1304    727
  1305    727
  1306    727
  1307    727
  1308    727
  1309    727
  1310    727
  1311    727
  1312    727
  1313    727
  1314    727
  1315    727
  1316    727
  1317    727
  1318    727
  1319    727
  1323    727
  1324    727
  1325    727
  1329    727
  1330    727
  1331    727
  1333    727
  1334    727
  1335    727
  1342    727
  1343    727
  1344    727
  1275    728
  1276    728
  1277    728
  1279    728
  1280    728
  1281    728
  1282    728
  1283    728
  1284    728
  1285    728
  1286    728
  1287    728
  1288    728
  1289    728
  1290    728
  1291    728
  1297    728
  1298    728
  1299    728
  1300    728
  1301    728
  1302    728
  1308    728
  1309    728
  1310    728
  1311    728
  1312    728
  1317    728
  1318    728
  1319    728
  1320    728
  1321    728
  1268    729
  1269    729
  1270    729
  1271    729
  1272    729
  1275    729
  1276    729
  1277    729
  1278    729
  1279    729
  1309    729
  1310    729
  1311    729
  1312    729
  1313    729
  1314    729
  1315    729
  1316    729
  1317    729
  1318    729
  1319    729
  1243    730
  1244    730
  1245    730
  1246    730
  1252    730
  1253    730
  1254    730
  1255    730
  1256    730
  1257    730
  1258    730
  1259    730
  1260    730
  1261    730
  1262    730
  1269    730
  1272    730
  1273    730
  1274    730
  1275    730
  1276    730
  1291    730
  1292    730
  1293    730
  1294    730
  1295    730
  1296    730
  1297    730
  1303    730
  1304    730
  1305    730
  1306    730
  1307    730
  1308    730
  1309    730
  1310    730
  1311    730
  1312    730
  1316    730
  1317    730
  1318    730
  1319    730
  1233    731
  1234    731
  1235    731
  1236    731
  1237    731
  1238    731
  1239    731
  1240    731
  1241    731
  1242    731
  1243    731
  1244    731
  1245    731
  1246    731
  1247    731
  1248    731
  1260    731
  1261    731
  1262    731
  1263    731
  1264    731
  1265    731
  1266    731
  1267    731
  1268    731
  1269    731
  1270    731
  1285    731
  1286    731
  1287    731
  1288    731
  1289    731
  1290    731
  1291    731
  1292    731
  1293    731
  1294    731
  1295    731
  1297    731
  1298    731
  1299    731
  1300    731
  1301    731
  1302    731
  1303    731
  1304    731
  1305    731
  1306    731
  1307    731
  1312    731
  1313    731
  1314    731
  1315    731
  1318    731
  1319    731
  1320    731
  1321    731
  1219    732
  1220    732
  1221    732
  1222    732
  1223    732
  1224    732
  1225    732
  1226    732
  1227    732
  1228    732
  1229    732
  1230    732
  1231    732
  1232    732
  1233    732
  1234    732
  1235    732
  1236    732
  1237    732
  1238    732
  1239    732
  1240    732
  1241    732
  1242    732
  1243    732
  1253    732
  1254    732
  1255    732
  1256    732
  1257    732
  1258    732
  1279    732
  1280    732
  1281    732
  1282    732
  1283    732
  1284    732
  1285    732
  1286    732
  1287    732
  1288    732
  1289    732
  1293    732
  1294    732
  1295    732
  1296    732
  1297    732
  1298    732
  1299    732
  1300    732
  1301    732
  1302    732
  1307    732
  1308    732
  1309    732
  1310    732
  1311    732
  1313    732
  1314    732
  1315    732
  1316    732
  1208    733
  1209    733
  1210    733
  1211    733
  1212    733
  1213    733
  1216    733
  1217    733
  1218    733
  1219    733
  1220    733
  1221    733
  1222    733
  1223    733
  1224    733
  1225    733
  1226    733
  1227    733
  1228    733
  1229    733
  1230    733
  1272    733
  1273    733
  1274    733
  1275    733
  1276    733
  1277    733
  1278    733
  1279    733
  1280    733
  1281    733
  1282    733
  1287    733
  1288    733
  1289    733
  1290    733
  1291    733
  1292    733
  1293    733
  1294    733
  1295    733
  1296    733
  1301    733
  1302    733
  1303    733
  1307    733
  1308    733
  1309    733
  1310    733
  1198    734
  1199    734
  1208    734
  1209    734
  1210    734
  1211    734
  1212    734
  1213    734
  1214    734
  1215    734
  1216    734
  1217    734
  1218    734
  1219    734
  1220    734
  1221    734
  1222    734
  1223    734
  1224    734
  1225    734
  1226    734
  1235    734
  1236    734
  1267    734
  1268    734
  1269    734
  1270    734
  1271    734
  1272    734
  1273    734
  1274    734
  1275    734
  1276    734
  1277    734
  1281    734
  1282    734
  1283    734
  1284    734
  1285    734
  1286    734
  1287    734
  1288    734
  1289    734
  1290    734
  1295    734
  1296    734
  1297    734
  1298    734
  1299    734
  1302    734
  1303    734
  1304    734
  1186    735
  1206    735
  1207    735
  1208    735
  1209    735
  1210    735
  1212    735
  1213    735
  1214    735
  1215    735
  1216    735
  1217    735
  1218    735
  1219    735
  1220    735
  1221    735
  1222    735
  1223    735
  1224    735
  1225    735
  1261    735
  1262    735
  1263    735
  1264    735
  1265    735
  1266    735
  1267    735
  1268    735
  1269    735
  1270    735
  1271    735
  1277    735
  1278    735
  1279    735
  1280    735
  1281    735
  1282    735
  1283    735
  1284    735
  1285    735
  1290    735
  1291    735
  1292    735
  1293    735
  1294    735
  1295    735
  1296    735
  1297    735
  1298    735
  1299    735
  1300    735
  1209    736
  1210    736
  1211    736
  1212    736
  1256    736
  1257    736
  1258    736
  1259    736
  1262    736
  1263    736
  1264    736
  1265    736
  1266    736
  1272    736
  1273    736
  1277    736
  1278    736
  1279    736
  1280    736
  1285    736
  1286    736
  1287    736
  1288    736
  1289    736
  1293    736
  1294    736
  1295    736
  1186    737
  1187    737
  1188    737
  1189    737
  1190    737
  1250    737
  1251    737
  1252    737
  1253    737
  1254    737
  1255    737
  1256    737
  1257    737
  1258    737
  1259    737
  1260    737
  1261    737
  1267    737
  1268    737
  1269    737
  1274    737
  1275    737
  1280    737
  1281    737
  1282    737
  1283    737
  1284    737
  1286    737
  1287    737
  1288    737
  1289    737
  1290    737
  1291    737
  1249    738
  1250    738
  1251    738
  1252    738
  1253    738
  1254    738
  1255    738
  1256    738
  1262    738
  1263    738
  1264    738
  1265    738
  1266    738
  1269    738
  1270    738
  1277    738
  1278    738
  1282    738
  1283    738
  1284    738
  1256    739
  1257    739
  1258    739
  1259    739
  1260    739
  1261    739
  1262    739
  1263    739
  1264    739
  1265    739
  1252    740
  1253    740
  1254    740
  1255    740
  1256    740
  1257    740
  1258    740
  1259    740
  1260    740
  1261    740
  1232    741
  1233    741
  1234    741
  1235    741
  1236    741
  1237    741
  1238    741
  1239    741
  1240    741
  1247    741
  1248    741
  1249    741
  1250    741
  1251    741
  1252    741
  1253    741
  1254    741
  1255    741
  1256    741
  1227    742
  1228    742
  1229    742
  1230    742
  1231    742
  1232    742
  1233    742
  1234    742
  1235    742
  1236    742
  1237    742
  1238    742
  1243    742
  1244    742
  1245    742
  1246    742
  1247    742
  1248    742
  1249    742
  1250    742
  1251    742
  1252    742
  1253    742
  1258    742
  1259    742
  1260    742
  1261    742
  1262    742
  1263    742
  1224    743
  1225    743
  1226    743
  1227    743
  1228    743
  1229    743
  1230    743
  1231    743
  1232    743
  1233    743
  1234    743
  1239    743
  1240    743
  1241    743
  1242    743
  1243    743
  1244    743
  1245    743
  1246    743
  1247    743
  1248    743
  1249    743
  1254    743
  1255    743
  1256    743
  1257    743
  1258    743
  1259    743
  1263    743
  1264    743
  1265    743
  1219    744
  1220    744
  1221    744
  1222    744
  1223    744
  1224    744
  1225    744
  1226    744
  1227    744
  1228    744
  1229    744
  1230    744
  1235    744
  1236    744
  1237    744
  1238    744
  1239    744
  1240    744
  1241    744
  1242    744
  1243    744
  1244    744
  1250    744
  1251    744
  1252    744
  1253    744
  1254    744
  1255    744
  1256    744
  1257    744
  1258    744
  1259    744
  1260    744
  1215    745
  1216    745
  1217    745
  1218    745
  1219    745
  1220    745
  1221    745
  1222    745
  1223    745
  1224    745
  1225    745
  1226    745
  1231    745
  1232    745
  1233    745
  1234    745
  1235    745
  1236    745
  1237    745
  1238    745
  1239    745
  1240    745
  1241    745
  1247    745
  1248    745
  1249    745
  1250    745
  1251    745
  1252    745
  1253    745
  1254    745
  1255    745
  1256    745
  1257    745
  1211    746
  1212    746
  1213    746
  1214    746
  1215    746
  1216    746
  1217    746
  1218    746
  1219    746
  1220    746
  1221    746
  1227    746
  1228    746
  1229    746
  1230    746
  1231    746
  1232    746
  1233    746
  1234    746
  1235    746
  1236    746
  1237    746
  1243    746
  1244    746
  1245    746
  1246    746
  1247    746
  1249    746
  1250    746
  1251    746
  1252    746
  1253    746
  1206    747
  1207    747
  1208    747
  1209    747
  1210    747
  1211    747
  1212    747
  1213    747
  1214    747
  1215    747
  1216    747
  1217    747
  1223    747
  1224    747
  1225    747
  1226    747
  1227    747
  1228    747
  1229    747
  1230    747
  1231    747
  1232    747
  1233    747
  1239    747
  1240    747
  1241    747
  1242    747
  1243    747
  1244    747
  1245    747
  1246    747
  1247    747
  1248    747
  1249    747
  1250    747
  1203    748
  1204    748
  1205    748
  1206    748
  1207    748
  1208    748
  1209    748
  1210    748
  1211    748
  1212    748
  1213    748
  1214    748
  1220    748
  1221    748
  1222    748
  1223    748
  1225    748
  1226    748
  1227    748
  1228    748
  1229    748
  1236    748
  1237    748
  1238    748
  1239    748
  1240    748
  1241    748
  1242    748
  1243    748
  1244    748
  1245    748
  1246    748
  1199    749
  1200    749
  1201    749
  1202    749
  1203    749
  1204    749
  1205    749
  1206    749
  1207    749
  1208    749
  1209    749
  1215    749
  1216    749
  1217    749
  1218    749
  1219    749
  1223    749
  1224    749
  1225    749
  1226    749
  1232    749
  1233    749
  1234    749
  1235    749
  1236    749
  1239    749
  1240    749
  1241    749
  1242    749
  1196    750
  1197    750
  1198    750
  1199    750
  1200    750
  1201    750
  1202    750
  1203    750
  1204    750
  1205    750
  1212    750
  1213    750
  1214    750
  1215    750
  1216    750
  1220    750
  1221    750
  1222    750
  1230    750
  1231    750
  1232    750
  1233    750
  1234    750
  1235    750
  1236    750
  1237    750
  1238    750
  1239    750
  1195    751
  1196    751
  1197    751
  1198    751
  1199    751
  1200    751
  1201    751
  1202    751
  1209    751
  1210    751
  1211    751
  1212    751
  1218    751
  1219    751
  1226    751
  1227    751
  1228    751
  1234    751
  1235    751
  1236    751
  1194    752
  1195    752
  1196    752
  1197    752
  1198    752
  1199    752
  1205    752
  1206    752
  1207    752
  1208    752
  1209    752
  1215    752
  1231    752
  1232    752
  1233    752
  1202    753
  1203    753
  1204    753
  1205    753
  1206    753
  1207    753
  1208    753
  1209    753
  1210    753
  1211    753
  1212    753
  1229    753
  1199    754
  1200    754
  1201    754
  1202    754
  1203    754
  1204    754
  1205    754
  1206    754
  1207    754
  1208    754
  1209    754
  1196    755
  1197    755
  1198    755
  1199    755
  1200    755
  1201    755
  1202    755
  1203    755
  1204    755
  1205    755
  1206    755
  1193    756
  1194    756
  1195    756
  1196    756
  1197    756
  1198    756
  1199    756
  1200    756
  1201    756
  1202    756
  1203    756
  1173    757
  1174    757
  1175    757
  1176    757
  1190    757
  1191    757
  1192    757
  1193    757
  1194    757
  1195    757
  1196    757
  1197    757
  1198    757
  1199    757
  1200    757
  1201    757
  1209    757
  1210    757
  1211    757
  1212    757
  1213    757
  1214    757
  1215    757
  1216    757
  1170    758
  1171    758
  1172    758
  1173    758
  1174    758
  1175    758
  1179    758
  1180    758
  1181    758
  1188    758
  1189    758
  1190    758
  1191    758
  1192    758
  1193    758
  1194    758
  1195    758
  1196    758
  1197    758
  1198    758
  1206    758
  1207    758
  1208    758
  1209    758
  1210    758
  1211    758
  1212    758
  1166    759
  1167    759
  1168    759
  1169    759
  1170    759
  1171    759
  1175    759
  1176    759
  1177    759
  1185    759
  1186    759
  1187    759
  1188    759
  1189    759
  1190    759
  1191    759
  1192    759
  1193    759
  1194    759
  1195    759
  1204    759
  1205    759
  1206    759
  1207    759
  1208    759
  1209    759
  1210    759
  1211    759
  1214    759
  1215    759
  1163    760
  1164    760
  1165    760
  1166    760
  1167    760
  1168    760
  1169    760
  1170    760
  1171    760
  1172    760
  1173    760
  1174    760
  1175    760
  1182    760
  1183    760
  1184    760
  1185    760
  1186    760
  1187    760
  1188    760
  1189    760
  1190    760
  1191    760
  1192    760
  1193    760
  1202    760
  1203    760
  1204    760
  1205    760
  1206    760
  1207    760
  1208    760
  1209    760
  1210    760
  1211    760
  1212    760
  1161    761
  1162    761
  1163    761
  1164    761
  1165    761
  1166    761
  1167    761
  1168    761
  1169    761
  1170    761
  1171    761
  1172    761
  1180    761
  1181    761
  1182    761
  1183    761
  1184    761
  1185    761
  1187    761
  1188    761
  1189    761
  1190    761
  1199    761
  1200    761
  1201    761
  1202    761
  1203    761
  1204    761
  1205    761
  1206    761
  1207    761
  1208    761
  1209    761
  1210    761
  1158    762
  1159    762
  1160    762
  1161    762
  1162    762
  1163    762
  1164    762
  1165    762
  1166    762
  1167    762
  1168    762
  1169    762
  1177    762
  1178    762
  1179    762
  1180    762
  1181    762
  1182    762
  1183    762
  1184    762
  1186    762
  1187    762
  1188    762
  1196    762
  1197    762
  1198    762
  1199    762
  1200    762
  1201    762
  1202    762
  1203    762
  1204    762
  1205    762
  1206    762
  1207    762
  1156    763
  1157    763
  1158    763
  1159    763
  1160    763
  1161    763
  1162    763
  1163    763
  1164    763
  1165    763
  1166    763
  1167    763
  1175    763
  1176    763
  1177    763
  1178    763
  1179    763
  1180    763
  1181    763
  1182    763
  1183    763
  1184    763
  1185    763
  1194    763
  1195    763
  1196    763
  1197    763
  1198    763
  1199    763
  1200    763
  1201    763
  1202    763
  1203    763
  1204    763
  1205    763
  1153    764
  1154    764
  1155    764
  1156    764
  1157    764
  1158    764
  1159    764
  1160    764
  1161    764
  1162    764
  1163    764
  1164    764
  1173    764
  1174    764
  1175    764
  1176    764
  1177    764
  1178    764
  1179    764
  1180    764
  1181    764
  1182    764
  1183    764
  1192    764
  1193    764
  1194    764
  1195    764
  1196    764
  1197    764
  1198    764
  1199    764
  1200    764
  1201    764
  1202    764
  1203    764
  1151    765
  1152    765
  1153    765
  1154    765
  1155    765
  1156    765
  1157    765
  1158    765
  1159    765
  1160    765
  1161    765
  1162    765
  1170    765
  1171    765
  1172    765
  1173    765
  1174    765
  1175    765
  1176    765
  1177    765
  1178    765
  1179    765
  1180    765
  1181    765
  1190    765
  1191    765
  1192    765
  1193    765
  1194    765
  1195    765
  1196    765
  1197    765
  1198    765
  1199    765
  1200    765
  1201    765
  1202    765
  1148    766
  1149    766
  1150    766
  1151    766
  1152    766
  1153    766
  1154    766
  1155    766
  1156    766
  1157    766
  1158    766
  1159    766
  1160    766
  1168    766
  1169    766
  1170    766
  1171    766
  1172    766
  1173    766
  1174    766
  1175    766
  1176    766
  1177    766
  1178    766
  1179    766
  1188    766
  1189    766
  1190    766
  1191    766
  1192    766
  1193    766
  1194    766
  1195    766
  1196    766
  1197    766
  1198    766
  1199    766
  1200    766
  1146    767
  1147    767
  1148    767
  1149    767
  1150    767
  1151    767
  1152    767
  1153    767
  1154    767
  1155    767
  1156    767
  1157    767
  1158    767
  1166    767
  1167    767
  1168    767
  1169    767
  1170    767
  1171    767
  1172    767
  1173    767
  1174    767
  1175    767
  1176    767
  1177    767
  1186    767
  1187    767
  1188    767
  1189    767
  1190    767
  1191    767
  1192    767
  1193    767
  1194    767
  1195    767
  1196    767
  1197    767
  1144    768
  1145    768
  1146    768
  1147    768
  1148    768
  1149    768
  1150    768
  1151    768
  1152    768
  1153    768
  1154    768
  1155    768
  1164    768
  1165    768
  1166    768
  1167    768
  1168    768
  1169    768
  1170    768
  1171    768
  1172    768
  1174    768
  1175    768
  1184    768
  1185    768
  1186    768
  1187    768
  1188    768
  1189    768
  1190    768
  1191    768
  1192    768
  1193    768
  1194    768
  1195    768
  1196    768
  1141    769
  1142    769
  1143    769
  1144    769
  1145    769
  1146    769
  1147    769
  1148    769
  1149    769
  1150    769
  1151    769
  1152    769
  1153    769
  1162    769
  1163    769
  1164    769
  1165    769
  1166    769
  1167    769
  1168    769
  1169    769
  1170    769
  1171    769
  1172    769
  1182    769
  1183    769
  1184    769
  1185    769
  1186    769
  1187    769
  1188    769
  1189    769
  1190    769
  1191    769
  1192    769
  1193    769
  1194    769
  1139    770
  1140    770
  1141    770
  1142    770
  1143    770
  1144    770
  1145    770
  1146    770
  1147    770
  1148    770
  1149    770
  1150    770
  1151    770
  1160    770
  1161    770
  1162    770
  1163    770
  1164    770
  1165    770
  1166    770
  1167    770
  1168    770
  1169    770
  1170    770
  1171    770
  1181    770
  1182    770
  1183    770
  1184    770
  1185    770
  1186    770
  1187    770
  1188    770
  1189    770
  1190    770
  1191    770
  1192    770
  1137    771
  1138    771
  1139    771
  1140    771
  1141    771
  1142    771
  1143    771
  1144    771
  1145    771
  1146    771
  1147    771
  1148    771
  1149    771
  1158    771
  1159    771
  1160    771
  1161    771
  1162    771
  1163    771
  1164    771
  1165    771
  1166    771
  1167    771
  1168    771
  1169    771
  1179    771
  1180    771
  1181    771
  1182    771
  1183    771
  1184    771
  1185    771
  1186    771
  1187    771
  1188    771
  1189    771
  1190    771
  1191    771
  1139    772
  1140    772
  1141    772
  1142    772
  1143    772
  1144    772
  1145    772
  1146    772
  1147    772
  1157    772
  1158    772
  1159    772
  1160    772
  1161    772
  1162    772
  1163    772
  1164    772
  1165    772
  1166    772
  1167    772
  1179    772
  1180    772
  1181    772
  1182    772
  1183    772
  1184    772
  1185    772
  1186    772
  1187    772
  1188    772
  1189    772
  1137    773
  1138    773
  1139    773
  1140    773
  1141    773
  1142    773
  1143    773
  1144    773
  1155    773
  1156    773
  1157    773
  1158    773
  1159    773
  1160    773
  1161    773
  1162    773
  1163    773
  1164    773
  1165    773
  1182    773
  1183    773
  1184    773
  1185    773
  1186    773
  1187    773
  1153    774
  1154    774
  1155    774
  1156    774
  1157    774
  1158    774
  1159    774
  1160    774
  1161    774
  1162    774
  1163    774
  1180    774
  1181    774
  1182    774
  1183    774
  1184    774
  1185    774
  1151    775
  1152    775
  1153    775
  1154    775
  1155    775
  1156    775
  1157    775
  1158    775
  1159    775
  1160    775
  1161    775
  1150    776
  1151    776
  1152    776
  1153    776
  1154    776
  1155    776
  1156    776
  1157    776
  1158    776
  1159    776
  1160    776
  1148    777
  1149    777
  1150    777
  1151    777
  1152    777
  1153    777
  1154    777
  1155    777
  1156    777
  1157    777
  1158    777
  1146    778
  1147    778
  1148    778
  1149    778
  1150    778
  1151    778
  1152    778
  1153    778
  1154    778
  1155    778
  1156    778
  1157    778
  1144    779
  1145    779
  1146    779
  1147    779
  1148    779
  1149    779
  1150    779
  1151    779
  1152    779
  1153    779
  1154    779
  1155    779
  1120    780
  1121    780
  1122    780
  1123    780
  1124    780
  1125    780
  1126    780
  1142    780
  1143    780
  1144    780
  1145    780
  1146    780
  1147    780
  1148    780
  1149    780
  1150    780
  1151    780
  1152    780
  1153    780
  1166    780
  1167    780
  1117    781
  1118    781
  1119    781
  1120    781
  1121    781
  1122    781
  1123    781
  1124    781
  1125    781
  1140    781
  1141    781
  1142    781
  1143    781
  1144    781
  1145    781
  1146    781
  1147    781
  1148    781
  1149    781
  1150    781
  1151    781
  1162    781
  1163    781
  1164    781
  1165    781
  1166    781
  1167    781
  1168    781
  1169    781
  1170    781
  1116    782
  1117    782
  1118    782
  1119    782
  1120    782
  1121    782
  1122    782
  1123    782
  1124    782
  1125    782
  1127    782
  1139    782
  1140    782
  1141    782
  1142    782
  1143    782
  1144    782
  1145    782
  1146    782
  1147    782
  1148    782
  1149    782
  1150    782
  1160    782
  1161    782
  1162    782
  1163    782
  1164    782
  1165    782
  1166    782
  1167    782
  1168    782
  1169    782
  1170    782
  1171    782
  1113    783
  1114    783
  1115    783
  1116    783
  1117    783
  1118    783
  1119    783
  1120    783
  1121    783
  1122    783
  1123    783
  1124    783
  1125    783
  1126    783
  1137    783
  1138    783
  1139    783
  1140    783
  1141    783
  1142    783
  1143    783
  1144    783
  1145    783
  1146    783
  1147    783
  1148    783
  1159    783
  1160    783
  1161    783
  1162    783
  1163    783
  1164    783
  1165    783
  1166    783
  1167    783
  1168    783
  1169    783
  1170    783
  1171    783
  1172    783
  1111    784
  1112    784
  1113    784
  1114    784
  1115    784
  1116    784
  1117    784
  1118    784
  1119    784
  1120    784
  1121    784
  1122    784
  1123    784
  1124    784
  1135    784
  1136    784
  1137    784
  1138    784
  1139    784
  1140    784
  1141    784
  1142    784
  1143    784
  1144    784
  1145    784
  1146    784
  1147    784
  1157    784
  1158    784
  1159    784
  1160    784
  1161    784
  1162    784
  1163    784
  1164    784
  1165    784
  1166    784
  1167    784
  1168    784
  1169    784
  1170    784
  1110    785
  1111    785
  1112    785
  1113    785
  1114    785
  1115    785
  1116    785
  1117    785
  1118    785
  1119    785
  1120    785
  1121    785
  1122    785
  1134    785
  1135    785
  1136    785
  1137    785
  1138    785
  1139    785
  1140    785
  1141    785
  1142    785
  1143    785
  1144    785
  1145    785
  1155    785
  1156    785
  1157    785
  1158    785
  1159    785
  1160    785
  1161    785
  1162    785
  1163    785
  1164    785
  1165    785
  1166    785
  1167    785
  1168    785
  1169    785
  1108    786
  1109    786
  1110    786
  1111    786
  1112    786
  1113    786
  1114    786
  1115    786
  1116    786
  1117    786
  1118    786
  1119    786
  1120    786
  1121    786
  1132    786
  1133    786
  1134    786
  1135    786
  1136    786
  1137    786
  1138    786
  1139    786
  1140    786
  1141    786
  1142    786
  1143    786
  1144    786
  1154    786
  1155    786
  1156    786
  1157    786
  1158    786
  1159    786
  1160    786
  1161    786
  1162    786
  1163    786
  1164    786
  1165    786
  1166    786
  1167    786
  1106    787
  1107    787
  1108    787
  1109    787
  1110    787
  1111    787
  1112    787
  1113    787
  1114    787
  1115    787
  1116    787
  1117    787
  1118    787
  1119    787
  1131    787
  1132    787
  1133    787
  1134    787
  1135    787
  1136    787
  1137    787
  1138    787
  1139    787
  1140    787
  1141    787
  1142    787
  1143    787
  1152    787
  1153    787
  1154    787
  1155    787
  1156    787
  1157    787
  1158    787
  1159    787
  1160    787
  1161    787
  1162    787
  1163    787
  1164    787
  1165    787
  1166    787
  1104    788
  1105    788
  1106    788
  1107    788
  1108    788
  1109    788
  1110    788
  1111    788
  1112    788
  1113    788
  1114    788
  1115    788
  1116    788
  1117    788
  1129    788
  1130    788
  1131    788
  1132    788
  1133    788
  1134    788
  1135    788
  1136    788
  1137    788
  1138    788
  1139    788
  1140    788
  1141    788
  1151    788
  1152    788
  1153    788
  1154    788
  1155    788
  1156    788
  1157    788
  1158    788
  1159    788
  1160    788
  1161    788
  1162    788
  1163    788
  1164    788
  1102    789
  1103    789
  1104    789
  1105    789
  1106    789
  1107    789
  1108    789
  1109    789
  1110    789
  1111    789
  1112    789
  1113    789
  1114    789
  1115    789
  1116    789
  1128    789
  1129    789
  1130    789
  1131    789
  1132    789
  1133    789
  1134    789
  1135    789
  1136    789
  1137    789
  1138    789
  1139    789
  1140    789
  1150    789
  1151    789
  1152    789
  1153    789
  1154    789
  1155    789
  1156    789
  1157    789
  1158    789
  1159    789
  1160    789
  1161    789
  1162    789
  1163    789
  1100    790
  1101    790
  1102    790
  1103    790
  1104    790
  1105    790
  1106    790
  1107    790
  1108    790
  1109    790
  1110    790
  1111    790
  1112    790
  1113    790
  1114    790
  1126    790
  1127    790
  1128    790
  1129    790
  1130    790
  1131    790
  1132    790
  1133    790
  1134    790
  1135    790
  1136    790
  1137    790
  1138    790
  1139    790
  1148    790
  1149    790
  1150    790
  1151    790
  1152    790
  1153    790
  1154    790
  1155    790
  1156    790
  1157    790
  1158    790
  1159    790
  1160    790
  1161    790
  1162    790
  1098    791
  1099    791
  1100    791
  1101    791
  1102    791
  1103    791
  1104    791
  1105    791
  1106    791
  1107    791
  1108    791
  1109    791
  1110    791
  1111    791
  1112    791
  1124    791
  1125    791
  1126    791
  1127    791
  1128    791
  1129    791
  1130    791
  1131    791
  1132    791
  1133    791
  1134    791
  1135    791
  1136    791
  1137    791
  1147    791
  1148    791
  1149    791
  1150    791
  1151    791
  1152    791
  1153    791
  1154    791
  1155    791
  1156    791
  1157    791
  1158    791
  1159    791
  1160    791
  1161    791
  1097    792
  1098    792
  1099    792
  1100    792
  1101    792
  1102    792
  1103    792
  1104    792
  1105    792
  1106    792
  1107    792
  1108    792
  1109    792
  1110    792
  1111    792
  1123    792
  1124    792
  1125    792
  1126    792
  1127    792
  1128    792
  1129    792
  1130    792
  1131    792
  1132    792
  1133    792
  1134    792
  1135    792
  1136    792
  1146    792
  1147    792
  1148    792
  1149    792
  1150    792
  1151    792
  1152    792
  1153    792
  1154    792
  1155    792
  1156    792
  1157    792
  1158    792
  1159    792
  1160    792
