  1430    712
  1431    712
  1432    712
  1427    713
  1428    713
  1429    713
  1410    714
  1411    714
  1418    714
  1419    714
  1420    714
  1400    715
  1401    715
  1402    715
  1403    715
  1404    715
  1405    715
  1406    715
  1407    715
  1408    715
  1409    715
  1410    715
  1411    715
  1412    715
  1428    715
  1429    715
  1430    715
  1393    716
  1394    716
  1395    716
  1396    716
  1397    716
  1398    716
  1399    716
  1400    716
  1401    716
  1402    716
  1403    716
  1404    716
  1405    716
  1406    716
  1407    716
  1408    716
  1409    716
  1410    716
  1411    716
  1412    716
  1413    716
  1414    716
  1383    717
  1384    717
  1385    717
  1386    717
  1387    717
  1388    717
  1389    717
  1390    717
  1391    717
  1392    717
  1393    717
  1394    717
  1395    717
  1396    717
  1397    717
  1398    717
  1399    717
  1400    717
  1401    717
  1402    717
  1403    717
  1404    717
  1405    717
  1406    717
  1407    717
  1408    717
  1409    717
  1410    717
  1411    717
  1412    717
  1413    717
  1414    717
  1415    717
  1374    718
  1375    718
  1376    718
  1377    718
  1378    718
  1379    718
  1380    718
  1381    718
  1383    718
  1384    718
  1385    718
  1386    718
  1394    718
  1395    718
  1396    718
  1397    718
  1398    718
  1399    718
  1400    718
  1401    718
  1406    718
  1407    718
  1408    718
  1409    718
  1364    719
  1365    719
  1366    719
  1367    719
  1368    719
  1369    719
  1370    719
  1371    719
  1372    719
  1373    719
  1374    719
  1375    719
  1376    719
  1377    719
  1378    719
  1379    719
  1380    719
  1381    719
  1389    719
  1390    719
  1391    719
  1392    719
  1398    719
  1399    719
  1400    719
  1401    719
  1402    719
  1359    720
  1360    720
  1361    720
  1362    720
  1363    720
  1364    720
  1365    720
  1366    720
  1367    720
  1368    720
  1369    720
  1370    720
  1371    720
  1372    720
  1373    720
  1374    720
  1375    720
  1376    720
  1377    720
  1353    721
  1354    721
  1355    721
  1356    721
  1357    721
  1358    721
  1359    721
  1360    721
  1361    721
  1362    721
  1368    721
  1369    721
  1370    721
  1371    721
  1372    721
  1373    721
  1374    721
  1375    721
  1335    722
  1336    722
  1337    722
  1338    722
  1351    722
  1352    722
  1353    722
  1354    722
  1355    722
  1356    722
  1362    722
  1363    722
  1364    722
  1365    722
  1366    722
  1367    722
  1368    722
  1369    722
  1370    722
  1371    722
  1372    722
  1373    722
  1374    722
  1323    723
  1324    723
  1325    723
  1326    723
  1327    723
  1328    723
  1329    723
  1330    723
  1331    723
  1332    723
  1333    723
  1334    723
  1335    723
  1336    723
  1337    723
  1338    723
  1339    723
  1355    723
  1356    723
  1357    723
  1358    723
  1359    723
  1360    723
  1361    723
  1362    723
  1363    723
  1364    723
  1365    723
  1366    723
  1367    723
  1368    723
  1315    724
  1316    724
  1317    724
  1318    724
  1319    724
  1320    724
  1321    724
  1322    724
  1323    724
  1329    724
  1330    724
  1331    724
  1332    724
  1333    724
  1334    724
  1335    724
  1347    724
  1348    724
  1349    724
  1350    724
  1351    724
  1352    724
  1353    724
  1354    724
  1355    724
  1356    724
  1357    724
  1358    724
  1366    724
  1367    724
  1368    724
  1305    725
  1306    725
  1307    725
  1308    725
  1309    725
  1310    725
  1311    725
  1312    725
  1313    725
  1314    725
  1315    725
  1316    725
  1317    725
  1318    725
  1319    725
  1320    725
  1321    725
  1322    725
  1323    725
  1324    725
  1325    725
  1326    725
  1327    725
  1328    725
  1329    725
  1330    725
  1331    725
  1332    725
  1333    725
  1334    725
  1335    725
  1336    725
  1337    725
  1338    725
  1339    725
  1341    725
  1342    725
  1343    725
  1347    725
  1348    725
  1349    725
  1350    725
  1352    725
  1353    725
  1354    725
  1359    725
  1360    725
  1361    725
  1302    726
  1303    726
  1304    726
  1305    726
  1306    726
  1307    726
  1308    726
  1309    726
  1310    726
  1311    726
  1312    726
  1313    726
  1314    726
  1315    726
  1316    726
  1317    726
  1318    726
  1319    726
  1320    726
  1321    726
  1322    726
  1323    726
  1324    726
  1325    726
  1326    726
  1327    726
  1328    726
  1329    726
  1330    726
  1331    726
  1332    726
  1333    726
  1334    726
  1335    726
  1336    726
  1337    726
  1338    726
  1339    726
  1340    726
  1341    726
  1342    726
  1343    726
  1344    726
  1345    726
  1346    726
  1347    726
  1354    726
  1355    726
  1356    726
  1280    727
  1281    727
  1306    727
  1307    727
  1308    727
  1309    727
  1310    727
  1311    727
  1312    727
  1313    727
  1314    727
  1315    727
  1316    727
  1317    727
  1318    727
  1319    727
  1320    727
  1321    727
  1322    727
  1323    727
  1328    727
  1329    727
  1330    727
  1331    727
  1332    727
  1333    727
  1334    727
  1335    727
  1337    727
  1338    727
  1339    727
  1340    727
  1341    727
  1342    727
  1343    727
  1347    727
  1348    727
  1349    727
  1350    727
  1291    728
  1292    728
  1293    728
  1294    728
  1295    728
  1298    728
  1299    728
  1300    728
  1301    728
  1302    728
  1303    728
  1304    728
  1305    728
  1306    728
  1307    728
  1308    728
  1309    728
  1310    728
  1311    728
  1312    728
  1313    728
  1314    728
  1315    728
  1316    728
  1317    728
  1318    728
  1322    728
  1323    728
  1324    728
  1325    728
  1326    728
  1327    728
  1328    728
  1329    728
  1330    728
  1331    728
  1334    728
  1335    728
  1341    728
  1342    728
  1274    729
  1275    729
  1276    729
  1277    729
  1278    729
  1279    729
  1280    729
  1281    729
  1282    729
  1283    729
  1284    729
  1285    729
  1286    729
  1315    729
  1316    729
  1317    729
  1318    729
  1319    729
  1320    729
  1321    729
  1322    729
  1323    729
  1324    729
  1325    729
  1247    730
  1248    730
  1249    730
  1250    730
  1251    730
  1252    730
  1253    730
  1254    730
  1255    730
  1264    730
  1265    730
  1266    730
  1274    730
  1275    730
  1276    730
  1277    730
  1278    730
  1279    730
  1308    730
  1309    730
  1310    730
  1311    730
  1312    730
  1313    730
  1314    730
  1315    730
  1316    730
  1317    730
  1236    731
  1237    731
  1238    731
  1239    731
  1240    731
  1241    731
  1242    731
  1243    731
  1244    731
  1248    731
  1249    731
  1250    731
  1251    731
  1252    731
  1253    731
  1254    731
  1255    731
  1256    731
  1270    731
  1271    731
  1272    731
  1273    731
  1274    731
  1275    731
  1290    731
  1291    731
  1292    731
  1293    731
  1294    731
  1295    731
  1296    731
  1297    731
  1298    731
  1299    731
  1300    731
  1304    731
  1305    731
  1306    731
  1308    731
  1309    731
  1310    731
  1311    731
  1316    731
  1317    731
  1318    731
  1319    731
  1320    731
  1321    731
  1229    732
  1230    732
  1231    732
  1232    732
  1233    732
  1234    732
  1235    732
  1236    732
  1237    732
  1238    732
  1239    732
  1240    732
  1241    732
  1242    732
  1243    732
  1244    732
  1248    732
  1249    732
  1260    732
  1261    732
  1262    732
  1263    732
  1264    732
  1265    732
  1284    732
  1285    732
  1286    732
  1287    732
  1288    732
  1289    732
  1290    732
  1291    732
  1292    732
  1293    732
  1294    732
  1298    732
  1299    732
  1300    732
  1301    732
  1303    732
  1304    732
  1305    732
  1306    732
  1307    732
  1312    732
  1313    732
  1314    732
  1315    732
  1316    732
  1317    732
  1318    732
  1215    733
  1216    733
  1217    733
  1218    733
  1219    733
  1220    733
  1222    733
  1223    733
  1224    733
  1225    733
  1226    733
  1227    733
  1228    733
  1229    733
  1230    733
  1231    733
  1232    733
  1233    733
  1234    733
  1235    733
  1236    733
  1237    733
  1238    733
  1239    733
  1240    733
  1248    733
  1249    733
  1250    733
  1252    733
  1253    733
  1254    733
  1278    733
  1279    733
  1280    733
  1281    733
  1282    733
  1283    733
  1284    733
  1285    733
  1286    733
  1287    733
  1288    733
  1292    733
  1293    733
  1294    733
  1295    733
  1296    733
  1297    733
  1298    733
  1299    733
  1300    733
  1301    733
  1307    733
  1308    733
  1309    733
  1312    733
  1313    733
  1314    733
  1315    733
  1316    733
  1202    734
  1203    734
  1204    734
  1205    734
  1206    734
  1207    734
  1208    734
  1209    734
  1210    734
  1213    734
  1214    734
  1215    734
  1216    734
  1217    734
  1218    734
  1219    734
  1220    734
  1221    734
  1222    734
  1223    734
  1224    734
  1225    734
  1226    734
  1227    734
  1228    734
  1229    734
  1230    734
  1231    734
  1238    734
  1239    734
  1240    734
  1241    734
  1273    734
  1274    734
  1275    734
  1276    734
  1277    734
  1278    734
  1279    734
  1280    734
  1281    734
  1282    734
  1287    734
  1288    734
  1289    734
  1290    734
  1291    734
  1292    734
  1293    734
  1294    734
  1295    734
  1296    734
  1301    734
  1302    734
  1303    734
  1304    734
  1307    734
  1308    734
  1309    734
  1310    734
  1207    735
  1208    735
  1209    735
  1210    735
  1211    735
  1212    735
  1213    735
  1214    735
  1215    735
  1216    735
  1217    735
  1218    735
  1219    735
  1220    735
  1221    735
  1222    735
  1227    735
  1228    735
  1229    735
  1230    735
  1231    735
  1232    735
  1267    735
  1268    735
  1269    735
  1270    735
  1271    735
  1273    735
  1274    735
  1275    735
  1276    735
  1277    735
  1278    735
  1282    735
  1283    735
  1284    735
  1285    735
  1286    735
  1287    735
  1288    735
  1289    735
  1290    735
  1291    735
  1296    735
  1297    735
  1298    735
  1299    735
  1300    735
  1301    735
  1304    735
  1305    735
  1218    736
  1219    736
  1220    736
  1221    736
  1262    736
  1263    736
  1264    736
  1265    736
  1266    736
  1267    736
  1268    736
  1269    736
  1270    736
  1277    736
  1278    736
  1279    736
  1280    736
  1281    736
  1282    736
  1283    736
  1284    736
  1285    736
  1291    736
  1292    736
  1293    736
  1294    736
  1295    736
  1298    736
  1299    736
  1300    736
  1206    737
  1207    737
  1208    737
  1255    737
  1256    737
  1257    737
  1258    737
  1259    737
  1260    737
  1261    737
  1262    737
  1263    737
  1264    737
  1265    737
  1266    737
  1272    737
  1273    737
  1285    737
  1286    737
  1287    737
  1288    737
  1289    737
  1290    737
  1293    737
  1294    737
  1295    737
  1252    738
  1253    738
  1254    738
  1255    738
  1256    738
  1257    738
  1258    738
  1259    738
  1260    738
  1261    738
  1267    738
  1268    738
  1269    738
  1280    738
  1281    738
  1282    738
  1283    738
  1284    738
  1286    738
  1287    738
  1288    738
  1289    738
  1290    738
  1261    739
  1262    739
  1263    739
  1264    739
  1265    739
  1266    739
  1267    739
  1268    739
  1269    739
  1270    739
  1271    739
  1281    739
  1282    739
  1283    739
  1284    739
  1257    740
  1258    740
  1259    740
  1260    740
  1261    740
  1262    740
  1263    740
  1264    740
  1265    740
  1252    741
  1253    741
  1254    741
  1255    741
  1256    741
  1257    741
  1258    741
  1259    741
  1260    741
  1261    741
  1262    741
  1233    742
  1234    742
  1235    742
  1236    742
  1237    742
  1238    742
  1240    742
  1241    742
  1242    742
  1248    742
  1249    742
  1250    742
  1251    742
  1252    742
  1253    742
  1254    742
  1255    742
  1256    742
  1257    742
  1258    742
  1264    742
  1265    742
  1266    742
  1267    742
  1229    743
  1230    743
  1231    743
  1232    743
  1233    743
  1234    743
  1235    743
  1236    743
  1237    743
  1238    743
  1245    743
  1246    743
  1248    743
  1249    743
  1250    743
  1251    743
  1252    743
  1253    743
  1254    743
  1259    743
  1260    743
  1261    743
  1262    743
  1263    743
  1224    744
  1225    744
  1226    744
  1227    744
  1228    744
  1229    744
  1230    744
  1231    744
  1232    744
  1233    744
  1234    744
  1235    744
  1241    744
  1242    744
  1243    744
  1244    744
  1246    744
  1247    744
  1248    744
  1249    744
  1250    744
  1255    744
  1256    744
  1257    744
  1258    744
  1259    744
  1260    744
  1264    744
  1265    744
  1220    745
  1221    745
  1222    745
  1223    745
  1224    745
  1225    745
  1226    745
  1227    745
  1228    745
  1229    745
  1230    745
  1231    745
  1237    745
  1238    745
  1239    745
  1240    745
  1241    745
  1242    745
  1243    745
  1244    745
  1245    745
  1252    745
  1253    745
  1254    745
  1255    745
  1256    745
  1257    745
  1260    745
  1261    745
  1262    745
  1216    746
  1217    746
  1218    746
  1219    746
  1220    746
  1221    746
  1222    746
  1223    746
  1224    746
  1225    746
  1226    746
  1233    746
  1234    746
  1235    746
  1236    746
  1237    746
  1238    746
  1239    746
  1240    746
  1241    746
  1242    746
  1249    746
  1250    746
  1251    746
  1252    746
  1253    746
  1254    746
  1255    746
  1256    746
  1257    746
  1258    746
  1212    747
  1213    747
  1214    747
  1215    747
  1216    747
  1217    747
  1218    747
  1219    747
  1220    747
  1221    747
  1222    747
  1229    747
  1230    747
  1231    747
  1232    747
  1233    747
  1234    747
  1235    747
  1236    747
  1237    747
  1238    747
  1246    747
  1247    747
  1248    747
  1249    747
  1250    747
  1251    747
  1252    747
  1253    747
  1254    747
  1255    747
  1207    748
  1208    748
  1209    748
  1210    748
  1211    748
  1212    748
  1213    748
  1214    748
  1215    748
  1216    748
  1217    748
  1218    748
  1226    748
  1227    748
  1228    748
  1229    748
  1230    748
  1231    748
  1232    748
  1233    748
  1234    748
  1235    748
  1242    748
  1243    748
  1244    748
  1245    748
  1246    748
  1249    748
  1250    748
  1251    748
  1252    748
  1205    749
  1206    749
  1207    749
  1208    749
  1209    749
  1210    749
  1211    749
  1212    749
  1213    749
  1214    749
  1215    749
  1222    749
  1223    749
  1224    749
  1225    749
  1226    749
  1228    749
  1229    749
  1230    749
  1231    749
  1238    749
  1239    749
  1240    749
  1241    749
  1242    749
  1243    749
  1244    749
  1246    749
  1247    749
  1248    749
  1201    750
  1202    750
  1203    750
  1204    750
  1205    750
  1206    750
  1207    750
  1208    750
  1209    750
  1210    750
  1211    750
  1218    750
  1219    750
  1220    750
  1221    750
  1222    750
  1223    750
  1226    750
  1227    750
  1235    750
  1236    750
  1237    750
  1238    750
  1239    750
  1240    750
  1241    750
  1242    750
  1243    750
  1244    750
  1245    750
  1197    751
  1198    751
  1199    751
  1200    751
  1201    751
  1202    751
  1203    751
  1204    751
  1205    751
  1206    751
  1207    751
  1215    751
  1216    751
  1217    751
  1218    751
  1219    751
  1222    751
  1223    751
  1224    751
  1232    751
  1233    751
  1234    751
  1235    751
  1239    751
  1240    751
  1241    751
  1200    752
  1201    752
  1202    752
  1203    752
  1204    752
  1211    752
  1212    752
  1213    752
  1214    752
  1229    752
  1230    752
  1237    752
  1238    752
  1239    752
  1195    753
  1196    753
  1197    753
  1198    753
  1199    753
  1200    753
  1201    753
  1208    753
  1209    753
  1210    753
  1211    753
  1212    753
  1234    753
  1235    753
  1236    753
  1205    754
  1206    754
  1207    754
  1208    754
  1209    754
  1212    754
  1213    754
  1214    754
  1215    754
  1202    755
  1203    755
  1204    755
  1205    755
  1206    755
  1207    755
  1209    755
  1210    755
  1211    755
  1199    756
  1200    756
  1201    756
  1202    756
  1203    756
  1204    756
  1205    756
  1206    756
  1207    756
  1208    756
  1209    756
  1197    757
  1198    757
  1199    757
  1200    757
  1201    757
  1202    757
  1203    757
  1204    757
  1205    757
  1206    757
  1175    758
  1176    758
  1177    758
  1178    758
  1179    758
  1180    758
  1194    758
  1195    758
  1196    758
  1197    758
  1198    758
  1199    758
  1200    758
  1201    758
  1202    758
  1203    758
  1204    758
  1213    758
  1214    758
  1215    758
  1216    758
  1172    759
  1173    759
  1174    759
  1175    759
  1176    759
  1177    759
  1178    759
  1179    759
  1180    759
  1182    759
  1183    759
  1191    759
  1192    759
  1193    759
  1194    759
  1195    759
  1196    759
  1198    759
  1199    759
  1200    759
  1201    759
  1210    759
  1211    759
  1212    759
  1213    759
  1214    759
  1215    759
  1216    759
  1169    760
  1170    760
  1171    760
  1172    760
  1173    760
  1174    760
  1175    760
  1176    760
  1177    760
  1178    760
  1179    760
  1180    760
  1188    760
  1189    760
  1190    760
  1191    760
  1192    760
  1193    760
  1196    760
  1197    760
  1198    760
  1207    760
  1208    760
  1209    760
  1210    760
  1211    760
  1212    760
  1213    760
  1214    760
  1215    760
  1166    761
  1167    761
  1168    761
  1169    761
  1170    761
  1171    761
  1172    761
  1173    761
  1174    761
  1175    761
  1176    761
  1177    761
  1185    761
  1186    761
  1187    761
  1188    761
  1189    761
  1190    761
  1191    761
  1192    761
  1193    761
  1194    761
  1195    761
  1204    761
  1205    761
  1206    761
  1207    761
  1208    761
  1209    761
  1210    761
  1211    761
  1212    761
  1213    761
  1214    761
  1215    761
  1216    761
  1164    762
  1165    762
  1166    762
  1167    762
  1168    762
  1169    762
  1170    762
  1171    762
  1172    762
  1173    762
  1174    762
  1175    762
  1183    762
  1184    762
  1185    762
  1186    762
  1187    762
  1188    762
  1189    762
  1190    762
  1191    762
  1192    762
  1193    762
  1202    762
  1203    762
  1204    762
  1205    762
  1206    762
  1207    762
  1208    762
  1209    762
  1210    762
  1211    762
  1212    762
  1213    762
  1161    763
  1162    763
  1163    763
  1164    763
  1165    763
  1166    763
  1167    763
  1168    763
  1169    763
  1170    763
  1171    763
  1172    763
  1173    763
  1181    763
  1182    763
  1183    763
  1184    763
  1185    763
  1186    763
  1187    763
  1188    763
  1189    763
  1190    763
  1191    763
  1200    763
  1201    763
  1202    763
  1203    763
  1204    763
  1205    763
  1206    763
  1207    763
  1208    763
  1209    763
  1210    763
  1211    763
  1159    764
  1160    764
  1161    764
  1162    764
  1163    764
  1164    764
  1165    764
  1166    764
  1167    764
  1168    764
  1169    764
  1170    764
  1179    764
  1180    764
  1181    764
  1182    764
  1183    764
  1184    764
  1185    764
  1186    764
  1187    764
  1188    764
  1189    764
  1198    764
  1199    764
  1200    764
  1201    764
  1202    764
  1203    764
  1204    764
  1205    764
  1206    764
  1207    764
  1208    764
  1156    765
  1157    765
  1158    765
  1159    765
  1160    765
  1161    765
  1162    765
  1163    765
  1164    765
  1165    765
  1166    765
  1167    765
  1168    765
  1176    765
  1177    765
  1178    765
  1179    765
  1180    765
  1181    765
  1182    765
  1183    765
  1184    765
  1185    765
  1186    765
  1196    765
  1197    765
  1198    765
  1199    765
  1200    765
  1201    765
  1202    765
  1203    765
  1204    765
  1205    765
  1206    765
  1154    766
  1155    766
  1156    766
  1157    766
  1158    766
  1159    766
  1160    766
  1161    766
  1162    766
  1163    766
  1164    766
  1165    766
  1174    766
  1175    766
  1176    766
  1177    766
  1178    766
  1179    766
  1180    766
  1181    766
  1182    766
  1183    766
  1184    766
  1194    766
  1195    766
  1196    766
  1197    766
  1198    766
  1199    766
  1200    766
  1201    766
  1202    766
  1203    766
  1204    766
  1205    766
  1151    767
  1152    767
  1153    767
  1154    767
  1155    767
  1156    767
  1157    767
  1158    767
  1159    767
  1160    767
  1161    767
  1162    767
  1163    767
  1172    767
  1173    767
  1174    767
  1175    767
  1176    767
  1177    767
  1178    767
  1179    767
  1180    767
  1181    767
  1182    767
  1183    767
  1192    767
  1193    767
  1194    767
  1195    767
  1196    767
  1197    767
  1198    767
  1199    767
  1200    767
  1201    767
  1202    767
  1203    767
  1149    768
  1150    768
  1151    768
  1152    768
  1153    768
  1154    768
  1155    768
  1156    768
  1157    768
  1158    768
  1159    768
  1160    768
  1161    768
  1170    768
  1171    768
  1172    768
  1173    768
  1174    768
  1175    768
  1176    768
  1177    768
  1179    768
  1180    768
  1190    768
  1191    768
  1192    768
  1193    768
  1194    768
  1195    768
  1196    768
  1197    768
  1198    768
  1199    768
  1200    768
  1201    768
  1147    769
  1148    769
  1149    769
  1150    769
  1151    769
  1152    769
  1153    769
  1154    769
  1155    769
  1156    769
  1157    769
  1158    769
  1159    769
  1168    769
  1169    769
  1170    769
  1171    769
  1172    769
  1173    769
  1174    769
  1175    769
  1176    769
  1177    769
  1188    769
  1189    769
  1190    769
  1191    769
  1192    769
  1193    769
  1194    769
  1195    769
  1196    769
  1197    769
  1198    769
  1199    769
  1200    769
  1145    770
  1146    770
  1147    770
  1148    770
  1149    770
  1150    770
  1151    770
  1152    770
  1153    770
  1154    770
  1155    770
  1156    770
  1157    770
  1166    770
  1167    770
  1168    770
  1169    770
  1170    770
  1171    770
  1172    770
  1173    770
  1174    770
  1175    770
  1176    770
  1187    770
  1188    770
  1189    770
  1190    770
  1191    770
  1192    770
  1193    770
  1194    770
  1195    770
  1196    770
  1197    770
  1198    770
  1143    771
  1144    771
  1145    771
  1146    771
  1147    771
  1148    771
  1149    771
  1150    771
  1151    771
  1152    771
  1153    771
  1154    771
  1155    771
  1164    771
  1165    771
  1166    771
  1167    771
  1168    771
  1169    771
  1170    771
  1171    771
  1172    771
  1173    771
  1174    771
  1185    771
  1186    771
  1187    771
  1188    771
  1189    771
  1190    771
  1191    771
  1192    771
  1193    771
  1194    771
  1195    771
  1196    771
  1197    771
  1141    772
  1142    772
  1143    772
  1144    772
  1145    772
  1146    772
  1147    772
  1148    772
  1149    772
  1150    772
  1151    772
  1152    772
  1153    772
  1162    772
  1163    772
  1164    772
  1165    772
  1166    772
  1167    772
  1168    772
  1169    772
  1170    772
  1171    772
  1172    772
  1173    772
  1184    772
  1185    772
  1186    772
  1187    772
  1188    772
  1189    772
  1190    772
  1191    772
  1192    772
  1193    772
  1194    772
  1195    772
  1138    773
  1139    773
  1140    773
  1141    773
  1142    773
  1143    773
  1144    773
  1145    773
  1146    773
  1147    773
  1148    773
  1149    773
  1150    773
  1151    773
  1160    773
  1161    773
  1162    773
  1163    773
  1164    773
  1165    773
  1166    773
  1167    773
  1168    773
  1169    773
  1170    773
  1171    773
  1183    773
  1184    773
  1185    773
  1186    773
  1187    773
  1188    773
  1189    773
  1190    773
  1191    773
  1192    773
  1193    773
  1141    774
  1142    774
  1143    774
  1144    774
  1145    774
  1146    774
  1147    774
  1148    774
  1159    774
  1160    774
  1161    774
  1162    774
  1163    774
  1164    774
  1165    774
  1166    774
  1167    774
  1168    774
  1169    774
  1184    774
  1185    774
  1186    774
  1187    774
  1188    774
  1189    774
  1190    774
  1191    774
  1192    774
  1157    775
  1158    775
  1159    775
  1160    775
  1161    775
  1162    775
  1163    775
  1164    775
  1165    775
  1166    775
  1167    775
  1168    775
  1186    775
  1187    775
  1188    775
  1189    775
  1190    775
  1155    776
  1156    776
  1157    776
  1158    776
  1159    776
  1160    776
  1161    776
  1162    776
  1163    776
  1164    776
  1165    776
  1153    777
  1154    777
  1155    777
  1156    777
  1157    777
  1158    777
  1159    777
  1160    777
  1161    777
  1162    777
  1163    777
  1151    778
  1152    778
  1153    778
  1154    778
  1155    778
  1156    778
  1157    778
  1158    778
  1159    778
  1160    778
  1161    778
  1162    778
  1150    779
  1151    779
  1152    779
  1153    779
  1154    779
  1155    779
  1156    779
  1157    779
  1158    779
  1159    779
  1160    779
  1148    780
  1149    780
  1150    780
  1151    780
  1152    780
  1153    780
  1154    780
  1155    780
  1156    780
  1157    780
  1158    780
  1159    780
  1146    781
  1147    781
  1148    781
  1149    781
  1150    781
  1151    781
  1152    781
  1153    781
  1154    781
  1155    781
  1156    781
  1157    781
  1158    781
  1144    782
  1145    782
  1146    782
  1147    782
  1148    782
  1149    782
  1150    782
  1151    782
  1152    782
  1153    782
  1154    782
  1155    782
  1156    782
  1166    782
  1167    782
  1168    782
  1169    782
  1170    782
  1171    782
  1172    782
  1173    782
  1174    782
  1175    782
  1176    782
  1143    783
  1144    783
  1145    783
  1146    783
  1147    783
  1148    783
  1149    783
  1150    783
  1151    783
  1152    783
  1153    783
  1154    783
  1165    783
  1166    783
  1167    783
  1168    783
  1169    783
  1170    783
  1171    783
  1172    783
  1173    783
  1174    783
  1141    784
  1142    784
  1143    784
  1144    784
  1145    784
  1146    784
  1147    784
  1148    784
  1149    784
  1150    784
  1151    784
  1152    784
  1164    784
  1165    784
  1166    784
  1167    784
  1168    784
  1169    784
  1170    784
  1171    784
  1172    784
  1173    784
  1174    784
  1140    785
  1141    785
  1142    785
  1143    785
  1144    785
  1145    785
  1146    785
  1147    785
  1148    785
  1149    785
  1150    785
  1151    785
  1162    785
  1163    785
  1164    785
  1165    785
  1166    785
  1167    785
  1168    785
  1169    785
  1170    785
  1171    785
  1172    785
  1173    785
  1174    785
  1175    785
  1138    786
  1139    786
  1140    786
  1141    786
  1142    786
  1143    786
  1144    786
  1145    786
  1146    786
  1147    786
  1148    786
  1149    786
  1150    786
  1160    786
  1161    786
  1162    786
  1163    786
  1164    786
  1165    786
  1166    786
  1167    786
  1168    786
  1169    786
  1170    786
  1171    786
  1172    786
  1173    786
  1137    787
  1138    787
  1139    787
  1140    787
  1141    787
  1142    787
  1143    787
  1144    787
  1145    787
  1146    787
  1147    787
  1148    787
  1159    787
  1160    787
  1161    787
  1162    787
  1163    787
  1164    787
  1165    787
  1166    787
  1167    787
  1168    787
  1169    787
  1170    787
  1171    787
  1172    787
  1136    788
  1137    788
  1138    788
  1139    788
  1140    788
  1141    788
  1142    788
  1143    788
  1144    788
  1145    788
  1146    788
  1147    788
  1157    788
  1158    788
  1159    788
  1160    788
  1161    788
  1162    788
  1163    788
  1164    788
  1165    788
  1166    788
  1167    788
  1168    788
  1169    788
  1170    788
  1134    789
  1135    789
  1136    789
  1137    789
  1138    789
  1139    789
  1140    789
  1141    789
  1142    789
  1143    789
  1144    789
  1145    789
  1156    789
  1157    789
  1158    789
  1159    789
  1160    789
  1161    789
  1162    789
  1163    789
  1164    789
  1165    789
  1166    789
  1167    789
  1168    789
  1169    789
  1132    790
  1133    790
  1134    790
  1135    790
  1136    790
  1137    790
  1138    790
  1139    790
  1140    790
  1141    790
  1142    790
  1143    790
  1144    790
  1154    790
  1155    790
  1156    790
  1157    790
  1158    790
  1159    790
  1160    790
  1161    790
  1162    790
  1163    790
  1164    790
  1165    790
  1166    790
  1167    790
  1168    790
  1131    791
  1132    791
  1133    791
  1134    791
  1135    791
  1136    791
  1137    791
  1138    791
  1139    791
  1140    791
  1141    791
  1142    791
  1143    791
  1153    791
  1154    791
  1155    791
  1156    791
  1157    791
  1158    791
  1159    791
  1160    791
  1161    791
  1162    791
  1163    791
  1164    791
  1165    791
  1166    791
  1167    791
  1129    792
  1130    792
  1131    792
  1132    792
  1133    792
  1134    792
  1135    792
  1136    792
  1137    792
  1138    792
  1139    792
  1140    792
  1141    792
  1142    792
  1152    792
  1153    792
  1154    792
  1155    792
  1156    792
  1157    792
  1158    792
  1159    792
  1160    792
  1161    792
  1162    792
  1163    792
  1164    792
  1165    792
  1166    792
