  1422    714
  1423    714
  1406    715
  1407    715
  1408    715
  1409    715
  1410    715
  1411    715
  1412    715
  1413    715
  1414    715
  1415    715
  1416    715
  1417    715
  1418    715
  1397    716
  1398    716
  1399    716
  1400    716
  1401    716
  1402    716
  1403    716
  1404    716
  1405    716
  1406    716
  1407    716
  1408    716
  1413    716
  1428    716
  1391    717
  1392    717
  1393    717
  1394    717
  1395    717
  1396    717
  1397    717
  1398    717
  1399    717
  1400    717
  1401    717
  1402    717
  1405    717
  1406    717
  1407    717
  1408    717
  1409    717
  1410    717
  1411    717
  1412    717
  1418    717
  1419    717
  1385    718
  1386    718
  1387    718
  1388    718
  1389    718
  1390    718
  1391    718
  1392    718
  1393    718
  1394    718
  1395    718
  1396    718
  1397    718
  1398    718
  1399    718
  1400    718
  1401    718
  1402    718
  1403    718
  1404    718
  1405    718
  1406    718
  1410    718
  1411    718
  1412    718
  1413    718
  1368    719
  1369    719
  1370    719
  1371    719
  1372    719
  1373    719
  1374    719
  1375    719
  1376    719
  1377    719
  1393    719
  1394    719
  1395    719
  1396    719
  1397    719
  1398    719
  1404    719
  1405    719
  1406    719
  1407    719
  1362    720
  1363    720
  1364    720
  1365    720
  1366    720
  1367    720
  1368    720
  1369    720
  1370    720
  1371    720
  1372    720
  1373    720
  1374    720
  1375    720
  1377    720
  1378    720
  1379    720
  1380    720
  1359    721
  1360    721
  1361    721
  1362    721
  1363    721
  1364    721
  1365    721
  1366    721
  1367    721
  1371    721
  1372    721
  1373    721
  1374    721
  1375    721
  1376    721
  1377    721
  1378    721
  1379    721
  1380    721
  1381    721
  1355    722
  1356    722
  1357    722
  1358    722
  1359    722
  1366    722
  1367    722
  1368    722
  1369    722
  1370    722
  1371    722
  1372    722
  1373    722
  1374    722
  1375    722
  1376    722
  1377    722
  1378    722
  1379    722
  1380    722
  1331    723
  1332    723
  1333    723
  1334    723
  1335    723
  1336    723
  1337    723
  1338    723
  1339    723
  1340    723
  1341    723
  1358    723
  1359    723
  1360    723
  1361    723
  1362    723
  1363    723
  1364    723
  1365    723
  1366    723
  1367    723
  1368    723
  1369    723
  1370    723
  1371    723
  1372    723
  1373    723
  1374    723
  1375    723
  1319    724
  1320    724
  1321    724
  1322    724
  1323    724
  1324    724
  1325    724
  1326    724
  1327    724
  1328    724
  1329    724
  1330    724
  1331    724
  1332    724
  1333    724
  1334    724
  1335    724
  1336    724
  1337    724
  1338    724
  1339    724
  1340    724
  1351    724
  1352    724
  1353    724
  1354    724
  1355    724
  1356    724
  1357    724
  1358    724
  1359    724
  1360    724
  1361    724
  1362    724
  1370    724
  1371    724
  1372    724
  1373    724
  1309    725
  1310    725
  1311    725
  1312    725
  1313    725
  1314    725
  1315    725
  1316    725
  1317    725
  1318    725
  1319    725
  1320    725
  1321    725
  1322    725
  1323    725
  1324    725
  1325    725
  1326    725
  1327    725
  1328    725
  1329    725
  1330    725
  1331    725
  1332    725
  1333    725
  1334    725
  1335    725
  1336    725
  1337    725
  1338    725
  1339    725
  1345    725
  1346    725
  1347    725
  1348    725
  1349    725
  1350    725
  1351    725
  1352    725
  1353    725
  1354    725
  1355    725
  1356    725
  1357    725
  1358    725
  1359    725
  1299    726
  1300    726
  1305    726
  1306    726
  1307    726
  1308    726
  1309    726
  1310    726
  1311    726
  1312    726
  1313    726
  1314    726
  1315    726
  1316    726
  1317    726
  1318    726
  1319    726
  1320    726
  1321    726
  1322    726
  1323    726
  1324    726
  1325    726
  1326    726
  1327    726
  1328    726
  1329    726
  1330    726
  1331    726
  1332    726
  1333    726
  1334    726
  1335    726
  1336    726
  1337    726
  1338    726
  1339    726
  1340    726
  1341    726
  1342    726
  1343    726
  1344    726
  1345    726
  1346    726
  1347    726
  1348    726
  1349    726
  1350    726
  1351    726
  1352    726
  1353    726
  1358    726
  1359    726
  1360    726
  1298    727
  1299    727
  1302    727
  1303    727
  1304    727
  1305    727
  1306    727
  1307    727
  1308    727
  1309    727
  1310    727
  1311    727
  1312    727
  1313    727
  1314    727
  1315    727
  1316    727
  1317    727
  1318    727
  1319    727
  1320    727
  1321    727
  1322    727
  1323    727
  1324    727
  1325    727
  1326    727
  1327    727
  1328    727
  1332    727
  1333    727
  1334    727
  1335    727
  1336    727
  1337    727
  1338    727
  1339    727
  1340    727
  1341    727
  1343    727
  1344    727
  1345    727
  1346    727
  1347    727
  1352    727
  1353    727
  1354    727
  1281    728
  1282    728
  1283    728
  1296    728
  1297    728
  1298    728
  1299    728
  1300    728
  1301    728
  1302    728
  1306    728
  1307    728
  1308    728
  1309    728
  1310    728
  1311    728
  1312    728
  1313    728
  1314    728
  1315    728
  1316    728
  1317    728
  1318    728
  1319    728
  1320    728
  1321    728
  1322    728
  1328    728
  1329    728
  1330    728
  1334    728
  1335    728
  1336    728
  1339    728
  1340    728
  1341    728
  1347    728
  1348    728
  1279    729
  1280    729
  1281    729
  1288    729
  1289    729
  1290    729
  1291    729
  1321    729
  1322    729
  1323    729
  1324    729
  1336    729
  1337    729
  1338    729
  1340    729
  1341    729
  1342    729
  1271    730
  1272    730
  1273    730
  1274    730
  1275    730
  1276    730
  1277    730
  1278    730
  1279    730
  1280    730
  1281    730
  1282    730
  1314    730
  1315    730
  1316    730
  1317    730
  1318    730
  1319    730
  1320    730
  1321    730
  1322    730
  1244    731
  1245    731
  1246    731
  1247    731
  1248    731
  1249    731
  1250    731
  1251    731
  1252    731
  1253    731
  1254    731
  1255    731
  1256    731
  1257    731
  1263    731
  1264    731
  1265    731
  1266    731
  1274    731
  1275    731
  1276    731
  1277    731
  1278    731
  1279    731
  1280    731
  1295    731
  1296    731
  1297    731
  1298    731
  1299    731
  1300    731
  1301    731
  1308    731
  1309    731
  1310    731
  1311    731
  1312    731
  1313    731
  1314    731
  1315    731
  1316    731
  1317    731
  1322    731
  1323    731
  1324    731
  1234    732
  1235    732
  1236    732
  1237    732
  1238    732
  1239    732
  1240    732
  1241    732
  1242    732
  1243    732
  1244    732
  1245    732
  1246    732
  1247    732
  1248    732
  1249    732
  1250    732
  1251    732
  1252    732
  1253    732
  1254    732
  1255    732
  1256    732
  1266    732
  1267    732
  1268    732
  1269    732
  1270    732
  1271    732
  1289    732
  1290    732
  1291    732
  1292    732
  1293    732
  1294    732
  1295    732
  1296    732
  1297    732
  1298    732
  1299    732
  1300    732
  1301    732
  1302    732
  1303    732
  1304    732
  1305    732
  1306    732
  1308    732
  1309    732
  1310    732
  1311    732
  1312    732
  1316    732
  1317    732
  1318    732
  1319    732
  1223    733
  1224    733
  1225    733
  1226    733
  1227    733
  1231    733
  1232    733
  1233    733
  1234    733
  1235    733
  1236    733
  1237    733
  1238    733
  1239    733
  1240    733
  1241    733
  1242    733
  1243    733
  1244    733
  1258    733
  1259    733
  1260    733
  1261    733
  1283    733
  1284    733
  1285    733
  1286    733
  1287    733
  1288    733
  1289    733
  1290    733
  1291    733
  1292    733
  1297    733
  1298    733
  1299    733
  1300    733
  1301    733
  1302    733
  1303    733
  1304    733
  1305    733
  1306    733
  1311    733
  1312    733
  1313    733
  1314    733
  1318    733
  1319    733
  1320    733
  1210    734
  1211    734
  1212    734
  1214    734
  1215    734
  1216    734
  1217    734
  1218    734
  1219    734
  1220    734
  1221    734
  1222    734
  1223    734
  1224    734
  1225    734
  1226    734
  1227    734
  1228    734
  1229    734
  1230    734
  1231    734
  1232    734
  1233    734
  1234    734
  1235    734
  1236    734
  1237    734
  1238    734
  1248    734
  1249    734
  1250    734
  1278    734
  1279    734
  1280    734
  1281    734
  1282    734
  1283    734
  1284    734
  1285    734
  1286    734
  1287    734
  1288    734
  1292    734
  1293    734
  1294    734
  1295    734
  1296    734
  1297    734
  1298    734
  1299    734
  1300    734
  1301    734
  1306    734
  1307    734
  1308    734
  1309    734
  1310    734
  1312    734
  1313    734
  1314    734
  1315    734
  1211    735
  1212    735
  1213    735
  1214    735
  1215    735
  1216    735
  1217    735
  1218    735
  1219    735
  1220    735
  1221    735
  1222    735
  1223    735
  1224    735
  1225    735
  1226    735
  1232    735
  1233    735
  1234    735
  1235    735
  1236    735
  1237    735
  1238    735
  1272    735
  1273    735
  1274    735
  1275    735
  1276    735
  1277    735
  1278    735
  1279    735
  1280    735
  1281    735
  1282    735
  1287    735
  1288    735
  1289    735
  1290    735
  1291    735
  1292    735
  1293    735
  1294    735
  1295    735
  1296    735
  1301    735
  1302    735
  1303    735
  1304    735
  1307    735
  1308    735
  1309    735
  1310    735
  1209    736
  1210    736
  1211    736
  1212    736
  1213    736
  1214    736
  1227    736
  1228    736
  1229    736
  1267    736
  1268    736
  1269    736
  1270    736
  1274    736
  1275    736
  1276    736
  1277    736
  1282    736
  1283    736
  1284    736
  1285    736
  1286    736
  1287    736
  1288    736
  1289    736
  1290    736
  1291    736
  1297    736
  1298    736
  1299    736
  1213    737
  1214    737
  1215    737
  1216    737
  1261    737
  1262    737
  1263    737
  1264    737
  1265    737
  1266    737
  1267    737
  1268    737
  1269    737
  1270    737
  1271    737
  1277    737
  1278    737
  1279    737
  1280    737
  1282    737
  1283    737
  1284    737
  1285    737
  1291    737
  1292    737
  1293    737
  1298    737
  1299    737
  1300    737
  1301    737
  1255    738
  1256    738
  1257    738
  1258    738
  1259    738
  1260    738
  1261    738
  1262    738
  1263    738
  1264    738
  1265    738
  1266    738
  1272    738
  1273    738
  1274    738
  1278    738
  1279    738
  1280    738
  1285    738
  1286    738
  1287    738
  1288    738
  1289    738
  1290    738
  1291    738
  1293    738
  1294    738
  1295    738
  1254    739
  1255    739
  1256    739
  1257    739
  1258    739
  1259    739
  1260    739
  1261    739
  1262    739
  1268    739
  1269    739
  1270    739
  1274    739
  1275    739
  1276    739
  1286    739
  1287    739
  1288    739
  1289    739
  1290    739
  1263    740
  1264    740
  1265    740
  1266    740
  1267    740
  1268    740
  1269    740
  1270    740
  1271    740
  1257    741
  1258    741
  1259    741
  1260    741
  1261    741
  1262    741
  1263    741
  1264    741
  1265    741
  1266    741
  1267    741
  1240    742
  1241    742
  1242    742
  1243    742
  1244    742
  1245    742
  1246    742
  1253    742
  1254    742
  1255    742
  1256    742
  1257    742
  1258    742
  1259    742
  1260    742
  1261    742
  1262    742
  1233    743
  1234    743
  1235    743
  1236    743
  1237    743
  1238    743
  1239    743
  1240    743
  1241    743
  1242    743
  1243    743
  1244    743
  1249    743
  1250    743
  1251    743
  1252    743
  1253    743
  1254    743
  1255    743
  1256    743
  1257    743
  1258    743
  1264    743
  1265    743
  1266    743
  1267    743
  1229    744
  1230    744
  1231    744
  1232    744
  1233    744
  1234    744
  1235    744
  1236    744
  1237    744
  1238    744
  1239    744
  1240    744
  1245    744
  1246    744
  1247    744
  1248    744
  1249    744
  1250    744
  1251    744
  1252    744
  1253    744
  1254    744
  1255    744
  1261    744
  1262    744
  1263    744
  1264    744
  1265    744
  1226    745
  1227    745
  1228    745
  1229    745
  1230    745
  1231    745
  1232    745
  1233    745
  1234    745
  1235    745
  1242    745
  1243    745
  1244    745
  1245    745
  1246    745
  1247    745
  1248    745
  1249    745
  1250    745
  1251    745
  1257    745
  1258    745
  1259    745
  1260    745
  1261    745
  1262    745
  1263    745
  1264    745
  1265    745
  1266    745
  1267    745
  1221    746
  1222    746
  1223    746
  1224    746
  1225    746
  1226    746
  1227    746
  1228    746
  1229    746
  1230    746
  1231    746
  1238    746
  1239    746
  1240    746
  1241    746
  1242    746
  1243    746
  1244    746
  1245    746
  1246    746
  1247    746
  1253    746
  1254    746
  1255    746
  1256    746
  1257    746
  1258    746
  1259    746
  1260    746
  1261    746
  1262    746
  1263    746
  1264    746
  1217    747
  1218    747
  1219    747
  1220    747
  1221    747
  1222    747
  1223    747
  1224    747
  1225    747
  1226    747
  1227    747
  1228    747
  1234    747
  1235    747
  1236    747
  1237    747
  1238    747
  1239    747
  1240    747
  1241    747
  1242    747
  1243    747
  1244    747
  1251    747
  1252    747
  1253    747
  1254    747
  1255    747
  1256    747
  1257    747
  1258    747
  1259    747
  1260    747
  1213    748
  1214    748
  1215    748
  1216    748
  1217    748
  1218    748
  1219    748
  1220    748
  1221    748
  1222    748
  1223    748
  1230    748
  1231    748
  1232    748
  1233    748
  1234    748
  1235    748
  1236    748
  1237    748
  1238    748
  1239    748
  1240    748
  1247    748
  1248    748
  1249    748
  1250    748
  1251    748
  1254    748
  1255    748
  1256    748
  1209    749
  1210    749
  1211    749
  1212    749
  1213    749
  1214    749
  1215    749
  1216    749
  1217    749
  1218    749
  1219    749
  1220    749
  1227    749
  1228    749
  1229    749
  1230    749
  1231    749
  1232    749
  1233    749
  1234    749
  1235    749
  1236    749
  1243    749
  1244    749
  1245    749
  1246    749
  1247    749
  1248    749
  1249    749
  1250    749
  1251    749
  1252    749
  1253    749
  1206    750
  1207    750
  1208    750
  1209    750
  1210    750
  1211    750
  1212    750
  1213    750
  1214    750
  1215    750
  1216    750
  1223    750
  1224    750
  1225    750
  1226    750
  1230    750
  1231    750
  1232    750
  1233    750
  1240    750
  1241    750
  1242    750
  1243    750
  1244    750
  1245    750
  1246    750
  1247    750
  1248    750
  1249    750
  1250    750
  1202    751
  1203    751
  1204    751
  1205    751
  1206    751
  1207    751
  1208    751
  1209    751
  1210    751
  1211    751
  1219    751
  1220    751
  1221    751
  1222    751
  1223    751
  1224    751
  1227    751
  1228    751
  1229    751
  1237    751
  1238    751
  1239    751
  1240    751
  1241    751
  1242    751
  1243    751
  1244    751
  1245    751
  1246    751
  1199    752
  1200    752
  1201    752
  1202    752
  1203    752
  1204    752
  1205    752
  1206    752
  1207    752
  1208    752
  1209    752
  1216    752
  1217    752
  1218    752
  1219    752
  1224    752
  1225    752
  1226    752
  1234    752
  1235    752
  1236    752
  1237    752
  1238    752
  1239    752
  1240    752
  1241    752
  1242    752
  1243    752
  1244    752
  1202    753
  1203    753
  1204    753
  1205    753
  1206    753
  1213    753
  1214    753
  1215    753
  1216    753
  1217    753
  1230    753
  1231    753
  1232    753
  1233    753
  1234    753
  1235    753
  1236    753
  1237    753
  1238    753
  1239    753
  1240    753
  1196    754
  1197    754
  1198    754
  1199    754
  1200    754
  1201    754
  1202    754
  1210    754
  1211    754
  1212    754
  1213    754
  1214    754
  1215    754
  1218    754
  1219    754
  1220    754
  1234    754
  1235    754
  1236    754
  1237    754
  1238    754
  1207    755
  1208    755
  1209    755
  1210    755
  1214    755
  1215    755
  1216    755
  1217    755
  1204    756
  1205    756
  1206    756
  1207    756
  1208    756
  1209    756
  1212    756
  1213    756
  1214    756
  1201    757
  1202    757
  1203    757
  1204    757
  1205    757
  1206    757
  1207    757
  1208    757
  1209    757
  1210    757
  1211    757
  1198    758
  1199    758
  1200    758
  1201    758
  1202    758
  1203    758
  1204    758
  1205    758
  1206    758
  1207    758
  1208    758
  1177    759
  1178    759
  1179    759
  1180    759
  1181    759
  1196    759
  1197    759
  1198    759
  1199    759
  1200    759
  1201    759
  1204    759
  1205    759
  1206    759
  1216    759
  1217    759
  1218    759
  1219    759
  1220    759
  1174    760
  1175    760
  1176    760
  1177    760
  1178    760
  1179    760
  1180    760
  1193    760
  1194    760
  1195    760
  1196    760
  1197    760
  1198    760
  1199    760
  1200    760
  1201    760
  1202    760
  1203    760
  1212    760
  1213    760
  1214    760
  1215    760
  1216    760
  1217    760
  1218    760
  1171    761
  1172    761
  1173    761
  1174    761
  1175    761
  1176    761
  1177    761
  1178    761
  1179    761
  1180    761
  1181    761
  1182    761
  1190    761
  1191    761
  1192    761
  1193    761
  1194    761
  1196    761
  1197    761
  1198    761
  1199    761
  1200    761
  1201    761
  1209    761
  1210    761
  1211    761
  1212    761
  1213    761
  1214    761
  1215    761
  1216    761
  1217    761
  1218    761
  1220    761
  1168    762
  1169    762
  1170    762
  1171    762
  1172    762
  1173    762
  1174    762
  1175    762
  1176    762
  1177    762
  1178    762
  1179    762
  1180    762
  1188    762
  1189    762
  1190    762
  1191    762
  1192    762
  1193    762
  1195    762
  1196    762
  1197    762
  1198    762
  1207    762
  1208    762
  1209    762
  1210    762
  1211    762
  1212    762
  1213    762
  1214    762
  1215    762
  1216    762
  1217    762
  1218    762
  1166    763
  1167    763
  1168    763
  1169    763
  1170    763
  1171    763
  1172    763
  1173    763
  1174    763
  1175    763
  1176    763
  1177    763
  1185    763
  1186    763
  1187    763
  1188    763
  1189    763
  1190    763
  1191    763
  1192    763
  1193    763
  1194    763
  1195    763
  1205    763
  1206    763
  1207    763
  1208    763
  1209    763
  1210    763
  1211    763
  1212    763
  1213    763
  1214    763
  1215    763
  1216    763
  1164    764
  1165    764
  1166    764
  1167    764
  1168    764
  1169    764
  1170    764
  1171    764
  1172    764
  1173    764
  1174    764
  1175    764
  1183    764
  1184    764
  1185    764
  1186    764
  1187    764
  1188    764
  1189    764
  1190    764
  1191    764
  1192    764
  1193    764
  1203    764
  1204    764
  1205    764
  1206    764
  1207    764
  1208    764
  1209    764
  1210    764
  1211    764
  1212    764
  1213    764
  1161    765
  1162    765
  1163    765
  1164    765
  1165    765
  1166    765
  1167    765
  1168    765
  1169    765
  1170    765
  1171    765
  1172    765
  1173    765
  1181    765
  1182    765
  1183    765
  1184    765
  1185    765
  1186    765
  1187    765
  1188    765
  1189    765
  1190    765
  1191    765
  1200    765
  1201    765
  1202    765
  1203    765
  1204    765
  1205    765
  1206    765
  1207    765
  1208    765
  1209    765
  1210    765
  1211    765
  1159    766
  1160    766
  1161    766
  1162    766
  1163    766
  1164    766
  1165    766
  1166    766
  1167    766
  1168    766
  1169    766
  1170    766
  1179    766
  1180    766
  1181    766
  1182    766
  1183    766
  1184    766
  1185    766
  1186    766
  1187    766
  1188    766
  1189    766
  1198    766
  1199    766
  1200    766
  1201    766
  1202    766
  1203    766
  1204    766
  1205    766
  1206    766
  1207    766
  1208    766
  1209    766
  1156    767
  1157    767
  1158    767
  1159    767
  1160    767
  1161    767
  1162    767
  1163    767
  1164    767
  1165    767
  1166    767
  1167    767
  1168    767
  1177    767
  1178    767
  1179    767
  1180    767
  1181    767
  1182    767
  1183    767
  1184    767
  1185    767
  1186    767
  1187    767
  1196    767
  1197    767
  1198    767
  1199    767
  1200    767
  1201    767
  1202    767
  1203    767
  1204    767
  1205    767
  1206    767
  1207    767
  1208    767
  1153    768
  1154    768
  1155    768
  1156    768
  1157    768
  1158    768
  1159    768
  1160    768
  1161    768
  1162    768
  1163    768
  1164    768
  1165    768
  1175    768
  1176    768
  1177    768
  1178    768
  1179    768
  1180    768
  1181    768
  1182    768
  1183    768
  1184    768
  1194    768
  1195    768
  1196    768
  1197    768
  1198    768
  1199    768
  1200    768
  1201    768
  1202    768
  1203    768
  1204    768
  1205    768
  1206    768
  1151    769
  1152    769
  1153    769
  1154    769
  1155    769
  1156    769
  1157    769
  1158    769
  1159    769
  1160    769
  1161    769
  1162    769
  1163    769
  1164    769
  1172    769
  1173    769
  1174    769
  1175    769
  1176    769
  1177    769
  1178    769
  1179    769
  1180    769
  1181    769
  1182    769
  1183    769
  1193    769
  1194    769
  1195    769
  1196    769
  1197    769
  1198    769
  1199    769
  1200    769
  1201    769
  1202    769
  1203    769
  1204    769
  1205    769
  1149    770
  1150    770
  1151    770
  1152    770
  1153    770
  1154    770
  1155    770
  1156    770
  1157    770
  1158    770
  1159    770
  1160    770
  1161    770
  1162    770
  1170    770
  1171    770
  1172    770
  1173    770
  1174    770
  1175    770
  1176    770
  1177    770
  1178    770
  1179    770
  1180    770
  1181    770
  1191    770
  1192    770
  1193    770
  1194    770
  1195    770
  1196    770
  1197    770
  1198    770
  1199    770
  1200    770
  1201    770
  1202    770
  1203    770
  1148    771
  1149    771
  1150    771
  1151    771
  1152    771
  1153    771
  1154    771
  1155    771
  1156    771
  1157    771
  1158    771
  1159    771
  1169    771
  1170    771
  1171    771
  1172    771
  1173    771
  1174    771
  1175    771
  1176    771
  1177    771
  1178    771
  1179    771
  1189    771
  1190    771
  1191    771
  1192    771
  1193    771
  1194    771
  1195    771
  1196    771
  1197    771
  1198    771
  1199    771
  1200    771
  1201    771
  1146    772
  1147    772
  1148    772
  1149    772
  1150    772
  1151    772
  1152    772
  1153    772
  1154    772
  1155    772
  1156    772
  1157    772
  1167    772
  1168    772
  1169    772
  1170    772
  1171    772
  1172    772
  1173    772
  1174    772
  1175    772
  1176    772
  1177    772
  1188    772
  1189    772
  1190    772
  1191    772
  1192    772
  1193    772
  1194    772
  1195    772
  1196    772
  1197    772
  1198    772
  1199    772
  1143    773
  1144    773
  1145    773
  1146    773
  1147    773
  1148    773
  1149    773
  1150    773
  1151    773
  1152    773
  1153    773
  1154    773
  1155    773
  1165    773
  1166    773
  1167    773
  1168    773
  1169    773
  1170    773
  1171    773
  1172    773
  1173    773
  1174    773
  1175    773
  1186    773
  1187    773
  1188    773
  1189    773
  1190    773
  1191    773
  1192    773
  1193    773
  1194    773
  1195    773
  1196    773
  1197    773
  1198    773
  1141    774
  1142    774
  1143    774
  1144    774
  1145    774
  1146    774
  1147    774
  1148    774
  1149    774
  1150    774
  1151    774
  1152    774
  1153    774
  1163    774
  1164    774
  1165    774
  1166    774
  1167    774
  1168    774
  1169    774
  1170    774
  1171    774
  1172    774
  1173    774
  1174    774
  1185    774
  1186    774
  1187    774
  1188    774
  1189    774
  1190    774
  1191    774
  1192    774
  1193    774
  1194    774
  1195    774
  1196    774
  1145    775
  1146    775
  1147    775
  1148    775
  1149    775
  1150    775
  1151    775
  1161    775
  1162    775
  1163    775
  1164    775
  1165    775
  1166    775
  1167    775
  1168    775
  1169    775
  1170    775
  1171    775
  1172    775
  1185    775
  1186    775
  1187    775
  1188    775
  1189    775
  1190    775
  1191    775
  1192    775
  1193    775
  1194    775
  1195    775
  1159    776
  1160    776
  1161    776
  1162    776
  1163    776
  1164    776
  1165    776
  1166    776
  1167    776
  1168    776
  1169    776
  1170    776
  1187    776
  1188    776
  1189    776
  1190    776
  1191    776
  1192    776
  1193    776
  1158    777
  1159    777
  1160    777
  1161    777
  1162    777
  1163    777
  1164    777
  1165    777
  1166    777
  1167    777
  1168    777
  1156    778
  1157    778
  1158    778
  1159    778
  1160    778
  1161    778
  1162    778
  1163    778
  1164    778
  1165    778
  1166    778
  1167    778
  1155    779
  1156    779
  1157    779
  1158    779
  1159    779
  1160    779
  1161    779
  1162    779
  1163    779
  1164    779
  1165    779
  1153    780
  1154    780
  1155    780
  1156    780
  1157    780
  1158    780
  1159    780
  1160    780
  1161    780
  1162    780
  1163    780
  1164    780
  1151    781
  1152    781
  1153    781
  1154    781
  1155    781
  1156    781
  1157    781
  1158    781
  1159    781
  1160    781
  1161    781
  1162    781
  1149    782
  1150    782
  1151    782
  1152    782
  1153    782
  1154    782
  1155    782
  1156    782
  1157    782
  1158    782
  1159    782
  1160    782
  1148    783
  1149    783
  1150    783
  1151    783
  1152    783
  1153    783
  1154    783
  1155    783
  1156    783
  1157    783
  1158    783
  1159    783
  1146    784
  1147    784
  1148    784
  1149    784
  1150    784
  1151    784
  1152    784
  1153    784
  1154    784
  1155    784
  1156    784
  1157    784
  1144    785
  1145    785
  1146    785
  1147    785
  1148    785
  1149    785
  1150    785
  1151    785
  1152    785
  1153    785
  1154    785
  1155    785
  1156    785
  1142    786
  1143    786
  1144    786
  1145    786
  1146    786
  1147    786
  1148    786
  1149    786
  1150    786
  1151    786
  1152    786
  1153    786
  1154    786
  1155    786
  1142    787
  1143    787
  1144    787
  1145    787
  1146    787
  1147    787
  1148    787
  1149    787
  1150    787
  1151    787
  1152    787
  1153    787
  1140    788
  1141    788
  1142    788
  1143    788
  1144    788
  1145    788
  1146    788
  1147    788
  1148    788
  1149    788
  1150    788
  1151    788
  1152    788
  1138    789
  1139    789
  1140    789
  1141    789
  1142    789
  1143    789
  1144    789
  1145    789
  1146    789
  1147    789
  1148    789
  1149    789
  1150    789
  1137    790
  1138    790
  1139    790
  1140    790
  1141    790
  1142    790
  1143    790
  1144    790
  1145    790
  1146    790
  1147    790
  1148    790
  1149    790
  1136    791
  1137    791
  1138    791
  1139    791
  1140    791
  1141    791
  1142    791
  1143    791
  1144    791
  1145    791
  1146    791
  1147    791
  1148    791
  1134    792
  1135    792
  1136    792
  1137    792
  1138    792
  1139    792
  1140    792
  1141    792
  1142    792
  1143    792
  1144    792
  1145    792
  1146    792
  1147    792
