  1416    712
  1417    712
  1428    713
  1429    713
  1430    713
  1421    714
  1404    715
  1405    715
  1406    715
  1407    715
  1408    715
  1409    715
  1410    715
  1411    715
  1412    715
  1413    715
  1414    715
  1394    716
  1395    716
  1396    716
  1397    716
  1398    716
  1399    716
  1400    716
  1401    716
  1402    716
  1403    716
  1404    716
  1405    716
  1406    716
  1407    716
  1408    716
  1409    716
  1410    716
  1411    716
  1412    716
  1424    716
  1425    716
  1426    716
  1384    717
  1385    717
  1387    717
  1388    717
  1389    717
  1390    717
  1391    717
  1392    717
  1393    717
  1394    717
  1395    717
  1396    717
  1397    717
  1398    717
  1399    717
  1400    717
  1401    717
  1402    717
  1403    717
  1404    717
  1405    717
  1406    717
  1407    717
  1408    717
  1409    717
  1410    717
  1411    717
  1373    718
  1374    718
  1375    718
  1376    718
  1377    718
  1378    718
  1379    718
  1380    718
  1381    718
  1388    718
  1389    718
  1390    718
  1395    718
  1396    718
  1397    718
  1398    718
  1399    718
  1400    718
  1401    718
  1402    718
  1403    718
  1404    718
  1405    718
  1409    718
  1410    718
  1411    718
  1366    719
  1367    719
  1368    719
  1369    719
  1370    719
  1371    719
  1372    719
  1373    719
  1374    719
  1375    719
  1376    719
  1377    719
  1378    719
  1379    719
  1380    719
  1381    719
  1395    719
  1396    719
  1397    719
  1398    719
  1399    719
  1400    719
  1401    719
  1402    719
  1403    719
  1404    719
  1405    719
  1360    720
  1361    720
  1362    720
  1363    720
  1364    720
  1365    720
  1366    720
  1367    720
  1368    720
  1369    720
  1370    720
  1371    720
  1372    720
  1373    720
  1374    720
  1375    720
  1376    720
  1377    720
  1378    720
  1379    720
  1396    720
  1397    720
  1398    720
  1356    721
  1357    721
  1358    721
  1360    721
  1361    721
  1362    721
  1363    721
  1364    721
  1370    721
  1371    721
  1372    721
  1373    721
  1374    721
  1375    721
  1376    721
  1377    721
  1378    721
  1379    721
  1338    722
  1339    722
  1340    722
  1354    722
  1355    722
  1356    722
  1357    722
  1358    722
  1364    722
  1365    722
  1366    722
  1367    722
  1368    722
  1369    722
  1370    722
  1371    722
  1372    722
  1373    722
  1374    722
  1375    722
  1376    722
  1377    722
  1378    722
  1324    723
  1325    723
  1326    723
  1327    723
  1328    723
  1329    723
  1330    723
  1331    723
  1332    723
  1333    723
  1334    723
  1335    723
  1336    723
  1337    723
  1338    723
  1339    723
  1340    723
  1347    723
  1356    723
  1357    723
  1358    723
  1359    723
  1360    723
  1361    723
  1362    723
  1363    723
  1364    723
  1365    723
  1366    723
  1367    723
  1368    723
  1369    723
  1370    723
  1375    723
  1376    723
  1317    724
  1318    724
  1319    724
  1320    724
  1321    724
  1322    724
  1323    724
  1324    724
  1325    724
  1326    724
  1327    724
  1329    724
  1330    724
  1331    724
  1332    724
  1333    724
  1334    724
  1335    724
  1336    724
  1337    724
  1338    724
  1349    724
  1350    724
  1351    724
  1354    724
  1355    724
  1356    724
  1357    724
  1358    724
  1359    724
  1360    724
  1367    724
  1368    724
  1369    724
  1370    724
  1307    725
  1308    725
  1309    725
  1310    725
  1311    725
  1312    725
  1313    725
  1314    725
  1315    725
  1316    725
  1317    725
  1318    725
  1319    725
  1320    725
  1321    725
  1322    725
  1323    725
  1324    725
  1325    725
  1326    725
  1327    725
  1328    725
  1329    725
  1330    725
  1331    725
  1332    725
  1333    725
  1334    725
  1335    725
  1336    725
  1337    725
  1338    725
  1343    725
  1344    725
  1345    725
  1349    725
  1350    725
  1351    725
  1354    725
  1355    725
  1356    725
  1362    725
  1363    725
  1296    726
  1297    726
  1298    726
  1299    726
  1300    726
  1301    726
  1302    726
  1303    726
  1304    726
  1305    726
  1306    726
  1307    726
  1308    726
  1309    726
  1310    726
  1311    726
  1312    726
  1313    726
  1314    726
  1315    726
  1316    726
  1317    726
  1318    726
  1319    726
  1320    726
  1321    726
  1322    726
  1323    726
  1324    726
  1325    726
  1326    726
  1327    726
  1328    726
  1329    726
  1330    726
  1331    726
  1332    726
  1333    726
  1334    726
  1335    726
  1336    726
  1337    726
  1338    726
  1339    726
  1340    726
  1341    726
  1342    726
  1343    726
  1344    726
  1345    726
  1346    726
  1347    726
  1348    726
  1349    726
  1350    726
  1357    726
  1358    726
  1302    727
  1303    727
  1304    727
  1305    727
  1306    727
  1307    727
  1308    727
  1309    727
  1310    727
  1311    727
  1312    727
  1313    727
  1314    727
  1315    727
  1316    727
  1317    727
  1318    727
  1319    727
  1320    727
  1321    727
  1322    727
  1323    727
  1324    727
  1325    727
  1329    727
  1330    727
  1331    727
  1332    727
  1333    727
  1334    727
  1335    727
  1336    727
  1337    727
  1338    727
  1339    727
  1340    727
  1341    727
  1342    727
  1343    727
  1344    727
  1345    727
  1351    727
  1352    727
  1278    728
  1279    728
  1280    728
  1289    728
  1290    728
  1291    728
  1292    728
  1293    728
  1294    728
  1296    728
  1297    728
  1298    728
  1299    728
  1300    728
  1301    728
  1302    728
  1305    728
  1306    728
  1307    728
  1308    728
  1309    728
  1310    728
  1311    728
  1312    728
  1313    728
  1314    728
  1315    728
  1316    728
  1317    728
  1318    728
  1319    728
  1320    728
  1323    728
  1324    728
  1325    728
  1326    728
  1327    728
  1328    728
  1331    728
  1332    728
  1335    728
  1336    728
  1337    728
  1338    728
  1343    728
  1344    728
  1345    728
  1277    729
  1278    729
  1279    729
  1280    729
  1283    729
  1285    729
  1286    729
  1287    729
  1288    729
  1289    729
  1290    729
  1318    729
  1319    729
  1320    729
  1321    729
  1322    729
  1323    729
  1324    729
  1325    729
  1326    729
  1327    729
  1328    729
  1336    729
  1337    729
  1338    729
  1339    729
  1252    730
  1253    730
  1254    730
  1255    730
  1256    730
  1267    730
  1268    730
  1269    730
  1270    730
  1271    730
  1274    730
  1275    730
  1277    730
  1278    730
  1279    730
  1280    730
  1311    730
  1312    730
  1313    730
  1314    730
  1315    730
  1316    730
  1317    730
  1318    730
  1319    730
  1320    730
  1321    730
  1240    731
  1241    731
  1242    731
  1243    731
  1244    731
  1245    731
  1246    731
  1247    731
  1250    731
  1251    731
  1252    731
  1253    731
  1254    731
  1255    731
  1256    731
  1257    731
  1258    731
  1259    731
  1260    731
  1261    731
  1262    731
  1274    731
  1275    731
  1276    731
  1277    731
  1278    731
  1279    731
  1292    731
  1293    731
  1294    731
  1295    731
  1296    731
  1297    731
  1298    731
  1299    731
  1300    731
  1305    731
  1306    731
  1307    731
  1308    731
  1311    731
  1312    731
  1313    731
  1314    731
  1315    731
  1319    731
  1320    731
  1321    731
  1322    731
  1323    731
  1232    732
  1233    732
  1234    732
  1235    732
  1236    732
  1237    732
  1238    732
  1239    732
  1240    732
  1241    732
  1242    732
  1243    732
  1244    732
  1245    732
  1246    732
  1247    732
  1263    732
  1264    732
  1265    732
  1266    732
  1267    732
  1268    732
  1269    732
  1270    732
  1271    732
  1287    732
  1288    732
  1289    732
  1290    732
  1291    732
  1292    732
  1293    732
  1294    732
  1295    732
  1296    732
  1300    732
  1301    732
  1302    732
  1303    732
  1307    732
  1308    732
  1309    732
  1313    732
  1314    732
  1315    732
  1316    732
  1317    732
  1318    732
  1217    733
  1218    733
  1219    733
  1220    733
  1221    733
  1222    733
  1223    733
  1224    733
  1225    733
  1226    733
  1227    733
  1228    733
  1229    733
  1230    733
  1231    733
  1232    733
  1233    733
  1234    733
  1235    733
  1236    733
  1237    733
  1238    733
  1239    733
  1240    733
  1241    733
  1242    733
  1243    733
  1253    733
  1254    733
  1255    733
  1256    733
  1257    733
  1258    733
  1282    733
  1283    733
  1284    733
  1285    733
  1286    733
  1287    733
  1288    733
  1289    733
  1290    733
  1296    733
  1297    733
  1298    733
  1299    733
  1300    733
  1301    733
  1302    733
  1303    733
  1304    733
  1308    733
  1309    733
  1310    733
  1311    733
  1312    733
  1313    733
  1314    733
  1315    733
  1316    733
  1317    733
  1318    733
  1206    734
  1207    734
  1208    734
  1209    734
  1210    734
  1211    734
  1212    734
  1213    734
  1214    734
  1215    734
  1216    734
  1217    734
  1218    734
  1219    734
  1220    734
  1221    734
  1222    734
  1223    734
  1224    734
  1225    734
  1226    734
  1227    734
  1228    734
  1229    734
  1230    734
  1231    734
  1232    734
  1233    734
  1234    734
  1235    734
  1236    734
  1237    734
  1238    734
  1239    734
  1240    734
  1241    734
  1242    734
  1243    734
  1244    734
  1245    734
  1246    734
  1275    734
  1276    734
  1277    734
  1278    734
  1279    734
  1280    734
  1281    734
  1282    734
  1283    734
  1284    734
  1285    734
  1289    734
  1290    734
  1291    734
  1292    734
  1293    734
  1294    734
  1295    734
  1296    734
  1297    734
  1298    734
  1299    734
  1304    734
  1305    734
  1306    734
  1308    734
  1309    734
  1310    734
  1311    734
  1312    734
  1313    734
  1207    735
  1208    735
  1209    735
  1210    735
  1211    735
  1212    735
  1213    735
  1214    735
  1215    735
  1216    735
  1217    735
  1218    735
  1219    735
  1220    735
  1221    735
  1234    735
  1235    735
  1236    735
  1237    735
  1269    735
  1270    735
  1271    735
  1272    735
  1273    735
  1274    735
  1276    735
  1277    735
  1278    735
  1279    735
  1284    735
  1285    735
  1286    735
  1287    735
  1288    735
  1289    735
  1290    735
  1291    735
  1292    735
  1293    735
  1298    735
  1299    735
  1300    735
  1301    735
  1302    735
  1305    735
  1306    735
  1307    735
  1184    736
  1185    736
  1186    736
  1204    736
  1205    736
  1206    736
  1207    736
  1208    736
  1209    736
  1210    736
  1211    736
  1212    736
  1213    736
  1214    736
  1215    736
  1216    736
  1219    736
  1220    736
  1221    736
  1222    736
  1223    736
  1224    736
  1225    736
  1264    736
  1265    736
  1266    736
  1267    736
  1268    736
  1269    736
  1271    736
  1272    736
  1273    736
  1274    736
  1279    736
  1280    736
  1281    736
  1282    736
  1283    736
  1284    736
  1285    736
  1286    736
  1287    736
  1288    736
  1293    736
  1294    736
  1295    736
  1296    736
  1297    736
  1298    736
  1300    736
  1301    736
  1302    736
  1303    736
  1205    737
  1206    737
  1207    737
  1208    737
  1209    737
  1210    737
  1211    737
  1212    737
  1213    737
  1214    737
  1215    737
  1259    737
  1260    737
  1261    737
  1262    737
  1263    737
  1264    737
  1265    737
  1266    737
  1267    737
  1268    737
  1269    737
  1274    737
  1275    737
  1276    737
  1280    737
  1281    737
  1282    737
  1283    737
  1288    737
  1289    737
  1290    737
  1291    737
  1296    737
  1297    737
  1298    737
  1253    738
  1254    738
  1255    738
  1256    738
  1257    738
  1258    738
  1259    738
  1260    738
  1261    738
  1262    738
  1263    738
  1264    738
  1269    738
  1270    738
  1271    738
  1272    738
  1277    738
  1278    738
  1284    738
  1285    738
  1286    738
  1290    738
  1291    738
  1292    738
  1293    738
  1253    739
  1254    739
  1255    739
  1256    739
  1264    739
  1265    739
  1266    739
  1267    739
  1268    739
  1272    739
  1273    739
  1284    739
  1285    739
  1286    739
  1287    739
  1288    739
  1260    740
  1261    740
  1262    740
  1263    740
  1264    740
  1265    740
  1266    740
  1267    740
  1268    740
  1254    741
  1255    741
  1256    741
  1257    741
  1258    741
  1259    741
  1260    741
  1261    741
  1262    741
  1263    741
  1264    741
  1235    742
  1236    742
  1237    742
  1238    742
  1239    742
  1240    742
  1243    742
  1244    742
  1251    742
  1252    742
  1253    742
  1254    742
  1255    742
  1256    742
  1257    742
  1258    742
  1259    742
  1260    742
  1261    742
  1231    743
  1232    743
  1233    743
  1234    743
  1235    743
  1236    743
  1237    743
  1238    743
  1239    743
  1240    743
  1241    743
  1246    743
  1247    743
  1248    743
  1249    743
  1252    743
  1253    743
  1254    743
  1255    743
  1256    743
  1262    743
  1263    743
  1264    743
  1265    743
  1266    743
  1227    744
  1228    744
  1229    744
  1230    744
  1231    744
  1232    744
  1233    744
  1234    744
  1235    744
  1236    744
  1237    744
  1243    744
  1244    744
  1245    744
  1246    744
  1249    744
  1250    744
  1251    744
  1252    744
  1258    744
  1259    744
  1260    744
  1261    744
  1262    744
  1263    744
  1264    744
  1266    744
  1267    744
  1268    744
  1223    745
  1224    745
  1225    745
  1226    745
  1227    745
  1228    745
  1229    745
  1230    745
  1231    745
  1232    745
  1233    745
  1239    745
  1240    745
  1241    745
  1242    745
  1243    745
  1244    745
  1245    745
  1246    745
  1247    745
  1248    745
  1254    745
  1255    745
  1256    745
  1257    745
  1258    745
  1259    745
  1260    745
  1261    745
  1262    745
  1263    745
  1264    745
  1218    746
  1219    746
  1220    746
  1221    746
  1222    746
  1223    746
  1224    746
  1225    746
  1226    746
  1227    746
  1228    746
  1229    746
  1235    746
  1236    746
  1237    746
  1238    746
  1239    746
  1240    746
  1241    746
  1242    746
  1243    746
  1244    746
  1250    746
  1251    746
  1252    746
  1253    746
  1254    746
  1255    746
  1256    746
  1257    746
  1258    746
  1259    746
  1260    746
  1214    747
  1215    747
  1216    747
  1217    747
  1218    747
  1219    747
  1220    747
  1221    747
  1222    747
  1223    747
  1224    747
  1225    747
  1231    747
  1232    747
  1233    747
  1234    747
  1235    747
  1236    747
  1237    747
  1238    747
  1239    747
  1240    747
  1241    747
  1247    747
  1248    747
  1249    747
  1250    747
  1251    747
  1252    747
  1253    747
  1254    747
  1255    747
  1256    747
  1257    747
  1210    748
  1211    748
  1212    748
  1213    748
  1214    748
  1215    748
  1216    748
  1217    748
  1218    748
  1219    748
  1220    748
  1221    748
  1228    748
  1229    748
  1230    748
  1231    748
  1232    748
  1233    748
  1234    748
  1235    748
  1236    748
  1237    748
  1244    748
  1245    748
  1246    748
  1247    748
  1248    748
  1249    748
  1251    748
  1252    748
  1253    748
  1254    748
  1207    749
  1208    749
  1209    749
  1210    749
  1211    749
  1212    749
  1213    749
  1214    749
  1215    749
  1216    749
  1217    749
  1223    749
  1224    749
  1225    749
  1226    749
  1227    749
  1228    749
  1229    749
  1230    749
  1231    749
  1232    749
  1233    749
  1240    749
  1241    749
  1242    749
  1243    749
  1244    749
  1245    749
  1246    749
  1247    749
  1248    749
  1249    749
  1250    749
  1203    750
  1204    750
  1205    750
  1206    750
  1207    750
  1208    750
  1209    750
  1210    750
  1211    750
  1212    750
  1213    750
  1214    750
  1221    750
  1222    750
  1223    750
  1224    750
  1226    750
  1227    750
  1228    750
  1229    750
  1230    750
  1237    750
  1238    750
  1239    750
  1240    750
  1241    750
  1245    750
  1246    750
  1247    750
  1248    750
  1199    751
  1200    751
  1201    751
  1202    751
  1203    751
  1204    751
  1205    751
  1206    751
  1207    751
  1208    751
  1209    751
  1216    751
  1217    751
  1218    751
  1219    751
  1220    751
  1221    751
  1224    751
  1225    751
  1226    751
  1234    751
  1235    751
  1236    751
  1237    751
  1238    751
  1239    751
  1241    751
  1242    751
  1243    751
  1244    751
  1195    752
  1196    752
  1197    752
  1198    752
  1199    752
  1200    752
  1201    752
  1202    752
  1203    752
  1204    752
  1205    752
  1206    752
  1207    752
  1214    752
  1215    752
  1216    752
  1217    752
  1223    752
  1224    752
  1231    752
  1232    752
  1233    752
  1234    752
  1235    752
  1239    752
  1240    752
  1241    752
  1197    753
  1198    753
  1199    753
  1200    753
  1201    753
  1202    753
  1203    753
  1210    753
  1211    753
  1212    753
  1213    753
  1219    753
  1235    753
  1236    753
  1237    753
  1238    753
  1207    754
  1208    754
  1209    754
  1210    754
  1211    754
  1212    754
  1213    754
  1214    754
  1215    754
  1216    754
  1217    754
  1232    754
  1233    754
  1234    754
  1235    754
  1205    755
  1206    755
  1207    755
  1208    755
  1210    755
  1211    755
  1212    755
  1213    755
  1214    755
  1215    755
  1202    756
  1203    756
  1204    756
  1205    756
  1208    756
  1209    756
  1210    756
  1211    756
  1198    757
  1199    757
  1200    757
  1201    757
  1202    757
  1203    757
  1204    757
  1206    757
  1207    757
  1208    757
  1178    758
  1179    758
  1180    758
  1181    758
  1182    758
  1196    758
  1197    758
  1198    758
  1199    758
  1203    758
  1204    758
  1205    758
  1206    758
  1174    759
  1175    759
  1176    759
  1177    759
  1193    759
  1194    759
  1195    759
  1196    759
  1197    759
  1198    759
  1201    759
  1202    759
  1203    759
  1212    759
  1213    759
  1214    759
  1215    759
  1216    759
  1217    759
  1171    760
  1172    760
  1173    760
  1174    760
  1175    760
  1176    760
  1177    760
  1179    760
  1180    760
  1181    760
  1182    760
  1183    760
  1190    760
  1191    760
  1192    760
  1193    760
  1194    760
  1195    760
  1196    760
  1197    760
  1198    760
  1199    760
  1200    760
  1201    760
  1209    760
  1210    760
  1211    760
  1212    760
  1213    760
  1214    760
  1215    760
  1168    761
  1169    761
  1170    761
  1171    761
  1172    761
  1173    761
  1174    761
  1175    761
  1176    761
  1177    761
  1178    761
  1179    761
  1187    761
  1188    761
  1189    761
  1190    761
  1191    761
  1192    761
  1193    761
  1194    761
  1195    761
  1196    761
  1197    761
  1207    761
  1208    761
  1209    761
  1210    761
  1211    761
  1212    761
  1213    761
  1214    761
  1215    761
  1216    761
  1217    761
  1218    761
  1165    762
  1166    762
  1167    762
  1168    762
  1169    762
  1170    762
  1171    762
  1172    762
  1173    762
  1174    762
  1175    762
  1176    762
  1177    762
  1184    762
  1185    762
  1186    762
  1187    762
  1188    762
  1189    762
  1190    762
  1191    762
  1192    762
  1193    762
  1194    762
  1195    762
  1204    762
  1205    762
  1206    762
  1207    762
  1208    762
  1209    762
  1210    762
  1211    762
  1212    762
  1213    762
  1214    762
  1215    762
  1216    762
  1163    763
  1164    763
  1165    763
  1166    763
  1167    763
  1168    763
  1169    763
  1170    763
  1171    763
  1172    763
  1173    763
  1174    763
  1182    763
  1183    763
  1184    763
  1185    763
  1186    763
  1187    763
  1188    763
  1189    763
  1190    763
  1191    763
  1192    763
  1193    763
  1202    763
  1203    763
  1204    763
  1205    763
  1206    763
  1207    763
  1208    763
  1209    763
  1210    763
  1211    763
  1212    763
  1213    763
  1160    764
  1161    764
  1162    764
  1163    764
  1164    764
  1165    764
  1166    764
  1167    764
  1168    764
  1169    764
  1170    764
  1171    764
  1172    764
  1180    764
  1181    764
  1182    764
  1183    764
  1184    764
  1185    764
  1186    764
  1187    764
  1188    764
  1189    764
  1190    764
  1199    764
  1200    764
  1201    764
  1202    764
  1203    764
  1204    764
  1205    764
  1206    764
  1207    764
  1208    764
  1209    764
  1210    764
  1211    764
  1158    765
  1159    765
  1160    765
  1161    765
  1162    765
  1163    765
  1164    765
  1165    765
  1166    765
  1167    765
  1168    765
  1169    765
  1170    765
  1178    765
  1179    765
  1180    765
  1181    765
  1182    765
  1183    765
  1184    765
  1185    765
  1186    765
  1187    765
  1188    765
  1197    765
  1198    765
  1199    765
  1200    765
  1201    765
  1202    765
  1203    765
  1204    765
  1205    765
  1206    765
  1207    765
  1208    765
  1209    765
  1156    766
  1157    766
  1158    766
  1159    766
  1160    766
  1161    766
  1162    766
  1163    766
  1164    766
  1165    766
  1166    766
  1167    766
  1175    766
  1176    766
  1177    766
  1178    766
  1179    766
  1180    766
  1181    766
  1182    766
  1183    766
  1184    766
  1185    766
  1186    766
  1195    766
  1196    766
  1197    766
  1198    766
  1199    766
  1200    766
  1201    766
  1202    766
  1203    766
  1204    766
  1205    766
  1206    766
  1207    766
  1153    767
  1154    767
  1155    767
  1156    767
  1157    767
  1158    767
  1159    767
  1160    767
  1161    767
  1162    767
  1163    767
  1164    767
  1165    767
  1174    767
  1175    767
  1176    767
  1177    767
  1178    767
  1179    767
  1180    767
  1181    767
  1182    767
  1183    767
  1184    767
  1194    767
  1195    767
  1196    767
  1197    767
  1198    767
  1199    767
  1200    767
  1201    767
  1202    767
  1203    767
  1204    767
  1205    767
  1151    768
  1152    768
  1153    768
  1154    768
  1155    768
  1156    768
  1157    768
  1158    768
  1159    768
  1161    768
  1162    768
  1163    768
  1172    768
  1173    768
  1174    768
  1175    768
  1176    768
  1177    768
  1178    768
  1179    768
  1180    768
  1181    768
  1182    768
  1192    768
  1193    768
  1194    768
  1195    768
  1196    768
  1197    768
  1198    768
  1199    768
  1200    768
  1201    768
  1202    768
  1203    768
  1149    769
  1150    769
  1151    769
  1152    769
  1153    769
  1154    769
  1155    769
  1156    769
  1157    769
  1158    769
  1160    769
  1161    769
  1169    769
  1170    769
  1171    769
  1172    769
  1173    769
  1174    769
  1175    769
  1176    769
  1177    769
  1178    769
  1179    769
  1180    769
  1190    769
  1191    769
  1192    769
  1193    769
  1194    769
  1195    769
  1196    769
  1197    769
  1198    769
  1199    769
  1200    769
  1201    769
  1146    770
  1147    770
  1148    770
  1149    770
  1150    770
  1151    770
  1152    770
  1153    770
  1154    770
  1155    770
  1156    770
  1157    770
  1158    770
  1159    770
  1167    770
  1168    770
  1169    770
  1170    770
  1171    770
  1172    770
  1173    770
  1174    770
  1175    770
  1176    770
  1177    770
  1178    770
  1188    770
  1189    770
  1190    770
  1191    770
  1192    770
  1193    770
  1194    770
  1195    770
  1196    770
  1197    770
  1198    770
  1199    770
  1200    770
  1145    771
  1146    771
  1147    771
  1148    771
  1149    771
  1150    771
  1151    771
  1152    771
  1153    771
  1154    771
  1155    771
  1156    771
  1157    771
  1166    771
  1167    771
  1168    771
  1169    771
  1170    771
  1171    771
  1172    771
  1173    771
  1174    771
  1175    771
  1176    771
  1186    771
  1187    771
  1188    771
  1189    771
  1190    771
  1191    771
  1192    771
  1193    771
  1194    771
  1195    771
  1196    771
  1197    771
  1198    771
  1142    772
  1143    772
  1144    772
  1145    772
  1146    772
  1147    772
  1148    772
  1149    772
  1150    772
  1151    772
  1152    772
  1153    772
  1154    772
  1155    772
  1164    772
  1165    772
  1166    772
  1167    772
  1168    772
  1169    772
  1170    772
  1171    772
  1172    772
  1173    772
  1174    772
  1185    772
  1186    772
  1187    772
  1188    772
  1189    772
  1190    772
  1191    772
  1192    772
  1193    772
  1194    772
  1195    772
  1196    772
  1197    772
  1140    773
  1141    773
  1142    773
  1143    773
  1144    773
  1145    773
  1146    773
  1147    773
  1148    773
  1149    773
  1150    773
  1151    773
  1152    773
  1153    773
  1162    773
  1163    773
  1164    773
  1165    773
  1166    773
  1167    773
  1168    773
  1169    773
  1170    773
  1171    773
  1172    773
  1173    773
  1183    773
  1184    773
  1185    773
  1186    773
  1187    773
  1188    773
  1189    773
  1190    773
  1191    773
  1192    773
  1193    773
  1194    773
  1195    773
  1142    774
  1143    774
  1144    774
  1145    774
  1146    774
  1147    774
  1148    774
  1149    774
  1150    774
  1160    774
  1161    774
  1162    774
  1163    774
  1164    774
  1165    774
  1166    774
  1167    774
  1168    774
  1169    774
  1170    774
  1171    774
  1184    774
  1185    774
  1186    774
  1187    774
  1188    774
  1189    774
  1190    774
  1191    774
  1192    774
  1193    774
  1194    774
  1140    775
  1141    775
  1142    775
  1143    775
  1144    775
  1145    775
  1146    775
  1147    775
  1148    775
  1158    775
  1159    775
  1160    775
  1161    775
  1162    775
  1163    775
  1164    775
  1165    775
  1166    775
  1167    775
  1168    775
  1169    775
  1184    775
  1185    775
  1186    775
  1187    775
  1188    775
  1189    775
  1190    775
  1191    775
  1192    775
  1157    776
  1158    776
  1159    776
  1160    776
  1161    776
  1162    776
  1163    776
  1164    776
  1165    776
  1166    776
  1167    776
  1185    776
  1186    776
  1187    776
  1188    776
  1189    776
  1190    776
  1155    777
  1156    777
  1157    777
  1158    777
  1159    777
  1160    777
  1161    777
  1162    777
  1163    777
  1164    777
  1165    777
  1154    778
  1155    778
  1156    778
  1157    778
  1158    778
  1159    778
  1160    778
  1161    778
  1162    778
  1163    778
  1164    778
  1152    779
  1153    779
  1154    779
  1155    779
  1156    779
  1157    779
  1158    779
  1159    779
  1160    779
  1161    779
  1162    779
  1150    780
  1151    780
  1152    780
  1153    780
  1154    780
  1155    780
  1156    780
  1157    780
  1158    780
  1160    780
  1161    780
  1148    781
  1149    781
  1150    781
  1151    781
  1152    781
  1153    781
  1154    781
  1155    781
  1156    781
  1157    781
  1159    781
  1160    781
  1146    782
  1147    782
  1148    782
  1149    782
  1150    782
  1151    782
  1152    782
  1153    782
  1154    782
  1155    782
  1156    782
  1157    782
  1158    782
  1144    783
  1145    783
  1146    783
  1147    783
  1148    783
  1149    783
  1150    783
  1151    783
  1152    783
  1153    783
  1154    783
  1155    783
  1156    783
  1167    783
  1168    783
  1169    783
  1170    783
  1171    783
  1172    783
  1173    783
  1174    783
  1175    783
  1176    783
  1143    784
  1144    784
  1145    784
  1146    784
  1147    784
  1148    784
  1149    784
  1150    784
  1151    784
  1152    784
  1153    784
  1154    784
  1165    784
  1166    784
  1167    784
  1168    784
  1169    784
  1170    784
  1171    784
  1172    784
  1173    784
  1174    784
  1175    784
  1176    784
  1141    785
  1142    785
  1143    785
  1144    785
  1145    785
  1146    785
  1147    785
  1148    785
  1149    785
  1150    785
  1151    785
  1152    785
  1153    785
  1163    785
  1164    785
  1165    785
  1166    785
  1167    785
  1168    785
  1169    785
  1170    785
  1171    785
  1172    785
  1173    785
  1174    785
  1175    785
  1176    785
  1177    785
  1140    786
  1141    786
  1142    786
  1143    786
  1144    786
  1145    786
  1146    786
  1147    786
  1148    786
  1149    786
  1150    786
  1151    786
  1152    786
  1162    786
  1163    786
  1164    786
  1165    786
  1166    786
  1167    786
  1168    786
  1169    786
  1170    786
  1171    786
  1172    786
  1173    786
  1174    786
  1175    786
  1176    786
  1138    787
  1139    787
  1140    787
  1141    787
  1142    787
  1143    787
  1144    787
  1145    787
  1146    787
  1147    787
  1148    787
  1149    787
  1150    787
  1160    787
  1161    787
  1162    787
  1163    787
  1164    787
  1165    787
  1166    787
  1167    787
  1168    787
  1169    787
  1170    787
  1171    787
  1172    787
  1173    787
  1174    787
  1137    788
  1138    788
  1139    788
  1140    788
  1141    788
  1142    788
  1143    788
  1144    788
  1145    788
  1146    788
  1147    788
  1148    788
  1149    788
  1159    788
  1160    788
  1161    788
  1162    788
  1163    788
  1164    788
  1165    788
  1166    788
  1167    788
  1168    788
  1169    788
  1170    788
  1171    788
  1172    788
  1173    788
  1135    789
  1136    789
  1137    789
  1138    789
  1139    789
  1140    789
  1141    789
  1142    789
  1143    789
  1144    789
  1145    789
  1146    789
  1147    789
  1157    789
  1158    789
  1159    789
  1160    789
  1161    789
  1162    789
  1163    789
  1164    789
  1165    789
  1166    789
  1167    789
  1168    789
  1169    789
  1170    789
  1171    789
  1134    790
  1135    790
  1136    790
  1137    790
  1138    790
  1139    790
  1140    790
  1141    790
  1142    790
  1143    790
  1144    790
  1145    790
  1146    790
  1157    790
  1158    790
  1159    790
  1160    790
  1161    790
  1162    790
  1163    790
  1164    790
  1165    790
  1166    790
  1167    790
  1168    790
  1169    790
  1170    790
  1133    791
  1134    791
  1135    791
  1136    791
  1137    791
  1138    791
  1139    791
  1140    791
  1141    791
  1142    791
  1143    791
  1144    791
  1145    791
  1155    791
  1156    791
  1157    791
  1158    791
  1159    791
  1160    791
  1161    791
  1162    791
  1163    791
  1164    791
  1165    791
  1166    791
  1167    791
  1168    791
  1169    791
  1131    792
  1132    792
  1133    792
  1134    792
  1135    792
  1136    792
  1137    792
  1138    792
  1139    792
  1140    792
  1141    792
  1142    792
  1143    792
  1144    792
  1154    792
  1155    792
  1156    792
  1157    792
  1158    792
  1159    792
  1160    792
  1161    792
  1162    792
  1163    792
  1164    792
  1165    792
  1166    792
  1167    792
